101,2017,279,1000,11.97,8.88,16.48,1.779,64.07,3.441,2.275,1.223,3.482,-13.55,8.95,128.8,1.793,40.12,2.145,68.96,93.5,8.89,119.3,29,1.443,47.84,2.334,2.26,48.89,2.042,25.4,3.897,.613,17.61,38.23,.814,21.63
101,2017,279,1010,11.97,41.85,41.16,2.01,54.06,3.086,2,1.188,14.07,-12.65,20.45,129.1,1.83,19.72,2.168,73.7,95.8,10.19,120.9,49.59,1.565,13.8,2.129,2.173,51.93,3.145,2.81,3.946,.563,2.979,4.286,.66,10.43
101,2017,279,1020,11.97,47.09,62.99,58.13,47.08,3.168,1.969,1.213,8.5,-9.53,7.82,129,1.861,7.36,2.317,79,98.8,13.64,122.6,66.8,1.632,12.35,2.094,2.178,55.9,2.307,2.245,5.046,.571,11.67,1.826,.799,6.14
101,2017,279,1030,11.97,44.8,100.4,7.28,39.9,2.878,1.93,1.444,6.985,-12.06,32.18,129.2,2.16,2.614,8.22,84,101.2,74.7,124.1,7.53,1.724,27.18,2.441,2.166,59.22,2.269,2.126,4.346,.566,12.87,1.756,2.191,.885
101,2017,279,1040,11.97,59.63,101.6,2.126,30.93,2.803,1.87,9.77,4.713,-10.95,2.024,129,1.975,2.381,2.21,88.6,104.1,103.7,125.6,5.663,1.875,37.81,14.39,2.205,62.74,2.351,2.183,4.621,.581,1.19,20.72,.806,.933
101,2017,279,1050,11.97,55.42,41.37,1.999,30.31,2.729,1.806,4.552,-2.609,-12.08,2.005,127.8,1.938,2.322,2.243,92.5,106.5,110.3,126.9,7.47,4.423,23.8,10.92,2.26,66,2.429,2.203,5.194,.578,1.168,4.152,.799,1.109
101,2017,279,1100,11.97,58.46,4.393,2.034,23.01,2.873,1.858,52.34,-6.826,-6.013,3.237,127,2.307,2.336,2.398,96.3,109,74,127.9,8.65,3.188,7.16,5.187,2.542,69.08,2.533,2.186,5.271,.591,1.438,1.853,.776,1.069
101,2017,279,1110,11.97,61.39,4.942,2.14,19.7,2.597,1.878,3.006,-12.32,-12.98,17.28,119.5,2.031,2.317,2.371,100,111.3,5.445,128.8,6.147,20.93,6.755,2.322,4.46,72,4.453,2.218,5.577,.618,1.173,1.979,.799,1.019
101,2017,279,1120,11.97,64,4.525,6.479,18.13,2.473,3.853,1.453,1.446,-13.39,2.059,115.7,2.072,2.287,2.823,103.1,113.5,4.939,129.5,5.609,64.04,6.571,1.992,2.423,74.8,4.567,2.22,7.77,.632,1.159,2.091,.794,1.007
101,2017,279,1130,11.97,58.59,2.644,51.72,22.59,2.417,2.995,2.602,14.25,-11.76,2.144,107.8,2.153,2.314,3.751,105.8,115.1,4.83,129.5,5.961,37.78,6.4,2.431,7.95,77,2.411,2.359,15.47,.652,1.198,11.84,1.446,.953
101,2017,279,1140,11.97,61.05,2.756,1.736,27.53,2.357,2.089,13.7,14.24,-12.69,1.883,98.4,2.236,2.33,2.724,108.2,116.8,4.659,129.6,6.622,3.721,6.217,2.101,6.917,79.3,2.359,2.35,7.25,.66,1.223,12.38,.891,1.22
101,2017,279,1150,11.97,84.5,7.15,1.462,39.17,2.298,2.432,5.354,14.89,-13.31,2.401,95.4,2.345,2.293,2.719,110.8,118.2,4.565,129.2,6.599,2.851,6.004,1.908,8.76,81.5,2.319,2.526,16.93,.781,1.474,6.178,.874,1.275
101,2017,279,1200,11.97,44.47,2.865,1.365,13.11,2.25,6.3,2.508,17,-15.12,1.781,87.7,8.89,2.233,2.816,113.2,119.8,4.409,129.2,6.424,2.241,5.704,1.89,2.828,83.7,2.23,2.635,93.3,.68,1.245,2.962,1.201,1.429
101,2017,279,1210,11.97,7.99,2.107,1.275,5.312,2.205,4.897,1.471,17.72,-16.53,1.742,99,3.262,2.235,3.655,115,120.8,4.148,128.5,6.721,2.186,5.594,2.185,2.57,85.5,2.176,6.775,110.6,.682,2.647,2.757,.814,1.369
101,2017,279,1220,11.97,4.592,1.91,1.226,5.372,2.513,1.844,1.498,16.72,-17.01,1.707,81.1,2.501,2.215,3.525,117.1,121.8,3.999,127.7,7.88,2.189,5.315,3.099,2.449,87,2.169,33.65,113.4,.695,2.034,2.896,.807,1.409
101,2017,279,1230,11.97,18.2,1.965,1.181,4.255,3.411,2.039,1.461,18.47,-16.78,1.695,86,2.382,2.251,3.536,118.9,122.6,3.88,126.5,37.82,2.481,5.434,1.746,3.816,88.5,2.189,57.15,115.2,.879,1.384,3.05,.828,1.563
101,2017,279,1240,11.97,5.376,3.143,2.216,4.292,4.387,4.863,1.379,18.47,-17.28,3.62,80.4,2.63,14.13,2.94,120.2,122.7,3.794,125,30.4,4.816,9.76,1.732,2.436,89.6,2.263,15.71,116.1,3.072,1.332,3.179,.848,1.824
101,2017,279,1250,11.97,4.819,1.627,1.276,4.251,17.7,2.722,1.322,17.92,-16.72,4.124,78.6,3.024,8.34,3.613,121.5,122.8,3.737,123.2,10.27,10.16,25.14,1.838,2.764,90.4,2.3,39.88,117.1,.884,1.387,3.345,.893,1.936
101,2017,279,1300,11.97,28.28,1.57,1.178,5.503,2.111,1.935,1.283,12.46,-17,1.715,76.2,31.53,11.01,4.891,122.5,122.8,3.667,121.8,5.627,2.3,14.01,2.841,4.174,91.4,2.293,54.94,117.7,.873,1.461,3.379,.906,1.807
101,2017,279,1310,11.97,20.6,1.479,1.193,3.92,2.101,4.318,1.3,13.59,-17.35,1.781,75.5,41.83,2.621,6.027,123.4,122.5,3.608,119.9,5.189,2.353,7.36,8.43,5.034,92.1,2.26,27.23,118.2,.91,1.509,3.585,.961,35.98
101,2017,279,1320,11.97,15.05,1.365,1.238,4.69,3.489,6.479,1.28,15,-17.61,2.173,81,37.93,2.797,7.22,124,122.1,3.491,118.1,5.064,2.424,4.749,1.625,2.58,92.8,2.256,11.6,118.6,.916,1.543,3.633,1.01,3.839
101,2017,279,1330,11.97,4.29,1.276,7.84,4.372,2.087,7.24,1.313,11.55,-17.79,2.136,70.6,39.21,8.34,4.432,124.6,121.8,3.415,115.8,4.956,2.476,4.643,1.585,2.735,93.4,2.25,6.402,118.7,.93,1.585,3.992,1.054,39.54
101,2017,279,1340,11.97,2.379,1.209,56.74,3.62,2.116,31.05,1.36,31,-16.16,4.734,77.1,26.81,62.4,7.82,124.9,121.2,3.301,113.4,4.794,2.831,16.34,1.657,2.97,93.7,2.24,19.81,118.3,.928,1.625,4.193,1.121,12.04
101,2017,279,1350,11.98,2.163,1.101,79,4.291,2.116,18.89,1.362,29.03,-15.5,9.59,67.58,23.26,22.87,7.91,124.7,120.3,3.201,110.8,4.668,2.677,22.77,1.66,3.278,93.7,2.246,19.58,117.7,.926,1.61,4.456,10.12,6.479
101,2017,279,1400,11.98,2.035,1.047,69,3.452,2.224,3.246,1.41,15.71,-15.84,2.013,64.32,10.79,75.3,28.87,124.5,119,3.119,107.9,15.62,2.489,19.13,1.613,52.13,93.8,2.276,3.975,117.1,.928,1.759,4.831,26.42,3.536
101,2017,279,1410,11.98,2.002,1.904,21.86,3.464,3.027,2.563,1.442,14.74,-17.28,2.268,63.24,5.067,67.33,86.5,124.1,117.8,3.059,105.2,4.405,2.556,27.44,1.523,48.02,93.6,4.787,3.667,115.7,.908,1.837,6.398,5.576,5.921
101,2017,279,1420,11.98,1.764,.918,2.921,3.219,3.945,15.75,3.434,30.23,-17.88,1.636,57.5,3.824,22.94,80.4,123.6,116.4,2.987,102.2,4.234,2.34,4.161,1.497,3.194,93.5,2.266,3.387,114.8,.926,8.66,20.77,1.533,3.98
101,2017,279,1430,11.98,1.682,.891,1.139,3.221,2.889,5.554,14.22,22.95,-16.72,1.578,54.05,3.28,7.24,6.682,122.3,114.4,2.839,98.5,4.104,2.246,6.033,1.427,2.467,92.7,2.179,2.95,113,.883,1.923,40.81,1.901,76.5
101,2017,279,1440,11.98,1.591,.861,1.027,2.986,6.156,2.943,1.869,12.85,-17.88,2.188,50.61,5.506,11.64,18.24,121,112.4,2.796,95,4.114,2.256,14.63,1.703,2.918,91.9,2.159,2.643,111.3,.908,2.186,47.38,1.732,59.53
101,2017,279,1450,11.98,1.553,.819,.938,2.946,6.239,1.507,8.53,16.98,-16.78,3.774,47.7,25.12,24.46,40,119.1,109.9,2.797,90.8,14.14,2.238,7.38,1.501,2.506,90.8,2.146,2.444,108.4,.886,2.419,60.15,1.827,90.3
101,2017,279,1500,11.98,1.524,.822,.851,4.365,4.943,12.55,3.939,20.28,-17.42,1.596,45.4,43.07,3.797,77.2,117.4,107.6,10.28,86.5,37.13,2.286,4.373,4.249,7.96,89.8,2.202,2.295,105.3,.898,1.38,61.43,1.672,8.41
101,2017,279,1510,11.98,1.399,.759,.794,2.904,2.027,1.487,1.522,8.09,-17.91,1.399,37.71,5.914,1.991,36.5,115.2,105,3.298,82.2,5.949,2.372,3.499,1.427,5.684,88.6,2.176,2.631,81.2,1.271,1.323,60.7,1.526,2.69
101,2017,279,1520,11.98,1.387,.975,5.102,2.619,9.36,1.69,1.837,24.16,-17.63,1.355,33.45,3.805,1.854,13.7,112.3,101.8,2.472,77.3,3.758,2.491,3.511,6.755,6.815,86.9,2.194,1.966,8.78,.809,1.248,56.74,1.502,2.251
101,2017,279,1530,11.98,1.328,.729,3.052,2.547,1.715,1.219,15.14,29.2,-16.17,1.673,29.42,27.59,1.762,3.722,109.8,99.1,2.434,72.9,3.619,2.961,3.474,2.084,7.13,85.5,2.176,1.869,6.549,.702,1.182,58.14,1.422,2.035
101,2017,279,1540,11.98,1.285,.705,.941,2.485,1.65,1.157,12.41,36.56,-16.69,1.99,26.87,7.79,1.666,3.189,106.7,95.7,2.383,67.93,3.598,3.023,3.73,4.695,3.884,83.5,2.172,1.762,6.046,.581,1.057,53.16,1.404,1.851
101,2017,279,1550,11.98,1.243,.685,.673,2.434,1.61,1.105,2,32.78,-18.06,1.268,22.81,2.556,1.576,10.88,103.1,91.8,2.412,62.28,3.661,15.45,3.385,7.75,1.827,81.1,2.13,1.69,5.686,.506,.911,48.22,1.345,1.712
101,2017,279,1600,11.98,1.142,.687,.641,2.351,1.573,1.057,1.278,37.06,-18.47,1.29,18.89,2.154,1.516,2.745,99.3,87.7,14.22,55.8,3.825,11.53,3.164,1.296,1.738,78.6,2.154,1.626,5.36,.474,.792,30.14,1.253,1.663
101,2017,279,1610,11.98,1.115,.596,.96,2.269,1.502,1.015,1.157,33.34,-17.75,3.102,14.78,2.015,1.409,2.149,94.9,83.3,9.39,49.68,3.701,2.715,3.358,1.32,1.61,75.8,2.12,1.541,5.041,.435,.702,3.455,1.089,1.594
101,2017,279,1620,11.98,1.045,.585,2.743,2.201,1.445,.951,1.055,25.86,-16.93,2.306,12.39,11.7,1.4,1.966,89.2,78.3,2.229,43.39,4.976,1.951,3.035,2.288,1.588,72.4,2.001,1.471,4.634,.405,.613,2.244,.812,1.732
101,2017,279,1630,11.98,.985,.544,.62,2.08,1.362,.886,.93,25.8,-16.52,1.003,11.69,4.01,1.744,1.839,84.4,73.6,2.144,23.55,10.02,1.486,2.896,1.199,1.435,69.34,1.933,1.375,4.244,.37,.558,1.861,.611,1.312
101,2017,279,1640,11.98,.95,.74,.521,2.009,1.444,.817,.761,24.58,-16.31,1.34,11.42,1.514,1.231,1.74,78.3,68.05,5.752,10.39,3.04,1.223,2.794,1,1.355,65.08,1.72,1.22,3.893,.323,.501,1.588,.486,1.065
101,2017,279,1650,11.97,.9,.508,.91,1.922,1.213,.754,.645,21.92,-16.33,1.054,11.4,1.258,1.097,1.61,69.73,62.08,1.925,8.95,2.314,1.099,2.737,.926,1.267,41.23,1.347,1.057,3.583,.295,.457,1.458,.434,.782
101,2017,279,1700,11.97,.868,.516,1.389,1.799,1.139,.692,.57,23.08,-16.48,.878,11.79,1.076,1.287,1.449,53.21,55.56,3.041,8.12,2.082,.978,2.585,.861,1.181,12.21,1.158,.846,3.279,.28,.437,1.354,.397,.601
101,2017,279,1710,11.97,.789,.419,.389,1.685,1.049,.623,.513,20.52,-16.72,.645,10.12,.866,3.106,1.267,32.07,36.9,1.595,7.48,1.927,.891,2.444,.774,1.092,10.39,1.042,.702,3.021,.26,.424,1.22,.355,.477
101,2017,279,1720,11.97,.717,.387,.328,1.57,.953,.566,.457,22.81,-16.94,.539,8.04,.735,.983,1.134,15.61,15.04,1.384,6.844,1.754,.786,2.27,.725,.958,9.3,.948,.606,2.692,.219,.365,1.112,.33,.427
101,2017,279,1730,11.97,.643,.335,.28,1.399,.843,.491,.426,22,-17.22,.457,6.901,.605,.757,.983,9.86,9.94,1.201,6.058,1.545,.687,2.044,.637,.803,8.2,.849,.531,2.349,.186,.313,.97,.285,.379
101,2017,279,1740,11.97,.571,.293,.233,1.215,.725,.434,.369,22.53,-17.53,.405,6,.469,.633,.838,8.05,8.23,1.045,5.217,1.335,.563,1.776,.518,.663,6.965,.714,.457,1.987,.149,.265,.831,.248,.313
101,2017,279,1750,11.97,.474,.253,.191,1.02,.6,.377,.305,25.42,-17.88,.338,5.155,.41,.514,.67,6.553,6.668,.88,4.343,1.107,.454,1.446,.426,.524,5.7,.588,.407,1.612,.121,.216,.672,.203,.253
101,2017,279,1800,11.96,.402,.201,.147,.799,.466,.293,.228,21.94,-18.36,.256,3.795,.312,.412,.503,4.735,4.949,.69,3.322,.846,.355,1.096,.333,.41,4.252,.447,.313,1.201,.094,.166,.486,.154,.186
101,2017,279,1810,11.96,.29,.139,.102,.541,.337,.198,.156,20.99,-18.69,.176,2.49,.204,.292,.332,3.064,3.197,.457,2.191,.555,.228,.71,.218,.276,2.776,.307,.211,.777,.065,.116,.347,.102,.124
101,2017,279,1820,11.96,.139,.06,.049,.28,.161,.095,.07,19.35,-19.27,.079,1.052,.092,.129,.151,1.387,1.426,.216,.997,.27,.104,.312,.097,.131,1.245,.144,.094,.385,.034,.05,.168,.045,.059
101,2017,279,1830,11.96,.037,.015,.015,.069,.04,.025,.022,1.483,-19.97,.023,.258,.025,.032,.042,.372,.39,.054,.271,.07,.028,.079,.023,.037,.352,.044,.028,.121,0,.015,.049,.012,.015
101,2017,279,1840,11.96,0,0,0,.007,0,0,0,-2.168,-20.31,0,.039,0,0,0,.054,.057,.003,.04,.008,0,.008,0,.002,.047,.003,0,.015,0,0,0,0,0
101,2017,279,1850,11.96,0,0,0,0,0,0,0,-2.904,-20.84,0,0,0,0,0,0,0,0,0,0,0,0,0,0,0,0,0,0,0,0,0,0,0
101,2017,279,1900,11.96,0,0,0,0,0,0,0,4.761,-21.29,0,0,0,0,0,0,0,0,0,0,0,0,0,0,0,0,0,0,0,0,0,0,0
101,2017,279,1910,11.96,0,0,0,0,0,0,0,4.166,-21.68,0,0,0,0,0,0,0,0,0,0,0,0,0,0,0,0,0,0,0,0,0,0,0
101,2017,279,1920,11.96,0,0,0,0,0,0,0,4.339,-22.03,0,0,0,0,0,0,0,0,0,0,0,0,0,0,0,0,0,0,0,0,0,0,0
101,2017,279,1930,11.96,0,0,0,0,0,0,0,6.994,-22.37,0,0,0,0,0,0,0,0,0,0,0,0,0,0,0,0,0,0,0,0,0,0,0
101,2017,279,1940,11.96,0,0,0,0,0,0,0,4.133,-22.72,0,0,0,0,0,0,0,0,0,0,0,0,0,0,0,0,0,0,0,0,0,0,0
101,2017,279,1950,11.96,0,0,0,0,0,0,0,-8.35,-22.93,0,0,0,0,0,0,0,0,0,0,0,0,0,0,0,0,0,0,0,0,0,0,0
101,2017,279,2000,11.96,0,0,0,0,0,0,0,-18.42,-23.13,0,0,0,0,0,0,0,0,0,0,0,0,0,0,0,0,0,0,0,0,0,0,0
101,2017,279,2010,11.96,0,0,0,0,0,0,0,-41.55,-23.42,0,0,0,0,0,0,0,0,0,0,0,0,0,0,0,0,0,0,0,0,0,0,0
101,2017,279,2020,11.96,0,0,0,0,0,0,0,-54.15,-23.68,0,0,0,0,0,0,0,0,0,0,0,0,0,0,0,0,0,0,0,0,0,0,0
101,2017,279,2030,11.96,0,0,0,0,0,0,0,-57.06,-23.83,0,0,0,0,0,0,0,0,0,0,0,0,0,0,0,0,0,0,0,0,0,0,0
101,2017,279,2040,11.96,0,0,0,0,0,0,0,-47.75,-23.95,0,0,0,0,0,0,0,0,0,0,0,0,0,0,0,0,0,0,0,0,0,0,0
101,2017,279,2050,11.96,0,0,0,0,0,0,0,-37.83,-23.92,0,0,0,0,0,0,0,0,0,0,0,0,0,0,0,0,0,0,0,0,0,0,0
101,2017,279,2100,11.96,0,0,0,0,0,0,0,-33,-24.07,0,0,0,0,0,0,0,0,0,0,0,0,0,0,0,0,0,0,0,0,0,0,0
101,2017,279,2110,11.96,0,0,0,0,0,0,0,-43.57,-24.21,0,0,0,0,0,0,0,0,0,0,0,0,0,0,0,0,0,0,0,0,0,0,0
101,2017,279,2120,11.96,0,0,0,0,0,0,0,-44.27,-24.32,0,0,0,0,0,0,0,0,0,0,0,0,0,0,0,0,0,0,0,0,0,0,0
101,2017,279,2130,11.96,0,0,0,0,0,0,0,-42.14,-24.42,0,0,0,0,0,0,0,0,0,0,0,0,0,0,0,0,0,0,0,0,0,0,0
101,2017,279,2140,11.95,0,0,0,0,0,0,0,-53.88,-24.48,0,0,0,0,0,0,0,0,0,0,0,0,0,0,0,0,0,0,0,0,0,0,0
101,2017,279,2150,11.95,0,0,0,0,0,0,0,-55.46,-24.51,0,0,0,0,0,0,0,0,0,0,0,0,0,0,0,0,0,0,0,0,0,0,0
101,2017,279,2200,11.95,0,0,0,0,0,0,0,-51.64,-24.52,0,0,0,0,0,0,0,0,0,0,0,0,0,0,0,0,0,0,0,0,0,0,0
101,2017,279,2210,11.95,0,0,0,0,0,0,0,-41.92,-24.52,0,0,0,0,0,0,0,0,0,0,0,0,0,0,0,0,0,0,0,0,0,0,0
101,2017,279,2220,11.95,0,0,0,0,0,0,0,-23.34,-24.43,0,0,0,0,0,0,0,0,0,0,0,0,0,0,0,0,0,0,0,0,0,0,0
101,2017,279,2230,11.95,0,0,0,0,0,0,0,-19.75,-24.34,0,0,0,0,0,0,0,0,0,0,0,0,0,0,0,0,0,0,0,0,0,0,0
101,2017,279,2240,11.95,0,0,0,0,0,0,0,-14.99,-24.31,0,0,0,0,0,0,0,0,0,0,0,0,0,0,0,0,0,0,0,0,0,0,0
101,2017,279,2250,11.95,0,0,0,0,0,0,0,-10.13,-24.22,0,0,0,0,0,0,0,0,0,0,0,0,0,0,0,0,0,0,0,0,0,0,0
101,2017,279,2300,11.95,0,0,0,0,0,0,0,-5.796,-24.16,0,0,0,0,0,0,0,0,0,0,0,0,0,0,0,0,0,0,0,0,0,0,0
101,2017,279,2310,11.95,0,0,0,0,0,0,0,.052,-24.04,0,0,0,0,0,0,0,0,0,0,0,0,0,0,0,0,0,0,0,0,0,0,0
101,2017,279,2320,11.95,0,0,0,0,0,0,0,-6.947,-23.92,0,0,0,0,0,0,0,0,0,0,0,0,0,0,0,0,0,0,0,0,0,0,0
101,2017,279,2330,11.95,0,0,0,0,0,0,0,-10.75,-23.83,0,0,0,0,0,0,0,0,0,0,0,0,0,0,0,0,0,0,0,0,0,0,0
101,2017,279,2340,11.95,0,0,0,0,0,0,0,-11.18,-23.77,0,0,0,0,0,0,0,0,0,0,0,0,0,0,0,0,0,0,0,0,0,0,0
101,2017,279,2350,11.95,0,0,0,0,0,0,0,-9.84,-23.7,0,0,0,0,0,0,0,0,0,0,0,0,0,0,0,0,0,0,0,0,0,0,0
101,2017,279,2400,11.95,0,0,0,0,0,0,0,-10.8,-23.59,0,0,0,0,0,0,0,0,0,0,0,0,0,0,0,0,0,0,0,0,0,0,0
101,2017,280,10,11.95,0,0,0,0,0,0,0,-22.41,-23.52,0,0,0,0,0,0,0,0,0,0,0,0,0,0,0,0,0,0,0,0,0,0,0
101,2017,280,20,11.95,0,0,0,0,0,0,0,-27.7,-23.41,0,0,0,0,0,0,0,0,0,0,0,0,0,0,0,0,0,0,0,0,0,0,0
101,2017,280,30,11.95,0,0,0,0,0,0,0,-27.57,-23.31,0,0,0,0,0,0,0,0,0,0,0,0,0,0,0,0,0,0,0,0,0,0,0
101,2017,280,40,11.95,0,0,0,0,0,0,0,-25.69,-23.22,0,0,0,0,0,0,0,0,0,0,0,0,0,0,0,0,0,0,0,0,0,0,0
101,2017,280,50,11.95,0,0,0,0,0,0,0,-21.5,-23.08,0,0,0,0,0,0,0,0,0,0,0,0,0,0,0,0,0,0,0,0,0,0,0
101,2017,280,100,11.95,0,0,0,0,0,0,0,-29.8,-22.99,0,0,0,0,0,0,0,0,0,0,0,0,0,0,0,0,0,0,0,0,0,0,0
101,2017,280,110,11.95,0,0,0,0,0,0,0,-32.42,-22.91,0,0,0,0,0,0,0,0,0,0,0,0,0,0,0,0,0,0,0,0,0,0,0
101,2017,280,120,11.95,0,0,0,0,0,0,0,-40.07,-22.82,0,0,0,0,0,0,0,0,0,0,0,0,0,0,0,0,0,0,0,0,0,0,0
101,2017,280,130,11.95,0,0,0,0,0,0,0,-44.99,-22.76,0,0,0,0,0,0,0,0,0,0,0,0,0,0,0,0,0,0,0,0,0,0,0
101,2017,280,140,11.95,0,0,0,0,0,0,0,-49.61,-22.71,0,0,0,0,0,0,0,0,0,0,0,0,0,0,0,0,0,0,0,0,0,0,0
101,2017,280,150,11.95,0,0,0,0,0,0,0,-50.23,-22.65,0,0,0,0,0,0,0,0,0,0,0,0,0,0,0,0,0,0,0,0,0,0,0
101,2017,280,200,11.95,0,0,0,0,0,0,0,-33.36,-22.57,0,0,0,0,0,0,0,0,0,0,0,0,0,0,0,0,0,0,0,0,0,0,0
101,2017,280,210,11.95,0,0,0,0,0,0,0,-21.92,-22.43,0,0,0,0,0,0,0,0,0,0,0,0,0,0,0,0,0,0,0,0,0,0,0
101,2017,280,220,11.95,0,0,0,0,0,0,0,-13.59,-22.23,0,0,0,0,0,0,0,0,0,0,0,0,0,0,0,0,0,0,0,0,0,0,0
101,2017,280,230,11.95,0,0,0,0,0,0,0,-5.718,-22.06,0,0,0,0,0,0,0,0,0,0,0,0,0,0,0,0,0,0,0,0,0,0,0
101,2017,280,240,11.95,0,0,0,0,0,0,0,-15.49,-21.99,0,0,0,0,0,0,0,0,0,0,0,0,0,0,0,0,0,0,0,0,0,0,0
101,2017,280,250,11.95,0,0,0,0,0,0,0,-13.95,-21.82,0,0,0,0,0,0,0,0,0,0,0,0,0,0,0,0,0,0,0,0,0,0,0
101,2017,280,300,11.95,0,0,0,0,0,0,0,-24.35,-21.71,0,0,0,0,0,0,0,0,0,0,0,0,0,0,0,0,0,0,0,0,0,0,0
101,2017,280,310,11.94,0,0,0,0,0,0,0,-38.95,-21.72,0,0,0,0,0,0,0,0,0,0,0,0,0,0,0,0,0,0,0,0,0,0,0
101,2017,280,320,11.95,0,0,0,0,0,0,0,-43.29,-21.71,0,0,0,0,0,0,0,0,0,0,0,0,0,0,0,0,0,0,0,0,0,0,0
101,2017,280,330,11.94,0,0,0,0,0,0,0,-45.83,-21.62,0,0,0,0,0,0,0,0,0,0,0,0,0,0,0,0,0,0,0,0,0,0,0
101,2017,280,340,11.94,0,0,0,0,0,0,0,-41.69,-21.55,0,0,0,0,0,0,0,0,0,0,0,0,0,0,0,0,0,0,0,0,0,0,0
101,2017,280,350,11.95,0,0,0,0,0,0,0,-29.12,-21.55,0,0,0,0,0,0,0,0,0,0,0,0,0,0,0,0,0,0,0,0,0,0,0
101,2017,280,400,11.94,0,0,0,0,0,0,0,-24.42,-21.52,0,0,0,0,0,0,0,0,0,0,0,0,0,0,0,0,0,0,0,0,0,0,0
101,2017,280,410,11.94,0,0,0,0,0,0,0,-39.28,-21.51,0,0,0,0,0,0,0,0,0,0,0,0,0,0,0,0,0,0,0,0,0,0,0
101,2017,280,420,11.94,0,0,0,0,0,0,0,-36.51,-21.37,0,0,0,0,0,0,0,0,0,0,0,0,0,0,0,0,0,0,0,0,0,0,0
101,2017,280,430,11.94,0,0,0,0,0,0,0,-35.47,-21.28,0,0,0,0,0,0,0,0,0,0,0,0,0,0,0,0,0,0,0,0,0,0,0
101,2017,280,440,11.94,0,0,0,0,0,0,0,-38.38,-21.27,0,0,0,0,0,0,0,0,0,0,0,0,0,0,0,0,0,0,0,0,0,0,0
101,2017,280,450,11.94,0,0,0,0,0,0,0,-40.39,-21.24,0,0,0,0,0,0,0,0,0,0,0,0,0,0,0,0,0,0,0,0,0,0,0
101,2017,280,500,11.94,0,0,0,0,0,0,0,-31.54,-21.13,0,0,0,0,0,0,0,0,0,0,0,0,0,0,0,0,0,0,0,0,0,0,0
101,2017,280,510,11.94,0,0,0,0,0,0,0,-38.06,-21.1,0,0,0,0,0,0,0,0,0,0,0,0,0,0,0,0,0,0,0,0,0,0,0
101,2017,280,520,11.94,0,0,0,0,0,0,0,-33.99,-21.17,0,0,0,0,0,0,0,0,0,0,0,0,0,0,0,0,0,0,0,0,0,0,0
101,2017,280,530,11.94,0,0,0,0,0,0,0,-24.01,-21.12,0,0,0,0,0,0,0,0,0,0,0,0,0,0,0,0,0,0,0,0,0,0,0
101,2017,280,540,11.94,0,0,0,0,0,0,0,-10.28,-20.98,0,.003,0,0,0,0,0,0,0,0,0,0,0,0,0,0,0,0,0,0,0,0,0
101,2017,280,550,11.94,.005,0,0,.018,.002,0,0,-3.789,-20.84,0,.07,0,.003,0,.055,.057,.017,.06,.018,0,.018,0,0,.045,.003,0,.02,0,0,.003,0,0
101,2017,280,600,11.94,.042,.018,.013,.074,.034,.03,.02,15.1,-20.71,.027,.298,.028,.034,.03,.288,.283,.062,.272,.079,.028,.069,.027,.034,.233,.032,.028,.097,0,.017,.037,.007,.015
101,2017,280,610,11.94,.102,.04,.034,.184,.082,.049,.035,15.38,-20.57,.045,.664,.047,.08,.062,.65,.652,.142,.607,.161,.04,.169,.045,.059,.543,.055,.064,.226,.022,.034,.079,.034,.034
101,2017,280,620,11.93,.184,.074,.064,.347,.163,.104,.065,1.587,-20.34,.094,1.48,.114,.163,.142,1.401,1.371,.275,1.317,.315,.096,.342,.104,.122,1.158,.122,.126,.464,.034,.067,.174,.034,.067
101,2017,280,630,11.93,.258,.109,.082,.471,.216,.153,.092,-10.23,-20.19,.124,2.232,.194,.203,.176,1.877,1.785,.407,1.901,.556,.146,.432,.146,.169,1.456,.164,.173,.597,.034,.091,.204,.047,.092
101,2017,280,640,11.91,.334,.142,.104,.588,.268,.189,.109,-12.32,-20.09,.163,2.93,.24,.26,.233,2.418,2.247,.498,2.454,.689,.189,.55,.191,.223,1.842,.203,.233,.811,.049,.102,.258,.067,.112
101,2017,280,650,11.9,.396,.176,.134,.746,.349,.233,.142,-10.02,-20.13,.194,3.52,.334,.31,.288,3.069,2.841,.625,3.022,.965,.246,.677,.23,.278,2.335,.28,.28,1.011,.065,.131,.332,.074,.149
101,2017,280,700,11.92,.432,.196,.146,.835,.387,.26,.164,-7.88,-19.91,.215,3.674,.318,.349,.31,3.293,3.153,.682,3.151,.917,.235,.833,.256,.293,2.646,.29,.298,1.017,.077,.142,.352,.089,.147
101,2017,280,710,11.93,.546,.263,.204,1.13,.508,.369,.22,-18.42,-19.56,.297,4.701,.436,.461,.436,4.636,4.421,.913,4.398,1.255,.349,1.039,.328,.422,3.677,.412,.424,1.555,.102,.204,.483,.127,.226
101,2017,280,720,11.93,.712,.323,.243,1.406,.572,.417,.245,-19.39,-19.36,.342,5.693,.473,.563,.453,5.102,4.958,1.136,5.217,1.448,.374,1.262,.394,.463,3.992,.416,.469,1.688,.121,.24,.523,.134,.238
101,2017,280,730,11.94,.809,.359,.272,1.544,.645,.446,.283,-16.25,-19.16,.394,6.087,.496,.618,.538,5.955,5.775,1.232,5.722,1.49,.422,1.371,.426,.504,4.721,.469,.523,2.031,.141,.275,.63,.163,.287
101,2017,280,740,11.94,.957,.421,.332,1.869,.754,.528,.323,-18.25,-19.16,.441,7.31,.622,.768,.613,6.907,6.582,1.507,7.05,1.902,.466,1.619,.469,.625,5.422,.533,.645,2.442,.161,.313,.706,.179,.327
101,2017,280,750,11.94,1.334,.602,.434,2.755,1.168,.918,.458,-190.2,-19.31,.61,12.32,.907,1.2,.818,9.12,9.02,2.604,11.16,2.916,.602,2.618,.821,.972,7.48,.766,.907,2.97,.223,.422,1.024,.273,.424
101,2017,280,800,11.94,1.879,.872,.63,3.897,1.597,1.187,.582,-140.4,-19.12,.873,15.42,1.321,1.562,1.175,13.31,12.89,3.173,15,4.275,1.039,3.3,.997,1.401,10.41,1.141,1.274,4.606,.283,.565,1.351,.345,.607
101,2017,280,810,11.94,1.815,.804,.572,3.541,1.517,1.024,.59,-134.7,-19.09,.843,13.49,1.23,1.505,1.165,13.02,12.64,2.873,13.34,3.717,.932,3.134,.882,1.146,10.48,1.068,1.225,4.436,.295,.56,1.421,.34,.577
101,2017,280,820,11.94,1.393,.628,.478,2.698,1.353,.83,.572,-117.1,-19.26,.731,10.51,.922,1.319,1.168,11.86,11.7,2.09,10.68,2.554,.761,2.851,.784,1.012,10.37,.996,1.037,3.984,.277,.496,1.351,.342,.516
101,2017,280,830,11.94,2.814,1.622,.84,6.878,2.444,2.009,.907,-147,-19.01,2.38,22.71,1.562,3.374,1.636,18.09,19.24,5.923,20.76,5.102,1.104,6.672,1.54,2.653,14.98,1.487,1.731,5.428,.461,.826,2.048,.538,.784
101,2017,280,840,11.94,4.091,2.16,1.26,9.46,3.674,2.666,1.339,-145.7,-18.38,2.353,30.4,2.123,4.409,2.348,26.35,27.49,7.83,28.81,7.31,1.689,9.06,2.113,2.971,21.47,2.276,2.49,8.19,.588,1.133,2.886,.724,1.128
101,2017,280,850,11.94,6.233,5.249,1.627,13.96,5.299,3.266,1.438,-166.2,-17.78,2.462,38.57,2.251,5.987,2.685,29.74,33.06,11.9,35.68,10.3,1.709,12.68,2.531,5.571,23.75,2.464,4.673,8.92,.724,1.436,2.983,.836,1.316
101,2017,280,900,11.94,5.383,18.73,2.056,35.95,14.43,6.647,1.086,-191.4,-16.76,4.011,65.26,2.03,4.061,2.001,30.4,41.92,37.11,57.79,6.85,1.366,34.91,2.449,3.401,19.32,1.896,2.754,9.76,.582,1.163,1.807,.697,.979
101,2017,280,910,11.94,6.903,77.2,2.591,76.9,62.1,45.43,1.136,-59.36,-12.83,4.492,119.2,1.741,7.24,2.125,44.16,71,85.8,104.1,7.86,1.17,79.6,2.621,28.54,22,8.53,2.325,3.964,.682,1.106,1.798,.753,.836
101,2017,280,920,11.94,6.98,39.73,1.911,76.9,69.81,58.96,3.597,63.46,-11.32,2.227,120.2,1.877,5.482,4.163,48.46,74.2,87.4,105.9,5.904,1.228,79.7,2.839,29.11,24.97,3.342,2.775,3.605,.675,2.722,7.91,.821,.928
101,2017,280,930,11.94,5.634,3.449,1.967,79.1,57.59,49.79,1.247,85.5,-11.8,2.442,127.3,2.023,5.401,2.84,56.09,82.8,93.2,112.9,6.34,1.312,85.1,3.935,14.21,17.28,1.815,3.05,3.831,.793,4.119,7.14,1.007,4.226
101,2017,280,940,11.94,17.81,31.88,1.769,75.1,15.11,5.595,1.263,79.4,-13.82,20.11,125.6,1.847,18.94,2.031,59.12,84.2,78.1,113.4,29.23,1.337,85.8,3.236,4.603,37.73,1.778,6.414,3.877,.687,60.03,1.714,2.111,6.685
101,2017,280,950,11.95,9.34,60.67,1.893,75.4,6.382,2.862,1.305,79.6,-13.94,46.69,131.5,2.002,39.17,2.244,66.07,91.4,20.82,118.3,7.54,1.454,76.1,2.922,2.542,46,1.959,27.28,4.125,.843,10.58,2.002,12.48,9.66
101,2017,280,1000,11.95,23.16,22.9,1.994,64.57,4.277,2.971,1.436,54.38,-12.89,15.72,131.8,2.057,41.46,2.322,71.3,94.9,10.84,120.5,40.36,1.608,43.65,3.024,2.721,50.26,3.157,6.497,4.343,.782,14.01,48.53,1.704,16.15
101,2017,280,1010,11.95,35.02,26.35,2.406,61.33,4.629,3.044,1.516,28,-12.12,22.91,133.5,2.228,6.931,2.505,77.5,99.4,11.14,123.3,44.08,1.763,15.96,3.019,2.783,54.95,2.537,3.503,4.659,.865,3.528,2.791,1.101,4.683
101,2017,280,1020,11.95,38.25,58.09,52.69,53.41,4.482,2.748,1.634,40.3,-9.71,6.099,133.1,2.317,5.556,3.478,84.1,103.5,11.21,125,48.33,1.838,21.22,2.788,2.709,60.16,2.676,3.185,6.739,.93,8.76,3.436,1.401,2.991
101,2017,280,1030,11.95,45.94,100.6,16.2,46.06,3.291,2.26,1.386,38.98,-11.47,18.72,130.6,2.987,3.435,5.985,84.9,101.9,62.2,124.9,6.44,1.873,37.01,2.384,2.456,59.67,2.414,2.594,4.991,.749,2.756,2.681,2.863,1.188
101,2017,280,1040,11.95,23.47,93.8,3.399,40.84,3.637,2.528,4.862,33.47,-12.49,4.108,129.8,2.53,3.634,2.399,89,104.4,100,125.7,7.17,2.114,39.48,9.97,2.694,62.87,2.781,2.872,5.78,.796,1.64,9.33,1.469,1.258
101,2017,280,1050,11.95,22.38,16.42,2.471,28.84,3.296,2.394,4.47,13.5,-12.78,2.473,117.2,2.25,3.252,2.336,85.3,97.6,93.2,115.8,10.14,3.542,22.68,3.753,2.664,60.62,3.083,2.84,7.38,.709,1.493,2.186,1.136,1.332
101,2017,280,1100,11.95,40.66,5.886,2.322,29.47,3.034,2.196,31.11,13.81,-8.59,2.562,121.4,2.818,2.791,2.411,95.2,107.2,55.76,125.1,7.92,2.681,8.77,2.426,9.09,68.1,2.796,2.548,6.149,.655,1.446,2.101,1.044,1.494
101,2017,280,1110,11.95,46.07,4.951,6.609,24.04,2.863,2.163,1.895,20.42,-12.82,9.86,119.9,2.269,2.64,2.527,100.8,111.6,5.907,129,6.923,19.27,7.66,2.702,12.37,72.5,4.684,2.465,6.341,.663,1.258,2.166,1.094,1.429
101,2017,280,1120,11.95,54.3,2.8,6.692,19.32,2.744,2.141,1.565,14.89,-13.3,2.046,113.3,2.391,2.58,4.14,104.3,114,5.641,129.9,6.733,61.31,7.21,2.213,2.649,75.3,4.81,2.48,6.707,.653,1.265,2.31,1.422,1.392
101,2017,280,1130,11.95,96.6,2.826,53.86,18.9,2.721,2.263,7.27,4.765,-10.04,2.074,105.1,2.614,2.6,3.17,106.6,114.7,5.789,129,7.36,28.95,7.06,2.379,6.571,77.3,2.654,2.726,8.65,.674,1.319,3.222,1.319,1.417
101,2017,280,1140,11.95,66.07,3.902,1.887,23.83,2.801,2.389,6.035,1.087,-13.88,2.764,100.7,2.9,2.687,2.875,111.4,118.2,5.948,131.8,8.63,3.639,7.13,2.409,3.145,80.6,2.761,2.848,9.68,.714,1.404,20.58,1.98,1.443
101,2017,280,1150,11.95,96.6,3.471,1.642,38.36,2.878,2.851,5.256,2.741,-13.34,2.188,94.5,3.042,2.719,3.039,112.9,119.6,5.805,131.1,9.14,3.16,7.24,2.28,3.295,82.5,2.669,2.969,20.63,.737,1.489,3.088,1.464,1.494
101,2017,280,1200,11.95,55.09,6.096,1.726,13.22,2.917,3.186,2.21,-12.19,-15.28,2.305,84.9,9.31,2.987,3.439,108.6,113.6,6.311,122.6,10.17,3.101,27.13,2.476,3.793,80,3.116,5.223,92.1,.789,1.746,3.682,1.739,1.799
101,2017,280,1210,11.95,15.24,4.171,2.57,12.19,4.171,3.942,2.312,-18.85,-16.43,3.2,81.8,5.922,4.52,5.039,104.4,108.3,9.55,114.3,14.91,4.005,26.37,3.481,5.019,77.9,3.682,11.08,84.1,1.104,2.473,5.342,1.883,2.406
101,2017,280,1220,11.95,9.74,4.875,3.391,13.85,5.861,5.222,2.891,-23.81,-16.62,4.151,77.5,7.14,6.121,7.4,97.1,97.2,11.26,101.4,21.83,5.116,11.15,4.215,9.14,71.9,4.866,14.77,68.37,1.58,4.766,7.49,1.903,3.593
101,2017,280,1230,11.95,7.43,3.456,2.776,9.58,4.369,4.143,2.533,-22.11,-17.13,3.759,65.97,6.778,5.218,6.808,87.2,84.3,8.14,87,28.5,4.967,8.13,3.248,6.178,64.17,4.414,13.59,62.07,1.204,3.015,6.786,1.622,3.789
101,2017,280,1240,11.95,10.38,3.856,3.144,12.13,8.1,4.627,2.788,-20.93,-16.71,6.426,70.1,6.295,7.22,6.885,92.4,91.1,9.58,91.4,24.8,5.009,10.27,4.265,6.259,69.17,4.781,11.55,63.64,2.308,3.059,7.23,1.747,3.873
101,2017,280,1250,11.95,7.62,2.943,2.828,10.34,8.06,4.907,2.789,-15.69,-17.06,4.161,79,6.93,11.61,7.52,113.9,112.2,8.49,109.6,15.49,5.099,15.49,3.632,5.761,85.3,4.158,35.58,89.9,1.496,3.079,7.27,1.737,4.218
101,2017,280,1300,11.95,12.3,2.203,1.776,6.64,3.225,3.644,1.861,-21.29,-17.21,2.489,81,38.11,6.749,7.41,124.5,122.8,5.65,121.4,9.29,3.612,12.34,2.602,3.987,92.2,3.31,39.48,111.9,1.034,2.009,4.419,1.345,2.958
101,2017,280,1310,11.95,9.9,1.911,1.588,5.691,3.218,3.726,1.734,-15.29,-17.35,2.498,79.7,40.79,3.392,14.74,129.1,124.8,5.165,122.9,8.46,4.058,6.681,7.18,3.562,94.7,3.218,18.17,116.3,1.052,2.014,4.537,1.719,24.98
101,2017,280,1320,11.95,8.77,1.784,1.813,5.972,3.95,5.237,2.04,3.421,-17.27,2.823,88.9,35.25,4.233,17.63,135.5,128.5,5.568,125.9,10.03,4.853,6.051,2.303,4.593,98.6,3.615,11.13,119.9,1.121,2.288,5.413,1.484,13.3
101,2017,280,1330,11.95,4.516,2.094,12.47,5.942,3.458,5.465,2.138,3.074,-17.13,3.913,90.1,34.42,21.06,13.36,138.3,131.4,5.714,126.9,10.4,4.939,6.17,2.555,5.083,100.9,3.823,9.41,121.3,1.312,2.841,6.394,1.62,41.53
101,2017,280,1340,11.95,3.813,1.675,33.52,5.222,3.089,19.37,1.911,-3.496,-16.66,9.22,71.4,20.97,36.85,6.289,126.5,120,4.752,113.3,9.07,4.662,16.94,2.156,4.427,93.2,3.365,25.57,111.1,1.109,2.328,5.592,1.494,25.22
101,2017,280,1350,11.95,3.67,1.521,51.16,6.784,2.784,9.25,1.752,-4.898,-16.23,4.871,68.83,17.74,6.531,7.77,120.6,114.5,4.159,106.1,7.18,3.672,16.33,1.997,7.05,89.5,3.097,23.72,107.2,1.029,2.06,5.226,4.273,6.65
101,2017,280,1400,11.96,2.25,1.201,79,4.564,3.539,2.636,1.73,-10.07,-14.86,1.987,68.39,8.97,63.57,58.43,129.1,122.7,3.744,110.7,12.92,3.31,16.84,1.876,76.1,96.8,2.776,4.203,117.3,1.005,1.854,5.36,28.23,3.449
101,2017,280,1410,11.96,2.162,1.705,27.89,3.847,4.648,3.251,1.62,-7.12,-16.83,1.928,64.07,5.251,67.32,88.7,127.2,120.3,3.657,106.9,5.201,2.774,19.7,1.784,28.97,95.7,4.07,3.896,116.2,1.038,2.246,6.841,9.37,36.1
101,2017,280,1420,11.96,2.333,1.057,1.645,3.707,14.33,29.59,1.854,.883,-17.54,1.863,57.3,4.208,23.07,60.46,123.2,115.2,3.608,100.4,5.38,2.936,4.775,1.708,3.164,92.7,2.703,3.543,109.9,2.434,6.263,19.29,2.167,25.31
101,2017,280,1430,11.96,2.173,1.213,1.387,4.213,4.647,5.64,19.56,-15.63,-16.18,1.953,57.98,3.988,8.73,9.46,126.5,117.5,3.688,102.2,5.92,3.032,5.923,1.737,3.139,95.1,2.812,3.518,113.2,1.116,2.271,44.89,2.251,93.9
101,2017,280,1440,11.96,1.878,1.069,1.191,3.625,4.782,5.362,2.055,-20.76,-18.04,1.856,51.86,7.49,7.63,17.67,121.4,112.5,3.355,94.1,5.3,2.749,19.87,2.221,2.993,91.9,2.68,2.973,107.1,1.067,2.538,51.82,1.806,68.48
101,2017,280,1450,11.96,1.76,.968,1.062,3.626,2.849,1.891,5.356,-23.03,-17.7,1.757,48.15,24.01,7.37,22.97,122.1,112.6,4.46,92.6,14.33,2.656,6.439,2.124,5.571,92.5,2.538,2.655,108,1.03,2.1,56.77,2.186,98
101,2017,280,1500,11.96,1.646,.889,1.03,3.231,5.646,2.558,4.256,-21.82,-17.71,3.971,40.65,34.63,7.1,62.53,114.6,105.8,12.19,83.6,32.58,3.062,4.629,6.537,13.15,88.1,2.625,2.507,97.7,2.166,1.531,56.24,2.114,17.54
101,2017,280,1510,11.96,1.605,.827,.92,3.075,2.062,1.578,2.785,-20.13,-18.3,1.62,38.48,5.132,2.258,29.83,118.2,108.1,3.571,83.3,7.65,3.057,4.01,1.767,17.29,90.8,2.62,2.303,64.48,.998,1.414,57.1,1.579,2.826
101,2017,280,1520,11.96,1.573,1.048,1.234,3.003,14.82,1.643,9.21,-21.12,-17.17,1.554,34.77,6.408,2.09,12.6,113.8,104.3,2.889,78.5,4.33,3.055,3.976,7.24,10.23,88.7,2.586,2.145,8.89,.955,1.345,56.94,1.568,2.377
101,2017,280,1530,11.96,1.481,.806,.906,2.864,1.95,1.382,27.97,-24.29,-15.87,3.953,30.86,32.61,2.035,4.68,110.3,100.3,2.903,73.4,4.092,3.013,4.381,1.615,8.61,86.3,2.491,2.027,7.66,.822,1.273,57.51,1.489,2.189
101,2017,280,1540,11.96,1.405,.78,.816,2.815,1.948,1.342,12.08,-20.3,-17.99,2.576,27.2,8.42,1.968,8.77,105.3,94.9,2.767,66,4.105,8.02,8.4,6.616,3.894,82.9,2.578,1.926,7.5,.755,1.176,44.04,1.43,2.003
101,2017,280,1550,11.96,1.362,.767,.757,2.733,1.856,1.266,3.557,-9.49,-19.34,1.732,23.77,2.75,1.787,11.31,104.3,93.2,2.822,62.47,4.376,13.95,4.917,10.38,2.104,82.4,2.547,1.864,6.736,.641,1.018,48.67,1.375,1.861
101,2017,280,1600,11.96,1.313,.697,.755,2.608,1.824,1.223,1.913,-6.947,-20.16,2.221,19.76,2.346,1.727,2.998,97.9,87.3,2.765,55.03,4.236,7.79,3.72,1.462,2.048,78.2,2.566,1.764,6.472,.598,.908,28.84,1.276,1.802
101,2017,280,1610,11.96,1.241,.662,2.598,2.559,1.764,1.139,1.348,-11.33,-20.19,3.464,15.51,2.3,1.605,2.547,91.1,80.7,2.646,48.17,4.102,3.067,3.656,2.656,1.837,73.3,2.402,1.618,5.748,.553,.777,5.195,1.156,1.611
101,2017,280,1620,11.96,1.231,.683,2.767,2.591,1.936,1.157,1.317,-10.05,-19.95,2.891,13.64,11.94,1.561,2.588,89.4,79.1,2.569,43.13,6.088,2.311,3.712,8.16,1.914,73.3,2.531,1.643,5.792,.506,.734,2.893,1.013,1.615
101,2017,280,1630,11.96,1.152,.637,1.02,2.459,1.777,1.094,1.144,-17.65,-19.93,1.771,12.95,4.449,1.492,2.506,85.1,75.1,3.457,29.94,14.79,1.859,3.441,1.821,1.799,70.4,2.446,1.541,5.343,.447,.68,2.509,.801,1.479
101,2017,280,1640,11.96,1.055,.618,.606,2.27,1.571,.96,.916,-15.57,-20.01,3.359,12.14,1.632,2.071,2.263,72.5,63.71,8.72,14.3,3.396,1.591,3.19,1.258,1.638,60.05,2.111,1.323,4.742,.409,.571,2.045,.635,1.111
101,2017,280,1650,11.95,.972,.538,.608,2.091,1.436,.876,.777,-15.06,-20.19,1.156,11.65,1.34,1.245,2.025,53.81,48.67,2.104,10.86,2.791,1.504,2.912,1.045,1.489,35.01,1.707,1.097,4.381,.37,.511,1.833,.533,.816
101,2017,280,1700,11.95,.968,.531,.551,2.056,1.355,.871,.714,-15,-20.47,.863,11.26,1.29,1.243,1.937,31.43,30.31,1.969,11.03,2.885,1.565,2.714,.937,1.456,15.08,1.479,1.022,4.778,.333,.513,1.746,.461,.742
101,2017,280,1710,11.95,1.188,.638,.556,2.439,1.469,.935,.811,-20.76,-20.77,.888,11.25,1.218,1.469,1.989,18.11,17.71,2.069,12.24,2.887,1.382,2.852,.92,1.518,14.49,1.391,1.116,5.936,.374,.62,2.031,.467,.883
101,2017,280,1720,11.95,1.369,.576,.499,2.652,1.535,.913,.72,-20.61,-21.24,.813,10.1,1.002,1.339,1.627,14.24,14.16,1.95,10.62,2.346,1.005,2.786,.819,1.252,12.41,1.255,1.024,4.785,.357,.553,1.913,.457,.662
101,2017,280,1730,11.95,1.037,.452,.402,2.041,1.216,.7,.588,-27.75,-21.72,.617,7.94,.791,1.077,1.236,10.8,10.67,1.555,8.33,1.825,.715,2.24,.618,.965,9.38,.89,.784,3.84,.273,.442,1.421,.335,.558
101,2017,280,1740,11.95,.843,.377,.32,1.6,.898,.523,.422,-27.97,-22.09,.467,5.985,.529,.813,.811,7.84,7.91,1.183,6.207,1.345,.474,1.654,.461,.697,6.871,.625,.608,2.702,.213,.342,1.034,.238,.384
101,2017,280,1750,11.95,.6,.275,.231,1.226,.699,.407,.328,-28.62,-22.28,.369,4.44,.421,.57,.575,5.799,5.825,.888,4.544,1.035,.379,1.265,.37,.483,5.095,.486,.454,1.897,.147,.258,.759,.188,.266
101,2017,280,1800,11.94,.417,.184,.171,.801,.483,.286,.26,-33.7,-22.46,.275,3.036,.323,.409,.459,4.515,4.46,.586,3.321,.715,.328,.844,.276,.4,4.001,.4,.345,1.577,.107,.184,.6,.154,.228
101,2017,280,1810,11.94,.255,.104,.09,.464,.276,.161,.131,-48.7,-22.55,.151,1.734,.178,.231,.251,2.473,2.491,.36,1.841,.429,.178,.476,.152,.226,2.208,.236,.188,.792,.055,.101,.318,.082,.109
101,2017,280,1820,11.94,.122,.055,.045,.24,.137,.075,.059,-53.78,-22.72,.07,.823,.082,.112,.116,1.099,1.131,.181,.829,.216,.077,.245,.072,.102,.992,.111,.087,.354,.034,.047,.142,.04,.044
101,2017,280,1830,11.94,.044,.017,.013,.079,.047,.027,.025,-60.97,-22.86,.028,.28,.028,.042,.044,.394,.397,.059,.286,.075,.032,.075,.025,.04,.357,.045,.032,.126,.005,.02,.052,.018,.02
101,2017,280,1840,11.94,0,0,0,.008,.002,0,0,-67.27,-22.85,0,.047,0,0,.002,.067,.069,.007,.045,.012,0,.01,0,.002,.06,.003,0,.018,0,0,.007,0,0
101,2017,280,1850,11.94,0,0,0,0,0,0,0,-71.8,-23.09,0,0,0,0,0,0,0,0,0,0,0,0,0,0,0,0,0,0,0,0,0,0,0
101,2017,280,1900,11.94,0,0,0,0,0,0,0,-74.3,-23.25,0,0,0,0,0,0,0,0,0,0,0,0,0,0,0,0,0,0,0,0,0,0,0
101,2017,280,1910,11.94,0,0,0,0,0,0,0,-73.8,-23.31,0,0,0,0,0,0,0,0,0,0,0,0,0,0,0,0,0,0,0,0,0,0,0
101,2017,280,1920,11.94,0,0,0,0,0,0,0,-76.9,-23.46,0,0,0,0,0,0,0,0,0,0,0,0,0,0,0,0,0,0,0,0,0,0,0
101,2017,280,1930,11.94,0,0,0,0,0,0,0,-75.8,-23.59,0,0,0,0,0,0,0,0,0,0,0,0,0,0,0,0,0,0,0,0,0,0,0
101,2017,280,1940,11.94,0,0,0,0,0,0,0,-72.2,-23.73,0,0,0,0,0,0,0,0,0,0,0,0,0,0,0,0,0,0,0,0,0,0,0
101,2017,280,1950,11.94,0,0,0,0,0,0,0,-69.83,-23.78,0,0,0,0,0,0,0,0,0,0,0,0,0,0,0,0,0,0,0,0,0,0,0
101,2017,280,2000,11.93,0,0,0,0,0,0,0,-71.2,-23.8,0,0,0,0,0,0,0,0,0,0,0,0,0,0,0,0,0,0,0,0,0,0,0
101,2017,280,2010,11.93,0,0,0,0,0,0,0,-67.4,-23.85,0,0,0,0,0,0,0,0,0,0,0,0,0,0,0,0,0,0,0,0,0,0,0
101,2017,280,2020,11.93,0,0,0,0,0,0,0,-68.43,-23.87,0,0,0,0,0,0,0,0,0,0,0,0,0,0,0,0,0,0,0,0,0,0,0
101,2017,280,2030,11.93,0,0,0,0,0,0,0,-64.48,-23.9,0,0,0,0,0,0,0,0,0,0,0,0,0,0,0,0,0,0,0,0,0,0,0
101,2017,280,2040,11.93,0,0,0,0,0,0,0,-57.81,-23.99,0,0,0,0,0,0,0,0,0,0,0,0,0,0,0,0,0,0,0,0,0,0,0
101,2017,280,2050,11.93,0,0,0,0,0,0,0,-59.92,-24.05,0,0,0,0,0,0,0,0,0,0,0,0,0,0,0,0,0,0,0,0,0,0,0
101,2017,280,2100,11.93,0,0,0,0,0,0,0,-60.35,-24,0,0,0,0,0,0,0,0,0,0,0,0,0,0,0,0,0,0,0,0,0,0,0
101,2017,280,2110,11.93,0,0,0,0,0,0,0,-63.47,-24.08,0,0,0,0,0,0,0,0,0,0,0,0,0,0,0,0,0,0,0,0,0,0,0
101,2017,280,2120,11.93,0,0,0,0,0,0,0,-64.79,-24.08,0,0,0,0,0,0,0,0,0,0,0,0,0,0,0,0,0,0,0,0,0,0,0
101,2017,280,2130,11.93,0,0,0,0,0,0,0,-60.82,-23.98,0,0,0,0,0,0,0,0,0,0,0,0,0,0,0,0,0,0,0,0,0,0,0
101,2017,280,2140,11.93,0,0,0,0,0,0,0,-57.31,-23.95,0,0,0,0,0,0,0,0,0,0,0,0,0,0,0,0,0,0,0,0,0,0,0
101,2017,280,2150,11.93,0,0,0,0,0,0,0,-55.19,-23.91,0,0,0,0,0,0,0,0,0,0,0,0,0,0,0,0,0,0,0,0,0,0,0
101,2017,280,2200,11.93,0,0,0,0,0,0,0,-50.07,-23.84,0,0,0,0,0,0,0,0,0,0,0,0,0,0,0,0,0,0,0,0,0,0,0
101,2017,280,2210,11.93,0,0,0,0,0,0,0,-49.6,-23.78,0,0,0,0,0,0,0,0,0,0,0,0,0,0,0,0,0,0,0,0,0,0,0
101,2017,280,2220,11.93,0,0,0,0,0,0,0,-47.22,-23.68,0,0,0,0,0,0,0,0,0,0,0,0,0,0,0,0,0,0,0,0,0,0,0
101,2017,280,2230,11.93,0,0,0,0,0,0,0,-48.35,-23.65,0,0,0,0,0,0,0,0,0,0,0,0,0,0,0,0,0,0,0,0,0,0,0
101,2017,280,2240,11.93,0,0,0,0,0,0,0,-48.98,-23.44,0,0,0,0,0,0,0,0,0,0,0,0,0,0,0,0,0,0,0,0,0,0,0
101,2017,280,2250,11.93,0,0,0,0,0,0,0,-47.03,-23.54,0,0,0,0,0,0,0,0,0,0,0,0,0,0,0,0,0,0,0,0,0,0,0
101,2017,280,2300,11.93,0,0,0,0,0,0,0,-42.61,-23.54,0,0,0,0,0,0,0,0,0,0,0,0,0,0,0,0,0,0,0,0,0,0,0
101,2017,280,2310,11.93,0,0,0,0,0,0,0,-45.51,-23.53,0,0,0,0,0,0,0,0,0,0,0,0,0,0,0,0,0,0,0,0,0,0,0
101,2017,280,2320,11.93,0,0,0,0,0,0,0,-50.68,-23.49,0,0,0,0,0,0,0,0,0,0,0,0,0,0,0,0,0,0,0,0,0,0,0
101,2017,280,2330,11.93,0,0,0,0,0,0,0,-51.68,-23.41,0,0,0,0,0,0,0,0,0,0,0,0,0,0,0,0,0,0,0,0,0,0,0
101,2017,280,2340,11.93,0,0,0,0,0,0,0,-46.17,-23.37,0,0,0,0,0,0,0,0,0,0,0,0,0,0,0,0,0,0,0,0,0,0,0
101,2017,280,2350,11.93,0,0,0,0,0,0,0,-45.93,-23.4,0,0,0,0,0,0,0,0,0,0,0,0,0,0,0,0,0,0,0,0,0,0,0
101,2017,280,2400,11.93,0,0,0,0,0,0,0,-36.4,-23.37,0,0,0,0,0,0,0,0,0,0,0,0,0,0,0,0,0,0,0,0,0,0,0
101,2017,281,10,11.93,0,0,0,0,0,0,0,-39.65,-23.38,0,0,0,0,0,0,0,0,0,0,0,0,0,0,0,0,0,0,0,0,0,0,0
101,2017,281,20,11.93,0,0,0,0,0,0,0,-41.58,-23.4,0,0,0,0,0,0,0,0,0,0,0,0,0,0,0,0,0,0,0,0,0,0,0
101,2017,281,30,11.93,0,0,0,0,0,0,0,-38.75,-23.43,0,0,0,0,0,0,0,0,0,0,0,0,0,0,0,0,0,0,0,0,0,0,0
101,2017,281,40,11.92,0,0,0,0,0,0,0,-34.63,-23.5,0,0,0,0,0,0,0,0,0,0,0,0,0,0,0,0,0,0,0,0,0,0,0
101,2017,281,50,11.92,0,0,0,0,0,0,0,-46.73,-23.47,0,0,0,0,0,0,0,0,0,0,0,0,0,0,0,0,0,0,0,0,0,0,0
101,2017,281,100,11.92,0,0,0,0,0,0,0,-56.39,-23.41,0,0,0,0,0,0,0,0,0,0,0,0,0,0,0,0,0,0,0,0,0,0,0
101,2017,281,110,11.92,0,0,0,0,0,0,0,-63.6,-23.42,0,0,0,0,0,0,0,0,0,0,0,0,0,0,0,0,0,0,0,0,0,0,0
101,2017,281,120,11.92,0,0,0,0,0,0,0,-65.36,-23.41,0,0,0,0,0,0,0,0,0,0,0,0,0,0,0,0,0,0,0,0,0,0,0
101,2017,281,130,11.93,0,0,0,0,0,0,0,-48.96,-23.46,0,0,0,0,0,0,0,0,0,0,0,0,0,0,0,0,0,0,0,0,0,0,0
101,2017,281,140,11.92,0,0,0,0,0,0,0,-36.1,-23.65,0,0,0,0,0,0,0,0,0,0,0,0,0,0,0,0,0,0,0,0,0,0,0
101,2017,281,150,11.92,0,0,0,0,0,0,0,-35.4,-23.69,0,0,0,0,0,0,0,0,0,0,0,0,0,0,0,0,0,0,0,0,0,0,0
101,2017,281,200,11.92,0,0,0,0,0,0,0,-37.15,-23.66,0,0,0,0,0,0,0,0,0,0,0,0,0,0,0,0,0,0,0,0,0,0,0
101,2017,281,210,11.92,0,0,0,0,0,0,0,-36.73,-23.62,0,0,0,0,0,0,0,0,0,0,0,0,0,0,0,0,0,0,0,0,0,0,0
101,2017,281,220,11.92,0,0,0,0,0,0,0,-36.34,-23.57,0,0,0,0,0,0,0,0,0,0,0,0,0,0,0,0,0,0,0,0,0,0,0
101,2017,281,230,11.92,0,0,0,0,0,0,0,-37.32,-23.43,0,0,0,0,0,0,0,0,0,0,0,0,0,0,0,0,0,0,0,0,0,0,0
101,2017,281,240,11.92,0,0,0,0,0,0,0,-36.42,-23.34,0,0,0,0,0,0,0,0,0,0,0,0,0,0,0,0,0,0,0,0,0,0,0
101,2017,281,250,11.92,0,0,0,0,0,0,0,-42,-23.34,0,0,0,0,0,0,0,0,0,0,0,0,0,0,0,0,0,0,0,0,0,0,0
101,2017,281,300,11.92,0,0,0,0,0,0,0,-44.46,-23.29,0,0,0,0,0,0,0,0,0,0,0,0,0,0,0,0,0,0,0,0,0,0,0
101,2017,281,310,11.92,0,0,0,0,0,0,0,-39.74,-23.28,0,0,0,0,0,0,0,0,0,0,0,0,0,0,0,0,0,0,0,0,0,0,0
101,2017,281,320,11.92,0,0,0,0,0,0,0,-40.72,-23.24,0,0,0,0,0,0,0,0,0,0,0,0,0,0,0,0,0,0,0,0,0,0,0
101,2017,281,330,11.92,0,0,0,0,0,0,0,-43.98,-23.14,0,0,0,0,0,0,0,0,0,0,0,0,0,0,0,0,0,0,0,0,0,0,0
101,2017,281,340,11.92,0,0,0,0,0,0,0,-48.88,-22.91,0,0,0,0,0,0,0,0,0,0,0,0,0,0,0,0,0,0,0,0,0,0,0
101,2017,281,350,11.92,0,0,0,0,0,0,0,-51.87,-22.72,0,0,0,0,0,0,0,0,0,0,0,0,0,0,0,0,0,0,0,0,0,0,0
101,2017,281,400,11.91,0,0,0,0,0,0,0,-56.22,-22.61,0,0,0,0,0,0,0,0,0,0,0,0,0,0,0,0,0,0,0,0,0,0,0
101,2017,281,410,11.91,0,0,0,0,0,0,0,-53.51,-22.4,0,0,0,0,0,0,0,0,0,0,0,0,0,0,0,0,0,0,0,0,0,0,0
101,2017,281,420,11.91,0,0,0,0,0,0,0,-44.62,-22.57,0,0,0,0,0,0,0,0,0,0,0,0,0,0,0,0,0,0,0,0,0,0,0
101,2017,281,430,11.91,0,0,0,0,0,0,0,-37.13,-22.56,0,0,0,0,0,0,0,0,0,0,0,0,0,0,0,0,0,0,0,0,0,0,0
101,2017,281,440,11.91,0,0,0,0,0,0,0,-28.65,-22.49,0,0,0,0,0,0,0,0,0,0,0,0,0,0,0,0,0,0,0,0,0,0,0
101,2017,281,450,11.91,0,0,0,0,0,0,0,-23.33,-22.44,0,0,0,0,0,0,0,0,0,0,0,0,0,0,0,0,0,0,0,0,0,0,0
101,2017,281,500,11.91,0,0,0,0,0,0,0,-18.9,-22.37,0,0,0,0,0,0,0,0,0,0,0,0,0,0,0,0,0,0,0,0,0,0,0
101,2017,281,510,11.91,0,0,0,0,0,0,0,-13.9,-22.34,0,0,0,0,0,0,0,0,0,0,0,0,0,0,0,0,0,0,0,0,0,0,0
101,2017,281,520,11.91,0,0,0,0,0,0,0,-14.68,-22.24,0,0,0,0,0,0,0,0,0,0,0,0,0,0,0,0,0,0,0,0,0,0,0
101,2017,281,530,11.91,0,0,0,0,0,0,0,-13.61,-22.17,0,0,0,0,0,0,0,0,0,0,0,0,0,0,0,0,0,0,0,0,0,0,0
101,2017,281,540,11.91,0,0,0,0,0,0,0,-12.76,-22.05,0,0,0,0,0,0,0,0,0,0,0,0,0,0,0,0,0,0,0,0,0,0,0
101,2017,281,550,11.91,.01,0,0,.017,.008,.003,0,-9.78,-21.93,0,.069,.002,.008,0,.055,.057,.017,.059,.018,0,.015,.002,.003,.044,.002,.003,.018,0,0,.005,0,0
101,2017,281,600,11.91,.059,.03,.025,.106,.047,.034,.028,-7.62,-21.7,.032,.37,.034,.044,.032,.35,.355,.082,.344,.099,.032,.085,.032,.039,.295,.035,.035,.121,.007,.025,.042,.017,.028
101,2017,281,610,11.89,.156,.059,.042,.288,.119,.08,.044,-6.488,-21.54,.065,.996,.085,.126,.092,.97,.959,.223,.903,.245,.065,.238,.072,.089,.776,.085,.092,.327,.034,.047,.104,.034,.042
101,2017,281,620,11.87,.298,.121,.094,.555,.261,.169,.102,-3.057,-21.4,.139,2.05,.163,.25,.186,1.991,2.021,.429,1.886,.464,.132,.463,.147,.196,1.646,.169,.184,.6,.049,.094,.24,.052,.091
101,2017,281,630,11.87,.458,.186,.153,.883,.416,.29,.179,-2.003,-21.26,.225,3.508,.287,.399,.31,3.352,3.365,.687,3.186,.791,.221,.778,.261,.323,2.77,.28,.313,1.036,.092,.154,.387,.099,.153
101,2017,281,640,11.88,.892,.38,.261,1.683,.696,.453,.28,-3.732,-21.02,.387,5.889,.436,.684,.456,5.362,5.509,1.277,5.196,1.316,.342,1.391,.422,.474,4.384,.442,.499,1.592,.147,.265,.561,.158,.235
101,2017,281,650,11.88,1.359,.556,.364,2.586,1.019,.706,.391,-2.708,-20.78,.543,9.13,.582,1.099,.612,7.41,7.75,2.105,7.83,1.901,.454,2.164,.632,.719,5.943,.608,.766,2.159,.209,.377,.771,.223,.318
101,2017,281,700,11.89,1.436,.588,.441,3.02,1.16,.893,.434,-2.288,-20.59,.642,10.82,.722,1.158,.721,8.83,8.98,2.432,9.81,2.499,.565,2.247,.731,.977,6.858,.727,.85,2.628,.215,.397,.934,.236,.387
101,2017,281,710,11.88,1.205,.518,.431,2.569,1.182,.816,.463,-7.29,-20.37,.6,11.09,.781,1.096,.816,9.5,9.34,1.976,9.93,2.558,.632,2.351,.85,.935,7.43,.736,.833,2.995,.248,.424,1.074,.255,.422
101,2017,281,720,11.88,2.066,.801,.61,4.094,1.515,1.18,.536,-10,-19.87,.843,14.94,1.042,1.51,1.019,11.99,12.13,3.158,13.56,3.416,.788,3.018,1.093,1.292,9.13,.964,1.178,3.841,.305,.55,1.203,.337,.518
101,2017,281,730,11.88,1.884,.793,.644,3.858,1.594,1.264,.714,-13.68,-19.45,.912,21.81,1.284,2.807,1.138,12.82,12.63,5.651,19.07,4.021,.9,3.325,3.404,1.597,9.43,1.039,2.286,4.339,.31,.558,1.329,.337,.573
101,2017,281,740,11.88,3.273,1.394,.912,6.706,2.63,2.465,.908,-6.566,-18.93,1.456,27.02,1.788,2.894,1.475,17.35,17.89,8.07,23.79,7.65,1.133,5.063,1.679,2.754,12.96,1.426,1.931,5.252,.447,.818,1.827,.461,.821
101,2017,281,750,11.89,3.655,1.515,1.083,7.82,2.983,3.414,.865,4.647,-18.52,1.562,34.38,2.963,3.03,1.483,18.3,19.17,11.94,29.81,7.81,1.311,5.708,1.976,3.396,13.24,1.552,2.212,5.418,.447,.853,1.711,.496,.823
101,2017,281,800,11.9,5.246,2.298,1.684,19.02,7.3,5.772,1.394,24.26,-17.53,2.564,85.6,6.367,26.18,2.417,25.63,28.69,44.7,71.9,9.55,1.666,13.89,3.367,3.449,18.32,2.004,3.017,7.16,.821,1.47,2.648,.784,1.304
101,2017,281,810,11.9,5.12,2.118,1.726,54.68,4.887,4.698,1.505,52.46,-16.92,5.903,101,12.7,10.7,2.529,28.35,28.58,57.71,85.2,41,1.502,29.86,3.461,3.468,20.41,2.026,2.923,6.84,.913,2.107,2.853,.945,1.28
101,2017,281,820,11.9,3.489,2.326,1.347,61.48,4.232,4.061,1.311,55.08,-16.28,30.59,97.4,20.8,7.91,2.035,24.9,41.27,60.4,81.2,32.09,1.066,48.24,9.88,14.94,15.09,1.654,1.941,4.088,.665,5.268,2.189,.84,4.207
101,2017,281,830,11.9,3.46,4.065,1.342,67.07,4.427,15.83,2.49,49.91,-15.61,55.25,102.7,1.753,47.63,2.008,27.24,51.82,68.05,87.2,8.02,.992,65.73,4.263,48.63,13.3,1.646,1.806,3.254,.546,.88,1.773,.786,.769
101,2017,281,840,11.91,4.738,12.53,1.367,70.1,9.09,26.42,1.431,46.85,-15.09,22.83,105.8,1.575,59.62,1.774,29.81,56.1,73.2,91.3,9.78,.982,69.65,2.301,14.5,13.42,1.54,1.769,3.083,.501,.823,1.344,.873,.72
101,2017,281,850,11.91,18.84,51.9,1.429,73,29.93,23.76,4.261,43.62,-12.85,2.213,109.2,1.597,49.09,2.168,34.36,61.61,77.8,95.7,66.19,1.037,62.45,2.426,41.89,20.22,1.595,15.06,3.163,.536,.861,1.342,.653,.694
101,2017,281,900,11.9,9.56,32.17,2.741,75,24.96,32.76,.972,43.36,-14.14,1.85,112,1.617,7.78,1.768,38.76,66.44,81.6,99.5,8.26,1.077,37.49,2.456,21.08,19,1.556,6.326,10.96,.573,.943,1.359,.672,.722
101,2017,281,910,11.91,3.671,78.7,1.903,76.2,64.02,54.34,1.898,58.26,-11.8,1.957,115,1.684,13.46,1.825,43.55,71.3,85.6,103.4,12.12,1.134,16.74,2.325,6.03,15.88,14.68,2.146,3.719,.6,.992,3.622,.699,.818
101,2017,281,920,11.91,3.899,50.2,1.828,76.6,70.9,62.38,2.741,58.39,-10.99,1.893,117.4,1.721,12.27,8.46,48.85,75.9,89.4,106.9,5.457,1.193,7.61,2.307,7.43,25.78,3.006,2.381,3.446,.598,1.247,19.04,.742,.863
101,2017,281,930,11.91,4.029,3.341,1.749,75.1,58.83,32.26,1.067,33.51,-12.09,1.987,119.5,1.776,9.03,2.347,54.03,80.3,92.4,110,5.202,1.243,6.889,2.24,4.641,14.46,1.59,2.518,3.56,.596,8.59,7.13,.863,1.382
101,2017,281,940,11.91,13.72,36.52,1.675,73.5,19.24,5.184,1.079,19.11,-14.49,26.26,121.4,1.779,24.82,1.933,58.95,84.3,89.8,113.2,21.65,1.308,6.747,2.156,2.349,37.13,1.736,2.656,3.686,.633,49.24,1.535,1.362,6.64
101,2017,281,950,11.91,9.38,51.31,1.696,69.37,5.321,2.341,1.087,14.3,-15.62,35.18,123,1.769,33.85,1.95,63.77,88.2,21.81,115.9,6.042,1.387,6.671,2.121,2.252,43.8,1.878,5.772,4.17,.59,2.277,1.612,5.323,17.07
101,2017,281,1000,11.91,26.8,16.92,1.697,63.58,3.47,2.19,1.116,1.801,-15.25,2.798,123.8,1.836,13.25,1.975,68.74,91.5,11.71,118.1,56.24,1.536,7.56,2.168,2.22,47.72,4.949,2.681,3.951,.571,24.91,37.13,4.403,13.24
101,2017,281,1010,11.91,42.59,17.01,1.848,58.89,3.063,2.076,1.148,-7.37,-14.63,9.3,124.6,1.84,3.892,2.032,74.6,95.1,7.34,120.3,40.79,1.593,6.811,2.086,2.215,51.67,1.938,2.319,4.096,.571,3.282,5.477,.873,2.235
101,2017,281,1020,11.91,27.02,58.29,48.11,48.34,2.977,2.036,1.179,-13.85,-12.92,4.14,125.2,2.377,2.557,3.373,79.8,98.2,7.36,122.2,52.58,1.66,9.16,2.042,2.243,55.7,2.041,2.243,4.403,.581,4.607,2.258,.973,2.644
101,2017,281,1030,11.91,22.89,101.1,25.04,43.67,2.898,2.007,1.236,-13.65,-14.16,8.79,125,3.917,2.624,7.58,84.5,101,34.94,123.6,5.529,1.737,19.72,2.041,2.247,59.42,2.144,2.151,4.5,.59,1.536,1.999,1.139,1.077
101,2017,281,1040,11.92,15.52,84.1,3.625,37.01,2.808,1.963,3.114,-15.23,-15.31,8.17,125.2,2.005,2.441,2.193,89,103.8,77.2,125.2,5.418,1.866,18.16,2.037,2.305,62.98,2.216,2.203,4.78,.611,1.246,10.26,1.6,1.124
101,2017,281,1050,11.92,23.81,12.34,2.112,31.31,2.712,1.943,2.025,-23.43,-15.61,2.804,123.8,1.98,2.391,2.251,93.1,106.6,98.4,126.7,5.662,2.354,22.44,2.049,2.318,66.25,2.268,2.161,9.3,.623,1.158,1.828,1.132,1.218
101,2017,281,1100,11.92,26.87,2.916,5.282,28.85,2.605,1.916,11.45,-24.53,-14.3,4.729,119.5,2.039,2.354,2.285,96.9,108.9,37.25,127.7,5.443,2.044,10.21,1.985,2.647,69.19,2.266,4.126,5.165,.615,1.476,1.873,.948,1.382
101,2017,281,1110,11.92,44.23,4.917,5.838,24.49,2.513,1.9,1.494,-30.06,-15.24,11.22,122.9,2.007,2.333,2.33,100.2,111.2,5.067,128.4,5.593,20.48,5.975,1.95,16.6,72.1,4.092,2.171,5.788,.63,1.96,1.95,1.029,1.315
101,2017,281,1120,11.93,62.75,2.472,15.08,17.92,2.439,1.888,1.573,-31.23,-14.42,1.844,123.6,2.047,2.315,3.064,103.3,113.4,4.831,129.1,5.499,57.56,5.943,3.077,6.647,74.8,4.561,2.218,5.726,.638,1.163,2.079,1.972,1.357
101,2017,281,1130,11.93,79,2.382,56.64,17.98,2.34,1.898,2.757,-24.94,-12.51,1.963,103.1,2.06,2.288,2.461,106,115.1,4.635,129.4,5.558,21.38,8.21,4.271,3.611,77.2,2.203,2.273,6.072,.643,1.174,4.276,1.99,1.25
101,2017,281,1140,11.92,51.28,2.424,1.697,24.46,2.27,1.873,8.79,-24.5,-15.1,3.352,95.1,2.097,2.273,2.605,108.6,117.2,4.489,129.7,6.481,2.665,34.54,2.139,4.275,79.8,2.189,2.24,6.801,.655,1.181,13.29,2.98,1.211
101,2017,281,1150,11.92,77.9,3.327,1.35,30.51,2.196,5.32,1.462,-20.52,-15.34,1.729,90.4,2.563,2.233,2.511,111.4,118.8,4.283,129.6,6.92,4.715,62.62,1.784,2.766,82.1,2.166,2.286,43.72,.652,1.967,2.412,1.417,1.223
101,2017,281,1200,11.92,68.46,2.211,1.27,8.97,2.196,2.506,1.395,-23.67,-15.65,1.714,85.4,6.573,2.188,2.549,113.6,120.2,4.157,129.3,6.224,2.134,73.4,1.779,2.405,84,2.129,2.549,108.5,.665,7.15,2.697,1.791,1.342
101,2017,281,1210,11.92,11.88,1.941,1.355,7.87,2.156,1.995,1.374,-24.49,-17.45,1.683,84.7,7.03,2.191,2.742,115.7,121.4,4.049,128.6,6.271,4.32,23.76,1.93,2.68,85.9,2.121,14.34,111.9,.672,1.38,2.625,1.784,1.333
101,2017,281,1220,11.92,7.25,1.831,1.546,4.457,2.149,1.869,1.377,-27.25,-17.56,1.668,80.2,2.37,2.211,8.95,117.5,122.4,3.988,127.6,11.68,2.09,5.013,2.511,7.36,87.5,2.156,18.57,114.2,.698,7.51,2.976,1.065,1.362
101,2017,281,1230,11.92,3.343,1.767,1.146,4.249,2.144,1.775,1.37,-25.17,-17.68,2.817,78.9,2.342,2.249,3.226,119.3,123.1,3.852,126.8,70.9,2.221,4.871,2.326,3.97,88.9,2.231,26.5,115.8,.749,1.33,2.973,1.043,1.481
101,2017,281,1240,11.92,9.77,1.692,2.635,4.103,12,2.087,1.315,-24.92,-16.97,2.665,77.1,2.455,3.375,2.815,120.7,123.5,3.727,125.5,60.35,2.832,5.85,2.477,2.944,90.1,2.228,21.15,117.2,1.717,1.28,3.085,1.062,1.708
101,2017,281,1250,11.92,2.908,1.579,2.405,3.956,9.08,5.539,1.291,-24.08,-17.37,1.653,76.1,5.874,3.527,6.594,122.2,123.9,3.646,124.1,16.08,10.44,7.84,2.779,2.331,91.3,2.219,55.73,118.2,.847,1.332,3.082,1.037,1.991
101,2017,281,1300,11.92,13.95,1.481,1.151,3.842,2.025,2.281,1.239,-24.73,-17.42,1.643,75.4,50.93,2.631,6.582,123.1,123.6,3.537,122.3,5.102,2.166,25.21,2.157,2.315,92.1,2.169,31.15,119,.881,1.382,3.073,1.035,1.903
101,2017,281,1310,11.92,25.62,1.395,1.097,5.705,2.11,8.17,1.243,-22.24,-16.94,1.633,72,39.91,2.368,23.88,124.1,123.4,3.408,120.2,4.762,2.204,5.011,2.496,2.321,92.9,2.151,10.05,119.6,.866,1.415,3.408,1.11,34.01
101,2017,281,1320,11.92,3.864,1.318,1.129,3.629,4.979,3.631,1.241,-27.36,-17.25,1.633,71.2,30.89,8.41,39.62,124.8,123.1,3.328,118.5,4.668,2.216,4.293,1.571,2.373,93.6,2.117,9.15,120.2,.896,1.447,3.537,1.156,12.56
101,2017,281,1330,11.93,2.318,1.214,1.852,5.182,1.991,3.864,1.243,-23.22,-17.05,1.874,77.2,29.61,49.07,19.41,125.1,122.7,3.212,116.2,4.494,2.333,4.155,1.526,2.432,94.1,2.117,6.326,120,.906,1.484,3.755,1.184,32.1
101,2017,281,1340,11.93,2.288,1.129,5.723,5.343,2.417,20.51,1.249,-15.29,-16.6,14.33,66.63,19.81,70.1,3.388,125.3,122.2,3.078,113.7,4.313,2.743,11.49,1.591,2.849,94.5,2.095,35.52,120,.913,1.509,4.033,1.234,41.63
101,2017,281,1350,11.93,4.351,1.092,29.1,11.04,1.946,4.703,1.263,-25.65,-15.69,15.49,66.46,13.48,7.9,9.14,125.1,121.2,2.973,111.5,4.206,2.412,8.9,1.589,5.284,94.5,2.068,38.35,119.6,.911,1.499,4.214,1.643,4.115
101,2017,281,1400,11.93,1.856,1,99.8,3.556,2.367,3.201,1.286,-29.01,-12.96,1.522,61.06,7.03,54.23,64.59,124.9,120,2.892,108.4,7.26,2.221,24.57,1.496,70.9,94.5,2.072,3.971,118.5,.904,1.596,5.251,20.82,3.948
101,2017,281,1410,11.93,1.764,2.964,37.88,3.182,9.75,1.549,1.293,-36.09,-13.64,1.499,58.43,4.445,65.96,94.9,124.5,118.7,2.832,105.8,3.926,2.134,25.36,1.445,32.73,94.4,2.81,3.397,117.8,.913,1.546,6.579,17.6,50.88
101,2017,281,1420,11.93,1.655,.893,2.137,3.02,25.35,8.08,1.817,-30.1,-14.08,1.522,55.65,3.304,43.36,55.02,123.7,117.1,2.752,102.8,3.768,2.035,3.631,1.405,2.207,94.2,2.033,3.164,117,1.775,2.954,17.06,1.399,70
101,2017,281,1430,11.93,1.613,.839,1.035,3.167,5.778,3.67,9.93,-28.66,-13.25,1.497,52.77,2.951,22.21,12.48,122.5,115.2,2.636,99.2,3.743,1.97,5.219,1.367,2.134,93.6,2.301,2.779,115,.904,1.635,42.63,2.613,109.6
101,2017,281,1440,11.93,1.531,.827,.951,2.837,14.1,1.871,1.41,-37.87,-13.94,1.39,48.33,7.75,3.902,18.3,121.1,113.2,2.571,95.3,5.566,1.95,17.38,1.291,2.08,92.7,1.978,2.492,113.2,.894,1.655,62.31,2.254,87.9
101,2017,281,1450,11.93,1.462,.789,.863,2.881,1.722,1.328,1.553,-36.31,-13.56,1.36,44.89,25.38,3.249,28.92,119.7,111,4.695,91.6,8.4,1.955,6.073,1.449,2.032,91.9,1.98,2.338,111.4,.901,1.757,67.49,1.529,107.9
101,2017,281,1500,11.93,1.402,.77,.787,2.697,19.27,1.847,1.333,-43.56,-12.72,1.707,40.53,36.88,4.16,41.39,117.9,108.7,20.15,87.4,32.72,1.978,3.363,11.97,38.61,90.9,2,2.184,108.9,.898,1.342,68.14,7.23,31.88
101,2017,281,1510,11.93,1.382,.73,.73,2.564,1.641,4.075,3.531,-40.43,-13,1.27,36.23,3.822,1.809,63.03,115.7,106,2.477,83.1,7.95,2.038,3.16,1.248,16.17,89.7,1.976,2.027,60.97,.869,1.259,65.65,2.817,2.336
101,2017,281,1520,11.93,1.31,.707,.791,2.479,9.26,1.439,10.7,-41.88,-11.47,1.221,32.61,8.68,1.685,11.79,113.2,103.2,2.368,78.6,3.457,2.063,3.109,1.934,8.35,88.2,1.98,1.874,5.89,.831,1.218,64.8,1.486,1.941
101,2017,281,1530,11.93,1.256,.712,.648,2.418,1.593,1.126,37.65,-40.59,-6.822,2.017,28.61,36.29,1.601,6.562,110.5,100.1,3.361,73.8,3.35,2.184,3.145,1.409,8.69,86.7,1.986,1.769,5.381,.71,1.136,61.83,1.429,1.821
101,2017,281,1540,11.93,1.184,.648,.603,2.33,1.541,1.07,14,-39.76,-11.41,4.603,25,6.76,1.526,10.39,107.4,96.7,2.238,68.51,3.316,2.76,12.56,4.192,2.378,84.8,1.968,1.666,5.05,.573,1.018,57.21,1.377,1.67
101,2017,281,1550,11.93,1.144,.63,.569,2.273,1.497,1.025,3.413,-31.18,-13.28,11.88,21.41,2.418,1.437,15.53,103.9,93,2.223,63.01,3.993,12.78,6.351,4.762,5.182,82.7,1.923,1.596,4.71,.502,.869,52.8,1.308,1.571
101,2017,281,1600,11.93,1.114,.588,.727,2.214,1.435,.973,5.623,-27.64,-12.18,8.78,17.25,1.998,1.378,2.003,100.2,88.8,11.25,57.02,3.526,3.068,2.889,1.064,1.65,80.2,1.916,1.529,4.428,.451,.744,32.04,1.201,1.527
101,2017,281,1610,11.93,1.038,.564,.636,2.144,1.395,.938,1.256,-22.12,-11.45,2.975,13.3,1.958,1.301,1.883,95.8,84.6,2.743,50.71,3.4,2.12,2.859,1.325,1.45,77.6,1.909,1.459,4.199,.434,.66,4.117,1.045,1.497
101,2017,281,1620,11.93,.985,.561,1.509,2.082,1.352,.889,.98,-20.83,-9.8,1.415,11.18,12.46,1.199,1.78,90.8,79.9,2.038,44.91,9.97,1.73,2.782,16.05,1.378,74.6,1.872,1.42,3.981,.409,.583,1.869,.764,1.683
101,2017,281,1630,11.92,.96,.66,1.524,2.006,1.296,.847,.879,-19.71,-9.01,1.209,10.69,3.849,1.39,1.692,85.4,74.8,2.105,33.56,22.55,1.298,2.71,1.06,1.338,71,1.817,1.321,4.08,.373,.524,1.618,.563,1.249
101,2017,281,1640,11.92,.93,.516,.502,1.926,1.238,.784,.708,-21.31,-8.87,9.62,10.49,1.459,2.702,1.603,79.5,69.24,9.37,10.53,2.455,1.032,2.613,.931,1.283,67,1.571,1.177,4.314,.34,.482,1.442,.459,.99
101,2017,281,1650,11.93,.874,.533,.459,1.832,1.176,.724,.613,-20.12,-9.09,1.208,10.79,1.208,1.033,1.482,70.9,63.51,1.809,8.46,2.09,.931,2.527,1.126,1.218,34.75,1.194,1.022,3.278,.327,.446,1.323,.419,.72
101,2017,281,1700,11.93,.826,.603,2.164,1.735,1.082,.665,.539,-18.67,-9.35,.889,10.94,1.132,.995,1.357,53.06,57.47,2.407,7.45,1.898,.844,2.496,.811,1.131,10.17,1.042,.797,3.027,.302,.436,1.297,.377,.533
101,2017,281,1710,11.92,.769,.404,.355,1.623,.998,.596,.466,-15.29,-9.78,.59,10.14,.853,1.923,1.154,31.63,21.51,1.511,6.9,1.746,.766,2.288,.737,1.039,9.14,.947,.65,2.759,.283,.412,1.114,.33,.439
101,2017,281,1720,11.92,.687,.36,.307,1.489,.906,.536,.436,-5.733,-10.05,.508,8.24,.699,.98,1.017,14.85,9.94,1.285,6.328,1.592,.7,2.089,.687,.931,8.33,.859,.568,2.485,.228,.347,1.002,.3,.392
101,2017,281,1730,11.92,.64,.337,.265,1.35,.809,.469,.405,-12.74,-10.31,.441,6.464,.573,.704,.888,8.61,8.73,1.143,5.713,1.439,.88,1.905,.613,.767,7.48,.772,.499,2.196,.193,.292,.876,.266,.342
101,2017,281,1740,11.92,.545,.283,.219,1.191,.704,.429,.354,-11.93,-10.66,.394,5.666,.447,.593,.767,7.42,7.57,1.014,4.998,1.275,.617,1.67,.518,.627,6.526,.682,.444,1.898,.157,.25,.784,.233,.286
101,2017,281,1750,11.91,.462,.238,.191,1.002,.586,.372,.295,-13.5,-10.98,.33,4.755,.39,.491,.625,6.129,6.271,.858,4.197,1.067,.436,1.345,.417,.508,5.428,.561,.395,1.55,.132,.211,.635,.198,.238
101,2017,281,1800,11.91,.39,.188,.146,.767,.461,.288,.226,-12.37,-11.29,.253,3.679,.3,.405,.472,4.686,4.785,.67,3.244,.821,.34,1.025,.322,.409,4.155,.444,.303,1.176,.102,.161,.483,.149,.183
101,2017,281,1810,11.91,.271,.132,.101,.521,.33,.198,.151,-13.59,-11.64,.169,2.468,.201,.28,.333,3.076,3.155,.462,2.171,.553,.223,.675,.219,.278,2.753,.31,.206,.759,.067,.112,.34,.101,.119
101,2017,281,1820,11.91,.149,.067,.055,.295,.171,.102,.077,-15.77,-12.03,.092,1.247,.104,.147,.168,1.538,1.585,.255,1.099,.307,.111,.362,.116,.142,1.391,.163,.107,.397,.035,.057,.169,.052,.055
101,2017,281,1830,11.91,.049,.022,.015,.095,.057,.034,.027,-20,-12.56,.027,.38,.034,.047,.054,.486,.494,.079,.345,.097,.039,.117,.037,.047,.437,.052,.034,.129,.005,.022,.055,.018,.02
101,2017,281,1840,11.91,.002,0,0,.01,.003,0,0,-23.22,-13.12,0,.057,0,.002,.005,.08,.082,.01,.049,.013,0,.013,0,0,.075,.005,0,.018,0,0,.007,0,0
101,2017,281,1850,11.91,0,0,0,0,0,0,0,-26.44,-13.78,0,0,0,0,0,.003,.002,0,0,0,0,0,0,0,.002,0,0,0,0,0,0,0,0
101,2017,281,1900,11.9,0,0,0,0,0,0,0,-31.91,-14.12,0,0,0,0,0,0,0,0,0,0,0,0,0,0,0,0,0,0,0,0,0,0,0
101,2017,281,1910,11.88,0,0,0,0,0,0,0,-39.41,-14.45,0,0,0,0,0,0,0,0,0,0,0,0,0,0,0,0,0,0,0,0,0,0,0
101,2017,281,1920,11.86,0,0,0,0,0,0,0,-44.92,-14.55,0,0,0,0,0,0,0,0,0,0,0,0,0,0,0,0,0,0,0,0,0,0,0
101,2017,281,1930,11.87,0,0,0,0,0,0,0,-56.7,-14.92,0,0,0,0,0,0,0,0,0,0,0,0,0,0,0,0,0,0,0,0,0,0,0
101,2017,281,1940,11.88,0,0,0,0,0,0,0,-58.44,-15.06,0,0,0,0,0,0,0,0,0,0,0,0,0,0,0,0,0,0,0,0,0,0,0
101,2017,281,1950,11.88,0,0,0,0,0,0,0,-57.29,-15.07,0,0,0,0,0,0,0,0,0,0,0,0,0,0,0,0,0,0,0,0,0,0,0
101,2017,281,2000,11.88,0,0,0,0,0,0,0,-63.13,-15.36,0,0,0,0,0,0,0,0,0,0,0,0,0,0,0,0,0,0,0,0,0,0,0
101,2017,281,2010,11.87,0,0,0,0,0,0,0,-72.6,-15.61,0,0,0,0,0,0,0,0,0,0,0,0,0,0,0,0,0,0,0,0,0,0,0
101,2017,281,2020,11.9,0,0,0,0,0,0,0,-81.7,-15.92,0,0,0,0,0,0,0,0,0,0,0,0,0,0,0,0,0,0,0,0,0,0,0
101,2017,281,2030,11.91,0,0,0,0,0,0,0,-83.6,-15.92,0,0,0,0,0,0,0,0,0,0,0,0,0,0,0,0,0,0,0,0,0,0,0
101,2017,281,2040,11.91,0,0,0,0,0,0,0,-85.2,-15.96,0,0,0,0,0,0,0,0,0,0,0,0,0,0,0,0,0,0,0,0,0,0,0
101,2017,281,2050,11.91,0,0,0,0,0,0,0,-89.7,-15.92,0,0,0,0,0,0,0,0,0,0,0,0,0,0,0,0,0,0,0,0,0,0,0
101,2017,281,2100,11.91,0,0,0,0,0,0,0,-95.2,-16.04,0,0,0,0,0,0,0,0,0,0,0,0,0,0,0,0,0,0,0,0,0,0,0
101,2017,281,2110,11.91,0,0,0,0,0,0,0,-99.3,-16.13,0,0,0,0,0,0,0,0,0,0,0,0,0,0,0,0,0,0,0,0,0,0,0
101,2017,281,2120,11.91,0,0,0,0,0,0,0,-101,-16.28,0,0,0,0,0,0,0,0,0,0,0,0,0,0,0,0,0,0,0,0,0,0,0
101,2017,281,2130,11.91,0,0,0,0,0,0,0,-102.3,-16.34,0,0,0,0,0,0,0,0,0,0,0,0,0,0,0,0,0,0,0,0,0,0,0
101,2017,281,2140,11.91,0,0,0,0,0,0,0,-104.1,-16.34,0,0,0,0,0,0,0,0,0,0,0,0,0,0,0,0,0,0,0,0,0,0,0
101,2017,281,2150,11.91,0,0,0,0,0,0,0,-107.2,-16.28,0,0,0,0,0,0,0,0,0,0,0,0,0,0,0,0,0,0,0,0,0,0,0
101,2017,281,2200,11.91,0,0,0,0,0,0,0,-110.1,-16.3,0,0,0,0,0,0,0,0,0,0,0,0,0,0,0,0,0,0,0,0,0,0,0
101,2017,281,2210,11.91,0,0,0,0,0,0,0,-112.5,-16.38,0,0,0,0,0,0,0,0,0,0,0,0,0,0,0,0,0,0,0,0,0,0,0
101,2017,281,2220,11.91,0,0,0,0,0,0,0,-113.6,-16.45,0,0,0,0,0,0,0,0,0,0,0,0,0,0,0,0,0,0,0,0,0,0,0
101,2017,281,2230,11.91,0,0,0,0,0,0,0,-108.7,-16.09,0,0,0,0,0,0,0,0,0,0,0,0,0,0,0,0,0,0,0,0,0,0,0
101,2017,281,2240,11.91,0,0,0,0,0,0,0,-107.6,-16.26,0,0,0,0,0,0,0,0,0,0,0,0,0,0,0,0,0,0,0,0,0,0,0
101,2017,281,2250,11.91,0,0,0,0,0,0,0,-110.2,-16.71,0,0,0,0,0,0,0,0,0,0,0,0,0,0,0,0,0,0,0,0,0,0,0
101,2017,281,2300,11.91,0,0,0,0,0,0,0,-111.4,-16.89,0,0,0,0,0,0,0,0,0,0,0,0,0,0,0,0,0,0,0,0,0,0,0
101,2017,281,2310,11.91,0,0,0,0,0,0,0,-107.1,-17.24,0,0,0,0,0,0,0,0,0,0,0,0,0,0,0,0,0,0,0,0,0,0,0
101,2017,281,2320,11.91,0,0,0,0,0,0,0,-109.3,-17.52,0,0,0,0,0,0,0,0,0,0,0,0,0,0,0,0,0,0,0,0,0,0,0
101,2017,281,2330,11.91,0,0,0,0,0,0,0,-110.8,-17.58,0,0,0,0,0,0,0,0,0,0,0,0,0,0,0,0,0,0,0,0,0,0,0
101,2017,281,2340,11.91,0,0,0,0,0,0,0,-106.2,-17.73,0,0,0,0,0,0,0,0,0,0,0,0,0,0,0,0,0,0,0,0,0,0,0
101,2017,281,2350,11.91,0,0,0,0,0,0,0,-108.6,-17.83,0,0,0,0,0,0,0,0,0,0,0,0,0,0,0,0,0,0,0,0,0,0,0
101,2017,281,2400,11.91,0,0,0,0,0,0,0,-109.4,-17.89,0,0,0,0,0,0,0,0,0,0,0,0,0,0,0,0,0,0,0,0,0,0,0
101,2017,282,10,11.9,0,0,0,0,0,0,0,-110.2,-17.98,0,0,0,0,0,0,0,0,0,0,0,0,0,0,0,0,0,0,0,0,0,0,0
101,2017,282,20,11.9,0,0,0,0,0,0,0,-110.9,-18.1,0,0,0,0,0,0,0,0,0,0,0,0,0,0,0,0,0,0,0,0,0,0,0
101,2017,282,30,11.9,0,0,0,0,0,0,0,-112.2,-18.25,0,0,0,0,0,0,0,0,0,0,0,0,0,0,0,0,0,0,0,0,0,0,0
101,2017,282,40,11.9,0,0,0,0,0,0,0,-113.3,-18.23,0,0,0,0,0,0,0,0,0,0,0,0,0,0,0,0,0,0,0,0,0,0,0
101,2017,282,50,11.9,0,0,0,0,0,0,0,-115,-18.25,0,0,0,0,0,0,0,0,0,0,0,0,0,0,0,0,0,0,0,0,0,0,0
101,2017,282,100,11.9,0,0,0,0,0,0,0,-116.9,-18.15,0,0,0,0,0,0,0,0,0,0,0,0,0,0,0,0,0,0,0,0,0,0,0
101,2017,282,110,11.9,0,0,0,0,0,0,0,-115.5,-18.16,0,0,0,0,0,0,0,0,0,0,0,0,0,0,0,0,0,0,0,0,0,0,0
101,2017,282,120,11.9,0,0,0,0,0,0,0,-113.3,-18.32,0,0,0,0,0,0,0,0,0,0,0,0,0,0,0,0,0,0,0,0,0,0,0
101,2017,282,130,11.9,0,0,0,0,0,0,0,-111.2,-18.48,0,0,0,0,0,0,0,0,0,0,0,0,0,0,0,0,0,0,0,0,0,0,0
101,2017,282,140,11.9,0,0,0,0,0,0,0,-112.2,-18.61,0,0,0,0,0,0,0,0,0,0,0,0,0,0,0,0,0,0,0,0,0,0,0
101,2017,282,150,11.9,0,0,0,0,0,0,0,-111.6,-18.65,0,0,0,0,0,0,0,0,0,0,0,0,0,0,0,0,0,0,0,0,0,0,0
101,2017,282,200,11.9,0,0,0,0,0,0,0,-112.5,-18.61,0,0,0,0,0,0,0,0,0,0,0,0,0,0,0,0,0,0,0,0,0,0,0
101,2017,282,210,11.9,0,0,0,0,0,0,0,-114.2,-18.63,0,0,0,0,0,0,0,0,0,0,0,0,0,0,0,0,0,0,0,0,0,0,0
101,2017,282,220,11.9,0,0,0,0,0,0,0,-113.3,-18.96,0,0,0,0,0,0,0,0,0,0,0,0,0,0,0,0,0,0,0,0,0,0,0
101,2017,282,230,11.9,0,0,0,0,0,0,0,-114.8,-18.87,0,0,0,0,0,0,0,0,0,0,0,0,0,0,0,0,0,0,0,0,0,0,0
101,2017,282,240,11.89,0,0,0,0,0,0,0,-114.7,-18.82,0,0,0,0,0,0,0,0,0,0,0,0,0,0,0,0,0,0,0,0,0,0,0
101,2017,282,250,11.88,0,0,0,0,0,0,0,-115.3,-19.2,0,0,0,0,0,0,0,0,0,0,0,0,0,0,0,0,0,0,0,0,0,0,0
101,2017,282,300,11.88,0,0,0,0,0,0,0,-118.3,-19.99,0,0,0,0,0,0,0,0,0,0,0,0,0,0,0,0,0,0,0,0,0,0,0
101,2017,282,310,11.87,0,0,0,0,0,0,0,-118.4,-20.28,0,0,0,0,0,0,0,0,0,0,0,0,0,0,0,0,0,0,0,0,0,0,0
101,2017,282,320,11.88,0,0,0,0,0,0,0,-119.7,-21,0,0,0,0,0,0,0,0,0,0,0,0,0,0,0,0,0,0,0,0,0,0,0
101,2017,282,330,11.89,0,0,0,0,0,0,0,-119.3,-21.76,0,0,0,0,0,0,0,0,0,0,0,0,0,0,0,0,0,0,0,0,0,0,0
101,2017,282,340,11.89,0,0,0,0,0,0,0,-120.6,-22.14,0,0,0,0,0,0,0,0,0,0,0,0,0,0,0,0,0,0,0,0,0,0,0
101,2017,282,350,11.89,0,0,0,0,0,0,0,-119.3,-22.65,0,0,0,0,0,0,0,0,0,0,0,0,0,0,0,0,0,0,0,0,0,0,0
101,2017,282,400,11.89,0,0,0,0,0,0,0,-120.6,-23.16,0,0,0,0,0,0,0,0,0,0,0,0,0,0,0,0,0,0,0,0,0,0,0
101,2017,282,410,11.89,0,0,0,0,0,0,0,-121.2,-23.51,0,0,0,0,0,0,0,0,0,0,0,0,0,0,0,0,0,0,0,0,0,0,0
101,2017,282,420,11.89,0,0,0,0,0,0,0,-119.8,-23.46,0,0,0,0,0,0,0,0,0,0,0,0,0,0,0,0,0,0,0,0,0,0,0
101,2017,282,430,11.89,0,0,0,0,0,0,0,-118.9,-23.49,0,0,0,0,0,0,0,0,0,0,0,0,0,0,0,0,0,0,0,0,0,0,0
101,2017,282,440,11.89,0,0,0,0,0,0,0,-118.2,-23.56,0,0,0,0,0,0,0,0,0,0,0,0,0,0,0,0,0,0,0,0,0,0,0
101,2017,282,450,11.89,0,0,0,0,0,0,0,-118.4,-23.69,0,0,0,0,0,0,0,0,0,0,0,0,0,0,0,0,0,0,0,0,0,0,0
101,2017,282,500,11.89,0,0,0,0,0,0,0,-118.8,-24.05,0,0,0,0,0,0,0,0,0,0,0,0,0,0,0,0,0,0,0,0,0,0,0
101,2017,282,510,11.89,0,0,0,0,0,0,0,-120.9,-24.31,0,0,0,0,0,0,0,0,0,0,0,0,0,0,0,0,0,0,0,0,0,0,0
101,2017,282,520,11.89,0,0,0,0,0,0,0,-124,-24.42,0,0,0,0,0,0,0,0,0,0,0,0,0,0,0,0,0,0,0,0,0,0,0
101,2017,282,530,11.89,0,0,0,0,0,0,0,-127.3,-24.44,0,0,0,0,0,0,0,0,0,0,0,0,0,0,0,0,0,0,0,0,0,0,0
101,2017,282,540,11.89,0,0,0,0,0,0,0,-135.9,-24.42,0,.013,0,0,0,.01,.008,0,.008,0,0,.002,0,0,.008,0,0,0,0,0,0,0,0
101,2017,282,550,11.89,.02,.007,0,.032,.018,.01,.007,-148.8,-24.68,.005,.136,.007,.02,.012,.102,.111,.034,.104,.032,.003,.044,.012,.017,.089,.012,.008,.03,0,.005,.012,.002,0
101,2017,282,600,11.89,.085,.04,.032,.159,.075,.047,.034,-146.5,-24.99,.039,.625,.044,.077,.057,.536,.583,.134,.501,.134,.039,.189,.052,.057,.478,.054,.05,.158,.023,.034,.059,.03,.027
101,2017,282,610,11.89,.218,.099,.062,.407,.201,.129,.082,-134.4,-25.06,.102,1.698,.116,.201,.154,1.47,1.601,.345,1.349,.352,.099,.484,.139,.153,1.306,.146,.131,.404,.04,.075,.156,.044,.055
101,2017,282,620,11.89,.437,.199,.126,.835,.38,.256,.149,-122.5,-24.84,.201,3.463,.235,.389,.29,2.851,3.074,.699,2.745,.675,.189,.954,.285,.29,2.452,.272,.27,.737,.085,.137,.287,.091,.117
101,2017,282,630,11.89,.753,.344,.204,1.456,.58,.421,.228,-115.6,-24.82,.327,5.789,.377,.612,.444,4.82,5.103,1.565,4.637,1.141,.31,1.505,.454,.471,3.783,.422,.422,1.187,.131,.226,.421,.147,.186
101,2017,282,640,11.89,1.27,.515,.313,2.34,.861,.634,.308,-110.6,-24.64,.468,9.19,.476,.962,.583,7.3,6.982,5.055,6.928,1.725,.407,2.209,.674,.714,4.916,.57,.63,1.564,.178,.31,.533,.196,.245
101,2017,282,650,11.89,1.435,.57,.404,2.966,1.084,.923,.397,-105.7,-24.66,.615,14.83,.623,1.182,.778,10.79,8.24,4.48,9.74,2.373,.484,3.347,1.18,1.163,5.901,.722,.9,1.875,.206,.369,.645,.245,.317
101,2017,282,700,11.89,1.725,.595,.402,3.266,1.106,.967,.417,-100.7,-24.87,.647,22.65,.682,1.342,.717,8.96,8.51,3.55,12.36,2.777,.508,5.397,1.409,1.064,6.112,.721,.89,1.917,.209,.364,.654,.243,.315
101,2017,282,710,11.89,1.723,.625,.439,3.302,1.156,1.064,.436,-105.2,-25.37,.677,21.42,.751,1.51,.706,8.62,8.86,3.672,16.1,6.124,.499,6.806,4.741,1.207,6.337,.744,1.173,1.808,.218,.362,.667,.266,.31
101,2017,282,720,11.89,1.416,.61,.412,3.107,1.228,1.116,.551,-113.7,-26.1,.672,25.3,.84,1.696,.763,8.67,9.18,6.102,18.97,3.293,.496,5.861,7.2,1.388,6.503,.759,2.061,1.823,.228,.384,.696,.287,.335
101,2017,282,730,11.89,1.384,.613,.573,2.978,1.592,1.497,2.197,-117.8,-26.12,.922,66.39,1.301,12.51,1.022,10.74,10.07,30.59,50.63,5.819,.642,6.409,24.21,4.329,7.2,.882,21.65,2.077,.318,.454,.838,.367,.422
101,2017,282,740,11.89,1.537,.701,.729,3.33,4.218,4.076,.959,-108.9,-26.12,1.061,79,1.5,18.48,1.146,11.34,9.88,41.43,61.55,28.39,.721,5.755,3.489,2.983,7.5,.959,14.79,2.244,.365,.52,.918,.416,.503
101,2017,282,750,11.89,1.813,.883,.882,7.17,6.717,6.893,.721,-95.5,-25.24,1.172,79.4,3.387,3.065,1.193,11.61,13.05,44.68,63.32,19.4,1.165,5.975,2.085,10.87,7.78,1.076,1.445,2.353,.396,.585,.945,.419,.551
101,2017,282,800,11.89,2.031,.944,.975,16.94,5.276,3.635,.701,-53.67,-23.01,1.552,90.4,6.565,35.36,1.285,12.48,12.15,54.41,73.8,14.66,.877,8.89,2.569,1.929,8,1.093,1.259,2.423,.401,.593,1.004,.447,2.004