101,2017,289,740,11.89,1.725,.778,.818,3.734,2.269,3.431,1.636,-180.3,-22.09,8.53,76.5,1.284,15.34,1.22,11.19,10.4,42.54,66.82,6.179,.771,5.204,2.558,1.798,7.87,.982,2.234,2.333,.387,.572,.944,.436,.499
101,2017,289,750,11.89,3.322,1.104,.999,12.9,2.707,3.55,.726,-145.6,-20.98,17.48,81.4,1.389,11.15,1.289,12.19,11.15,47.96,71.5,31.41,.853,7.04,2.214,2.221,8.18,1.054,1.55,2.443,.416,.628,.985,.436,1.086
101,2017,289,800,11.89,2.745,2.529,1.086,40.77,2.929,3.497,.764,-148.9,-21.3,10.14,88.5,1.496,4.384,1.398,15.39,18.12,54.43,78,16.77,.987,20.55,2.691,2.374,8.81,1.151,1.478,2.574,.439,.687,1.057,.493,3.594
101,2017,289,810,11.89,5.301,2.292,1.287,53.71,3.505,4.162,.901,28.61,-20.32,2.44,81.4,1.743,5.891,1.541,20.46,38.19,48.62,71.6,12,1.077,31.52,2.885,2.711,11.22,1.536,2.079,2.877,.496,.947,1.366,.637,1.875
101,2017,289,820,11.89,6.069,9.98,1.583,50.76,4.613,4.529,1.779,66.53,-20.17,3.076,79.1,2.165,35.12,2.424,31.31,47.65,47.08,72.7,26.62,1.282,43.39,7.07,3.612,18.31,1.877,2.51,5.819,.829,2.894,2.52,.861,1.128
101,2017,289,830,11.89,14.85,2.842,1.546,34.53,4.214,8.43,1.255,86.7,-19.12,2.803,57.48,2.062,14.9,1.949,28.88,39.63,31.79,53.93,26.68,1.226,27.61,7.76,11.09,17.73,1.783,2.657,4.901,.749,1.384,2.401,.792,5.417
101,2017,289,840,11.89,37.68,2.93,1.608,43.3,4.066,22.14,2.14,101.6,-17.65,2.599,66.44,2.284,38.85,2.885,33.01,45.93,42.61,69.09,15.68,1.685,27.61,2.59,3.766,15.94,2.029,3.076,6.682,.707,1.35,2.202,.87,1.716
101,2017,289,850,11.89,14.79,3.475,1.744,25.26,4.083,11.18,1.084,96,-18.19,2.506,45.02,2.29,16.88,1.871,26.94,33.24,23.07,44.34,9.75,1.597,12.22,2.336,3.785,15.35,2.171,7.86,5.966,.57,1.312,1.657,1.426,.92
101,2017,289,900,11.9,18.25,3.719,1.384,54.81,4.756,34.67,.994,115.4,-18.69,2.096,71.9,1.91,50.49,4.269,35.36,51.8,55.47,75.8,11.2,1.231,7.96,2.258,3.299,11.77,3.562,2.903,3.431,.529,1.32,1.499,.66,.747
101,2017,289,910,11.9,37.06,6.588,1.94,86.1,6.331,40.07,1.344,126.7,-17.71,2.501,106.7,2.434,62.48,2.919,58.53,83.8,88.7,116.7,7.85,1.59,8.26,2.903,2.957,22.66,3.007,26,6.804,.818,1.65,2.418,.91,1.29
101,2017,289,920,11.9,23.56,10.36,2.664,66.22,7.34,20.77,1.352,120.5,-18.01,3.734,89.3,2.475,7.22,2.324,52.32,70.7,68.41,97.6,11.3,1.967,8.86,3.294,3.264,19.57,3.339,4.545,5.735,.764,1.789,1.965,.977,1.107
101,2017,289,930,11.9,80.2,3.192,5.502,77.6,10.08,4.224,1.131,113.4,-14.64,20.41,101,2.041,24.06,2.027,58.91,80.9,87.4,111.7,8.33,1.471,7.32,2.778,24.58,20.63,1.861,35.82,3.924,.622,1.297,1.595,.848,.952
101,2017,289,940,11.9,95.2,34.09,26.08,80.3,4.401,3.005,1.136,118.9,-13.74,56.14,107.5,1.945,3.463,2.312,66.6,89.8,97.4,120.8,6.145,1.441,7.01,2.56,2.757,44.12,1.757,89.8,3.664,.652,1.223,1.575,41.01,1.461
101,2017,289,950,11.9,96.9,32.5,20.46,74.8,3.263,2.533,1.114,144.6,-13.86,32.55,106,1.915,2.762,2.141,71.5,92.6,96.7,120.9,6.644,1.508,6.474,2.196,14.37,48.7,1.637,2.571,3.888,.628,1.275,2.019,4.345,2.034
101,2017,289,1000,11.9,60.48,2.935,1.832,68.72,4.64,2.345,1.178,144.4,-15.83,17.16,108.5,1.841,2.77,2.085,78.4,97.8,63.07,125.1,87.9,1.67,6.759,2.201,2.563,53.39,1.971,2.362,4.104,.626,1.239,1.657,.849,1.936
101,2017,289,1010,11.9,6.998,13.66,1.955,62.09,6.705,2.141,1.238,129.2,-16.13,3.295,107,1.933,2.625,2.174,82.8,100,31.72,125.1,92.4,1.802,6.388,2.144,2.293,57.04,1.779,2.352,4.316,.621,16.72,5.797,.945,1.154
101,2017,289,1020,11.9,7.73,98.2,45.49,52.18,3.179,2.358,21.72,111.6,-9.47,4.402,108.4,2.084,2.909,2.238,87.7,103.2,15.38,127.8,12.25,1.995,7.19,2.268,2.504,60.79,2.288,2.64,4.626,.611,23.13,6.1,1.26,1.172
101,2017,289,1030,11.9,5.545,95.4,110.7,43.92,3.326,2.417,2.846,82.4,-8.37,3.695,111.3,12.02,2.809,2.29,93.4,107.9,7.53,131.9,6.437,1.908,7.43,2.192,2.666,64.95,2.323,2.469,4.678,.6,1.698,7.67,14.9,1.179
101,2017,289,1040,11.91,5.916,16.19,83.8,34.08,3.057,2.549,2.817,67.09,-9.71,2.271,103.4,31.34,3.001,2.35,89.3,101.4,7.66,122.8,6.413,1.918,7.52,2.259,3.174,62.66,2.119,2.507,5.209,.605,2.109,1.924,27.73,1.204
101,2017,289,1050,11.91,5.179,3.021,31.6,31.55,3.189,2.425,6.755,59.39,-11.18,5.624,113.4,12.98,2.784,2.377,102.1,114.1,6.84,136.2,7.48,2.043,7.45,2.283,38.52,71.9,2.427,2.715,5.542,.638,1.303,1.908,1.119,1.368
101,2017,289,1100,11.91,5.455,2.836,23.74,26.03,2.919,2.427,55.6,40.57,-4.69,2.348,111.3,2.348,2.849,2.368,104.1,115,6.761,134.9,6.569,2.025,6.8,2.33,2.986,74.1,2.239,13.26,5.515,.65,1.291,3.939,2.469,1.615
101,2017,289,1110,11.91,5.308,2.72,39.67,21.35,2.981,2.226,2.072,34.36,-12.06,2.062,110.4,8.44,2.547,2.387,106.8,116.7,5.827,134.6,6.884,7.79,6.418,2.211,3.435,76.5,2.417,2.544,8.57,.668,3.773,2.799,3.511,1.569
101,2017,289,1120,11.91,4.837,2.767,2.043,18.07,3.413,2.256,11.5,34.78,-12.98,2.048,110.5,8.31,2.552,2.536,110.4,119.6,5.596,136.1,10.46,3.31,6.284,41.99,10.7,79.8,2.345,2.4,9.36,.678,1.239,2.169,14.85,1.531
101,2017,289,1130,11.91,5.497,2.939,1.981,15.44,2.948,2.238,11.63,33.52,-13.51,2.068,110.2,2.904,2.646,2.755,113.3,121.5,5.636,136.6,7.12,8.91,8.55,6.875,2.985,82.5,2.358,2.671,9.92,.7,1.568,3.695,1.296,1.44
101,2017,289,1140,11.91,14.14,2.809,1.698,16.16,2.735,2.365,3.375,33,-15.58,2.104,109.9,12.25,2.772,2.708,115.2,122.5,6.16,136.6,17.62,65.41,36.71,2.705,3.025,84.3,2.45,2.775,13.73,2.238,1.333,5.532,1.291,1.378
101,2017,289,1150,11.91,10.88,2.991,1.914,26.32,3.212,2.919,1.814,35.37,-16.29,2.425,112.3,74.4,3.154,2.956,119.2,124.6,7.74,139.1,56.58,23.99,70.1,2.956,7.55,86.4,2.978,3.569,10.5,.807,1.599,7.87,2.949,1.665
101,2017,289,1200,11.91,15.23,4.051,2.78,15.95,4.585,4.585,2.082,38.29,-15.72,3.624,67.66,13.59,5.292,4.562,71.8,71.7,12.19,80.6,20.84,4.579,24.06,3.478,11.24,50.54,3.867,6.771,26.3,1.074,2.502,7.35,3.011,2.526
101,2017,289,1210,11.91,9.33,3.532,3.102,15.96,6.238,4.904,2.77,42.79,-15.91,4.413,54.22,5.875,7.49,6.454,64.85,62.75,13.06,63.49,15.17,4.651,11.18,4.212,5.828,48.52,4.332,6.582,25.81,1.675,3.229,7.13,1.537,3.375
101,2017,289,1220,11.91,11.07,4.654,3.805,19.25,8.31,5.989,3.798,47.29,-15.93,5.45,83.5,7.07,8.46,8.37,104.3,103.5,14.66,102.9,46.19,5.614,13.89,5.048,8.03,78.1,6.036,8.7,61.24,1.985,11.27,9.73,2.467,4.175
101,2017,289,1230,11.91,10.76,4.582,3.614,16.99,7.04,5.661,3.14,47.89,-16.04,5.117,72.4,7.2,7.73,7.31,91.5,89.7,13.75,89.2,34.57,5.473,11.61,6.951,7.18,68.21,5.663,9.19,51.07,1.851,6.574,8.2,2.355,3.904
101,2017,289,1240,11.91,7.92,3.063,2.918,13.3,5.54,4.391,2.41,41.82,-16.43,4.038,47.43,5.84,6.815,6.999,61.02,58.12,10.91,57.24,12.7,4.485,9.52,3.588,5.517,46.13,4.299,6.351,26.32,1.532,3.157,6.252,1.365,3.455
101,2017,289,1250,11.91,8.68,3.42,2.894,14.37,6.227,4.837,2.876,40.66,-16.47,4.247,50.95,5.731,7.37,6.666,63.44,61.09,11.8,60.09,14.24,4.453,9.85,3.867,5.998,47.62,4.613,6.215,26.65,1.615,3.053,7.13,1.672,3.34
101,2017,289,1300,11.91,10.32,3.869,3.554,14.97,6.143,5.509,2.887,43.12,-16.46,6.329,81,7.64,8.36,8.8,105.3,103.6,12.11,102.9,24.67,4.904,12.01,4.335,6.462,78.8,4.53,9.53,74.2,2.028,3.738,7.22,1.857,5.634
101,2017,289,1310,11.91,10.02,3.122,2.896,12.49,17.65,5.187,2.76,41.28,-15.54,72.1,99.5,8.2,18.31,8.48,136.3,132,9.85,129.1,14.36,4.902,10.78,3.817,6.194,100.5,4.025,22.84,111.3,1.889,4.196,6.535,1.851,13.88
101,2017,289,1320,11.91,6.967,3.43,3.539,10.98,10.6,8.84,2.985,43.28,-15.8,26.16,88.9,8.3,19.86,9.7,124.9,119.1,9.61,117.3,15.96,5.85,9.81,3.907,7.16,92,4.782,38.08,95.7,2.04,4.696,7.87,1.923,6.51
101,2017,289,1330,11.92,6.73,2.913,4.837,11.03,6.036,5.482,3.077,42.37,-16.07,8.4,65.52,8.16,10.33,11.63,92.2,87.5,9.27,86.1,14.48,5.256,9.55,3.588,14.3,69.42,4.437,15.05,62.62,1.881,3.822,8.02,1.874,10.4
101,2017,289,1340,11.91,7.62,3.174,9.37,13.31,6.163,4.936,3.098,41.77,-15.92,4.614,56.04,6.634,10.27,13.45,76.2,72.4,10.72,69.93,13.86,4.805,10.24,3.696,7.2,57.38,4.536,8.77,41.68,1.63,3.169,7.64,1.792,8.58
101,2017,289,1350,11.92,6.649,2.864,3.541,12.19,6.599,4.51,3.31,40.74,-16.39,4.164,46.75,5.751,8.14,9.18,66.01,62.74,9.58,56.98,12.2,4.587,10.49,3.484,6.195,51.2,4.752,6.217,29.95,1.668,3.127,7.86,1.695,4.358
101,2017,289,1400,11.92,7.35,2.911,4.38,12.72,7.09,4.616,3.716,39.65,-16.44,4.391,46.81,5.691,9.27,10.77,71.3,68.84,9.82,58.66,11.36,4.725,11.12,3.691,6.381,57.12,4.951,6.614,31.71,1.765,3.301,8.4,2.015,4.651
101,2017,289,1410,11.91,6.202,2.506,2.757,10.7,6.205,3.675,3.236,38.42,-16.89,3.651,37.05,4.199,6.88,7.91,59.97,59.28,8.02,46.38,8.67,3.855,9.72,3.214,5.284,50.51,4.492,4.919,23.53,1.521,2.656,8.08,2.084,3.931
101,2017,289,1420,11.91,4.979,2.005,2.043,9.25,5.683,3.278,2.991,36.31,-17.31,3.182,32.4,3.658,6.996,7.88,55.01,53.92,6.798,41.08,7.76,3.455,8.86,2.899,4.561,46.47,4.058,4.16,21.62,1.313,2.288,7.36,1.757,4.567
101,2017,289,1430,11.91,3.591,1.474,1.332,6.641,3.934,2.223,1.757,29.46,-17.99,2.122,21.26,2.177,3.577,3.931,33.63,34.48,4.747,25.77,5.182,1.926,6.455,2.012,2.929,29.9,2.79,2.837,11.84,.878,1.469,4.556,1.075,1.653
101,2017,289,1440,11.91,2.526,1.104,.953,4.825,2.8,1.621,1.219,21.54,-18.55,1.459,15.62,1.66,2.413,2.583,23.39,23.91,3.423,18.3,4.132,1.439,4.927,1.417,2.078,20.82,2.035,2.077,8.15,.581,1.013,2.944,.739,1.052
101,2017,289,1450,11.91,2.571,1.067,.881,4.616,2.353,1.409,1.047,17.4,-19.01,1.315,14.41,1.399,2.171,2.174,20.38,21.07,3.44,16.95,3.576,1.171,4.395,1.353,1.785,18.05,1.707,1.847,6.864,.506,.896,2.501,.613,.906
101,2017,289,1500,11.91,2.946,1.221,.958,5.092,2.403,1.429,1.03,15.89,-19.29,1.373,15.09,1.332,2.209,1.908,19.59,20.43,3.911,17.59,3.717,1.089,4.403,1.39,1.697,16.92,1.717,1.898,5.926,.499,.893,2.35,.558,.797
101,2017,289,1510,11.91,2.583,1.01,.727,4.671,2.212,1.285,.899,14.9,-19.63,1.12,12.75,1.104,2.025,1.628,16.19,17.02,3.412,14.25,3.13,.894,4.015,1.141,1.427,14.1,1.375,1.541,4.867,.427,.729,1.867,.466,.662
101,2017,289,1520,11.91,3.001,1.09,.787,5.442,2.276,1.35,.844,15.51,-19.83,1.221,13.89,1.201,2.197,1.63,16.83,17.87,3.892,15.29,3.413,.893,4.388,1.27,1.427,14.55,1.337,1.581,4.855,.456,.792,1.923,.472,.67
101,2017,289,1530,11.91,2.429,1.013,.752,4.621,2.269,1.343,.889,16.08,-20,1.182,14.2,1.29,2.231,1.74,17.42,17.96,3.325,15.05,3.489,1.002,4.373,1.238,1.462,14.87,1.37,1.606,5.338,.477,.819,1.988,.462,.739
101,2017,289,1540,11.91,3.171,1.146,.816,5.529,2.246,1.372,.923,19.3,-20.12,1.29,15.13,1.348,2.228,1.789,18.61,19.25,4.119,16.46,3.643,1.124,4.433,1.352,1.491,15.7,1.432,1.675,5.485,.469,.821,2.053,.496,.774
101,2017,289,1550,11.91,3.233,1.126,.978,5.655,2.457,1.571,1.087,20.98,-20.17,1.496,17.16,1.727,2.524,2.373,23.41,23.13,4.278,19.46,4.1,1.516,4.737,1.524,1.854,19.29,1.667,2.05,7.58,.583,1.038,2.561,.593,1.06
101,2017,289,1600,11.91,2.828,1.256,.968,5.261,2.782,1.68,1.216,21.36,-20.19,1.516,17.54,1.794,2.414,2.307,24.07,23.53,3.883,19.45,4.792,1.61,4.801,1.429,2.062,19.96,2.082,2.136,7.86,.558,.99,2.933,.69,.933
101,2017,289,1610,11.91,1.878,.796,.838,3.95,2.436,1.358,1.08,17.97,-20.31,1.358,14.13,1.454,1.884,2.064,22.64,21.17,3.035,16.12,4.215,1.71,3.916,1.297,1.776,18.83,1.918,1.57,6.2,.511,.834,2.638,.615,.759
101,2017,289,1620,11.91,1.776,.853,3.689,3.71,2.787,1.606,1.66,22.38,-20.06,7.94,17.15,2.549,2.245,5.427,59.59,53.33,3.357,31.99,12.82,4.235,4.196,1.931,2.598,49.91,2.931,2.121,9.45,.663,1.084,4.204,1.052,1.673
101,2017,289,1630,11.9,2.541,1.193,2.422,4.873,3.459,2.077,2.173,26.93,-19.76,2.472,21.65,3.317,3.01,5.591,61.55,56.03,6.171,35.36,12.18,7.14,4.952,2.163,3.58,50.97,3.655,2.807,15.39,.889,1.506,5.225,1.214,2.372
101,2017,289,1640,11.91,2.801,1.196,1.312,5.24,3.406,2.075,1.938,27.61,-19.62,2.208,20.04,2.486,3.027,4.555,45.89,43.48,4.151,28.74,6.809,3.442,5.069,2.097,3.24,39.24,3.24,2.821,13.86,.859,1.477,4.955,1.216,1.938
101,2017,289,1650,11.9,1.962,.784,.918,3.729,3.069,1.513,1.712,26.1,-19.54,1.622,13.95,1.486,2.553,3.628,29.07,29.64,2.617,18.46,3.089,1.73,4.355,1.466,2.538,27,2.504,1.96,10.01,.724,1.134,4.263,1,1.382
101,2017,289,1700,11.91,1.206,.511,.518,2.436,1.861,.866,.864,20.42,-19.69,.896,8.08,.838,1.273,1.967,23.75,25.03,1.727,9.81,2.114,.975,2.99,1.037,1.494,17.44,1.66,1.151,4.64,.39,.581,2.157,.626,.586
101,2017,289,1710,11.91,.436,.201,.208,.93,.799,.37,.358,16.36,-19.9,.369,3.189,.315,.511,.772,6.628,7.39,.615,3.677,.739,.307,1.435,.424,.564,7.28,.72,.456,1.675,.161,.236,.916,.315,.229
101,2017,289,1720,11.9,.263,.117,.126,.519,.424,.213,.191,11.34,-20.13,.206,2.055,.214,.325,.442,3.651,4.104,.385,2.288,.476,.191,.829,.248,.322,4.018,.4,.278,1.003,.089,.144,.464,.144,.149
101,2017,289,1730,11.9,.166,.069,.067,.332,.255,.134,.124,4.002,-20.38,.132,1.367,.136,.218,.28,2.238,2.317,.258,1.494,.333,.126,.459,.147,.189,2.218,.214,.159,.643,.067,.087,.305,.069,.095
101,2017,289,1740,11.9,.134,.067,.067,.281,.198,.106,.084,-13.65,-20.88,.102,1.062,.111,.179,.204,1.729,1.762,.216,1.171,.256,.094,.382,.114,.146,1.688,.154,.131,.477,.045,.067,.229,.067,.07
101,2017,289,1750,11.9,.137,.065,.065,.275,.154,.084,.067,-33.5,-21.42,.084,.839,.067,.136,.154,1.312,1.345,.208,.967,.201,.069,.308,.094,.121,1.263,.124,.101,.394,.034,.067,.161,.04,.065
101,2017,289,1800,11.9,.134,.045,.039,.223,.132,.067,.067,-73.1,-22.67,.067,.668,.067,.127,.124,1.012,1.059,.173,.786,.169,.067,.246,.067,.094,.995,.097,.092,.323,.034,.059,.134,.034,.039
101,2017,289,1810,11.9,.09,.034,.034,.159,.085,.052,.04,-114.8,-24.66,.047,.479,.045,.08,.077,.685,.724,.129,.544,.117,.04,.168,.052,.065,.677,.067,.067,.223,.02,.034,.089,.034,.034
101,2017,289,1820,11.9,.049,.02,.015,.085,.052,.028,.027,-130.4,-25.56,.03,.275,.032,.044,.045,.385,.395,.067,.325,.074,.032,.084,.032,.035,.369,.042,.034,.127,0,.02,.05,.005,.017
101,2017,289,1830,11.9,.005,0,0,.025,.007,0,0,-141.7,-26.44,0,.085,0,.007,.007,.104,.111,.02,.09,.022,0,.025,0,.003,.101,.002,0,.04,0,0,.008,0,0
101,2017,289,1840,11.9,0,0,0,0,0,0,0,-146.7,-26.82,0,.017,0,0,0,.022,.02,0,.017,0,0,0,0,0,.013,0,0,.002,0,0,0,0,0
101,2017,289,1850,11.9,0,0,0,0,0,0,0,-139.7,-26.91,0,0,0,0,0,0,0,0,0,0,0,0,0,0,0,0,0,0,0,0,0,0,0
101,2017,289,1900,11.9,0,0,0,0,0,0,0,-228.7,-28.76,0,0,0,0,0,0,0,0,0,0,0,0,0,0,0,0,0,0,0,0,0,0,0
101,2017,289,1910,11.9,0,0,0,0,0,0,0,-6999,-29.92,0,0,0,0,0,0,0,0,0,0,0,0,0,0,0,0,0,0,0,0,0,0,0
101,2017,289,1920,11.9,0,0,0,0,0,0,0,-6999,-29.85,0,0,0,0,0,0,0,0,0,0,0,0,0,0,0,0,0,0,0,0,0,0,0
101,2017,289,1930,11.9,0,0,0,0,0,0,0,-264.6,-29.52,0,0,0,0,0,0,0,0,0,0,0,0,0,0,0,0,0,0,0,0,0,0,0
101,2017,289,1940,11.9,0,0,0,0,0,0,0,-255.1,-28.44,0,0,0,0,0,0,0,0,0,0,0,0,0,0,0,0,0,0,0,0,0,0,0
101,2017,289,1950,11.89,0,0,0,0,0,0,0,-249.8,-27.44,0,0,0,0,0,0,0,0,0,0,0,0,0,0,0,0,0,0,0,0,0,0,0
101,2017,289,2000,11.9,0,0,0,0,0,0,0,-221.7,-27.18,0,0,0,0,0,0,0,0,0,0,0,0,0,0,0,0,0,0,0,0,0,0,0
101,2017,289,2010,11.89,0,0,0,0,0,0,0,-209.6,-28.54,0,0,0,0,0,0,0,0,0,0,0,0,0,0,0,0,0,0,0,0,0,0,0
101,2017,289,2020,11.89,0,0,0,0,0,0,0,-202.9,-28.35,0,0,0,0,0,0,0,0,0,0,0,0,0,0,0,0,0,0,0,0,0,0,0
101,2017,289,2030,11.89,0,0,0,0,0,0,0,-188.1,-27.12,0,0,0,0,0,0,0,0,0,0,0,0,0,0,0,0,0,0,0,0,0,0,0
101,2017,289,2040,11.89,0,0,0,0,0,0,0,-176.1,-25.86,0,0,0,0,0,0,0,0,0,0,0,0,0,0,0,0,0,0,0,0,0,0,0
101,2017,289,2050,11.89,0,0,0,0,0,0,0,-171.6,-25.56,0,0,0,0,0,0,0,0,0,0,0,0,0,0,0,0,0,0,0,0,0,0,0
101,2017,289,2100,11.89,0,0,0,0,0,0,0,-170.4,-25.47,0,0,0,0,0,0,0,0,0,0,0,0,0,0,0,0,0,0,0,0,0,0,0
101,2017,289,2110,11.89,0,0,0,0,0,0,0,-166.4,-25.14,0,0,0,0,0,0,0,0,0,0,0,0,0,0,0,0,0,0,0,0,0,0,0
101,2017,289,2120,11.89,0,0,0,0,0,0,0,-166.4,-25.05,0,0,0,0,0,0,0,0,0,0,0,0,0,0,0,0,0,0,0,0,0,0,0
101,2017,289,2130,11.89,0,0,0,0,0,0,0,-166.2,-24.7,0,0,0,0,0,0,0,0,0,0,0,0,0,0,0,0,0,0,0,0,0,0,0
101,2017,289,2140,11.89,0,0,0,0,0,0,0,-166.5,-24.5,0,0,0,0,0,0,0,0,0,0,0,0,0,0,0,0,0,0,0,0,0,0,0
101,2017,289,2150,11.89,0,0,0,0,0,0,0,-166,-24.48,0,0,0,0,0,0,0,0,0,0,0,0,0,0,0,0,0,0,0,0,0,0,0
101,2017,289,2200,11.89,0,0,0,0,0,0,0,-163.2,-24.5,0,0,0,0,0,0,0,0,0,0,0,0,0,0,0,0,0,0,0,0,0,0,0
101,2017,289,2210,11.89,0,0,0,0,0,0,0,-159.4,-24.48,0,0,0,0,0,0,0,0,0,0,0,0,0,0,0,0,0,0,0,0,0,0,0
101,2017,289,2220,11.89,0,0,0,0,0,0,0,-163.8,-24.42,0,0,0,0,0,0,0,0,0,0,0,0,0,0,0,0,0,0,0,0,0,0,0
101,2017,289,2230,11.89,0,0,0,0,0,0,0,-161.9,-24.13,0,0,0,0,0,0,0,0,0,0,0,0,0,0,0,0,0,0,0,0,0,0,0
101,2017,289,2240,11.89,0,0,0,0,0,0,0,-159.6,-23.89,0,0,0,0,0,0,0,0,0,0,0,0,0,0,0,0,0,0,0,0,0,0,0
101,2017,289,2250,11.89,0,0,0,0,0,0,0,-159.4,-23.75,0,0,0,0,0,0,0,0,0,0,0,0,0,0,0,0,0,0,0,0,0,0,0
101,2017,289,2300,11.89,0,0,0,0,0,0,0,-158.4,-23.59,0,0,0,0,0,0,0,0,0,0,0,0,0,0,0,0,0,0,0,0,0,0,0
101,2017,289,2310,11.89,0,0,0,0,0,0,0,-158.3,-23.36,0,0,0,0,0,0,0,0,0,0,0,0,0,0,0,0,0,0,0,0,0,0,0
101,2017,289,2320,11.89,0,0,0,0,0,0,0,-160.4,-23.36,0,0,0,0,0,0,0,0,0,0,0,0,0,0,0,0,0,0,0,0,0,0,0
101,2017,289,2330,11.89,0,0,0,0,0,0,0,-160.3,-23.4,0,0,0,0,0,0,0,0,0,0,0,0,0,0,0,0,0,0,0,0,0,0,0
101,2017,289,2340,11.89,0,0,0,0,0,0,0,-159.5,-23.43,0,0,0,0,0,0,0,0,0,0,0,0,0,0,0,0,0,0,0,0,0,0,0
101,2017,289,2350,11.89,0,0,0,0,0,0,0,-157.6,-23.39,0,0,0,0,0,0,0,0,0,0,0,0,0,0,0,0,0,0,0,0,0,0,0
101,2017,289,2400,11.89,0,0,0,0,0,0,0,-155.1,-23.32,0,0,0,0,0,0,0,0,0,0,0,0,0,0,0,0,0,0,0,0,0,0,0
101,2017,290,10,11.89,0,0,0,0,0,0,0,-144,-23,0,0,0,0,0,0,0,0,0,0,0,0,0,0,0,0,0,0,0,0,0,0,0
101,2017,290,20,11.89,0,0,0,0,0,0,0,-140.2,-23,0,0,0,0,0,0,0,0,0,0,0,0,0,0,0,0,0,0,0,0,0,0,0
101,2017,290,30,11.89,0,0,0,0,0,0,0,-156.7,-24.25,0,0,0,0,0,0,0,0,0,0,0,0,0,0,0,0,0,0,0,0,0,0,0
101,2017,290,40,11.89,0,0,0,0,0,0,0,-158.3,-24.39,0,0,0,0,0,0,0,0,0,0,0,0,0,0,0,0,0,0,0,0,0,0,0
101,2017,290,50,11.89,0,0,0,0,0,0,0,-171.9,-25.26,0,0,0,0,0,0,0,0,0,0,0,0,0,0,0,0,0,0,0,0,0,0,0
101,2017,290,100,11.89,0,0,0,0,0,0,0,-167.6,-24.92,0,0,0,0,0,0,0,0,0,0,0,0,0,0,0,0,0,0,0,0,0,0,0
101,2017,290,110,11.89,0,0,0,0,0,0,0,-143.3,-23.46,0,0,0,0,0,0,0,0,0,0,0,0,0,0,0,0,0,0,0,0,0,0,0
101,2017,290,120,11.89,0,0,0,0,0,0,0,-141.1,-23.47,0,0,0,0,0,0,0,0,0,0,0,0,0,0,0,0,0,0,0,0,0,0,0
101,2017,290,130,11.89,0,0,0,0,0,0,0,-153.8,-24.13,0,0,0,0,0,0,0,0,0,0,0,0,0,0,0,0,0,0,0,0,0,0,0
101,2017,290,140,11.89,0,0,0,0,0,0,0,-216.7,-27.95,0,0,0,0,0,0,0,0,0,0,0,0,0,0,0,0,0,0,0,0,0,0,0
101,2017,290,150,11.89,0,0,0,0,0,0,0,-215,-27.73,0,0,0,0,0,0,0,0,0,0,0,0,0,0,0,0,0,0,0,0,0,0,0
101,2017,290,200,11.89,0,0,0,0,0,0,0,-219.8,-28.14,0,0,0,0,0,0,0,0,0,0,0,0,0,0,0,0,0,0,0,0,0,0,0
101,2017,290,210,11.89,0,0,0,0,0,0,0,-240.9,-29.68,0,0,0,0,0,0,0,0,0,0,0,0,0,0,0,0,0,0,0,0,0,0,0
101,2017,290,220,11.89,0,0,0,0,0,0,0,-246.1,-30.16,0,0,0,0,0,0,0,0,0,0,0,0,0,0,0,0,0,0,0,0,0,0,0
101,2017,290,230,11.89,0,0,0,0,0,0,0,-254.6,-30.9,0,0,0,0,0,0,0,0,0,0,0,0,0,0,0,0,0,0,0,0,0,0,0
101,2017,290,240,11.89,0,0,0,0,0,0,0,-258.8,-31.49,0,0,0,0,0,0,0,0,0,0,0,0,0,0,0,0,0,0,0,0,0,0,0
101,2017,290,250,11.89,0,0,0,0,0,0,0,-260,-31.62,0,0,0,0,0,0,0,0,0,0,0,0,0,0,0,0,0,0,0,0,0,0,0
101,2017,290,300,11.89,0,0,0,0,0,0,0,-255,-30.96,0,0,0,0,0,0,0,0,0,0,0,0,0,0,0,0,0,0,0,0,0,0,0
101,2017,290,310,11.89,0,0,0,0,0,0,0,-244,-29.61,0,0,0,0,0,0,0,0,0,0,0,0,0,0,0,0,0,0,0,0,0,0,0
101,2017,290,320,11.88,0,0,0,0,0,0,0,-230.8,-28.38,0,0,0,0,0,0,0,0,0,0,0,0,0,0,0,0,0,0,0,0,0,0,0
101,2017,290,330,11.88,0,0,0,0,0,0,0,-233.5,-28.6,0,0,0,0,0,0,0,0,0,0,0,0,0,0,0,0,0,0,0,0,0,0,0
101,2017,290,340,11.88,0,0,0,0,0,0,0,-6999,-30.54,0,0,0,0,0,0,0,0,0,0,0,0,0,0,0,0,0,0,0,0,0,0,0
101,2017,290,350,11.88,0,0,0,0,0,0,0,-6999,-30.86,0,0,0,0,0,0,0,0,0,0,0,0,0,0,0,0,0,0,0,0,0,0,0
101,2017,290,400,11.88,0,0,0,0,0,0,0,-6999,-32.16,0,0,0,0,0,0,0,0,0,0,0,0,0,0,0,0,0,0,0,0,0,0,0
101,2017,290,410,11.88,0,0,0,0,0,0,0,-6999,-32.47,0,0,0,0,0,0,0,0,0,0,0,0,0,0,0,0,0,0,0,0,0,0,0
101,2017,290,420,11.88,0,0,0,0,0,0,0,-6999,-36.94,0,0,0,0,0,0,0,0,0,0,0,0,0,0,0,0,0,0,0,0,0,0,0
101,2017,290,430,11.88,0,0,0,0,0,0,0,-6999,-35.54,0,0,0,0,0,0,0,0,0,0,0,0,0,0,0,0,0,0,0,0,0,0,0
101,2017,290,440,11.88,0,0,0,0,0,0,0,-6999,-33.48,0,0,0,0,0,0,0,0,0,0,0,0,0,0,0,0,0,0,0,0,0,0,0
101,2017,290,450,11.88,0,0,0,0,0,0,0,-6999,-29.6,0,0,0,0,0,0,0,0,0,0,0,0,0,0,0,0,0,0,0,0,0,0,0
101,2017,290,500,11.88,0,0,0,0,0,0,0,-246.8,-28.11,0,0,0,0,0,0,0,0,0,0,0,0,0,0,0,0,0,0,0,0,0,0,0
101,2017,290,510,11.88,0,0,0,0,0,0,0,-6999,-29.06,0,0,0,0,0,0,0,0,0,0,0,0,0,0,0,0,0,0,0,0,0,0,0
101,2017,290,520,11.88,0,0,0,0,0,0,0,-6999,-32.46,0,0,0,0,0,0,0,0,0,0,0,0,0,0,0,0,0,0,0,0,0,0,0
101,2017,290,530,11.88,0,0,0,0,0,0,0,-6999,-34.53,0,.002,0,0,0,0,0,0,0,0,0,0,0,0,0,0,0,0,0,0,0,0,0
101,2017,290,540,11.88,.007,0,0,.015,.002,.002,0,-6999,-35.16,.002,.072,.005,.007,.005,.052,.059,.017,.057,.012,0,.022,.005,.003,.049,0,.003,.015,0,0,.007,0,0
101,2017,290,550,11.88,.055,.032,.017,.101,.05,.035,.022,-6999,-36.25,.03,.432,.034,.052,.04,.355,.374,.096,.342,.091,.027,.119,.04,.04,.317,.039,.035,.094,.017,.023,.039,.015,.023
101,2017,290,600,11.88,.171,.075,.049,.323,.156,.104,.065,-6999,-36.65,.079,1.396,.097,.169,.124,1.187,1.255,.3,1.099,.293,.082,.37,.116,.121,1.041,.112,.109,.31,.034,.055,.122,.037,.044
101,2017,290,610,11.88,.355,.161,.101,.637,.318,.213,.127,-6999,-36.38,.169,2.943,.198,.347,.24,2.447,2.598,.583,2.279,.561,.166,.751,.241,.245,2.13,.228,.218,.575,.08,.117,.241,.08,.094
101,2017,290,620,11.88,.52,.258,.156,1.019,.464,.337,.196,-6999,-36.05,.265,4.735,.302,.509,.387,3.821,4.046,1.103,3.585,.888,.256,1.202,.379,.387,3.277,.357,.349,.882,.109,.179,.369,.119,.149
101,2017,290,630,11.88,.711,.345,.213,1.389,.613,.442,.26,-6999,-32.89,.359,6.447,.396,.694,.489,5.382,5.378,1.772,5.33,1.203,.34,1.626,.498,.501,4.304,.453,.454,1.166,.153,.24,.451,.166,.186
101,2017,290,640,11.88,.883,.422,.26,1.728,.759,.551,.318,-6999,-33.68,.441,12.45,.463,.873,.607,7.14,6.499,2.693,18.57,1.539,.412,2.093,.672,.65,5.157,.587,.563,1.416,.184,.295,.546,.196,.233
101,2017,290,650,11.88,1.053,.468,.318,2.053,.912,.687,.384,-6999,-32.68,.516,38.81,.644,1.068,.747,9.64,7.53,6.275,28.55,6.711,.463,2.79,.83,.823,5.908,.66,.716,1.646,.226,.352,.64,.241,.292
101,2017,290,700,11.88,1.218,.54,.387,2.38,1.091,.861,.449,-6999,-31.67,.639,47.72,.955,1.334,.888,10.73,9.19,15.14,37.19,25.46,.543,10.52,1.79,1.386,6.545,.756,.927,1.844,.263,.412,.753,.401,.345
101,2017,290,710,11.88,1.361,.603,.453,2.705,1.302,1.059,.588,-6999,-29.75,.776,55.51,1.205,1.73,.992,10.91,9.07,23.11,44.48,3.199,.612,17.45,18.84,2.618,7.08,.818,3.251,2.008,.305,.446,.944,.434,.382
101,2017,290,720,11.88,1.487,.665,.546,2.95,1.554,1.294,.922,-6999,-29.55,.918,62.98,1.274,2.122,1.074,10.88,9.64,29.13,51.51,5.593,.674,6.422,22.37,4.51,7.51,.873,15.8,2.15,.344,.484,.934,.402,.431
101,2017,290,730,11.88,1.639,.731,.682,3.303,1.805,1.916,2.061,-6999,-28.19,1.58,69.29,1.239,2.878,1.165,11.23,10.22,35.19,57.64,4.014,.722,5.204,9.85,4.632,7.9,.935,8.35,2.289,.37,.541,.935,.409,.453
101,2017,290,740,11.89,1.835,.83,.851,3.752,2.256,5.091,1.54,-141.9,-21.35,20.02,75.7,1.319,10.18,1.247,11.74,10.83,41.67,64.2,6.162,.783,5.242,2.606,1.957,8.35,1.011,1.671,2.423,.402,.59,.99,.456,.501
101,2017,290,750,11.89,3.754,.997,1.031,11.2,2.678,4.246,.746,-25.15,-17.57,25.35,80.9,1.388,10.14,1.32,13.04,11.44,47.43,69.71,25.13,.819,5.904,2.187,1.986,8.76,1.074,3.7,2.549,.431,.654,1.029,.496,.662
101,2017,290,800,11.89,3.492,1.873,1.089,44.73,2.813,5.05,.769,-12.41,-16.78,7.7,85.6,1.441,9.67,1.374,16.07,19.2,52.81,74.9,26.95,.863,12.65,2.515,2.014,8.99,1.138,1.439,2.637,.479,.69,1.082,.474,4.544
101,2017,290,810,11.89,3.008,1.635,1.872,64.05,2.937,10.28,.804,-4.373,-16.06,1.761,90.3,1.49,13.18,1.428,20.58,42.08,58.02,80.1,28.27,1.015,31.2,2.426,2.223,10.94,1.21,1.53,2.734,.437,.724,1.133,.521,3.11
101,2017,290,820,11.89,5.323,22.63,1.233,67.6,3.053,14.18,.863,5.521,-15.08,1.882,94.3,1.515,51.68,1.505,25.54,47.88,62.74,84.7,50.1,.935,50.94,3.415,2.238,10.61,1.282,1.598,2.909,.469,3.292,1.183,.59,.734
101,2017,290,830,11.89,29.19,2.014,1.303,70.9,3.165,13.7,.895,6.811,-13.71,1.843,98,1.555,31.16,1.587,30.47,54.21,67.41,89.1,75.4,.962,62.06,13.31,29.75,10.58,1.352,1.721,2.991,.493,1.466,1.258,.605,7.02
101,2017,290,840,11.89,58.87,2.689,1.37,74,3.344,41.12,.93,22.96,-12.81,1.84,101.5,1.573,67.65,2.247,35.32,59.96,72,93.4,22.6,1.004,45.8,2.352,5.968,10.85,1.386,2.362,3.086,.533,.88,1.577,.767,5.784
101,2017,290,850,11.89,32.58,2.625,1.51,76.2,3.726,46.45,1.139,26.64,-13.11,1.995,104.9,1.639,71.2,2.759,41.55,66.64,75.6,97.8,9.15,1.381,23.39,2.496,2.537,13.15,1.605,8.11,3.49,.618,22.14,1.897,1.538,.742
101,2017,290,900,11.89,23.69,3.292,1.823,79.6,4.787,50.94,1.188,20.73,-11.92,2.397,110.9,2.004,74,11.65,49.45,74.5,79.5,104.3,7.5,1.391,8.84,2.863,2.785,18.13,1.712,3.436,4.87,.792,13.26,1.781,.841,1.004
101,2017,290,910,11.89,21.17,3.134,1.206,30.09,3.759,17.21,.885,-23.82,-12.5,1.858,51.67,1.56,24.26,1.568,27.12,35.74,30.07,46.76,8.52,1.313,5.869,2.091,2.677,17.84,1.945,7.66,3.654,.526,1.012,1.349,.561,.685
101,2017,290,920,11.9,33.83,9.2,1.998,79.8,4.679,30.43,1.181,-37.39,-12.2,3.312,115.6,2.384,12.4,2.059,56.77,79.4,85.1,110,7.45,1.573,7.27,11.84,2.861,22.48,1.866,3.558,4.108,.673,1.263,1.692,.833,.963
101,2017,290,930,11.9,41.25,3.662,5.648,43.39,5.524,4.057,1.104,-41.78,-11.53,6.571,73.1,2.119,5.968,1.893,39.07,51.33,45.29,67.26,8.05,1.315,8.21,4.997,8.47,28.06,1.901,5.122,3.93,.608,1.41,1.714,.851,.946
101,2017,290,940,11.9,30.97,25.23,21.23,30.92,3.445,3.042,1.023,-70.4,-12.27,5.672,59.6,1.998,3.909,2.501,35.21,43.16,34.37,55.15,8.41,1.34,6.536,2.323,3.035,32.2,1.886,18.03,4.636,.519,1.157,1.705,8.44,1.077
101,2017,290,950,11.9,76.9,27.98,20.5,65.44,4.862,6.435,1.501,-30.57,-10.11,42.97,113.9,2.819,5.326,2.41,66.74,83.9,80.1,109.8,11.73,1.998,9.36,3.052,5.115,62.25,2.692,4.417,5.199,.727,1.879,3.472,1.767,1.541
101,2017,290,1000,11.9,52.27,4.489,2.651,66.01,6.74,3.851,1.474,-15.5,-11.46,38.84,123.9,2.938,4.594,2.397,76.8,93.7,69.34,120.4,74.6,2.137,9.07,3.063,5.246,70.1,3.105,3.584,5.726,.772,2.037,2.224,1.099,1.635
101,2017,290,1010,11.9,12.33,24.41,3.283,58.1,9.25,3.784,1.635,-13.31,-12.42,3.526,122.7,2.886,4.649,2.532,80.2,94.8,41.56,120.3,78,2.323,9.21,3.124,3.668,71.6,3.132,3.772,6.359,.725,36.67,3.779,1.342,1.472
101,2017,290,1020,11.9,11.19,75.1,35.02,48.45,4.465,3.745,24.59,-30.81,-7.83,3.346,116.6,3.047,4.405,2.544,79.5,91.6,21.61,114.6,17.32,2.474,9.36,3.122,3.725,70.1,3.031,3.717,6.668,.745,37.43,2.904,1.283,1.399
101,2017,290,1030,11.9,10.3,82.1,93.3,49.29,4.688,3.775,19.18,-41.25,-5.438,18.47,133.5,7.55,4.202,2.896,96.6,109.1,13.08,133.6,12.83,2.891,9.98,3.566,3.914,84.3,3.849,4.427,8.76,.853,8.38,3.006,10.2,1.541
101,2017,290,1040,11.9,11.38,13.73,65.55,41.87,5.075,4.649,2.403,-51.33,-8.6,3.795,133.9,29.71,5.159,3.531,101.6,111.9,14.35,135,14.63,3.499,10.53,4.105,6.996,86.7,3.923,5.648,13.59,.995,2.737,3.66,11.04,1.864
101,2017,290,1050,11.9,13.24,5.725,18.88,29.1,5.71,4.921,2.722,-58.21,-10.05,6.76,104.4,17.7,6.378,3.742,82.9,89.2,16.74,104.1,14.46,3.366,11.49,4.333,23.85,69.95,4.201,5.85,13.78,1.156,2.509,4.006,1.69,2.127
101,2017,290,1100,11.9,13.57,5.192,4.824,21.47,5.398,4.619,12.03,-61.9,-9.43,4.432,78.6,4.646,6.718,4.763,70.7,73.6,14.89,79.2,12.8,3.923,11.33,4.167,5.378,60.2,4.046,6.452,18.87,1.405,2.854,5.286,1.728,2.596
101,2017,290,1110,11.91,12.39,5.353,5.495,21.39,6.242,4.902,3.504,-65.94,-11.34,4.785,80.9,6.921,6.684,4.753,73.8,76.7,14.58,80.9,15.9,5.205,12.46,4.571,6.314,62.73,5.344,6.251,19.83,1.38,2.859,6.277,1.898,2.491
101,2017,290,1120,11.9,12.23,6.127,5.403,26.22,6.704,5.775,22.68,-54.42,-9.17,5.105,132.5,13.65,7.08,6.359,122.4,127.3,14.46,139.8,25,5.839,12.22,25.49,18.88,102.4,6.09,7.23,39.27,1.63,3.341,7,22.88,3.507
101,2017,290,1130,11.9,12.93,5.165,3.489,20.37,5.859,4.477,8.95,-51.11,-11.67,4.396,71,5.529,5.954,4.36,66.47,68.46,14.34,71.2,15.64,4.638,11.15,5.05,5.564,56.24,5.093,6.08,17.68,1.254,2.666,5.735,1.914,2.171
101,2017,290,1140,11.91,12.93,6.14,3.668,20.7,6.808,5.438,4.497,-48.4,-12.39,4.83,82.5,7.27,7.34,5.698,79.1,80.4,15.41,85.1,19.46,11.68,16.19,4.904,6.746,67.22,5.294,7.35,25.54,1.735,3.248,7.12,2.539,2.908
101,2017,290,1150,11.91,14.94,6.155,3.763,26.1,6.187,5.495,3.304,-39.35,-12.68,4.775,110,26.36,6.882,5.154,100.7,103.4,16.14,112.8,31.27,13.3,33.01,4.825,7.2,83.1,5.324,7.45,25.54,1.484,3.169,10.26,8.57,2.68
101,2017,290,1200,11.9,10.49,4.021,2.742,16.63,5.351,4.562,2.519,-38.15,-13.09,3.795,76.3,9.63,6.152,5.041,73.3,73.5,12.1,78.2,14.8,4.378,24,3.968,8.35,61.17,4.077,6.165,21.53,1.295,2.636,7.63,4.427,2.559
101,2017,290,1210,11.91,9.52,3.671,2.996,15.73,5.964,4.559,2.748,-45.56,-13.4,4.204,55.8,4.678,6.835,6.036,57.82,57.48,12.68,56.87,12.25,3.906,11,3.929,5.455,48.91,4.462,5.773,21.38,1.452,2.859,6.349,1.531,3.013
101,2017,290,1220,11.91,8.37,3.542,2.643,14,5.349,4.139,2.519,-47.33,-13.94,3.68,49.54,4.127,6.078,5.356,52.9,52.89,11.02,50.56,11.76,3.641,9.34,3.42,4.969,44.74,4.08,5.175,19.69,1.342,2.568,6.148,1.511,2.651
101,2017,290,1230,11.91,9.15,3.552,2.737,15.49,5.85,4.227,2.718,-51.61,-14.35,3.974,49.57,3.897,6.07,5.112,54.67,55.32,11.86,51.35,11.26,3.557,9.99,3.593,4.892,47.12,4.592,5.269,18.33,1.41,2.559,6.694,1.564,2.395
101,2017,290,1240,11.91,9.56,4.13,3.196,16.03,6.15,4.597,2.983,-51.4,-14.53,4.412,55.21,4.417,6.907,6.338,62.65,62.84,12.16,58.7,12.32,4.159,10.53,3.963,5.649,53.8,4.979,6.207,23.93,1.591,3.035,7.32,1.752,3.057
101,2017,290,1250,11.9,9.15,3.996,2.924,15.27,6.321,4.432,2.936,-43.81,-14.7,4.294,53.91,4.062,7.17,6.011,62.66,64.04,11.39,57.02,12.26,3.928,10.85,3.817,5.298,54.75,4.319,6.296,24.91,1.678,3.179,7.69,1.75,2.884
101,2017,290,1300,11.91,10.3,4.371,3.552,16.41,7.29,5.324,3.618,-36.58,-14.65,5.205,62.97,5.77,8.59,8.29,75.8,77,12.19,68.06,13.9,4.286,12.54,4.428,6.731,66.13,5.095,7.77,33.53,2.057,3.804,9.03,2.089,4.154
101,2017,290,1310,11.9,9.21,4.232,3.387,16.03,7.42,5.164,3.527,-33.28,-14.72,4.792,58.55,4.959,8.04,7.56,69.93,71,11.75,62.42,12.45,4.268,12.31,4.37,6.629,61.43,5.51,7.24,28.37,1.953,3.668,8.74,2.001,3.42
101,2017,290,1320,11.91,8.94,3.943,3.224,15.36,7.2,5.004,3.457,-32.29,-14.84,4.611,56.83,4.886,7.85,7.72,68.59,69.13,11.48,60.39,12.32,4.42,11.78,4.226,6.333,60.05,5.224,6.812,27.3,1.861,3.39,8.55,1.98,3.598
101,2017,290,1330,11.91,7.8,3.097,2.807,13.8,7.32,4.812,3.363,-31.34,-15.01,4.442,52.94,4.703,7.76,7.53,64.84,64.9,10.75,55.35,11.12,4.092,11.95,4.073,6.011,56.85,4.929,6.266,25.55,1.799,3.194,8.28,1.886,3.579
101,2017,290,1340,11.91,7.34,2.929,2.601,12.9,6.699,4.209,3.03,-30.1,-15.25,3.847,46.84,4.184,6.887,6.467,56.84,57.9,9.91,47.84,9.99,3.482,11.07,3.629,5.284,50.62,4.44,5.234,20.42,1.529,2.804,7.27,1.725,2.851
101,2017,290,1350,11.91,6.165,2.449,1.908,11.25,5.656,3.271,2.403,-35.29,-15.76,3.058,35.91,2.685,5.383,4.47,44.01,46.44,8.25,35.79,7.48,2.549,9.91,3.122,3.772,40.53,3.656,3.825,12.33,1.211,2.001,5.877,1.455,1.819
101,2017,290,1400,11.91,4.857,1.965,1.45,8.83,4.331,2.519,1.805,-42.02,-16.32,2.274,28.24,2.191,4,3.338,33.27,35.41,6.364,27.35,6.026,1.904,8.06,2.44,2.953,31.14,2.769,3.037,9.67,.889,1.511,4.021,1.065,1.278
101,2017,290,1410,11.91,4.296,1.728,1.345,7.58,3.795,2.226,1.653,-51.86,-16.83,2.109,25.87,2.037,3.616,3.202,30.37,31.99,5.577,25.46,5.502,1.705,7.01,2.159,2.599,28.33,2.581,2.68,9.55,.827,1.422,3.886,.948,1.325
101,2017,290,1420,11.91,4.015,1.561,1.283,6.912,3.467,2.132,1.573,-59.23,-17.26,1.968,24.35,2.068,3.557,3.284,28.62,29.66,5.303,24.06,4.82,1.645,6.282,1.985,2.671,26.39,2.303,2.517,9.65,.789,1.352,3.688,.883,1.353
101,2017,290,1430,11.91,3.681,1.514,1.333,6.45,3.544,2.233,1.623,-64.66,-17.51,2.02,24.85,2.187,3.656,3.474,30.5,31.15,4.902,25.14,5.137,1.744,6.083,1.899,2.822,27.89,2.427,2.735,11.08,.811,1.472,3.958,.903,1.476
101,2017,290,1440,11.9,3.356,1.372,1.152,6.14,3.298,1.955,1.474,-63,-17.72,1.849,22.32,1.913,3.082,2.954,27.79,28.45,4.559,22.58,4.787,1.665,5.674,1.8,2.457,25.55,2.313,2.475,9.2,.705,1.251,3.569,.847,1.213
101,2017,290,1450,11.9,3.167,1.291,1.065,5.661,2.985,1.785,1.288,-61.04,-18,1.613,20.69,1.782,2.748,2.638,24.89,25.46,4.226,20.66,4.487,1.496,5.2,1.666,2.194,22.9,2.07,2.315,8.26,.62,1.082,3.05,.744,1.09
101,2017,290,1500,11.9,2.934,1.192,.958,5.368,2.655,1.601,1.119,-68.31,-18.47,1.465,19.1,1.651,2.447,2.274,22.13,22.68,3.969,18.83,4.335,1.335,4.803,1.482,1.914,20.4,1.841,2.067,7.23,.548,.983,2.636,.631,.945
101,2017,290,1510,11.9,2.715,1.065,.871,4.881,2.392,1.429,.99,-72.8,-18.77,1.31,16.97,1.415,2.212,2.042,19.7,20.29,3.641,16.7,3.765,1.159,4.393,1.36,1.717,18.32,1.658,1.795,6.363,.487,.883,2.333,.556,.837
101,2017,290,1520,11.9,2.501,.995,.811,4.549,2.296,1.32,.951,-78.3,-19.21,1.213,15.7,1.285,2.017,1.906,18.55,19.24,3.331,15.45,3.47,1.075,4.196,1.268,1.574,17.55,1.621,1.661,5.778,.447,.816,2.239,.539,.752
101,2017,290,1530,11.9,2.378,.965,.832,4.385,2.481,1.415,1.02,-81.2,-19.39,1.29,16.19,1.405,2.084,2.144,20.17,20.81,3.236,16.24,3.596,1.166,4.362,1.333,1.75,19.21,1.764,1.826,6.62,.486,.866,2.526,.618,.844
101,2017,290,1540,11.9,2.573,1.07,.91,4.844,2.784,1.608,1.181,-74,-19.29,1.437,17.73,1.563,2.33,2.422,22.41,23.09,3.517,17.82,4.018,1.273,4.722,1.439,1.987,21.22,1.97,1.973,7.4,.551,.953,3.02,.744,.95
101,2017,290,1550,11.9,2.536,1.089,.925,4.846,3.034,1.705,1.382,-66.93,-19.14,1.514,18.2,1.702,2.481,2.596,24.63,25.26,3.487,18.51,4.206,1.395,4.883,1.526,2.219,23.27,2.137,2.075,8.4,.601,1.022,3.595,.889,1.022
101,2017,290,1600,11.9,3.34,1.335,1.214,6.057,3.551,2.037,1.697,-59.47,-18.86,1.868,22.85,2.092,3.169,3.086,29.73,30.46,4.508,23.55,4.992,1.647,5.457,1.859,2.71,27.66,2.459,2.678,10.58,.797,1.39,4.421,1.032,1.171
101,2017,290,1610,11.9,3.61,1.471,1.29,6.206,3.251,2.034,1.611,-56.12,-18.72,1.975,23.74,2.091,3.347,3.39,30.82,31.6,4.687,25.01,5.101,1.828,5.111,1.846,2.868,28.27,2.555,2.675,11.67,.806,1.444,4.297,1.087,1.343
101,2017,290,1620,11.91,2.888,1.36,1.094,4.987,2.685,1.709,1.464,-59.55,-18.87,1.719,20.69,1.809,2.846,3.173,27.06,27.59,3.945,21.82,4.563,1.836,4.439,1.625,2.611,24.43,2.352,2.188,10.84,.707,1.261,3.452,.822,1.359
101,2017,290,1630,11.92,2.491,1.139,.94,4.166,2.127,1.355,1.335,-60.12,-18.98,1.392,17.67,1.573,2.225,2.704,23.32,23.58,3.415,18.86,4.003,1.72,3.7,1.432,2.193,20.98,2.007,1.893,9.54,.561,1.069,2.789,.662,1.146
101,2017,290,1640,11.92,2.513,1.102,.873,4.152,2.017,1.271,1.092,-66.42,-19.21,1.233,16.24,1.41,2.04,2.33,20.59,20.96,3.337,16.89,3.668,1.491,3.456,1.325,1.853,18.61,1.838,1.769,7.94,.486,.936,2.291,.59,.946
101,2017,290,1650,11.92,1.993,.94,.734,3.265,1.688,1.141,.911,-74.4,-19.56,1.059,14.31,1.288,1.749,2.074,17.96,18.29,2.786,14.48,3.322,1.256,2.915,1.119,1.695,16.2,1.62,1.484,6.837,.444,.792,2.144,.546,.836
101,2017,290,1700,11.92,1.526,.752,.601,2.603,1.533,.977,.802,-73.9,-19.7,.884,12.17,1.087,1.389,1.873,15.69,16.08,2.246,12.23,2.861,1.074,2.534,.977,1.492,14.31,1.481,1.283,5.854,.384,.685,1.983,.516,.687
101,2017,290,1710,11.92,1.107,.596,.471,2.099,1.355,.843,.675,-78.9,-20.05,.745,10.25,.906,1.144,1.677,13.6,14.14,1.745,10.12,2.504,.873,2.261,.759,1.352,12.56,1.335,1.039,4.898,.313,.519,1.782,.482,.558
101,2017,290,1720,11.92,.955,.536,.486,1.888,1.297,.819,.693,-87.2,-20.37,.755,10.31,1.002,1.219,1.891,14.69,14.6,1.6,10.45,2.488,1.129,2.209,.789,1.446,12.93,1.313,1.037,5.622,.307,.554,1.657,.442,.697
101,2017,290,1730,11.92,.905,.489,.407,1.786,1.131,.69,.585,-89.9,-20.6,.632,8.89,.816,.946,1.536,12.57,12.85,1.459,8.36,2.136,.978,2.007,.71,1.241,11.04,1.159,.898,4.156,.248,.424,1.352,.42,.486
101,2017,290,1740,11.92,.916,.451,.37,1.672,1.047,.61,.518,-90.4,-20.8,.563,7.22,.65,.861,1.395,11.11,11.63,1.343,7.24,1.816,.759,1.873,.645,1.055,9.98,1.069,.762,3.459,.228,.39,1.225,.402,.439
101,2017,290,1750,11.92,.807,.385,.327,1.533,.978,.526,.504,-87.9,-20.74,.523,6.312,.528,.796,1.151,10.04,10.36,1.196,6.448,1.484,.678,1.642,.566,.881,9.14,.945,.645,2.997,.208,.384,1.236,.364,.39
101,2017,290,1800,11.92,.571,.268,.238,1.101,.69,.399,.374,-93.9,-21.13,.392,4.573,.402,.59,.777,7.23,7.49,.868,4.593,1.044,.457,1.238,.417,.601,6.652,.647,.462,1.995,.168,.273,.876,.241,.273
101,2017,290,1810,11.92,.365,.166,.151,.677,.446,.266,.219,-104.8,-21.81,.246,3.007,.28,.395,.489,4.327,4.458,.534,2.93,.695,.285,.782,.27,.377,3.982,.41,.312,1.223,.097,.169,.499,.152,.176
101,2017,290,1820,11.92,.194,.089,.072,.369,.229,.139,.101,-122.5,-22.96,.117,1.57,.137,.196,.216,1.958,1.99,.313,1.434,.372,.144,.414,.141,.176,1.784,.196,.144,.509,.044,.08,.226,.064,.079
101,2017,290,1830,11.92,.077,.034,.023,.141,.087,.052,.044,-158.4,-25.31,.047,.586,.05,.07,.075,.695,.7,.122,.529,.147,.05,.161,.05,.064,.637,.072,.052,.203,.018,.03,.08,.025,.028
101,2017,290,1840,11.92,.008,0,0,.027,.013,.008,.002,-207,-28.05,.003,.119,.007,.01,.017,.161,.168,.02,.111,.032,.008,.032,.005,.012,.154,.018,.008,.045,0,0,.017,0,0
101,2017,290,1850,11.92,0,0,0,0,0,0,0,-247.5,-30.37,0,.007,0,0,0,.013,.015,0,.008,0,0,0,0,0,.013,0,0,0,0,0,0,0,0
101,2017,290,1900,11.92,0,0,0,0,0,0,0,-6999,-32.71,0,0,0,0,0,0,0,0,0,0,0,0,0,0,0,0,0,0,0,0,0,0,0
101,2017,290,1910,11.92,0,0,0,0,0,0,0,-6999,-35.38,0,0,0,0,0,0,0,0,0,0,0,0,0,0,0,0,0,0,0,0,0,0,0
101,2017,290,1920,11.92,0,0,0,0,0,0,0,-6999,-36.26,0,0,0,0,0,0,0,0,0,0,0,0,0,0,0,0,0,0,0,0,0,0,0
101,2017,290,1930,11.92,0,0,0,0,0,0,0,-6999,-37.49,0,0,0,0,0,0,0,0,0,0,0,0,0,0,0,0,0,0,0,0,0,0,0
101,2017,290,1940,11.92,0,0,0,0,0,0,0,-6999,-36.81,0,0,0,0,0,0,0,0,0,0,0,0,0,0,0,0,0,0,0,0,0,0,0
101,2017,290,1950,11.91,0,0,0,0,0,0,0,-6999,-39.32,0,0,0,0,0,0,0,0,0,0,0,0,0,0,0,0,0,0,0,0,0,0,0
101,2017,290,2000,11.91,0,0,0,0,0,0,0,-6999,-40.4,0,0,0,0,0,0,0,0,0,0,0,0,0,0,0,0,0,0,0,0,0,0,0
101,2017,290,2010,11.91,0,0,0,0,0,0,0,-6999,-42.08,0,0,0,0,0,0,0,0,0,0,0,0,0,0,0,0,0,0,0,0,0,0,0
101,2017,290,2020,11.91,0,0,0,0,0,0,0,-6999,-42.38,0,0,0,0,0,0,0,0,0,0,0,0,0,0,0,0,0,0,0,0,0,0,0
101,2017,290,2030,11.91,0,0,0,0,0,0,0,-6999,-44.2,0,0,0,0,0,0,0,0,0,0,0,0,0,0,0,0,0,0,0,0,0,0,0
101,2017,290,2040,11.91,0,0,0,0,0,0,0,-6999,-44.97,0,0,0,0,0,0,0,0,0,0,0,0,0,0,0,0,0,0,0,0,0,0,0
101,2017,290,2050,11.91,0,0,0,0,0,0,0,-6999,-44.99,0,0,0,0,0,0,0,0,0,0,0,0,0,0,0,0,0,0,0,0,0,0,0
101,2017,290,2100,11.91,0,0,0,0,0,0,0,-6999,-44.16,0,0,0,0,0,0,0,0,0,0,0,0,0,0,0,0,0,0,0,0,0,0,0
101,2017,290,2110,11.91,0,0,0,0,0,0,0,-6999,-40.51,0,0,0,0,0,0,0,0,0,0,0,0,0,0,0,0,0,0,0,0,0,0,0
101,2017,290,2120,11.91,0,0,0,0,0,0,0,-6999,-36.47,0,0,0,0,0,0,0,0,0,0,0,0,0,0,0,0,0,0,0,0,0,0,0
101,2017,290,2130,11.91,0,0,0,0,0,0,0,-6999,-32.37,0,0,0,0,0,0,0,0,0,0,0,0,0,0,0,0,0,0,0,0,0,0,0
101,2017,290,2140,11.91,0,0,0,0,0,0,0,-229.8,-29.14,0,0,0,0,0,0,0,0,0,0,0,0,0,0,0,0,0,0,0,0,0,0,0
101,2017,290,2150,11.91,0,0,0,0,0,0,0,-209.6,-28.38,0,0,0,0,0,0,0,0,0,0,0,0,0,0,0,0,0,0,0,0,0,0,0
101,2017,290,2200,11.91,0,0,0,0,0,0,0,-6999,-29.96,0,0,0,0,0,0,0,0,0,0,0,0,0,0,0,0,0,0,0,0,0,0,0
101,2017,290,2210,11.91,0,0,0,0,0,0,0,-6999,-29.44,0,0,0,0,0,0,0,0,0,0,0,0,0,0,0,0,0,0,0,0,0,0,0
101,2017,290,2220,11.91,0,0,0,0,0,0,0,-259,-29.71,0,0,0,0,0,0,0,0,0,0,0,0,0,0,0,0,0,0,0,0,0,0,0
101,2017,290,2230,11.91,0,0,0,0,0,0,0,-6999,-30.28,0,0,0,0,0,0,0,0,0,0,0,0,0,0,0,0,0,0,0,0,0,0,0
101,2017,290,2240,11.91,0,0,0,0,0,0,0,-6999,-30.74,0,0,0,0,0,0,0,0,0,0,0,0,0,0,0,0,0,0,0,0,0,0,0
101,2017,290,2250,11.91,0,0,0,0,0,0,0,-6999,-30.59,0,0,0,0,0,0,0,0,0,0,0,0,0,0,0,0,0,0,0,0,0,0,0
101,2017,290,2300,11.91,0,0,0,0,0,0,0,-6999,-30.37,0,0,0,0,0,0,0,0,0,0,0,0,0,0,0,0,0,0,0,0,0,0,0
101,2017,290,2310,11.91,0,0,0,0,0,0,0,-238.2,-28.81,0,0,0,0,0,0,0,0,0,0,0,0,0,0,0,0,0,0,0,0,0,0,0
101,2017,290,2320,11.9,0,0,0,0,0,0,0,-208.5,-27.74,0,0,0,0,0,0,0,0,0,0,0,0,0,0,0,0,0,0,0,0,0,0,0
101,2017,290,2330,11.91,0,0,0,0,0,0,0,-213.5,-27.9,0,0,0,0,0,0,0,0,0,0,0,0,0,0,0,0,0,0,0,0,0,0,0
101,2017,290,2340,11.9,0,0,0,0,0,0,0,-229.7,-28.49,0,0,0,0,0,0,0,0,0,0,0,0,0,0,0,0,0,0,0,0,0,0,0
101,2017,290,2350,11.91,0,0,0,0,0,0,0,-242.6,-29.1,0,0,0,0,0,0,0,0,0,0,0,0,0,0,0,0,0,0,0,0,0,0,0
101,2017,290,2400,11.91,0,0,0,0,0,0,0,-233.6,-28.64,0,0,0,0,0,0,0,0,0,0,0,0,0,0,0,0,0,0,0,0,0,0,0
101,2017,291,10,11.9,0,0,0,0,0,0,0,-223.6,-28.27,0,0,0,0,0,0,0,0,0,0,0,0,0,0,0,0,0,0,0,0,0,0,0
101,2017,291,20,11.89,0,0,0,0,0,0,0,-204,-27.52,0,0,0,0,0,0,0,0,0,0,0,0,0,0,0,0,0,0,0,0,0,0,0
101,2017,291,30,11.89,0,0,0,0,0,0,0,-182.9,-26.86,0,0,0,0,0,0,0,0,0,0,0,0,0,0,0,0,0,0,0,0,0,0,0
101,2017,291,40,11.89,0,0,0,0,0,0,0,-195.8,-27.39,0,0,0,0,0,0,0,0,0,0,0,0,0,0,0,0,0,0,0,0,0,0,0
101,2017,291,50,11.89,0,0,0,0,0,0,0,-218.7,-28.16,0,0,0,0,0,0,0,0,0,0,0,0,0,0,0,0,0,0,0,0,0,0,0
101,2017,291,100,11.89,0,0,0,0,0,0,0,-240.4,-29.09,0,0,0,0,0,0,0,0,0,0,0,0,0,0,0,0,0,0,0,0,0,0,0
101,2017,291,110,11.89,0,0,0,0,0,0,0,-251.4,-29.54,0,0,0,0,0,0,0,0,0,0,0,0,0,0,0,0,0,0,0,0,0,0,0
101,2017,291,120,11.89,0,0,0,0,0,0,0,-207,-27.7,0,0,0,0,0,0,0,0,0,0,0,0,0,0,0,0,0,0,0,0,0,0,0
101,2017,291,130,11.89,0,0,0,0,0,0,0,-182,-26.83,0,0,0,0,0,0,0,0,0,0,0,0,0,0,0,0,0,0,0,0,0,0,0
101,2017,291,140,11.89,0,0,0,0,0,0,0,-168.5,-26.29,0,0,0,0,0,0,0,0,0,0,0,0,0,0,0,0,0,0,0,0,0,0,0
101,2017,291,150,11.89,0,0,0,0,0,0,0,-172.1,-26.38,0,0,0,0,0,0,0,0,0,0,0,0,0,0,0,0,0,0,0,0,0,0,0
101,2017,291,200,11.89,0,0,0,0,0,0,0,-207.3,-27.55,0,0,0,0,0,0,0,0,0,0,0,0,0,0,0,0,0,0,0,0,0,0,0
101,2017,291,210,11.89,0,0,0,0,0,0,0,-203.1,-27.38,0,0,0,0,0,0,0,0,0,0,0,0,0,0,0,0,0,0,0,0,0,0,0
101,2017,291,220,11.89,0,0,0,0,0,0,0,-191.3,-26.96,0,0,0,0,0,0,0,0,0,0,0,0,0,0,0,0,0,0,0,0,0,0,0
101,2017,291,230,11.89,0,0,0,0,0,0,0,-176.1,-26.36,0,0,0,0,0,0,0,0,0,0,0,0,0,0,0,0,0,0,0,0,0,0,0
101,2017,291,240,11.89,0,0,0,0,0,0,0,-162.6,-25.94,0,0,0,0,0,0,0,0,0,0,0,0,0,0,0,0,0,0,0,0,0,0,0
101,2017,291,250,11.9,0,0,0,0,0,0,0,-163.3,-25.93,0,0,0,0,0,0,0,0,0,0,0,0,0,0,0,0,0,0,0,0,0,0,0
101,2017,291,300,11.89,0,0,0,0,0,0,0,-176.9,-26.4,0,0,0,0,0,0,0,0,0,0,0,0,0,0,0,0,0,0,0,0,0,0,0
101,2017,291,310,11.89,0,0,0,0,0,0,0,-192,-26.94,0,0,0,0,0,0,0,0,0,0,0,0,0,0,0,0,0,0,0,0,0,0,0
101,2017,291,320,11.9,0,0,0,0,0,0,0,-227.8,-28.25,0,0,0,0,0,0,0,0,0,0,0,0,0,0,0,0,0,0,0,0,0,0,0
101,2017,291,330,11.89,0,0,0,0,0,0,0,-222.9,-28.13,0,0,0,0,0,0,0,0,0,0,0,0,0,0,0,0,0,0,0,0,0,0,0
101,2017,291,340,11.89,0,0,0,0,0,0,0,-227,-28.32,0,0,0,0,0,0,0,0,0,0,0,0,0,0,0,0,0,0,0,0,0,0,0
101,2017,291,350,11.89,0,0,0,0,0,0,0,-213.4,-27.9,0,0,0,0,0,0,0,0,0,0,0,0,0,0,0,0,0,0,0,0,0,0,0
101,2017,291,400,11.89,0,0,0,0,0,0,0,-185.9,-26.93,0,0,0,0,0,0,0,0,0,0,0,0,0,0,0,0,0,0,0,0,0,0,0
101,2017,291,410,11.89,0,0,0,0,0,0,0,-185,-26.86,0,0,0,0,0,0,0,0,0,0,0,0,0,0,0,0,0,0,0,0,0,0,0
101,2017,291,420,11.89,0,0,0,0,0,0,0,-203.6,-27.59,0,0,0,0,0,0,0,0,0,0,0,0,0,0,0,0,0,0,0,0,0,0,0
101,2017,291,430,11.89,0,0,0,0,0,0,0,-219.2,-28.24,0,0,0,0,0,0,0,0,0,0,0,0,0,0,0,0,0,0,0,0,0,0,0
101,2017,291,440,11.89,0,0,0,0,0,0,0,-212.6,-28.02,0,0,0,0,0,0,0,0,0,0,0,0,0,0,0,0,0,0,0,0,0,0,0
101,2017,291,450,11.89,0,0,0,0,0,0,0,-203.7,-27.61,0,0,0,0,0,0,0,0,0,0,0,0,0,0,0,0,0,0,0,0,0,0,0
101,2017,291,500,11.89,0,0,0,0,0,0,0,-176.8,-26.63,0,0,0,0,0,0,0,0,0,0,0,0,0,0,0,0,0,0,0,0,0,0,0
101,2017,291,510,11.89,0,0,0,0,0,0,0,-184.2,-27.01,0,0,0,0,0,0,0,0,0,0,0,0,0,0,0,0,0,0,0,0,0,0,0
101,2017,291,520,11.89,0,0,0,0,0,0,0,-6999,-29.91,0,0,0,0,0,0,0,0,0,0,0,0,0,0,0,0,0,0,0,0,0,0,0
101,2017,291,530,11.89,0,0,0,0,0,0,0,-6999,-31.74,0,.005,0,0,0,0,.003,0,.003,0,0,0,0,0,0,0,0,0,0,0,0,0,0
101,2017,291,540,11.89,.007,.002,0,.02,.007,.002,0,-6999,-30.35,0,.087,.002,.008,.007,.064,.07,.018,.065,.018,.002,.023,.007,.005,.059,0,.005,.017,0,.002,.005,0,0
101,2017,291,550,11.89,.06,.032,.018,.114,.055,.039,.022,-178.1,-27.01,.034,.491,.037,.06,.044,.407,.429,.104,.387,.104,.034,.136,.04,.045,.369,.042,.04,.109,.02,.023,.044,.017,.022
101,2017,291,600,11.89,.176,.079,.052,.334,.166,.111,.067,-220.2,-28.56,.087,1.468,.101,.176,.129,1.279,1.342,.307,1.15,.31,.092,.38,.121,.127,1.138,.119,.114,.328,.034,.06,.134,.04,.047
101,2017,291,610,11.89,.355,.166,.106,.635,.325,.218,.129,-191.8,-27.26,.173,2.995,.198,.352,.25,2.544,2.682,.59,2.311,.573,.173,.742,.238,.25,2.247,.236,.223,.597,.074,.119,.246,.082,.094
101,2017,291,620,11.89,.518,.261,.156,1.009,.471,.344,.203,-183.2,-26.96,.272,4.741,.302,.515,.399,4.031,4.145,1.106,3.622,.9,.265,1.192,.384,.394,3.422,.369,.355,.905,.109,.181,.382,.124,.151
101,2017,291,630,11.89,.694,.345,.213,1.341,.613,.444,.26,-144.3,-25.57,.355,6.271,.392,.684,.498,5.625,5.373,1.726,6.055,1.197,.347,1.58,.494,.501,4.396,.456,.453,1.172,.154,.238,.456,.164,.189
101,2017,291,640,11.9,.856,.417,.261,1.647,.749,.54,.315,-120.2,-24.82,.436,14.71,.461,.856,.612,7.3,6.447,2.861,21.88,1.527,.421,1.989,.665,.642,5.236,.58,.558,1.411,.181,.292,.55,.199,.236
101,2017,291,650,11.89,1.026,.461,.318,1.969,.902,.682,.38,-87.9,-23.69,.518,38.99,.657,1.053,.749,10.03,7.6,9.24,31.84,6.903,.471,3.394,.779,.804,5.983,.65,.716,1.642,.221,.352,.645,.243,.295
101,2017,291,700,11.89,1.173,.531,.392,2.263,1.078,.855,.453,-62.7,-23.03,.632,47.32,.974,1.311,.895,10.9,9.33,17.95,39.33,26.19,.553,10.5,1.565,1.327,6.593,.753,.917,1.828,.253,.411,.731,.38,.344
101,2017,291,710,11.89,1.324,.598,.459,2.777,1.294,1.064,.632,-54.19,-22.85,.774,54.67,1.208,1.745,1.014,10.93,8.92,24.18,46.35,3.922,.62,18.97,18.1,2.558,7.14,.922,3.628,1.991,.3,.442,.91,.454,.384
101,2017,291,720,11.89,1.48,.667,.558,2.894,1.55,1.321,1.28,-101,-24.47,.927,60.04,1.265,2.14,1.078,10.91,9.63,29.75,52.85,11.59,.689,5.953,20.78,4.53,7.61,.865,19.8,2.135,.34,.486,.974,.424,.431
101,2017,291,730,11.89,1.634,.739,.701,3.248,1.815,2.236,1.654,-74.1,-23.29,1.287,59.39,1.255,2.913,1.172,11.3,10.17,36.09,59.54,6.632,.734,5.068,8.47,5.093,8.03,.93,4.696,2.279,.37,.546,.942,.416,.697
101,2017,291,740,11.89,1.832,.838,.876,3.72,2.284,8.1,1.108,-35.42,-21.38,13.96,62.4,2.249,5.99,1.252,11.79,10.78,42.18,65.61,7.07,.789,5.215,2.517,2.371,8.53,1.009,13.37,2.408,.402,.6,.995,.439,.504
101,2017,291,750,11.89,2.163,.989,1.037,14.27,2.683,7.7,.742,.652,-19.67,21.9,66.9,1.418,10.28,1.325,13.43,11.28,48.28,71.8,27.8,.848,5.828,2.224,1.917,9.22,1.066,1.666,2.512,.432,.655,1.036,.471,1.069
101,2017,291,800,11.9,3.229,3.091,1.109,46.76,2.798,11.32,.771,-.809,-18.85,3.958,70.7,1.416,21.42,1.376,16.75,22.15,54.14,77.1,43.14,.871,9.83,2.497,2.156,9.04,1.141,2.252,2.592,.444,.679,1.076,.476,2.24
101,2017,291,810,11.9,4.102,1.642,2.478,66.06,2.904,18.54,.791,.426,-17.98,1.897,74.4,1.453,21.08,1.444,21.51,43.38,59.36,82.1,48.73,1.032,18.77,2.359,2.168,15.13,1.188,2.478,2.669,.436,.717,1.121,.519,.64
101,2017,291,820,11.9,23.86,22.77,1.223,70.2,2.977,23.4,.818,2.567,-16.67,1.721,78.2,1.454,55.36,1.5,26.43,49.39,64.81,87.2,72.3,.923,40.96,2.419,2.113,9.73,1.221,1.515,2.741,.457,2.183,1.173,.586,.632
101,2017,291,830,11.9,54.78,1.94,1.278,73.6,3.033,7.81,.858,-3.418,-14.49,1.709,81.6,1.474,41.61,1.558,31.38,55.79,69.77,91.7,75.9,.943,53.81,11.73,28.92,9.75,1.28,1.608,2.8,.467,1.52,1.185,.59,1.278
101,2017,291,840,11.9,49.45,2.758,1.344,76.5,3.074,42.39,.898,11.42,-14.12,1.717,84.4,1.478,70.4,1.701,36.24,61.46,74.1,95.8,14.72,.978,41.35,2.218,5.073,9.92,1.3,8.55,2.878,.496,.826,1.228,.699,1.426
101,2017,291,850,11.91,25.41,2.334,1.411,79.2,3.128,48.92,.916,10.14,-14.59,1.724,87.3,1.483,75,5.162,41.05,66.94,78.7,100,18.66,1.31,20.09,2.222,2.146,10.18,1.32,4.679,2.972,.506,16.17,1.307,10.43,.67
101,2017,291,900,11.9,20.21,2.664,1.476,79.7,3.654,53.36,.972,8.84,-14.38,1.808,89.2,1.538,77.9,12.02,46.07,71.4,81.7,103.1,6.87,1.102,6.339,2.2,2.19,10.89,1.335,3.392,3.084,.548,30.17,5.182,.66,.732
101,2017,291,910,11.91,73.9,3.347,1.679,80,3.768,51.07,1.065,9.25,-12.39,1.938,91.7,1.62,78.2,1.843,51.51,76.1,84.7,106.9,25.28,1.151,5.997,2.285,2.278,23.64,1.432,30.61,3.255,.591,1.144,1.742,.722,1.342
101,2017,291,920,11.91,78.1,3.211,2.126,78.4,3.834,14.93,1.06,-5.354,-12.08,2.171,93.6,1.642,31.3,1.898,56.38,80.1,87.3,109.8,5.293,1.243,6.02,6.955,2.268,16.48,1.484,3.082,3.347,.601,1.116,1.454,.764,.833
101,2017,291,930,11.92,90.3,2.683,37.91,76.4,4.095,2.683,1.084,-12.16,-10.02,13.96,96.2,1.658,6.032,1.945,61.79,84.8,90.9,113.5,4.956,1.303,6.095,3.033,8.21,31.17,1.477,45.41,3.486,.616,1.151,1.497,.876,.961
101,2017,291,940,11.92,94,47.09,80,73.7,3.645,2.67,1.107,-13.28,-7.91,57.01,98.7,1.779,3.412,2.154,67.3,89.1,93.9,117.2,5.345,1.419,6.264,2.502,2.325,66.49,1.558,104,3.707,.631,1.239,1.723,1.005,12.03
101,2017,291,950,11.92,97.2,22.54,13.42,69.88,3.236,7.36,3.177,-18.33,-10.22,54.98,102.8,2.102,3.114,2.192,74.3,94,96.2,122.1,6.902,1.672,6.589,2.283,2.675,71,1.715,3.449,4.556,.658,1.342,2.285,15.1,1.144
101,2017,291,1000,11.91,70.7,3.155,1.968,63.35,7.3,2.765,1.258,-22.86,-11.51,43.18,105.5,2.536,3.36,2.263,80.5,98.1,75.1,125.3,76.5,1.943,6.917,2.402,9.02,74.5,1.847,2.645,4.608,.712,1.45,1.894,1.127,1.417
101,2017,291,1010,11.91,19.95,34.68,2.241,56.51,11.68,3.075,1.404,-25.11,-13.39,2.519,109.7,2.877,3.73,2.392,87.5,103.2,44.65,130.5,81.9,2.241,7.44,2.733,3.31,78.7,2.028,2.949,5.539,.737,53.58,2.874,1.037,1.385
101,2017,291,1020,11.91,11.68,102.1,44.29,50.28,3.763,3.134,33.9,-24.91,-8.36,6.373,110.6,2.626,3.851,2.571,91.8,106.6,19.63,132.4,15.98,2.186,7.69,2.71,3.351,81.7,2.109,2.792,5.534,.73,34.95,2.135,1.177,1.266
101,2017,291,1030,11.91,6.574,85.5,105.1,42.63,3.239,2.695,33.28,-36.05,-6.832,11.11,109.8,3.747,3.41,2.474,95.5,108.3,8.04,132.5,7.36,2.139,7.63,2.477,2.983,84.1,2.115,5.865,5.686,.739,3.152,2.023,6.19,1.256
101,2017,291,1040,11.91,7.07,10.05,77.1,38.16,3.619,3.053,1.594,-43.16,-13.28,3.459,111.8,26.05,3.748,2.578,100.4,111.8,8.86,135.4,8.06,2.318,8.12,2.678,10.38,86.9,2.333,3.037,6.313,.759,1.504,2.139,22.81,1.348
101,2017,291,1050,11.91,7.19,3.579,24.18,32.4,3.467,2.921,4.748,-43.92,-14.31,3.477,110.5,18.4,3.623,2.621,102.3,113,8.61,135,8.36,2.209,7.81,2.737,23.44,88.2,2.511,2.988,6.024,.717,1.849,2.219,1.28,1.519
101,2017,291,1100,11.91,8.55,4.067,2.814,28.86,3.887,3.281,45.16,-49.03,-9.58,2.874,110.8,3.025,4.244,2.795,105.8,115.6,9.82,135.6,9.38,2.537,8.37,3.182,3.613,90.6,2.941,5.361,7.18,.853,2.182,2.658,2.445,1.807
101,2017,291,1110,11.91,8.48,4.189,12.9,25.98,4.113,3.678,2.202,-47.66,-14.36,10.19,114.3,20.06,4.37,3.073,112.1,120.5,10.74,140.2,11.13,3.102,8.77,3.288,11.81,94.6,3.179,4.152,14.3,.914,1.846,7.93,1.559,1.928
101,2017,291,1120,11.91,8.63,4.37,5.267,22.57,4.016,3.715,49.82,-48.01,-8.59,12.84,113.5,23.59,4.428,3.253,113.9,121.8,10.67,140,34.44,3.011,8.71,28.52,17.28,95.7,3.273,4.16,58.24,.911,1.854,3.047,22.17,1.99
101,2017,291,1130,11.92,10.63,5.966,3.125,21.25,4.577,4.107,64.69,-46.23,-6.993,8.16,117.1,6.988,5.378,3.634,120.2,127.8,12.77,144.3,15,15.32,10.45,5.973,5.334,100.2,3.557,5.455,10.72,1.07,2.457,3.46,4.378,1.961
101,2017,291,1140,11.91,8.79,19.27,2.841,16.71,4.49,4.057,3.082,-43.55,-14.19,3.444,115.4,5.318,4.948,3.775,123,128.3,11.3,143,15.31,49.37,18.61,3.675,4.877,101.4,3.904,4.69,12.74,1.095,2.196,4.271,2.003,2
101,2017,291,1150,11.92,10.64,6.967,3.157,28.31,5.048,4.715,3.149,-41.48,-14.06,4.256,117.9,32.62,5.644,4.788,130.3,133.3,12.57,146.7,24.35,11.49,34.94,3.951,5.983,105.7,5.112,6.257,20.94,1.285,2.705,17.43,3.209,2.735
101,2017,291,1200,11.92,12.24,4.991,3.341,17.71,5.127,4.701,3.366,-39.31,-14.11,4.182,77.4,6.902,5.642,4.994,88.1,88.8,13.28,95.2,18.42,6.086,22.22,3.936,17.47,72,4.825,6.711,25.58,1.311,2.807,12,14.72,2.648
101,2017,291,1210,11.92,9.89,4.235,3.07,14.94,4.907,4.198,2.485,-36.12,-14.71,3.776,48.52,4.483,5.593,4.845,56.54,56.09,12.91,58.32,14.51,4.21,9.96,3.969,5.878,46.86,4.235,5.96,21.67,1.29,2.656,5.523,1.683,2.495
101,2017,291,1220,11.92,10.06,4.046,3.313,16.4,5.917,4.592,2.827,-33.15,-14.88,4.48,51.05,4.78,6.647,6.372,64.53,64.39,13.21,64.13,16.18,4.16,10.46,4.207,5.645,54.08,4.669,6.245,26.53,1.536,3.185,7.18,1.64,3.143
101,2017,291,1230,11.92,10.24,4.212,3.527,16.54,7.01,5.354,3.237,-33.93,-15.1,5.008,63.31,6.116,8.21,7.87,83.6,82.1,12.92,80.2,27.52,4.967,11.15,5.748,6.8,69,4.971,8.01,43.53,1.854,3.901,8.7,2.015,3.944
101,2017,291,1240,11.92,10.63,4.435,3.643,16.84,7.22,5.445,3.216,-35.13,-15.27,4.983,73.9,5.788,8.64,7.51,96.3,95.5,13.45,94.2,42.17,4.892,11.67,4.829,6.44,78.8,5.071,8.33,57.21,1.933,3.644,8.18,1.923,3.981
101,2017,291,1250,11.92,10.46,4.02,3.67,15.58,6.341,5.359,3.098,-35.04,-15.47,5.04,65.19,6.877,8.28,8.66,85.5,83.5,12.72,83,27.2,4.815,11.25,4.457,6.877,70,4.857,8.58,47.76,1.916,3.75,7.87,1.817,4.984
101,2017,291,1300,11.92,10.93,4.269,3.877,15.56,6.79,6.13,3.403,-36.05,-15.55,8.57,72.7,7.66,8.21,8.81,97.7,94.6,12.91,93,23.55,5.463,11.69,4.639,7.49,79.5,5.587,10.29,57.57,2.028,3.891,8.65,2.033,4.927
101,2017,291,1310,11.92,6.699,3.204,3.083,11.52,6.52,4.825,3.35,-37.56,-16,4.773,49.32,6.142,7.63,8.61,71.8,68.15,9.23,62.02,13.68,5.108,9.99,3.783,6.554,59.49,4.862,7.71,33.98,1.812,3.393,8.25,1.805,4.286
101,2017,291,1320,11.92,8.27,3.387,3.814,13.02,7.03,13.79,3.519,-32.81,-15.98,11.66,68.46,7.83,9.58,10.85,98.3,93.7,10.88,89.2,15.36,5.713,10.97,4.259,7.43,79.3,5.045,19.56,60.08,2.266,4.299,9.28,2.025,9.78
101,2017,291,1330,11.92,5.559,2.896,3.033,9.75,6.091,4.713,3.05,-38.02,-16.33,4.772,48.11,6.348,7.11,8.45,68.87,64.76,8.06,60.53,13.08,4.636,8.98,3.283,6.616,56.47,4.616,8.23,35.22,1.692,3.176,7.83,1.685,4.333
101,2017,291,1340,11.92,5.768,2.571,3.308,10.02,6.167,4.286,3.162,-41.88,-16.47,4.011,43.5,5.663,8.07,10.88,66.07,63.21,7.96,55.11,11.09,4.314,9.71,3.196,5.989,55.35,4.482,6.716,32.32,1.625,3.296,7.9,1.797,4.919
101,2017,291,1350,11.92,7.02,3.119,4.264,11.92,6.909,5.259,3.742,-42.76,-16.38,4.691,50.81,6.398,8.8,12.22,77.3,75.1,9.51,66.29,13.44,5.015,10.76,3.795,7.39,64.9,5.353,7.52,38.73,1.921,3.683,9.67,2.184,5.834
101,2017,291,1400,11.92,7.19,2.909,2.985,12.76,6.755,4.237,3.427,-45.24,-16.66,4.135,40.48,4.169,7.87,8.3,63.03,63.32,9.47,51.46,9.96,3.797,10.46,3.646,5.633,55.02,4.577,5.254,24.57,1.698,2.939,8.59,1.948,3.681
101,2017,291,1410,11.91,7.94,3.083,3.867,13.05,7.31,4.268,4.001,-47.56,-16.63,4.356,45.7,4.319,15.08,16.87,74.8,75.2,9.48,60.99,9.32,3.837,11.23,3.7,5.669,64.67,4.755,6.123,36.22,1.857,3.559,8.48,3.603,10.61
101,2017,291,1420,11.91,5.807,2.283,2.601,9.72,5.996,3.685,3.889,-52.29,-16.98,3.74,36.67,4.093,9.75,10.68,63.92,63.24,7.07,49.83,7.82,3.651,9.23,3.114,5.122,56.26,4.412,5.018,28.78,1.589,2.851,8.37,1.876,4.324
101,2017,291,1430,11.91,5.092,2.119,2.579,9.29,6.328,3.511,4.182,-53.23,-16.97,3.611,35.63,3.884,9.94,8.8,61.19,60.68,6.581,48.41,7.97,3.393,9.32,3.08,5.107,54.1,4.17,4.86,30,1.646,2.941,8.13,1.906,4.631
101,2017,291,1440,11.91,3.561,1.471,1.578,6.194,4.249,2.298,2.564,-57.03,-17.54,2.407,24.14,2.522,6.964,4.594,42.81,42.98,4.651,32.39,5.596,2.306,6.57,2.194,3.403,38.68,3.03,3.31,18.85,1.09,1.834,6.609,1.75,2.177
101,2017,291,1450,11.91,2.249,.928,1.079,4.415,3.685,1.708,2.06,-69.43,-18.08,1.867,15.78,1.787,2.856,3.784,32.21,32.72,3.072,21.12,3.778,2.092,5.351,1.77,2.861,30.43,2.72,2.219,11.45,.851,1.321,5.331,1.092,1.519
101,2017,291,1500,11.91,1.926,.847,.93,3.552,2.842,1.521,1.419,-78.6,-18.59,1.501,13.72,1.539,2.544,3.003,25.35,26.31,2.574,17.72,3.301,1.367,4.283,1.383,2.251,24.21,2.214,2.109,9.14,.68,1.07,3.671,.904,1.122
101,2017,291,1510,11.91,1.568,.824,.668,3.145,2.323,1.156,.951,-84.9,-19.05,1.055,9.99,.903,1.615,1.956,17.48,18.85,2.172,11.93,2.782,.876,3.708,1.043,1.625,17.19,1.924,1.358,4.877,.415,.643,2.3,.653,.633
101,2017,291,1520,11.91,2.397,1.022,.881,4.713,3,1.511,1.214,-87.1,-19.05,1.405,13.38,1.079,2.223,2.104,21.67,23.61,3.157,16.07,3.494,.911,4.802,1.399,1.827,21.44,2.127,1.901,5.355,.519,.844,3.186,.786,.668
101,2017,291,1530,11.91,2.323,.888,.76,4.407,2.429,1.211,.97,-91.6,-19.33,1.107,11.28,.893,1.775,1.826,17.62,19.5,3.01,13.18,2.735,.836,4.495,1.268,1.504,17.52,1.687,1.454,4.244,.432,.69,2.035,.569,.558
101,2017,291,1540,11.91,1.419,.61,.564,3.078,2.201,1.062,.988,-98,-19.91,.97,9.44,.832,1.502,1.834,16.85,17.82,2.187,11.35,2.479,.993,3.613,1.089,1.452,16.34,1.621,1.259,4.46,.399,.591,2.231,.603,.586
101,2017,291,1550,11.91,2.755,1.187,1.187,4.685,3.358,1.867,1.941,-93.7,-19.54,1.98,18.39,2.104,3.139,4.033,32.99,32.83,3.603,24.08,4.306,2.135,4.899,1.703,3,29.84,2.646,2.482,12.65,.893,1.45,5.021,1.082,1.675
101,2017,291,1600,11.91,2.223,.963,1.09,4.1,3.187,1.795,2.243,-80.1,-19.16,2.114,18.3,2.383,3.176,4.552,37.64,36.78,3.164,26.33,5.564,2.326,4.598,1.707,3.222,33.06,2.472,2.474,14.42,.878,1.474,5.897,1.126,2.151
101,2017,291,1610,11.91,1.926,.786,.796,3.507,2.368,1.365,1.33,-79.6,-19.86,1.325,12.58,1.583,2.082,2.868,23.55,23.62,2.579,16.19,3.36,1.59,3.574,1.305,2.26,21.66,2.002,1.705,8.94,.526,.938,3.112,.802,1.176
101,2017,291,1620,11.91,2.638,1.01,.739,4.781,2.472,1.318,1.054,-74.8,-20,1.211,11.59,.958,1.921,1.856,18.64,20.31,3.397,13.87,3.109,.992,4.075,1.26,1.685,18.13,1.792,1.521,4.802,.429,.729,2.347,.66,.606
101,2017,291,1630,11.91,1.529,.65,.484,2.891,1.878,.926,.812,-74.1,-20.14,.854,8.21,.742,1.407,1.511,13.93,15.3,2.008,9.57,2.092,.757,3.174,.896,1.223,13.9,1.392,1.109,3.7,.36,.544,1.841,.487,.471
101,2017,291,1640,11.91,1.576,.648,.506,2.96,1.764,.906,.774,-77.8,-20.31,.846,8.31,.687,1.487,1.528,14,15.56,2.141,9.59,2.032,.697,3.266,.936,1.186,13.61,1.288,1.047,3.548,.377,.558,1.777,.476,.461
101,2017,291,1650,11.9,1.888,.836,.595,3.477,1.757,1.049,.698,-81.8,-20.54,.91,9.82,.844,1.657,1.538,14.32,15.81,2.575,11.52,2.628,.787,3.297,1.012,1.305,13.88,1.268,1.256,4.201,.38,.606,1.593,.469,.539
101,2017,291,1700,11.91,2.099,.888,.657,3.74,1.797,1.106,.74,-79.2,-20.54,1.01,10.84,1.065,1.732,1.605,15.37,16.54,2.824,12.9,2.967,.891,3.372,1.069,1.392,14.88,1.379,1.493,4.861,.397,.673,1.722,.514,.621
101,2017,291,1710,11.9,1.834,.72,.621,3.282,1.811,1.054,.814,-71.9,-20.27,.98,10,1.049,1.573,1.665,15.45,16.03,2.431,12.38,2.725,.923,2.839,.963,1.451,14.58,1.357,1.379,5.352,.387,.652,2.042,.519,.675
101,2017,291,1720,11.9,1.248,.528,.476,2.384,1.489,.839,.766,-72.1,-20.44,.789,7.79,.95,1.196,1.586,13.71,13.79,1.735,9.95,2.34,.908,2.168,.759,1.223,12.72,1.233,1.064,4.92,.325,.528,2.012,.509,.64
101,2017,291,1730,11.9,.921,.417,.419,1.744,1.265,.695,.685,-81,-21,.687,6.561,.784,.94,1.372,12.93,12.85,1.352,8.45,1.886,.96,1.918,.685,1.151,11.98,1.196,.968,4.417,.285,.466,1.647,.451,.489
101,2017,291,1740,11.9,.807,.39,.343,1.627,1.094,.6,.508,-86.5,-21.51,.544,5.243,.539,.858,1.109,9.79,10.09,1.226,6.46,1.436,.623,1.705,.566,.878,9.17,.955,.699,2.997,.224,.364,1.253,.387,.409
101,2017,291,1750,11.9,.777,.36,.307,1.462,.833,.501,.41,-93.2,-21.99,.452,4.89,.528,.729,.926,8.23,8.18,1.131,5.898,1.325,.531,1.374,.446,.68,7.24,.682,.611,2.541,.183,.335,.965,.266,.364
101,2017,291,1800,11.9,.528,.265,.226,1.044,.64,.394,.343,-108.2,-22.84,.375,3.654,.404,.544,.689,6.109,5.974,.809,4.471,1.01,.457,1.027,.357,.516,5.377,.518,.427,1.972,.149,.256,.735,.189,.28
101,2017,291,1810,11.9,.379,.178,.144,.699,.425,.265,.219,-128.1,-24.33,.246,2.406,.273,.369,.409,4.039,3.947,.556,2.967,.714,.315,.665,.248,.357,3.573,.367,.297,1.208,.087,.159,.477,.131,.173
101,2017,291,1820,11.9,.211,.092,.077,.39,.235,.144,.107,-154.6,-25.95,.121,1.265,.141,.199,.216,2.079,2.086,.325,1.519,.399,.152,.39,.139,.193,1.866,.198,.154,.568,.049,.082,.25,.07,.085
101,2017,291,1830,11.9,.084,.039,.025,.151,.089,.054,.044,-182.4,-27.73,.049,.464,.052,.077,.079,.739,.754,.126,.544,.154,.052,.161,.05,.07,.67,.075,.054,.209,.017,.032,.085,.027,.03
101,2017,291,1840,11.9,.008,0,0,.028,.012,.005,.003,-207.3,-30.01,.005,.087,.007,.01,.013,.149,.154,.02,.102,.027,.012,.027,.005,.013,.137,.013,.005,.037,0,0,.017,0,0
101,2017,291,1850,11.9,0,0,0,0,0,0,0,-238.4,-33.1,0,.003,0,0,0,.01,.01,0,.003,0,0,0,0,0,.012,0,0,0,0,0,0,0,0
101,2017,291,1900,11.9,0,0,0,0,0,0,0,-6999,-36.04,0,0,0,0,0,0,0,0,0,0,0,0,0,0,0,0,0,0,0,0,0,0,0
101,2017,291,1910,11.9,0,0,0,0,0,0,0,-6999,-38.31,0,0,0,0,0,0,0,0,0,0,0,0,0,0,0,0,0,0,0,0,0,0,0
101,2017,291,1920,11.9,0,0,0,0,0,0,0,-6999,-41.01,0,0,0,0,0,0,0,0,0,0,0,0,0,0,0,0,0,0,0,0,0,0,0
101,2017,291,1930,11.9,0,0,0,0,0,0,0,-6999,-40.77,0,0,0,0,0,0,0,0,0,0,0,0,0,0,0,0,0,0,0,0,0,0,0
101,2017,291,1940,11.9,0,0,0,0,0,0,0,-6999,-39.54,0,0,0,0,0,0,0,0,0,0,0,0,0,0,0,0,0,0,0,0,0,0,0
101,2017,291,1950,11.89,0,0,0,0,0,0,0,-6999,-39.38,0,0,0,0,0,0,0,0,0,0,0,0,0,0,0,0,0,0,0,0,0,0,0
101,2017,291,2000,11.89,0,0,0,0,0,0,0,-6999,-41.4,0,0,0,0,0,0,0,0,0,0,0,0,0,0,0,0,0,0,0,0,0,0,0
101,2017,291,2010,11.89,0,0,0,0,0,0,0,-6999,-41.1,0,0,0,0,0,0,0,0,0,0,0,0,0,0,0,0,0,0,0,0,0,0,0
101,2017,291,2020,11.89,0,0,0,0,0,0,0,-6999,-43.06,0,0,0,0,0,0,0,0,0,0,0,0,0,0,0,0,0,0,0,0,0,0,0
101,2017,291,2030,11.89,0,0,0,0,0,0,0,-6999,-44.96,0,0,0,0,0,0,0,0,0,0,0,0,0,0,0,0,0,0,0,0,0,0,0
101,2017,291,2040,11.89,0,0,0,0,0,0,0,-6999,-46.41,0,0,0,0,0,0,0,0,0,0,0,0,0,0,0,0,0,0,0,0,0,0,0
101,2017,291,2050,11.89,0,0,0,0,0,0,0,-6999,-47.86,0,0,0,0,0,0,0,0,0,0,0,0,0,0,0,0,0,0,0,0,0,0,0
101,2017,291,2100,11.89,0,0,0,0,0,0,0,-6999,-44.6,0,0,0,0,0,0,0,0,0,0,0,0,0,0,0,0,0,0,0,0,0,0,0
101,2017,291,2110,11.89,0,0,0,0,0,0,0,-6999,-35.65,0,0,0,0,0,0,0,0,0,0,0,0,0,0,0,0,0,0,0,0,0,0,0
101,2017,291,2120,11.89,0,0,0,0,0,0,0,-197.2,-32.55,0,0,0,0,0,0,0,0,0,0,0,0,0,0,0,0,0,0,0,0,0,0,0
101,2017,291,2130,11.89,0,0,0,0,0,0,0,-218.7,-34.03,0,0,0,0,0,0,0,0,0,0,0,0,0,0,0,0,0,0,0,0,0,0,0
101,2017,291,2140,11.89,0,0,0,0,0,0,0,-222.1,-34.1,0,0,0,0,0,0,0,0,0,0,0,0,0,0,0,0,0,0,0,0,0,0,0
101,2017,291,2150,11.89,0,0,0,0,0,0,0,-6999,-36.33,0,0,0,0,0,0,0,0,0,0,0,0,0,0,0,0,0,0,0,0,0,0,0
101,2017,291,2200,11.89,0,0,0,0,0,0,0,-6999,-43.27,0,0,0,0,0,0,0,0,0,0,0,0,0,0,0,0,0,0,0,0,0,0,0
101,2017,291,2210,11.89,0,0,0,0,0,0,0,-6999,-45.63,0,0,0,0,0,0,0,0,0,0,0,0,0,0,0,0,0,0,0,0,0,0,0
101,2017,291,2220,11.89,0,0,0,0,0,0,0,-6999,-46.25,0,0,0,0,0,0,0,0,0,0,0,0,0,0,0,0,0,0,0,0,0,0,0
101,2017,291,2230,11.89,0,0,0,0,0,0,0,-6999,-36.36,0,0,0,0,0,0,0,0,0,0,0,0,0,0,0,0,0,0,0,0,0,0,0
101,2017,291,2240,11.89,0,0,0,0,0,0,0,-241.3,-33.51,0,0,0,0,0,0,0,0,0,0,0,0,0,0,0,0,0,0,0,0,0,0,0
101,2017,291,2250,11.89,0,0,0,0,0,0,0,-237.5,-33.05,0,0,0,0,0,0,0,0,0,0,0,0,0,0,0,0,0,0,0,0,0,0,0
101,2017,291,2300,11.89,0,0,0,0,0,0,0,-241.6,-33.41,0,0,0,0,0,0,0,0,0,0,0,0,0,0,0,0,0,0,0,0,0,0,0
101,2017,291,2310,11.89,0,0,0,0,0,0,0,-6999,-35.6,0,0,0,0,0,0,0,0,0,0,0,0,0,0,0,0,0,0,0,0,0,0,0
101,2017,291,2320,11.89,0,0,0,0,0,0,0,-6999,-38.04,0,0,0,0,0,0,0,0,0,0,0,0,0,0,0,0,0,0,0,0,0,0,0
101,2017,291,2330,11.89,0,0,0,0,0,0,0,-6999,-35.18,0,0,0,0,0,0,0,0,0,0,0,0,0,0,0,0,0,0,0,0,0,0,0
101,2017,291,2340,11.89,0,0,0,0,0,0,0,-222,-32.44,0,0,0,0,0,0,0,0,0,0,0,0,0,0,0,0,0,0,0,0,0,0,0
101,2017,291,2350,11.89,0,0,0,0,0,0,0,-216.8,-32.08,0,0,0,0,0,0,0,0,0,0,0,0,0,0,0,0,0,0,0,0,0,0,0
101,2017,291,2400,11.89,0,0,0,0,0,0,0,-221.4,-32.3,0,0,0,0,0,0,0,0,0,0,0,0,0,0,0,0,0,0,0,0,0,0,0
101,2017,292,10,11.89,0,0,0,0,0,0,0,-210.3,-31.43,0,0,0,0,0,0,0,0,0,0,0,0,0,0,0,0,0,0,0,0,0,0,0
101,2017,292,20,11.89,0,0,0,0,0,0,0,-237,-33.14,0,0,0,0,0,0,0,0,0,0,0,0,0,0,0,0,0,0,0,0,0,0,0
101,2017,292,30,11.89,0,0,0,0,0,0,0,-214.2,-31.48,0,0,0,0,0,0,0,0,0,0,0,0,0,0,0,0,0,0,0,0,0,0,0
101,2017,292,40,11.88,0,0,0,0,0,0,0,-209.6,-30.97,0,0,0,0,0,0,0,0,0,0,0,0,0,0,0,0,0,0,0,0,0,0,0
101,2017,292,50,11.88,0,0,0,0,0,0,0,-203.9,-30.5,0,0,0,0,0,0,0,0,0,0,0,0,0,0,0,0,0,0,0,0,0,0,0
101,2017,292,100,11.88,0,0,0,0,0,0,0,-189,-29.46,0,0,0,0,0,0,0,0,0,0,0,0,0,0,0,0,0,0,0,0,0,0,0
101,2017,292,110,11.88,0,0,0,0,0,0,0,-186.7,-29.26,0,0,0,0,0,0,0,0,0,0,0,0,0,0,0,0,0,0,0,0,0,0,0
101,2017,292,120,11.88,0,0,0,0,0,0,0,-170.1,-28.14,0,0,0,0,0,0,0,0,0,0,0,0,0,0,0,0,0,0,0,0,0,0,0
101,2017,292,130,11.88,0,0,0,0,0,0,0,-149.5,-27,0,0,0,0,0,0,0,0,0,0,0,0,0,0,0,0,0,0,0,0,0,0,0
101,2017,292,140,11.88,0,0,0,0,0,0,0,-150.1,-27.01,0,0,0,0,0,0,0,0,0,0,0,0,0,0,0,0,0,0,0,0,0,0,0
101,2017,292,150,11.88,0,0,0,0,0,0,0,-181.5,-28.68,0,0,0,0,0,0,0,0,0,0,0,0,0,0,0,0,0,0,0,0,0,0,0
101,2017,292,200,11.88,0,0,0,0,0,0,0,-171.3,-28.22,0,0,0,0,0,0,0,0,0,0,0,0,0,0,0,0,0,0,0,0,0,0,0
101,2017,292,210,11.88,0,0,0,0,0,0,0,-155.2,-27.47,0,0,0,0,0,0,0,0,0,0,0,0,0,0,0,0,0,0,0,0,0,0,0
101,2017,292,220,11.88,0,0,0,0,0,0,0,-138.5,-26.66,0,0,0,0,0,0,0,0,0,0,0,0,0,0,0,0,0,0,0,0,0,0,0
101,2017,292,230,11.88,0,0,0,0,0,0,0,-140.9,-26.78,0,0,0,0,0,0,0,0,0,0,0,0,0,0,0,0,0,0,0,0,0,0,0
101,2017,292,240,11.88,0,0,0,0,0,0,0,-149.4,-27.21,0,0,0,0,0,0,0,0,0,0,0,0,0,0,0,0,0,0,0,0,0,0,0
101,2017,292,250,11.88,0,0,0,0,0,0,0,-155.4,-27.35,0,0,0,0,0,0,0,0,0,0,0,0,0,0,0,0,0,0,0,0,0,0,0
101,2017,292,300,11.88,0,0,0,0,0,0,0,-199.2,-29.62,0,0,0,0,0,0,0,0,0,0,0,0,0,0,0,0,0,0,0,0,0,0,0
101,2017,292,310,11.88,0,0,0,0,0,0,0,-194.7,-29.55,0,0,0,0,0,0,0,0,0,0,0,0,0,0,0,0,0,0,0,0,0,0,0
101,2017,292,320,11.88,0,0,0,0,0,0,0,-205.4,-30.31,0,0,0,0,0,0,0,0,0,0,0,0,0,0,0,0,0,0,0,0,0,0,0
101,2017,292,330,11.88,0,0,0,0,0,0,0,-178.8,-28.96,0,0,0,0,0,0,0,0,0,0,0,0,0,0,0,0,0,0,0,0,0,0,0
101,2017,292,340,11.88,0,0,0,0,0,0,0,-169.1,-28.66,0,0,0,0,0,0,0,0,0,0,0,0,0,0,0,0,0,0,0,0,0,0,0
101,2017,292,350,11.88,0,0,0,0,0,0,0,-193.6,-30.08,0,0,0,0,0,0,0,0,0,0,0,0,0,0,0,0,0,0,0,0,0,0,0
101,2017,292,400,11.88,0,0,0,0,0,0,0,-202.9,-30.33,0,0,0,0,0,0,0,0,0,0,0,0,0,0,0,0,0,0,0,0,0,0,0
101,2017,292,410,11.88,0,0,0,0,0,0,0,-211.2,-31.04,0,0,0,0,0,0,0,0,0,0,0,0,0,0,0,0,0,0,0,0,0,0,0
101,2017,292,420,11.88,0,0,0,0,0,0,0,-136,-27.18,0,0,0,0,0,0,0,0,0,0,0,0,0,0,0,0,0,0,0,0,0,0,0
101,2017,292,430,11.88,0,0,0,0,0,0,0,-126.6,-26.52,0,0,0,0,0,0,0,0,0,0,0,0,0,0,0,0,0,0,0,0,0,0,0
101,2017,292,440,11.88,0,0,0,0,0,0,0,-131.1,-26.44,0,0,0,0,0,0,0,0,0,0,0,0,0,0,0,0,0,0,0,0,0,0,0
101,2017,292,450,11.88,0,0,0,0,0,0,0,-129.1,-26.39,0,0,0,0,0,0,0,0,0,0,0,0,0,0,0,0,0,0,0,0,0,0,0
101,2017,292,500,11.88,0,0,0,0,0,0,0,-150.4,-27.55,0,0,0,0,0,0,0,0,0,0,0,0,0,0,0,0,0,0,0,0,0,0,0
101,2017,292,510,11.88,0,0,0,0,0,0,0,-151.8,-27.83,0,0,0,0,0,0,0,0,0,0,0,0,0,0,0,0,0,0,0,0,0,0,0
101,2017,292,520,11.88,0,0,0,0,0,0,0,-134.5,-27.07,0,0,0,0,0,0,0,0,0,0,0,0,0,0,0,0,0,0,0,0,0,0,0
101,2017,292,530,11.88,0,0,0,0,0,0,0,-141.3,-27.71,0,0,0,0,0,0,.005,0,.002,0,0,0,0,0,0,0,0,0,0,0,0,0,0
101,2017,292,540,11.88,.003,0,0,.017,.003,0,0,-144.9,-28.12,0,.039,0,.003,.002,.057,.062,.01,.049,.01,0,.017,.002,0,.059,0,.002,.018,0,0,.002,0,0
101,2017,292,550,11.88,.042,.02,.013,.065,.04,.028,.02,-122.9,-27.2,.027,.188,.025,.039,.034,.29,.313,.05,.24,.055,.023,.075,.03,.032,.293,.032,.034,.094,.003,.017,.037,.003,.01
101,2017,292,600,11.88,.099,.042,.034,.178,.097,.054,.044,-108.8,-26.5,.049,.473,.05,.089,.085,.747,.813,.137,.605,.151,.044,.209,.064,.072,.751,.075,.074,.24,.032,.034,.092,.034,.034
101,2017,292,610,11.88,.198,.085,.065,.357,.186,.111,.082,-111.7,-26.78,.104,.93,.109,.169,.164,1.461,1.575,.28,1.2,.285,.087,.399,.124,.136,1.433,.141,.139,.432,.034,.069,.176,.049,.057
101,2017,292,620,11.88,.34,.154,.112,.587,.325,.194,.144,-103.8,-26.59,.171,1.601,.184,.303,.27,2.537,2.68,.476,2.056,.474,.149,.667,.211,.231,2.418,.23,.233,.702,.064,.119,.297,.08,.096
101,2017,292,630,11.88,.592,.268,.199,1.111,.54,.35,.251,-101.4,-26.75,.307,2.899,.325,.535,.463,4.43,4.787,.835,3.704,.821,.263,1.19,.355,.394,4.284,.382,.394,1.299,.124,.215,.506,.144,.189
101,2017,292,640,11.88,1.225,.493,.347,2.237,.96,.655,.397,-91,-26.43,.504,5.45,.528,1.052,.704,7.21,7.83,1.813,7.05,1.644,.444,2.085,.598,.694,6.599,.578,.662,2.043,.201,.359,.739,.23,.31
101,2017,292,650,11.88,1.292,.575,.399,2.515,1.088,.799,.436,-85.3,-26.31,.57,7.03,.694,1.16,.809,8.59,9.04,2.316,9.22,2.351,.553,2.519,.781,.876,7.45,.734,.759,2.374,.228,.394,.811,.268,.352
101,2017,292,700,11.88,1.468,.653,.4,2.721,1.185,.846,.449,-107.2,-28.02,.628,7.89,.739,1.344,.831,9.19,9.78,2.758,10.18,2.751,.57,2.944,.888,.92,7.9,.751,.813,2.175,.266,.436,.86,.283,.357
101,2017,292,710,11.88,1.756,.804,.501,3.331,1.463,1.185,.648,-173.1,-32.95,.858,16.61,1.064,1.947,1.064,11.04,10.74,14.77,31.37,3.72,.648,10.76,9.67,1.9,8.4,1.424,1.928,2.213,.342,.511,.903,.533,.409
101,2017,292,720,11.88,2.032,.911,.645,3.84,1.806,1.553,1.588,-138,-30.98,1.084,24.98,1.312,2.532,1.183,12.31,11.8,25.68,48.46,10.55,.759,6.435,16.02,4.011,9.13,1.005,14.95,2.372,.41,.605,1.04,.513,.454
101,2017,292,730,11.88,2.317,1.01,.787,4.331,2.111,2.575,1.627,-101.7,-28.48,1.327,34.99,1.411,3.232,1.293,13.2,12.88,31.52,54.9,6.782,.826,5.735,6.459,4.983,9.95,1.106,9.33,2.595,.436,.677,1.124,.476,.772
101,2017,292,740,11.88,2.558,1.119,.99,4.981,2.634,9.77,.957,-44.37,-23.95,8.52,39.36,2.798,4.083,1.505,14.79,14.42,37.42,61.48,7.36,.915,5.973,2.594,2.964,11.52,1.211,45.72,3.1,.472,.774,1.379,.503,.607
101,2017,292,750,11.89,3.755,1.349,1.144,15.74,2.952,11.28,.859,-21.39,-22.54,4.383,43.5,1.622,12.91,1.505,16.49,14.58,43.67,68.03,34.29,1.039,6.589,2.419,2.17,11.52,1.339,2.23,3.1,.477,.801,1.238,.504,.789
101,2017,292,800,11.89,3.874,5.711,1.303,43.54,3.056,15.78,.876,-20.07,-21.64,3.399,46.28,1.642,28.55,1.51,19.19,25.81,49.41,73.2,53.93,.978,7.75,2.768,2.262,11.02,1.32,5.112,2.976,.508,.806,1.247,.534,1.928
101,2017,292,810,11.89,6.653,1.887,2.181,61.23,3.151,21.85,.896,-16.56,-20.06,2.096,49.41,1.664,23.17,1.583,23.45,43,54.81,78.4,61.74,1.134,18.93,2.61,2.399,16.85,1.327,2.146,2.969,.508,.846,1.28,.583,.811
101,2017,292,820,11.89,40.31,10.31,1.34,64.97,3.337,26.59,.952,-23.07,-17.76,2.01,52.7,1.709,50.99,1.654,28.29,49.04,59.55,83.4,70.5,1.029,36.87,2.582,2.441,11.98,1.392,1.876,3.101,.563,5.361,1.352,.645,.846
101,2017,292,830,11.89,60.25,2.65,1.659,68.49,3.488,6.303,1.025,-34.11,-16.47,2.062,54.25,1.707,49.26,1.776,33.35,55.22,64.28,88,43.48,1.082,45.36,8.96,24.51,12.65,1.501,2.076,3.227,.61,1.856,1.404,.685,1.121
101,2017,292,840,11.89,48.37,4.237,1.518,61.28,3.582,30.56,1.25,-21.49,-16.48,2.136,46.76,1.726,54.07,2.034,35.45,54.74,58.73,81.6,12.97,1.134,31.42,2.607,3.889,14.31,1.717,10.97,3.478,.576,1.061,1.484,.784,.853
101,2017,292,850,11.89,15.77,3.934,1.881,75,4.513,44.42,1.339,-17.55,-17.05,2.548,51.06,2.017,68.7,8.74,46.1,69.32,73.7,100.4,41.67,1.519,17.74,3.024,3.304,16.56,2.173,11.57,4.386,.756,1.722,1.793,18.07,.94
101,2017,292,900,11.89,20.93,4.665,2.432,59.85,4.791,32.93,1.199,-22.79,-16.64,2.679,44.22,2.359,52.59,9.18,42.68,60.36,58.64,83,13.07,1.434,8.51,3.017,3.178,17.28,1.975,4.521,4.176,.811,7.18,4.009,.871,.92
101,2017,292,910,11.89,74.4,3.506,2.055,76.7,4.315,48.73,1.295,-15.93,-14.94,2.352,55.22,2.323,76.4,2.121,54.35,76.5,80.8,107.4,36.94,1.457,7.38,2.948,3.278,21.23,2.047,28.03,3.989,.692,2.506,1.89,.834,1.22
101,2017,292,920,11.89,81.6,3.179,3.405,74.5,4.022,4.313,1.508,-33.5,-14.49,2.429,61,2.156,47.89,2.42,58.19,79.6,83.2,108.9,8.26,1.476,7.05,26.47,2.702,17.3,1.762,3.511,4.002,.685,1.315,1.724,.908,.948