101,2017,216,950,12.24,6.586,3.097,2.204,20.79,10.5,4.85,2.029,-30.6,-5.973,2.45,60.42,3.152,4.527,3.476,37.4,35.74,10.55,49.55,12.21,2.35,10.13,4.168,6.977,24.32,3.402,3.719,10.29,.818,1.527,3.432,.774,1.554
101,2017,216,1000,12.24,2.653,1.428,1.565,45.28,53.12,16.2,1.885,-20.13,-4.422,1.505,119.3,2.611,2.532,4.119,48.95,33.93,5.401,95.7,20.07,1.9,8.17,20.45,24.92,16.04,2.477,2.157,5.673,.56,.881,2.078,.669,1.089
101,2017,216,1010,12.24,3.7,1.828,1.78,46.01,55.44,11.66,3.886,-26.1,-4.158,1.85,116.6,2.011,3.338,3.992,51.55,29.98,6.787,93.6,78.9,1.575,12.4,3.754,72,18.45,2.643,2.39,4.518,.692,1.036,2.286,.675,7.92
101,2017,216,1020,12.24,4.05,2.118,2.21,43.89,53.43,20.74,2.056,-20.16,-5.19,1.858,112.8,2.339,3.015,2.953,53.58,21.19,7.3,91.5,28.78,1.964,12.78,2.835,12.5,18.92,3.261,2.79,5.444,.583,.97,2.2,.721,1.014
101,2017,216,1030,12.24,6.649,2.929,2.058,19.72,11.28,4.028,2.064,-30.07,-6.443,2.388,59.05,3.715,3.844,3.204,38.41,31.27,10.34,48.66,15.41,2.587,10.45,2.914,4.005,23.36,3.501,4.094,10.38,.732,1.428,2.944,.687,1.634
101,2017,216,1040,12.24,7.98,3.966,2.879,27.77,18.73,5.163,3.251,-32.12,-5.774,3.437,78.5,4.375,4.806,4.571,53.67,41.22,12.47,67.58,28.99,3.402,12.72,3.464,5.173,31.68,4.821,7.01,15.21,.953,1.878,4.32,.967,2.128
101,2017,216,1050,12.24,2.448,1.471,1.393,44.2,63.68,7.75,4.27,-31.33,-4.176,18.45,108.6,2.177,1.909,2.529,62.4,15.8,4.838,92.5,82.6,2.075,5.758,1.852,2.281,22.97,2.943,3.132,13.5,.483,.824,1.867,.808,.922
101,2017,216,1100,12.24,1.999,1.23,1.381,46.44,69.83,45.43,.95,1.75,-5.244,3.734,114.1,2.594,1.788,4.179,67.54,14.03,4.902,97.6,90.5,2.132,5.974,1.904,2.401,24.09,2.852,6.827,14.44,.464,.824,1.694,1.82,.895
101,2017,216,1110,12.24,2.073,1.16,1.215,45.33,53.16,40.27,2.172,-2.868,-5.646,1.609,124.2,3.001,1.775,13.38,78.5,14.12,4.93,106.8,101.3,2.509,6.104,2.068,2.093,30.43,2.645,2.847,51.13,.513,.838,1.904,1.572,.979
101,2017,216,1120,12.24,4.607,2.277,2.17,38.85,11.3,27.07,3.317,-15.54,-7.48,2.224,117.1,15.08,2.663,5.121,81.7,24.89,7.44,104.1,88.5,3.224,7.08,2.509,3.176,37.49,3.343,3.451,54.31,.709,1.701,2.812,1.198,1.517
101,2017,216,1130,12.24,2.024,1.207,1.165,28.82,2.678,5.736,1.036,-34.69,-8.15,1.453,121.3,8.06,1.882,2.944,88.3,14.88,3.831,109,76.2,2.658,4.741,1.545,1.999,37.45,2.42,4.179,68.16,.635,.913,2.408,.824,1.161
101,2017,216,1140,12.24,1.997,1.285,1.168,20.57,2.463,1.932,.908,-36.61,-7.91,1.279,117,2.999,1.624,18.66,86.1,12.79,11.65,105.3,46.08,3.17,4.538,1.53,9.23,35.8,2.369,2.095,66.97,.568,.828,1.959,.774,2.627
101,2017,216,1150,12.24,2.021,2.981,2.768,15.26,2.602,6.205,.957,-31.6,-7.55,1.283,107.5,15.76,1.605,20.03,82.1,14.8,53.16,97.2,90,4.71,4.557,1.533,2.215,34.63,2.61,2.351,63.3,1.216,.989,2.101,.726,1.181
101,2017,216,1200,12.24,2.21,1.53,41.77,15.66,2.857,2.805,.98,-35.19,-6.298,1.396,110.9,3.4,1.65,19.69,89.7,14,5.212,101.7,39.33,6.533,4.215,1.421,2.126,38.4,2.664,2.227,69.72,14.99,2.512,2.193,.751,1.226
101,2017,216,1210,12.24,2.191,6.486,20.45,15.05,1.861,1.759,.947,-38.07,-6.581,1.267,114.5,2.228,1.644,22.39,95.3,12.5,3.805,106.7,81.3,6.417,4.123,1.376,1.944,42.14,2.222,1.969,76.6,3.8,.933,2.104,.806,1.18
101,2017,216,1220,12.24,3.093,2.118,1.104,6.673,1.91,1.625,.972,-40.42,-6.946,1.314,111.7,2.493,1.655,16.61,97.1,33.38,4.152,105.7,99.5,4.281,4.06,1.406,2.116,44.46,2.29,2.109,78.3,1.136,.987,2.297,.816,1.302
101,2017,216,1230,12.24,12.46,4.044,1.106,4.592,2.029,2.736,.988,-41.96,-6.492,1.347,109.9,3.852,1.808,8.86,98.7,82.8,62.15,104.5,91.5,3.939,3.781,1.449,2.072,46.54,2.367,15.65,79.5,.756,1.067,2.495,.829,1.342
101,2017,216,1240,12.24,2.743,7.76,1.015,4.346,1.94,1.952,1.014,-40.36,-6.124,1.36,107.3,45.35,7.09,2.798,99.6,68.66,88.7,103.1,76,34.08,3.775,1.404,2.165,48.39,2.448,34.26,81,.702,1.141,2.659,.858,1.382
101,2017,216,1250,12.24,7.69,15.11,.965,4.128,2.902,2.272,1.007,-44.7,-5.789,1.364,104.8,5.869,2.56,2.778,100.7,67.47,20.53,101.9,74.5,68.83,3.619,1.466,2.855,49.99,2.443,2.413,82.1,.689,9.07,2.664,.896,1.459
101,2017,216,1300,12.24,2.114,5.428,1.174,4.024,9.9,3.136,1.337,-42.61,-5.113,1.355,102.9,2.589,1.702,2.696,102.4,40.74,3.993,101.6,39.05,48.28,3.492,1.494,2.399,51.59,2.558,2.776,83.7,.73,33.01,2.671,1.625,1.473
101,2017,216,1310,12.24,2.046,4.691,3.858,4.056,1.813,4.679,1.501,-38.8,-4.807,1.354,100,2.873,1.647,2.868,103.1,21.25,3.934,99.8,17.85,11.53,4.07,1.421,4.465,52.71,2.949,19.47,84,.754,21.4,2.79,1.808,1.598
101,2017,216,1320,12.24,3.326,1.163,29.55,3.808,1.927,1.561,1.143,-47.34,-3.905,1.32,87.2,3.024,1.535,2.848,93.3,16.63,3.825,87.8,6.814,4.768,3.17,1.27,43.73,48.32,2.572,17.06,74.9,.684,1.453,2.801,1.072,1.491
101,2017,216,1330,12.24,1.669,1.072,3.227,3.337,5.041,1.354,1.057,-41.53,-3.85,1.267,95.1,2.949,1.459,2.667,105.7,12.2,3.723,97.1,5.494,4.514,3.17,1.297,47.01,54.79,2.528,19.62,86.8,.826,1.262,2.977,.994,1.29
101,2017,216,1340,12.25,1.598,.985,.863,3.28,1.816,1.303,4.256,-41.01,-2.736,1.23,91.2,6.728,1.439,2.666,105.3,11.76,3.585,95.1,5.145,4.249,3.173,1.342,65.88,55.31,2.344,34.63,86.9,.757,1.324,3.098,.98,1.28
101,2017,216,1350,12.25,1.655,1.208,.715,3.193,1.565,1.285,1.067,-36.76,-3.636,1.444,88,8.95,1.426,2.825,105.5,11.45,3.389,93,6.038,3.979,3.344,1.364,13.87,55.98,2.237,10.66,87.7,.742,9.12,3.188,.905,1.288
101,2017,216,1400,12.25,1.525,.994,.692,3.16,1.51,1.272,.963,-42.01,-3.337,1.37,79.6,5.904,1.421,2.982,106,11.3,3.272,90.8,5.835,12.3,7.09,1.322,1.957,56.62,2.131,15.22,87.9,.727,23.03,3.249,.885,1.292
101,2017,216,1410,12.25,1.491,.853,.741,3.151,1.598,1.778,.982,-37.57,-2.57,2.022,80.1,3.361,1.438,3.244,104.7,18.83,3.453,87.5,5.147,5.822,25.17,1.843,3.43,56.24,2.208,2.681,86.4,.754,6.05,3.279,.885,1.417
101,2017,216,1420,12.25,1.463,.828,.717,3.135,1.525,1.972,1.089,-34.45,-1.995,23.01,71.3,2.917,4.478,3.869,103.7,14.89,3.393,84.1,5.098,4.565,15.17,1.226,1.742,55.9,2.473,2.525,85.2,.751,5.219,2.614,.868,1.613
101,2017,216,1430,12.25,1.449,.767,.756,2.992,1.558,14.02,5.376,-29.31,.044,2.012,69.94,2.743,4.581,6.465,102,18.31,3.426,79.9,5.061,6.663,5.976,2.885,1.866,55.12,2.394,2.352,82.8,.789,7.78,2.21,.813,1.878
101,2017,216,1440,12.25,1.431,.754,.707,2.858,1.565,1.396,2.778,-46.55,-.633,1.515,64.3,2.506,2.141,12.64,99.6,17.11,3.178,76.8,4.758,8.41,15.77,20.67,1.776,54.28,5.666,2.257,81,.754,3.6,2.094,.685,1.794
101,2017,216,1450,12.25,1.516,.744,.7,3.004,1.583,5.433,3.768,-32.08,.374,35.35,58.51,2.513,1.593,19.42,97.9,27.18,3.153,72,4.537,11.05,5.795,1.461,3.961,53.87,55.44,2.227,78.1,2.79,1.945,2.168,.623,1.838
101,2017,216,1500,12.25,1.391,.675,.692,2.905,1.582,1.474,10.15,-30.52,3.77,19.59,52.33,2.718,1.56,25.77,95,30.91,3.103,66.98,4.482,13.1,3.162,1.129,1.98,52.31,17.49,2.124,74,12.09,4.988,2.24,.576,2.047
101,2017,216,1510,12.24,1.233,.638,.756,2.78,3.748,1.453,1.134,-37.69,-.347,5.75,45.28,2.622,1.406,31.07,88.8,19.19,2.872,59.51,4.14,51.05,3.197,1.174,1.845,48.81,3.123,2.024,21.27,16.81,4.128,2.093,.521,1.63
101,2017,216,1520,12.24,1.186,.588,.563,2.572,1.372,2.887,.895,-26.86,-.595,16.46,42.03,2.078,1.389,37.1,90.4,47.61,2.692,57.14,3.827,73,2.803,1.607,2.609,49.52,3.347,1.794,5.445,3.143,9.35,1.769,.456,1.081
101,2017,216,1530,12.24,1.094,.534,.508,2.444,1.54,22.69,.804,-8.99,-.808,58.53,35.55,1.898,1.186,28.74,88.1,65.02,2.503,53.37,3.549,65.69,2.589,.898,2.228,48.39,4.606,1.622,4.292,.55,1.136,1.617,.432,.881
101,2017,216,1540,12.24,1.057,.503,.491,2.361,1.252,38.42,.759,9.29,-1.082,29.56,32.32,1.727,1.136,5.306,88.2,69.43,2.344,50.35,6.08,39.49,2.481,.818,1.198,47.97,17.15,1.501,3.848,.459,.958,1.498,.41,.772
101,2017,216,1550,12.24,1.017,.501,.454,2.243,1.965,1.319,.709,-25.08,-1.315,1.059,27.4,1.605,1.079,2.389,84.8,66.58,2.175,45.02,9.92,24.87,2.444,.762,1.072,21.1,1.769,1.305,3.528,.404,.744,1.372,.374,.67
101,2017,216,1600,12.24,.933,.441,.454,2.186,13.72,.789,.66,-29.45,-1.185,.829,22.9,1.466,1.047,2.274,81.5,63.21,2.123,39.67,4.09,7.61,2.384,.724,1.01,11.59,1.238,.992,3.244,.33,.575,1.33,.374,.585
101,2017,216,1610,12.24,.916,.449,.39,2.064,1.005,.7,.62,-30.68,-1.823,.707,18.74,1.303,.935,1.711,77.7,59.72,1.957,27.16,2.682,4.168,2.309,.69,.947,13.21,1.143,.818,3.009,.307,.461,1.325,.367,.521
101,2017,216,1620,12.24,.861,.422,.343,1.955,.953,.665,.612,-28.01,-2.089,.648,14.91,1.123,.853,1.622,72.8,55.17,1.798,8.12,2.23,1.349,2.18,.67,.925,8.3,1.131,.737,2.897,.283,.436,1.275,.333,.499
101,2017,216,1630,12.24,.833,.41,.325,1.871,.913,.612,.99,-26.4,-2.051,.596,11.36,.761,.784,1.365,66.78,49.93,1.65,8.44,1.982,1.159,2.212,.653,.861,8.4,1.213,.685,2.718,.268,.394,1.203,.303,.467
101,2017,216,1640,12.24,.782,.404,.302,1.769,.868,.568,1.52,-27.44,-1.907,.538,8.48,.662,.761,1.129,61.53,35.94,1.521,6.832,1.771,.992,2.121,.627,.823,8.31,7.31,.64,2.488,.248,.354,1.084,.271,.437
101,2017,216,1650,12.24,.846,.427,.312,1.97,1.143,.657,.576,-34.78,-2.612,.57,8.62,.655,.923,1.163,56.47,10.71,1.556,6.971,1.741,.937,2.264,.695,1.915,13.6,21.1,.725,2.48,.293,.399,1.253,.312,.442
101,2017,216,1700,12.24,.975,.437,.337,2.215,1.268,.71,.603,-30.93,-2.604,.638,8.97,.667,1.067,1.263,48.49,11.77,1.712,7.7,1.855,1.051,2.188,.799,.952,29.52,24.67,.784,2.825,.32,.422,1.597,.357,.467
101,2017,216,1710,12.24,.732,.36,.303,1.731,.92,.533,.467,-30.48,-2.543,.504,7.72,.583,.769,1.064,33.38,9.51,1.352,6.66,1.654,.866,1.83,.568,.819,23.72,3.026,.675,2.683,.225,.35,1.154,.271,.419
101,2017,216,1720,12.24,.665,.285,.24,1.53,.833,.461,.397,-31.2,-2.77,.436,6.448,.499,.705,.833,9.59,7.93,1.193,5.482,1.344,.682,1.565,.483,.622,8.2,.943,.504,2.056,.201,.293,.994,.206,.352
101,2017,216,1730,12.24,.486,.236,.173,1.091,.56,.362,.265,-29.21,-2.998,.327,4.894,.382,.504,.58,6.937,5.722,.886,4.032,1.012,.488,1.196,.364,.456,5.018,.573,.389,1.389,.136,.211,.638,.156,.248
101,2017,216,1740,12.24,.404,.181,.139,.875,.462,.29,.211,-29.65,-2.971,.258,3.819,.293,.409,.452,4.881,4.457,.695,3.133,.778,.392,.947,.288,.382,3.891,.454,.307,1.091,.116,.158,.54,.134,.191
101,2017,216,1750,12.24,.305,.131,.094,.612,.312,.196,.134,-21.76,-3.212,.171,2.579,.203,.283,.312,3.018,2.881,.488,2.153,.528,.263,.615,.191,.25,2.477,.3,.204,.737,.069,.112,.332,.075,.132
101,2017,216,1800,12.24,.179,.069,.052,.365,.173,.111,.075,-22.05,-3.444,.096,1.295,.109,.156,.171,1.629,1.533,.277,1.171,.3,.147,.292,.097,.141,1.3,.168,.114,.432,.037,.057,.193,.039,.075
101,2017,216,1810,12.24,.062,.025,.023,.136,.059,.04,.034,-28.45,-3.501,.039,.434,.04,.055,.06,.558,.543,.091,.414,.104,.049,.102,.037,.049,.459,.059,.044,.174,.012,.027,.07,.023,.03
101,2017,216,1820,12.24,.012,0,0,.025,.012,.003,0,-24.1,-3.907,.002,.092,.002,.008,.01,.122,.116,.022,.089,.022,.008,.022,0,.01,.097,.01,.005,.042,0,.002,.012,0,0
101,2017,216,1830,12.24,0,0,0,0,0,0,0,-22.74,-3.985,0,.008,0,0,0,.015,.012,0,.003,0,0,0,0,0,.008,0,0,.002,0,0,0,0,0
101,2017,216,1840,12.24,0,0,0,0,0,0,0,-17.61,-4.099,0,0,0,0,0,0,0,0,0,0,0,0,0,0,0,0,0,0,0,0,0,0,0
101,2017,216,1850,12.24,0,0,0,0,0,0,0,-18.38,-4.156,0,0,0,0,0,0,0,0,0,0,0,0,0,0,0,0,0,0,0,0,0,0,0
101,2017,216,1900,12.24,0,0,0,0,0,0,0,-17.12,-3.954,0,0,0,0,0,0,0,0,0,0,0,0,0,0,0,0,0,0,0,0,0,0,0
101,2017,216,1910,12.23,0,0,0,0,0,0,0,-21.57,-3.913,0,0,0,0,0,0,0,0,0,0,0,0,0,0,0,0,0,0,0,0,0,0,0
101,2017,216,1920,12.23,0,0,0,0,0,0,0,-17.41,-4.166,0,0,0,0,0,0,0,0,0,0,0,0,0,0,0,0,0,0,0,0,0,0,0
101,2017,216,1930,12.23,0,0,0,0,0,0,0,-17.5,-4.319,0,0,0,0,0,0,0,0,0,0,0,0,0,0,0,0,0,0,0,0,0,0,0
101,2017,216,1940,12.23,0,0,0,0,0,0,0,-17.35,-4.547,0,0,0,0,0,0,0,0,0,0,0,0,0,0,0,0,0,0,0,0,0,0,0
101,2017,216,1950,12.23,0,0,0,0,0,0,0,-17.42,-4.599,0,0,0,0,0,0,0,0,0,0,0,0,0,0,0,0,0,0,0,0,0,0,0
101,2017,216,2000,12.23,0,0,0,0,0,0,0,-17.2,-4.686,0,0,0,0,0,0,0,0,0,0,0,0,0,0,0,0,0,0,0,0,0,0,0
101,2017,216,2010,12.23,0,0,0,0,0,0,0,-17.06,-4.765,0,0,0,0,0,0,0,0,0,0,0,0,0,0,0,0,0,0,0,0,0,0,0
101,2017,216,2020,12.23,0,0,0,0,0,0,0,-16.81,-4.892,0,0,0,0,0,0,0,0,0,0,0,0,0,0,0,0,0,0,0,0,0,0,0
101,2017,216,2030,12.23,0,0,0,0,0,0,0,-17.72,-4.922,0,0,0,0,0,0,0,0,0,0,0,0,0,0,0,0,0,0,0,0,0,0,0
101,2017,216,2040,12.23,0,0,0,0,0,0,0,-20.5,-5.268,0,0,0,0,0,0,0,0,0,0,0,0,0,0,0,0,0,0,0,0,0,0,0
101,2017,216,2050,12.23,0,0,0,0,0,0,0,-17.49,-5.889,0,0,0,0,0,0,0,0,0,0,0,0,0,0,0,0,0,0,0,0,0,0,0
101,2017,216,2100,12.23,0,0,0,0,0,0,0,-16.98,-5.571,0,0,0,0,0,0,0,0,0,0,0,0,0,0,0,0,0,0,0,0,0,0,0
101,2017,216,2110,12.23,0,0,0,0,0,0,0,-16.95,-5.589,0,0,0,0,0,0,0,0,0,0,0,0,0,0,0,0,0,0,0,0,0,0,0
101,2017,216,2120,12.23,0,0,0,0,0,0,0,-16.78,-5.79,0,0,0,0,0,0,0,0,0,0,0,0,0,0,0,0,0,0,0,0,0,0,0
101,2017,216,2130,12.23,0,0,0,0,0,0,0,-16.42,-5.836,0,0,0,0,0,0,0,0,0,0,0,0,0,0,0,0,0,0,0,0,0,0,0
101,2017,216,2140,12.23,0,0,0,0,0,0,0,-16.18,-5.911,0,0,0,0,0,0,0,0,0,0,0,0,0,0,0,0,0,0,0,0,0,0,0
101,2017,216,2150,12.23,0,0,0,0,0,0,0,-16.73,-5.99,0,0,0,0,0,0,0,0,0,0,0,0,0,0,0,0,0,0,0,0,0,0,0
101,2017,216,2200,12.23,0,0,0,0,0,0,0,-17.21,-6.203,0,0,0,0,0,0,0,0,0,0,0,0,0,0,0,0,0,0,0,0,0,0,0
101,2017,216,2210,12.23,0,0,0,0,0,0,0,-17.52,-6.394,0,0,0,0,0,0,0,0,0,0,0,0,0,0,0,0,0,0,0,0,0,0,0
101,2017,216,2220,12.23,0,0,0,0,0,0,0,-17.3,-6.684,0,0,0,0,0,0,0,0,0,0,0,0,0,0,0,0,0,0,0,0,0,0,0
101,2017,216,2230,12.23,0,0,0,0,0,0,0,-17.07,-6.856,0,0,0,0,0,0,0,0,0,0,0,0,0,0,0,0,0,0,0,0,0,0,0
101,2017,216,2240,12.23,0,0,0,0,0,0,0,-17.15,-6.992,0,0,0,0,0,0,0,0,0,0,0,0,0,0,0,0,0,0,0,0,0,0,0
101,2017,216,2250,12.23,0,0,0,0,0,0,0,-15.5,-7.15,0,0,0,0,0,0,0,0,0,0,0,0,0,0,0,0,0,0,0,0,0,0,0
101,2017,216,2300,12.23,0,0,0,0,0,0,0,-17.05,-6.95,0,0,0,0,0,0,0,0,0,0,0,0,0,0,0,0,0,0,0,0,0,0,0
101,2017,216,2310,12.23,0,0,0,0,0,0,0,-16.54,-7.12,0,0,0,0,0,0,0,0,0,0,0,0,0,0,0,0,0,0,0,0,0,0,0
101,2017,216,2320,12.23,0,0,0,0,0,0,0,-17.36,-6.972,0,0,0,0,0,0,0,0,0,0,0,0,0,0,0,0,0,0,0,0,0,0,0
101,2017,216,2330,12.23,0,0,0,0,0,0,0,-16.82,-7.34,0,0,0,0,0,0,0,0,0,0,0,0,0,0,0,0,0,0,0,0,0,0,0
101,2017,216,2340,12.22,0,0,0,0,0,0,0,-15.88,-9.84,0,0,0,0,0,0,0,0,0,0,0,0,0,0,0,0,0,0,0,0,0,0,0
101,2017,216,2350,12.22,0,0,0,0,0,0,0,-16.59,-11.35,0,0,0,0,0,0,0,0,0,0,0,0,0,0,0,0,0,0,0,0,0,0,0
101,2017,216,2400,12.22,0,0,0,0,0,0,0,-21.09,-13,0,0,0,0,0,0,0,0,0,0,0,0,0,0,0,0,0,0,0,0,0,0,0
101,2017,217,10,12.22,0,0,0,0,0,0,0,-29.83,-15.96,0,0,0,0,0,0,0,0,0,0,0,0,0,0,0,0,0,0,0,0,0,0,0
101,2017,217,20,12.22,0,0,0,0,0,0,0,-37.48,-16.59,0,0,0,0,0,0,0,0,0,0,0,0,0,0,0,0,0,0,0,0,0,0,0
101,2017,217,30,12.22,0,0,0,0,0,0,0,-42.92,-15.43,0,0,0,0,0,0,0,0,0,0,0,0,0,0,0,0,0,0,0,0,0,0,0
101,2017,217,40,12.22,0,0,0,0,0,0,0,-40.88,-15.02,0,0,0,0,0,0,0,0,0,0,0,0,0,0,0,0,0,0,0,0,0,0,0
101,2017,217,50,12.22,0,0,0,0,0,0,0,-39.65,-15.83,0,0,0,0,0,0,0,0,0,0,0,0,0,0,0,0,0,0,0,0,0,0,0
101,2017,217,100,12.22,0,0,0,0,0,0,0,-39.17,-16.3,0,0,0,0,0,0,0,0,0,0,0,0,0,0,0,0,0,0,0,0,0,0,0
101,2017,217,110,12.22,0,0,0,0,0,0,0,-33.47,-18.85,0,0,0,0,0,0,0,0,0,0,0,0,0,0,0,0,0,0,0,0,0,0,0
101,2017,217,120,12.22,0,0,0,0,0,0,0,-36.07,-17.94,0,0,0,0,0,0,0,0,0,0,0,0,0,0,0,0,0,0,0,0,0,0,0
101,2017,217,130,12.22,0,0,0,0,0,0,0,-36.56,-15.75,0,0,0,0,0,0,0,0,0,0,0,0,0,0,0,0,0,0,0,0,0,0,0
101,2017,217,140,12.22,0,0,0,0,0,0,0,-32.1,-14.96,0,0,0,0,0,0,0,0,0,0,0,0,0,0,0,0,0,0,0,0,0,0,0
101,2017,217,150,12.22,0,0,0,0,0,0,0,-28.28,-14.83,0,0,0,0,0,0,0,0,0,0,0,0,0,0,0,0,0,0,0,0,0,0,0
101,2017,217,200,12.22,0,0,0,0,0,0,0,-33.45,-14.84,0,0,0,0,0,0,0,0,0,0,0,0,0,0,0,0,0,0,0,0,0,0,0
101,2017,217,210,12.22,0,0,0,0,0,0,0,-30.95,-15.09,0,0,0,0,0,0,0,0,0,0,0,0,0,0,0,0,0,0,0,0,0,0,0
101,2017,217,220,12.22,0,0,0,0,0,0,0,-28.24,-13.94,0,0,0,0,0,0,0,0,0,0,0,0,0,0,0,0,0,0,0,0,0,0,0
101,2017,217,230,12.22,0,0,0,0,0,0,0,-28.17,-13.62,0,0,0,0,0,0,0,0,0,0,0,0,0,0,0,0,0,0,0,0,0,0,0
101,2017,217,240,12.22,0,0,0,0,0,0,0,-27.93,-13.35,0,0,0,0,0,0,0,0,0,0,0,0,0,0,0,0,0,0,0,0,0,0,0
101,2017,217,250,12.22,0,0,0,0,0,0,0,-27.48,-13.24,0,0,0,0,0,0,0,0,0,0,0,0,0,0,0,0,0,0,0,0,0,0,0
101,2017,217,300,12.22,0,0,0,0,0,0,0,-28.11,-13.4,0,0,0,0,0,0,0,0,0,0,0,0,0,0,0,0,0,0,0,0,0,0,0
101,2017,217,310,12.22,0,0,0,0,0,0,0,-27.71,-12.56,0,0,0,0,0,0,0,0,0,0,0,0,0,0,0,0,0,0,0,0,0,0,0
101,2017,217,320,12.22,0,0,0,0,0,0,0,-27.34,-12.27,0,0,0,0,0,0,0,0,0,0,0,0,0,0,0,0,0,0,0,0,0,0,0
101,2017,217,330,12.22,0,0,0,0,0,0,0,-26.81,-12.38,0,0,0,0,0,0,0,0,0,0,0,0,0,0,0,0,0,0,0,0,0,0,0
101,2017,217,340,12.22,0,0,0,0,0,0,0,-28.73,-12.41,0,0,0,0,0,0,0,0,0,0,0,0,0,0,0,0,0,0,0,0,0,0,0
101,2017,217,350,12.22,0,0,0,0,0,0,0,-28.01,-12.72,0,0,0,0,0,0,0,0,0,0,0,0,0,0,0,0,0,0,0,0,0,0,0
101,2017,217,400,12.22,0,0,0,0,0,0,0,-27.38,-12.91,0,0,0,0,0,0,0,0,0,0,0,0,0,0,0,0,0,0,0,0,0,0,0
101,2017,217,410,12.21,0,0,0,0,0,0,0,-30.18,-13.01,0,0,0,0,0,0,0,0,0,0,0,0,0,0,0,0,0,0,0,0,0,0,0
101,2017,217,420,12.21,0,0,0,0,0,0,0,-30.07,-12.79,0,0,0,0,0,0,0,0,0,0,0,0,0,0,0,0,0,0,0,0,0,0,0
101,2017,217,430,12.21,0,0,0,0,0,0,0,-24.87,-12.59,0,0,0,0,0,0,0,0,0,0,0,0,0,0,0,0,0,0,0,0,0,0,0
101,2017,217,440,12.21,0,0,0,0,0,0,0,-14.65,-12.64,0,0,0,0,0,0,0,0,0,0,0,0,0,0,0,0,0,0,0,0,0,0,0
101,2017,217,450,12.21,0,0,0,0,0,0,0,-14.25,-12.71,0,0,0,0,0,0,0,0,0,0,0,0,0,0,0,0,0,0,0,0,0,0,0
101,2017,217,500,12.21,0,0,0,0,0,0,0,-13.67,-12.11,0,0,0,0,0,0,0,0,0,0,0,0,0,0,0,0,0,0,0,0,0,0,0
101,2017,217,510,12.21,0,0,0,0,0,0,0,-13.11,-11.91,0,0,0,0,0,0,0,0,0,0,0,0,0,0,0,0,0,0,0,0,0,0,0
101,2017,217,520,12.21,0,0,0,0,0,0,0,-13.19,-12.29,0,0,0,0,0,0,0,0,0,0,0,0,0,0,0,0,0,0,0,0,0,0,0
101,2017,217,530,12.21,0,0,0,0,0,0,0,-13.53,-12.54,0,0,0,0,0,0,0,0,0,0,0,0,0,0,0,0,0,0,0,0,0,0,0
101,2017,217,540,12.21,0,0,0,0,0,0,0,-13.65,-12.5,0,0,0,0,0,0,0,0,0,0,0,0,0,0,0,0,0,0,0,0,0,0,0
101,2017,217,550,12.21,0,0,0,0,0,0,0,-13.71,-12.41,0,0,0,0,0,0,0,0,0,0,0,0,0,0,0,0,0,0,0,0,0,0,0
101,2017,217,600,12.21,0,0,0,0,0,0,0,-12.92,-12.28,0,0,0,0,0,0,0,0,0,0,0,0,0,0,0,0,0,0,0,0,0,0,0
101,2017,217,610,12.21,0,0,0,0,0,0,0,-13.17,-12.33,0,0,0,0,0,0,0,0,0,0,0,0,0,0,0,0,0,0,0,0,0,0,0
101,2017,217,620,12.21,0,0,0,0,0,0,0,-13.02,-12.27,0,0,0,0,0,0,0,0,0,0,0,0,0,0,0,0,0,0,0,0,0,0,0
101,2017,217,630,12.21,0,0,0,0,0,0,0,-14.37,-12.61,0,.003,0,0,0,0,0,0,0,0,0,0,0,0,0,0,0,0,0,0,0,0,0
101,2017,217,640,12.21,.007,0,0,.015,.003,0,0,-15.44,-12.64,0,.059,0,.003,0,.039,.03,.017,.04,.017,0,.02,0,.003,.027,.002,0,.012,0,.002,0,0,0
101,2017,217,650,12.21,.04,.022,.022,.08,.039,.029,.022,-15.23,-12.2,.022,.36,.025,.037,.029,.257,.253,.067,.263,.072,.022,.079,.03,.034,.218,.034,.032,.065,.005,.022,.03,.012,.018
101,2017,217,700,12.21,.124,.047,.034,.273,.124,.077,.044,-14.96,-11.92,.055,1.145,.069,.111,.097,.899,.904,.225,.845,.238,.069,.268,.082,.094,.759,.096,.077,.238,.034,.034,.109,.034,.037
101,2017,217,710,12.21,.245,.104,.079,.528,.253,.163,.096,-14.47,-11.74,.114,2.354,.148,.221,.205,1.911,1.955,.433,1.744,.459,.137,.538,.174,.196,1.678,.201,.158,.463,.04,.084,.223,.05,.082
101,2017,217,720,12.21,.379,.168,.119,.855,.406,.263,.158,-15.92,-12.33,.184,3.851,.228,.352,.327,3.09,3.174,.672,2.798,.724,.213,.9,.277,.315,2.738,.329,.26,.718,.082,.117,.364,.094,.121
101,2017,217,730,12.21,.496,.233,.161,1.205,.51,.36,.2,-15.68,-12.01,.253,5.61,.319,.456,.417,4.116,4.196,.979,3.987,1.05,.295,1.227,.386,.416,3.594,.424,.35,.974,.102,.166,.453,.114,.171
101,2017,217,740,12.21,.652,.302,.215,1.549,.659,.453,.255,-15.27,-10.82,.34,17.26,.454,.609,.573,7.41,5.298,1.378,5.12,1.36,.376,1.588,.479,.523,4.496,.526,.454,1.229,.139,.22,.555,.156,.218
101,2017,217,750,12.21,1.204,.481,.317,2.77,1.041,.734,.362,-15.13,-10.43,.493,50.63,.892,1.036,.83,9.69,7.24,2.309,7.18,1.799,.438,2.424,1.008,.855,5.859,.674,.666,1.48,.2,.303,.739,.196,.287
101,2017,217,800,12.21,1.061,.463,.365,2.456,.999,.679,.404,-16.37,-10.96,.533,58.53,1.226,.993,1.004,10.49,7.85,2.032,11.45,1.978,.515,5.118,1.962,1.07,6.602,.818,.716,2.106,.213,.345,.892,.228,.36
101,2017,217,810,12.21,.872,.414,.339,2.174,.972,.707,.386,-17.59,-11.43,.491,64.73,1.308,1.014,.946,9.44,7.09,1.93,14.68,1.983,.493,16.59,1.836,1.155,6.014,.743,.634,1.717,.208,.307,.751,.221,.337
101,2017,217,820,12.21,1.001,.448,.397,2.428,1.128,.837,.436,-18.98,-11.21,.552,71.6,1.392,1.293,1.029,9.52,7.62,2.119,43.99,6.47,.538,20.74,1.769,1.437,6.584,.806,2.723,1.858,.235,.352,.806,.235,.365
101,2017,217,830,12.21,1.566,1.236,.438,2.704,1.331,.981,.525,-21.02,-10.64,.617,77.3,1.366,2.508,1.128,10.03,8.14,2.315,51.64,3.437,.588,23.84,1.78,1.413,7.41,.873,.785,2.008,.263,.376,.863,.257,.625
101,2017,217,840,12.21,1.107,.49,.471,2.892,1.539,1.115,.498,-23.34,-10.33,.669,83.9,1.348,1.447,1.199,10.52,12.48,2.51,57.64,4.357,.634,27.14,1.878,1.536,10.99,.937,.838,2.092,.282,.412,.917,.293,.493
101,2017,217,850,12.22,1.15,.57,.518,3.127,1.963,1.975,.545,-24.64,-10.3,.724,90.7,1.373,1.462,1.319,11.39,17.86,2.662,63.92,4.094,.676,30.36,1.997,1.805,10.57,1.009,.909,2.179,.302,.441,.949,.303,.436
101,2017,217,900,12.22,1.227,.57,.582,5.759,2.422,19.93,1.004,-11.28,-9.43,.759,95.2,1.447,1.522,1.41,13.99,23.15,2.952,68.88,3.478,.724,32.51,3.957,4.658,9.92,2.273,1.001,2.251,.325,.436,.997,.335,.437
101,2017,217,910,12.22,1.239,.58,.659,25.68,2.801,7.76,.577,-22.7,-8.6,.805,99.5,1.52,1.559,1.485,18.04,28.13,3.728,73.6,3.64,.766,34.16,39.23,16.67,9.37,1.158,1.021,2.316,.335,.436,1.024,.354,.466
101,2017,217,920,12.22,1.25,.59,.726,35.28,2.933,1.699,1.076,-30.96,-6.997,.828,103.9,1.446,2.816,1.542,22.83,32.55,14.51,78.4,3.773,.858,35.06,45.09,1.614,9.41,1.192,1.053,2.33,.34,.451,1.059,.369,.476
101,2017,217,930,12.22,1.297,.613,.823,39.48,3.01,2.035,1.411,-33.68,-5.648,.872,106.7,1.383,13.72,1.606,27.43,36.12,5.553,82,10.5,.93,32.74,4.87,1.689,9.63,1.314,1.091,2.405,.365,.469,1.098,.389,.503
101,2017,217,940,12.22,1.373,.652,.999,41.75,8.49,2.739,.86,-34.67,-5.603,.922,109.2,1.438,1.927,1.805,32.14,39.39,3.21,85.4,12.01,1.128,19.04,2.96,28.52,9.89,1.443,1.173,2.509,.369,.484,1.148,.421,.533
101,2017,217,950,12.22,1.455,.746,1.012,43.68,45.68,19.25,1.084,-21.08,-3.97,.964,111.1,1.463,1.715,1.959,36.7,37.98,3.285,88.1,4.482,1.168,5.854,2.893,46.19,10.27,1.498,1.247,2.643,.384,.52,1.207,.436,.568
101,2017,217,1000,12.22,1.485,.731,1.044,45.49,57.4,10.7,1.472,-28,-2.995,1.004,112.8,1.604,1.644,3.496,41.19,24.09,3.328,90.7,22.24,1.188,5.467,25.44,57.61,10.61,1.658,1.322,2.767,.402,.536,1.493,.597,.62
101,2017,217,1010,12.23,1.584,.779,3.581,47.17,62.64,9.63,1.461,-30.1,-2.822,1.269,114.9,1.659,1.676,3.288,46.16,12.67,3.456,93.3,87.9,1.287,9.99,2.64,84.3,11.12,1.882,1.398,2.873,.406,.568,1.295,.469,6.481
101,2017,217,1020,12.23,3.589,1.012,5.696,48.24,66.16,8.61,2.778,-32.5,-2.564,2.767,116.8,1.605,1.969,2.52,51.42,11.73,4.067,95.7,32.07,1.399,15.03,1.989,25.97,12.98,2.147,1.883,3.172,.464,.692,1.414,.498,.766
101,2017,217,1030,12.23,6.153,1.605,1.624,51.94,70.4,3.871,6.339,-37.36,-1.776,3.267,122.5,1.925,2.914,2.984,60.25,17.5,6.635,102.3,13.53,1.659,23.65,2.374,2.394,18.94,2.52,11.95,4.477,.615,.995,2.051,.62,2.267
101,2017,217,1040,12.23,3.366,1.702,1.856,46.75,63.67,3.277,2.894,-37.9,-2.966,3.257,111.8,2.116,2.875,4.457,61.89,20.64,6.131,95.6,66.15,1.99,10.19,2.456,3.172,23.08,3.157,16.35,6.573,.627,1.096,2.612,.709,2.255
101,2017,217,1050,12.23,2.203,1.107,1.253,51.26,77.3,4.308,5.685,-38.59,-2.438,18.15,122,2.458,2.006,2.875,68.36,13.44,4.792,104,97.7,1.938,5.462,1.82,2.014,22.09,2.8,12.24,16.02,.476,.814,1.784,1.55,.925
101,2017,217,1100,12.23,1.932,1.05,1.577,47.67,76.7,40.04,.906,-7.02,-3.373,1.691,117.6,2.374,1.707,3.662,70.7,12.74,4.463,100.6,95.6,2.285,4.943,3.286,1.898,24.66,2.666,8.76,9.67,.494,.766,1.669,5.281,.851
101,2017,217,1110,12.23,2.017,1.133,1.364,32.85,45.23,36.66,1.426,-8.8,-4.318,1.314,96.9,2.801,1.704,9.8,60.13,14,4.73,82.8,75.4,2.501,5.209,5.17,2.233,23.48,2.523,3.185,36.89,.436,.746,1.664,1.511,.928
101,2017,217,1120,12.24,2.232,1.359,1.434,25.99,8.34,27.51,1.052,-17.31,-5.928,1.387,90.9,6.584,1.751,4.011,60.3,15.68,5.209,78.4,68.1,2.5,5.35,1.781,2.456,24.81,2.701,2.607,35.45,.454,.873,1.783,1.185,1.032
101,2017,217,1130,12.24,2.52,1.754,1.561,20.28,3.111,2.81,1.002,-38.94,-5.767,1.484,93,6.697,1.9,3.078,67.51,18.07,5.113,82.4,42.15,3.103,4.954,1.637,2.768,29.31,3.007,4.648,48.11,.514,1.057,2.039,.692,1.312
101,2017,217,1140,12.24,2.94,2.046,1.759,14.47,3.172,3.014,1.024,-37.85,-6.02,1.144,81.3,4.567,2.188,9.76,60.59,22.74,6.812,72.3,20.08,3.033,5.174,1.794,3.168,28.55,3.182,3.455,41.33,.585,1.243,2.503,.689,1.58
101,2017,217,1150,12.24,4.302,2.533,2.721,17.98,3.488,8.38,1.079,-32.31,-6.728,.883,102.6,15.18,2.3,13.7,75.2,19.54,40.04,91.5,77.4,3.778,6.328,2.056,2.903,33.07,3.319,3.094,54.33,.948,3.242,2.23,.742,1.277
101,2017,217,1200,12.24,4.108,2.9,44.68,20.03,4.026,7.31,1.275,-31.8,-5.933,1.03,121.7,4.23,2.645,19.19,93.2,21.78,8.14,110.3,41.22,5.839,6.315,2.121,3.163,40.6,3.662,3.381,69.34,1.704,3.128,2.577,.883,1.468
101,2017,217,1210,12.24,3.791,2.786,19.49,16.28,3.592,3.029,1.248,-35.44,-6.687,1.335,109.4,4.983,2.367,17.24,88.1,23.71,6.914,99.1,68.01,5.834,5.896,1.997,3.399,40.1,3.48,3.507,63.8,1.213,1.399,2.815,.87,1.677
101,2017,217,1220,12.24,4.369,2.895,2.196,12.99,3.354,3.084,1.451,-35.14,-6.722,2.027,125.1,5.018,2.439,16.26,106.9,49.68,7.58,117.4,99.7,5.425,5.497,2.212,3.848,50.92,3.555,4.426,81.4,1.255,1.66,3.393,1.037,2.652
101,2017,217,1230,12.24,5.572,5.1,1.995,7.5,5.162,5.053,1.247,-34.64,-6.68,1.774,108.3,5.47,2.446,7.97,95.4,68.99,54.56,102.1,80.2,4.865,4.684,1.737,3.284,45.91,3.188,8.04,73.9,.766,1.474,3.014,.901,1.729
101,2017,217,1240,12.24,2.54,9.48,1.195,4.735,4.768,2.503,1.084,-35.78,-5.886,1.459,109.8,49.87,2.696,2.965,101.3,80.1,75,105.1,65.28,33.23,3.915,1.432,2.372,49.11,2.669,20.4,81.2,.722,1.213,2.888,.885,1.498
101,2017,217,1250,12.24,4.827,3.969,1.131,4.383,1.947,4.157,1.045,-32.59,-5.623,1.416,106,4.638,1.749,3.012,101.2,59.68,12.85,102.8,61.55,73.2,3.699,1.402,3.244,50.45,2.521,2.521,82.7,.709,3.053,2.808,.925,1.511
101,2017,217,1300,12.24,2.23,4.698,2.731,4.199,3.964,9.41,1.355,-27.49,-4.939,1.391,102.9,2.707,1.706,2.848,101.8,40.66,4.14,101,41.44,48.75,3.602,1.583,2.449,51.58,2.518,2.831,83.1,.73,28.45,2.718,1.541,1.508
101,2017,217,1310,12.24,2.096,2.238,1.087,4.173,1.917,1.935,2.677,-32.07,-4.083,1.406,101.9,3.352,1.689,2.914,104.2,17.94,4.326,101,21.13,12.58,3.813,1.474,3.513,53.09,2.882,7.9,84.4,.777,18.08,2.954,3.337,1.66
101,2017,217,1320,12.24,2.409,1.345,22.66,4.316,1.917,1.736,1.176,-31.57,-3.741,1.444,93.9,3.274,1.66,3.059,100.2,16.52,4.195,94.3,7.05,4.919,3.386,1.352,49.22,52.04,2.748,9.81,80.8,.741,1.699,3.059,1.054,1.565
101,2017,217,1330,12.24,3.456,1.218,5.856,3.77,2.516,1.543,2.156,-31.94,-3.361,1.489,93.2,2.915,1.657,3.081,104.1,16.3,3.971,95.9,5.722,4.646,3.294,1.377,47.47,54.76,2.746,10.44,84.9,.834,1.392,3.217,.988,1.488
101,2017,217,1340,12.24,1.86,1.112,.868,3.736,2.036,1.506,3.068,-35.13,-2.583,1.427,90.1,2.852,1.63,3.051,104.4,15.16,3.812,94.2,5.624,4.477,3.267,1.422,64.09,55.56,2.57,17.27,85.7,.796,1.429,3.352,1.012,1.468
101,2017,217,1350,12.24,1.771,1.342,.819,3.543,1.742,1.58,3.125,-32.69,-2.076,1.454,85.9,4.643,1.637,3.24,104.2,18,3.58,91.6,5.348,4.192,3.193,1.396,17.67,56.1,2.476,5.711,85.7,.787,4.06,3.505,.962,1.489
101,2017,217,1400,12.24,1.662,.903,.764,3.393,2.071,1.391,1.059,-32.02,-2.232,1.402,82.3,4.885,1.577,3.322,104.6,13.22,3.388,89.5,5.088,9.94,19.79,1.34,2.215,56.66,2.325,6.923,86.5,.766,13.2,3.453,.915,1.441
101,2017,217,1410,12.24,1.565,.859,.734,3.203,2.892,1.907,1.035,-32.82,-1.918,1.543,77.6,3.016,1.528,3.473,103.4,13.6,3.215,86.1,4.651,5.567,34.07,1.32,2.002,56.34,2.327,2.718,85.6,.776,5.996,3.44,.89,1.496
101,2017,217,1420,12.24,1.493,.791,.714,3.108,1.538,1.437,1.092,-29.18,-1.357,27.82,73.1,2.567,3.265,3.956,102.7,12.99,3.125,83.3,4.584,4.498,13.59,1.255,1.766,56.29,2.53,2.528,85,.819,2.165,2.687,.875,1.721
101,2017,217,1430,12.24,1.449,.747,.704,3.019,1.518,16.48,1.292,-14.88,-.546,1.412,67.92,2.386,2.863,6.616,100.8,16.75,3.053,79.6,4.304,6.41,4.036,3.329,1.794,55.57,2.352,2.342,83.4,.784,15.34,2.183,.809,1.86
101,2017,217,1440,12.24,1.466,.727,.695,2.975,1.563,1.476,5.904,-30.97,1.583,1.488,64.03,2.257,1.58,13.33,101.1,16.28,2.99,77.2,4.265,8.52,17.93,14.34,1.776,56.09,3.513,2.307,82.7,.841,1.453,2.163,.707,1.781
101,2017,217,1450,12.24,1.514,.672,.648,2.856,1.468,2.429,9.6,-27.9,3.548,34.52,58.32,2.166,1.427,21.02,98.7,20.11,2.922,72.2,3.979,10.09,5.957,1.469,2.937,54.69,60.33,2.128,80.5,1.258,1.615,1.975,.623,1.694
101,2017,217,1500,12.24,1.246,.617,.608,2.704,1.397,1.349,6.356,-28.43,2.275,23.03,53.44,2.175,1.354,29.1,98.3,26.51,2.806,69.36,3.887,12.08,2.897,1.064,1.533,54.21,15.2,2.019,80,16.42,6.046,1.841,.556,2.872
101,2017,217,1510,12.24,1.188,.568,.551,2.602,1.639,1.119,.898,-27.86,-.295,5.976,47.72,2.119,1.292,36.51,95.9,19.33,2.593,64.38,3.614,60.88,2.803,.987,1.422,52.87,2.436,1.893,18.58,11.94,3.362,1.711,.494,1.102
101,2017,217,1520,12.24,1.128,.541,.521,2.498,1.386,1.119,.839,-25.6,-.196,19.05,42.35,1.845,1.23,42.89,93.6,56.9,2.454,59.35,3.443,78.5,2.622,1.982,2.352,51.75,5.145,1.746,4.488,.997,13.57,1.625,.447,.947
101,2017,217,1530,12.24,1.096,.511,.531,2.404,1.603,20.56,.797,-5.802,-.095,60.62,36.81,1.803,1.186,36.55,90.9,68.98,2.371,54.97,3.368,72.7,2.532,.885,1.34,50.23,6.254,1.625,4.096,.551,1.195,1.541,.436,.851
101,2017,217,1540,12.24,1.042,.496,.471,2.32,1.218,31,.776,1.741,-.261,21.53,31.46,1.655,1.28,9.32,87.1,69.41,2.196,49.68,5.737,49.68,2.476,.796,1.434,47.34,20.13,1.505,3.946,.446,.962,1.531,.422,.794
101,2017,217,1550,12.24,.988,.452,.449,2.228,1.791,1.173,.739,-22.62,-.442,1.084,26.44,1.53,1.121,2.478,84,67.04,2.046,44.92,7.08,41.43,2.49,.762,1.096,28.51,2.384,1.332,3.691,.382,.754,1.491,.402,.707
101,2017,217,1600,12.24,.953,.444,.483,2.143,15.83,.789,.684,-21.07,-.896,.859,22.16,1.397,1.091,2.118,81,64.03,1.905,40,3.151,8.48,2.369,.719,1.025,14.71,1.292,1.029,3.399,.34,.58,1.404,.399,.615
101,2017,217,1610,12.24,.967,.437,.384,2.091,1.017,.702,.642,-27.3,-2.016,.714,18.27,1.235,.945,1.759,77.4,60.62,1.784,26.14,2.525,3.629,2.327,.677,.97,16.63,1.171,.839,3.115,.312,.467,1.377,.387,.555
101,2017,217,1620,12.24,.866,.422,.343,1.92,.955,.65,.638,-24.18,-3.038,.638,14.27,1.067,.871,1.523,73,56.4,1.709,7.89,2.069,1.205,2.232,.635,1.03,8.94,1.163,.742,2.898,.271,.432,1.322,.342,.503
101,2017,217,1630,12.24,.823,.402,.32,1.826,.896,.601,.856,-23.06,-3.708,.575,11,.699,.792,1.337,67.7,51.49,1.578,7.75,1.892,1.047,2.146,.608,.858,8.38,1.355,.684,2.711,.255,.39,1.218,.307,.467
101,2017,217,1640,12.24,.777,.379,.293,1.734,.853,.712,2.543,-24.07,-3.703,.521,8.1,.605,.744,1.146,61.88,34.52,1.451,6.73,1.701,.932,2.044,.586,1.317,9.22,14.6,.642,2.542,.236,.348,1.119,.276,.436
101,2017,217,1650,12.24,.734,.355,.268,1.644,.806,.56,.467,-22.06,-5.474,.481,7.68,.561,.7,1.02,55.81,9.14,1.354,6.296,1.558,.851,1.94,.585,1.314,10.84,25.73,.605,2.359,.231,.323,1.009,.241,.434
101,2017,217,1700,12.24,.663,.322,.251,1.531,.751,.471,.414,-23.1,-5.976,.441,7.18,.514,.662,.925,48.58,8.1,1.262,5.867,1.446,.776,1.816,.65,.663,28.1,27.02,.581,2.171,.203,.292,.925,.211,.399
101,2017,217,1710,12.24,.608,.288,.228,1.399,.685,.436,.355,-25.9,-6.467,.421,6.554,.459,.61,.848,38.34,7.33,1.161,5.333,1.308,.672,1.654,.476,.596,24.42,4.065,.543,1.952,.194,.265,.806,.189,.357
101,2017,217,1720,12.24,.539,.263,.203,1.247,.603,.407,.307,-22,-7.18,.375,5.822,.422,.55,.752,13.92,6.486,1.066,4.738,1.178,.575,1.459,.432,.528,11.97,3.498,.467,1.706,.168,.236,.705,.168,.317
101,2017,217,1730,12.24,.469,.221,.173,1.074,.516,.348,.251,-20.52,-7.91,.317,4.961,.36,.469,.573,9.92,5.522,.893,4.031,.995,.479,1.226,.364,.442,4.983,.561,.385,1.441,.134,.201,.598,.137,.255
101,2017,217,1740,12.24,.407,.186,.139,.861,.426,.276,.198,-19.84,-8.03,.246,3.929,.283,.404,.446,6.043,4.326,.692,3.185,.784,.389,.957,.29,.36,3.713,.432,.297,1.109,.111,.157,.467,.107,.198
101,2017,217,1750,12.23,.302,.129,.097,.61,.313,.198,.142,-20.13,-8.44,.171,2.739,.198,.288,.327,3.066,2.96,.488,2.212,.539,.265,.674,.204,.253,2.558,.31,.204,.754,.075,.114,.345,.079,.137
101,2017,217,1800,12.23,.178,.074,.057,.37,.179,.109,.082,-18.82,-9.26,.095,1.523,.109,.169,.184,1.679,1.637,.297,1.236,.327,.146,.39,.117,.142,1.421,.174,.117,.427,.044,.06,.193,.044,.077
101,2017,217,1810,12.23,.069,.027,.025,.144,.067,.044,.034,-17.02,-9.6,.042,.563,.045,.064,.067,.64,.623,.116,.472,.129,.057,.149,.047,.059,.545,.069,.047,.176,.018,.03,.072,.023,.032
101,2017,217,1820,12.23,.013,0,0,.027,.012,.005,.005,-19.84,-9.95,.005,.112,.005,.012,.015,.142,.137,.023,.099,.028,.008,.03,.003,.013,.119,.017,.003,.037,0,.002,.017,0,0
101,2017,217,1830,12.23,0,0,0,0,0,0,0,-17.29,-10.87,0,.01,0,0,0,.015,.01,0,.005,0,0,0,0,0,.008,0,0,0,0,0,0,0,0
101,2017,217,1840,12.23,0,0,0,0,0,0,0,-12.69,-11.7,0,0,0,0,0,0,0,0,0,0,0,0,0,0,0,0,0,0,0,0,0,0,0
101,2017,217,1850,12.23,0,0,0,0,0,0,0,-12.91,-12.61,0,0,0,0,0,0,0,0,0,0,0,0,0,0,0,0,0,0,0,0,0,0,0
101,2017,217,1900,12.23,0,0,0,0,0,0,0,-11.89,-12.45,0,0,0,0,0,0,0,0,0,0,0,0,0,0,0,0,0,0,0,0,0,0,0
101,2017,217,1910,12.23,0,0,0,0,0,0,0,-14.29,-11.89,0,0,0,0,0,0,0,0,0,0,0,0,0,0,0,0,0,0,0,0,0,0,0
101,2017,217,1920,12.23,0,0,0,0,0,0,0,-14.59,-11.89,0,0,0,0,0,0,0,0,0,0,0,0,0,0,0,0,0,0,0,0,0,0,0
101,2017,217,1930,12.23,0,0,0,0,0,0,0,-15.05,-12.06,0,0,0,0,0,0,0,0,0,0,0,0,0,0,0,0,0,0,0,0,0,0,0
101,2017,217,1940,12.23,0,0,0,0,0,0,0,-15.73,-12.32,0,0,0,0,0,0,0,0,0,0,0,0,0,0,0,0,0,0,0,0,0,0,0
101,2017,217,1950,12.23,0,0,0,0,0,0,0,-14.62,-13.62,0,0,0,0,0,0,0,0,0,0,0,0,0,0,0,0,0,0,0,0,0,0,0
101,2017,217,2000,12.22,0,0,0,0,0,0,0,-15.74,-13.83,0,0,0,0,0,0,0,0,0,0,0,0,0,0,0,0,0,0,0,0,0,0,0
101,2017,217,2010,12.22,0,0,0,0,0,0,0,-16.1,-13.02,0,0,0,0,0,0,0,0,0,0,0,0,0,0,0,0,0,0,0,0,0,0,0
101,2017,217,2020,12.22,0,0,0,0,0,0,0,-15.94,-12.59,0,0,0,0,0,0,0,0,0,0,0,0,0,0,0,0,0,0,0,0,0,0,0
101,2017,217,2030,12.22,0,0,0,0,0,0,0,-15.43,-12.62,0,0,0,0,0,0,0,0,0,0,0,0,0,0,0,0,0,0,0,0,0,0,0
101,2017,217,2040,12.22,0,0,0,0,0,0,0,-15.15,-13.06,0,0,0,0,0,0,0,0,0,0,0,0,0,0,0,0,0,0,0,0,0,0,0
101,2017,217,2050,12.22,0,0,0,0,0,0,0,-14.25,-13.42,0,0,0,0,0,0,0,0,0,0,0,0,0,0,0,0,0,0,0,0,0,0,0
101,2017,217,2100,12.22,0,0,0,0,0,0,0,-15.19,-13.04,0,0,0,0,0,0,0,0,0,0,0,0,0,0,0,0,0,0,0,0,0,0,0
101,2017,217,2110,12.22,0,0,0,0,0,0,0,-14.8,-12.48,0,0,0,0,0,0,0,0,0,0,0,0,0,0,0,0,0,0,0,0,0,0,0
101,2017,217,2120,12.22,0,0,0,0,0,0,0,-12.4,-12.49,0,0,0,0,0,0,0,0,0,0,0,0,0,0,0,0,0,0,0,0,0,0,0
101,2017,217,2130,12.22,0,0,0,0,0,0,0,-12.59,-12.48,0,0,0,0,0,0,0,0,0,0,0,0,0,0,0,0,0,0,0,0,0,0,0
101,2017,217,2140,12.22,0,0,0,0,0,0,0,-13.29,-12.73,0,0,0,0,0,0,0,0,0,0,0,0,0,0,0,0,0,0,0,0,0,0,0
101,2017,217,2150,12.22,0,0,0,0,0,0,0,-11.59,-12.85,0,0,0,0,0,0,0,0,0,0,0,0,0,0,0,0,0,0,0,0,0,0,0
101,2017,217,2200,12.22,0,0,0,0,0,0,0,-9.78,-13.22,0,0,0,0,0,0,0,0,0,0,0,0,0,0,0,0,0,0,0,0,0,0,0
101,2017,217,2210,12.22,0,0,0,0,0,0,0,-8.2,-13.5,0,0,0,0,0,0,0,0,0,0,0,0,0,0,0,0,0,0,0,0,0,0,0
101,2017,217,2220,12.22,0,0,0,0,0,0,0,-9.79,-13.27,0,0,0,0,0,0,0,0,0,0,0,0,0,0,0,0,0,0,0,0,0,0,0
101,2017,217,2230,12.22,0,0,0,0,0,0,0,-11.63,-13.39,0,0,0,0,0,0,0,0,0,0,0,0,0,0,0,0,0,0,0,0,0,0,0
101,2017,217,2240,12.22,0,0,0,0,0,0,0,-11.35,-13.22,0,0,0,0,0,0,0,0,0,0,0,0,0,0,0,0,0,0,0,0,0,0,0
101,2017,217,2250,12.22,0,0,0,0,0,0,0,-9.51,-13.04,0,0,0,0,0,0,0,0,0,0,0,0,0,0,0,0,0,0,0,0,0,0,0
101,2017,217,2300,12.21,0,0,0,0,0,0,0,-9.32,-12.89,0,0,0,0,0,0,0,0,0,0,0,0,0,0,0,0,0,0,0,0,0,0,0
101,2017,217,2310,12.22,0,0,0,0,0,0,0,-10.36,-12.65,0,0,0,0,0,0,0,0,0,0,0,0,0,0,0,0,0,0,0,0,0,0,0
101,2017,217,2320,12.22,0,0,0,0,0,0,0,-10.66,-12.77,0,0,0,0,0,0,0,0,0,0,0,0,0,0,0,0,0,0,0,0,0,0,0
101,2017,217,2330,12.21,0,0,0,0,0,0,0,-10.86,-12.55,0,0,0,0,0,0,0,0,0,0,0,0,0,0,0,0,0,0,0,0,0,0,0
101,2017,217,2340,12.21,0,0,0,0,0,0,0,-11.74,-11.83,0,0,0,0,0,0,0,0,0,0,0,0,0,0,0,0,0,0,0,0,0,0,0
101,2017,217,2350,12.21,0,0,0,0,0,0,0,-12.36,-12.44,0,0,0,0,0,0,0,0,0,0,0,0,0,0,0,0,0,0,0,0,0,0,0
101,2017,217,2400,12.21,0,0,0,0,0,0,0,-12.58,-12.66,0,0,0,0,0,0,0,0,0,0,0,0,0,0,0,0,0,0,0,0,0,0,0
101,2017,218,10,12.21,0,0,0,0,0,0,0,-12.23,-12.73,0,0,0,0,0,0,0,0,0,0,0,0,0,0,0,0,0,0,0,0,0,0,0
101,2017,218,20,12.21,0,0,0,0,0,0,0,-12.54,-12.45,0,0,0,0,0,0,0,0,0,0,0,0,0,0,0,0,0,0,0,0,0,0,0
101,2017,218,30,12.21,0,0,0,0,0,0,0,-11.9,-11.97,0,0,0,0,0,0,0,0,0,0,0,0,0,0,0,0,0,0,0,0,0,0,0
101,2017,218,40,12.21,0,0,0,0,0,0,0,-12.22,-11.82,0,0,0,0,0,0,0,0,0,0,0,0,0,0,0,0,0,0,0,0,0,0,0
101,2017,218,50,12.21,0,0,0,0,0,0,0,-12.28,-12.02,0,0,0,0,0,0,0,0,0,0,0,0,0,0,0,0,0,0,0,0,0,0,0
101,2017,218,100,12.21,0,0,0,0,0,0,0,-12.32,-12.02,0,0,0,0,0,0,0,0,0,0,0,0,0,0,0,0,0,0,0,0,0,0,0
101,2017,218,110,12.21,0,0,0,0,0,0,0,-12.29,-11.62,0,0,0,0,0,0,0,0,0,0,0,0,0,0,0,0,0,0,0,0,0,0,0
101,2017,218,120,12.21,0,0,0,0,0,0,0,-11.76,-11.81,0,0,0,0,0,0,0,0,0,0,0,0,0,0,0,0,0,0,0,0,0,0,0
101,2017,218,130,12.21,0,0,0,0,0,0,0,-11.47,-11.41,0,0,0,0,0,0,0,0,0,0,0,0,0,0,0,0,0,0,0,0,0,0,0
101,2017,218,140,12.21,0,0,0,0,0,0,0,-11.59,-11.62,0,0,0,0,0,0,0,0,0,0,0,0,0,0,0,0,0,0,0,0,0,0,0
101,2017,218,150,12.21,0,0,0,0,0,0,0,-11.1,-11.89,0,0,0,0,0,0,0,0,0,0,0,0,0,0,0,0,0,0,0,0,0,0,0
101,2017,218,200,12.21,0,0,0,0,0,0,0,-11.22,-11.77,0,0,0,0,0,0,0,0,0,0,0,0,0,0,0,0,0,0,0,0,0,0,0
101,2017,218,210,12.21,0,0,0,0,0,0,0,-12.57,-11.42,0,0,0,0,0,0,0,0,0,0,0,0,0,0,0,0,0,0,0,0,0,0,0
101,2017,218,220,12.21,0,0,0,0,0,0,0,-12.51,-11.33,0,0,0,0,0,0,0,0,0,0,0,0,0,0,0,0,0,0,0,0,0,0,0
101,2017,218,230,12.21,0,0,0,0,0,0,0,-12.53,-11.32,0,0,0,0,0,0,0,0,0,0,0,0,0,0,0,0,0,0,0,0,0,0,0
101,2017,218,240,12.21,0,0,0,0,0,0,0,-10.15,-11.25,0,0,0,0,0,0,0,0,0,0,0,0,0,0,0,0,0,0,0,0,0,0,0
101,2017,218,250,12.21,0,0,0,0,0,0,0,-10.25,-11.28,0,0,0,0,0,0,0,0,0,0,0,0,0,0,0,0,0,0,0,0,0,0,0
101,2017,218,300,12.21,0,0,0,0,0,0,0,-10.46,-11.39,0,0,0,0,0,0,0,0,0,0,0,0,0,0,0,0,0,0,0,0,0,0,0
101,2017,218,310,12.21,0,0,0,0,0,0,0,-10.88,-11.42,0,0,0,0,0,0,0,0,0,0,0,0,0,0,0,0,0,0,0,0,0,0,0
101,2017,218,320,12.21,0,0,0,0,0,0,0,-12.44,-11.03,0,0,0,0,0,0,0,0,0,0,0,0,0,0,0,0,0,0,0,0,0,0,0
101,2017,218,330,12.21,0,0,0,0,0,0,0,-11.98,-11.06,0,0,0,0,0,0,0,0,0,0,0,0,0,0,0,0,0,0,0,0,0,0,0
101,2017,218,340,12.21,0,0,0,0,0,0,0,-11.98,-11.14,0,0,0,0,0,0,0,0,0,0,0,0,0,0,0,0,0,0,0,0,0,0,0
101,2017,218,350,12.21,0,0,0,0,0,0,0,-11.8,-11.21,0,0,0,0,0,0,0,0,0,0,0,0,0,0,0,0,0,0,0,0,0,0,0
101,2017,218,400,12.21,0,0,0,0,0,0,0,-11.56,-11.25,0,0,0,0,0,0,0,0,0,0,0,0,0,0,0,0,0,0,0,0,0,0,0
101,2017,218,410,12.21,0,0,0,0,0,0,0,-11.44,-11.26,0,0,0,0,0,0,0,0,0,0,0,0,0,0,0,0,0,0,0,0,0,0,0
101,2017,218,420,12.21,0,0,0,0,0,0,0,-11.05,-11.19,0,0,0,0,0,0,0,0,0,0,0,0,0,0,0,0,0,0,0,0,0,0,0
101,2017,218,430,12.21,0,0,0,0,0,0,0,-11.14,-11.13,0,0,0,0,0,0,0,0,0,0,0,0,0,0,0,0,0,0,0,0,0,0,0
101,2017,218,440,12.21,0,0,0,0,0,0,0,-11.33,-11.1,0,0,0,0,0,0,0,0,0,0,0,0,0,0,0,0,0,0,0,0,0,0,0
101,2017,218,450,12.21,0,0,0,0,0,0,0,-11.4,-11.6,0,0,0,0,0,0,0,0,0,0,0,0,0,0,0,0,0,0,0,0,0,0,0
101,2017,218,500,12.21,0,0,0,0,0,0,0,-10.93,-12.23,0,0,0,0,0,0,0,0,0,0,0,0,0,0,0,0,0,0,0,0,0,0,0
101,2017,218,510,12.21,0,0,0,0,0,0,0,-11.04,-12.17,0,0,0,0,0,0,0,0,0,0,0,0,0,0,0,0,0,0,0,0,0,0,0
101,2017,218,520,12.21,0,0,0,0,0,0,0,-11.3,-12.48,0,0,0,0,0,0,0,0,0,0,0,0,0,0,0,0,0,0,0,0,0,0,0
101,2017,218,530,12.21,0,0,0,0,0,0,0,-10.99,-11.8,0,0,0,0,0,0,0,0,0,0,0,0,0,0,0,0,0,0,0,0,0,0,0
101,2017,218,540,12.21,0,0,0,0,0,0,0,-11.76,-11.31,0,0,0,0,0,0,0,0,0,0,0,0,0,0,0,0,0,0,0,0,0,0,0
101,2017,218,550,12.21,0,0,0,0,0,0,0,-11.83,-11.32,0,0,0,0,0,0,0,0,0,0,0,0,0,0,0,0,0,0,0,0,0,0,0
101,2017,218,600,12.21,0,0,0,0,0,0,0,-11.75,-11.7,0,0,0,0,0,0,0,0,0,0,0,0,0,0,0,0,0,0,0,0,0,0,0
101,2017,218,610,12.21,0,0,0,0,0,0,0,-11.66,-11.93,0,0,0,0,0,0,0,0,0,0,0,0,0,0,0,0,0,0,0,0,0,0,0
101,2017,218,620,12.21,0,0,0,0,0,0,0,-10.88,-12.22,0,0,0,0,0,0,0,0,0,0,0,0,0,0,0,0,0,0,0,0,0,0,0
101,2017,218,630,12.21,0,0,0,0,0,0,0,-11.83,-10.86,0,.003,0,0,0,0,0,0,0,0,0,0,0,0,0,0,0,0,0,0,0,0,0
101,2017,218,640,12.21,.007,0,0,.013,.005,0,0,-13.22,-11,0,.067,0,.007,0,.044,.035,.017,.04,.015,0,.018,0,.003,.03,0,0,.015,0,0,.002,0,0
101,2017,218,650,12.21,.044,.025,.018,.087,.042,.03,.023,-13.97,-11.04,.023,.392,.025,.039,.034,.285,.282,.072,.287,.079,.022,.089,.03,.035,.245,.035,.03,.074,.005,.02,.039,.015,.013
101,2017,218,700,12.21,.131,.052,.039,.293,.132,.082,.047,-14.52,-11.1,.06,1.227,.074,.119,.107,.966,.981,.236,.9,.251,.072,.298,.089,.101,.835,.111,.084,.255,.034,.039,.121,.034,.04
101,2017,218,710,12.21,.257,.111,.08,.543,.26,.169,.099,-14.83,-10.88,.121,2.429,.143,.23,.211,1.982,2.032,.446,1.796,.469,.143,.56,.171,.2,1.745,.211,.164,.481,.047,.086,.236,.052,.086
101,2017,218,720,12.21,.396,.173,.117,.878,.404,.262,.154,-14.22,-10.88,.184,3.864,.221,.36,.325,3.086,3.177,.697,2.84,.733,.22,.894,.272,.315,2.713,.33,.258,.728,.077,.119,.357,.097,.124
101,2017,218,730,12.21,.51,.238,.164,1.231,.518,.365,.205,-14.14,-10.54,.262,5.601,.303,.459,.422,4.211,4.273,.987,3.997,1.051,.303,1.249,.376,.419,3.683,.434,.354,1.006,.101,.166,.463,.119,.174
101,2017,218,740,12.21,.624,.292,.208,1.502,.639,.441,.248,-14.66,-10.61,.334,18.36,.421,.57,.582,7.79,5.241,1.314,4.988,1.306,.374,1.529,.444,.506,4.483,.531,.438,1.241,.132,.208,.568,.159,.221
101,2017,218,750,12.21,.726,.337,.25,1.762,.754,.51,.305,-14.74,-10.5,.411,51.74,.865,.728,.758,8.9,6.094,1.574,6.143,1.522,.428,1.941,.744,.713,5.105,.622,1.226,1.432,.166,.24,.649,.168,.255
101,2017,218,800,12.21,.816,.376,.297,1.983,.855,.609,.355,-14.92,-10.52,.446,59.78,1.157,.89,.865,9.34,6.585,1.757,8.97,1.734,.449,5.491,1.304,1.122,5.578,.692,.719,1.599,.184,.283,.711,.198,.308
101,2017,218,810,12.21,.897,.441,.347,2.185,.986,.714,.396,-15.48,-10.96,.505,67.92,1.304,1.053,.962,9.59,7.09,1.938,15.5,1.977,.488,17.8,2.22,1.204,6.012,.749,.64,1.752,.213,.312,.768,.226,.34
101,2017,218,820,12.21,.994,.771,.399,2.397,1.13,.838,.438,-16.03,-10.83,.56,74.4,1.363,1.283,1.044,9.57,7.65,2.094,46.38,3.96,.536,21.87,1.889,4.144,6.758,.816,4.443,1.876,.235,.36,.816,.235,.376
101,2017,218,830,12.21,1.442,1.133,.438,2.615,1.323,.976,.598,-18.1,-11.03,.617,80.8,1.333,2.543,1.241,10,8.07,2.27,54.09,2.768,.588,25.25,1.769,1.41,7.82,.88,.775,1.992,.263,.376,.868,.26,.734
101,2017,218,840,12.21,1.11,.503,.473,2.851,1.547,1.116,.664,-19.56,-10.76,.676,86.5,1.294,1.468,1.209,10.45,12.78,2.477,59.69,7.32,.62,28.3,1.84,1.532,11.08,.939,.838,2.094,.292,.421,.922,.293,.471
101,2017,218,850,12.21,1.18,.57,.521,3.136,2.023,1.617,.533,-21.41,-10.9,.726,91.6,1.312,1.483,1.306,11.32,18.37,2.643,64.98,3.55,.669,30.93,1.904,3.248,10.5,1.007,.912,2.189,.313,1.088,.955,.308,.436
101,2017,218,900,12.21,1.24,.595,.587,7.26,2.501,20.42,.727,-7.91,-11.08,.771,96.1,1.396,1.562,1.413,13.98,23.87,2.925,69.8,3.386,.722,33.05,2.682,1.639,9.81,3.617,1.012,2.278,.332,.442,1.006,.339,.453
101,2017,218,910,12.21,1.317,.608,.672,32.03,2.858,7.83,.622,-20.6,-10.76,.82,99.4,1.468,1.612,1.493,18.16,28.84,3.24,73.7,3.603,.773,34.21,33.14,8.64,9.45,1.202,1.049,2.373,.344,.459,1.064,.365,.469
101,2017,218,920,12.22,1.363,.647,.751,37.11,2.99,1.773,.793,-27.12,-10.47,.861,102.9,1.413,2.308,1.567,22.99,33.16,4.894,77.8,3.843,.855,34.61,44.92,1.629,9.64,1.237,1.098,2.454,.369,.469,1.108,.374,.498
101,2017,218,930,12.22,1.415,.67,.843,40.04,3.064,2.028,.898,-27.94,-10.01,.905,106.1,1.344,14.03,1.629,27.64,36.86,3.468,81.8,16.48,.94,33.11,4.688,1.72,9.92,1.361,1.141,2.532,.369,.486,1.155,.404,.528
101,2017,218,940,12.22,1.441,.699,.99,42.44,11,3.66,.694,-26.6,-9.22,.939,109,1.408,1.79,1.906,32.25,40.39,3.23,85.3,13.6,1.158,19.62,2.869,25.6,10.09,1.461,1.2,2.588,.375,.506,1.19,.434,.55
101,2017,218,950,12.22,1.456,.729,1.029,44.51,48.69,22.41,1.068,-11.1,-7.42,.974,111.3,1.441,1.746,1.999,36.82,37.48,3.241,88.7,4.497,1.172,6.24,2.304,73.4,10.35,1.508,1.254,2.677,.402,.533,1.218,.436,.58
101,2017,218,1000,12.22,1.54,.752,1.12,46.61,58.32,7.65,.985,-24.28,-6.786,1.021,113.7,1.525,1.678,3.585,41.63,25.27,3.362,91.6,28.77,1.207,5.319,30.81,79.9,10.78,1.686,1.346,2.832,.402,.548,1.458,.511,.62
101,2017,218,1010,12.22,1.587,.809,3.536,47.83,63.11,6.17,.831,-26.95,-6.028,1.213,114.8,1.622,1.684,3.412,46.58,15.71,3.422,94,88.6,1.319,6.76,3.055,83.1,11.29,1.912,1.423,3.008,.406,.571,1.331,.469,3.291
101,2017,218,1020,12.22,2.083,.833,3.122,49.39,68.37,1.666,1.369,-32.28,-5.511,2.336,116.6,1.506,1.691,2.554,51.74,10.5,3.47,96.8,30.41,1.34,11.05,1.753,35.01,12.46,2.113,1.736,3.036,.434,.603,1.347,.576,1.754
101,2017,218,1030,12.23,2.483,.876,1.208,50.62,72.8,6.089,8.57,-28.77,-3.728,1.31,117.9,1.567,1.677,2.356,56.6,10.49,3.571,99,10.35,1.461,17.86,1.64,1.758,14.64,2.197,18.08,3.202,.436,.625,1.615,.494,5.437
101,2017,218,1040,12.23,1.754,.913,1.173,51.45,76.3,2.574,2.967,-32.56,-5.253,1.551,118.6,1.58,1.675,3.924,61.46,10.66,3.658,100.6,71.9,1.526,6.012,1.59,1.709,17.39,2.299,22.54,3.374,.436,.648,1.451,.529,8.1
101,2017,218,1050,12.23,1.846,.967,1.158,51.88,78.8,3.26,6.625,-32.07,-3.909,6.762,118.9,1.58,1.675,2.59,66.05,10.79,3.735,102.1,97.7,1.585,4.623,1.498,1.699,20.79,2.428,21.37,16.92,.439,.734,1.473,.645,.762
101,2017,218,1100,12.23,1.96,1.061,1.355,49.22,80.6,38.33,.851,-2.064,-5.527,1.253,118.2,1.685,1.654,3.363,70.3,11.19,3.82,102.9,99.1,1.99,4.557,1.696,1.732,24.69,2.471,8.69,11.5,.471,.715,1.52,6.837,.803
101,2017,218,1110,12.23,1.995,1.138,1.126,41.05,44.65,47.68,.871,5.579,-6.534,1.236,118.1,1.803,1.61,14.46,74.8,11.28,3.793,103.8,100.4,3.14,4.519,4.549,1.742,28.2,2.285,2.191,52.04,.472,.741,1.57,5.887,.839
101,2017,218,1120,12.23,2.021,1.181,1.119,32.21,3.423,26.14,.863,-12.89,-7.72,1.24,118.5,13.34,1.65,3.252,79.5,11.3,3.745,105.5,102.1,2.433,4.457,1.431,1.731,31.28,2.196,1.749,53.9,.498,.776,1.63,3.291,.881
101,2017,218,1130,12.23,2.21,1.315,1.126,23.71,2.396,3.909,.895,-32.94,-7.85,1.3,118,6.941,1.699,2.619,83.2,12.08,3.919,106.2,63.9,2.381,4.495,1.439,1.794,34.18,2.23,19.57,66.14,.543,.821,1.763,.72,.928
101,2017,218,1140,12.23,2.228,1.391,1.327,15.08,2.195,6.77,.908,-30.07,-7.27,1.307,117.4,2.124,1.69,23.46,86.8,12.19,6.382,106.9,36.51,2.729,4.368,1.404,1.853,36.55,2.217,2.069,69.45,.57,.844,1.942,.995,.992
101,2017,218,1150,12.23,2.293,1.484,1.918,12.49,2.034,10.25,.952,-27.66,-7.04,1.35,117,22.07,1.702,11.7,89.9,12.42,41.37,107.5,102.1,3.929,4.324,1.399,1.886,38.29,2.268,2.052,72.5,.667,7.31,2.074,.754,1.074
101,2017,218,1200,12.23,2.375,1.627,62.29,17.61,2.022,4.421,.988,-32.89,-5.533,1.35,116.1,2.292,1.769,19.63,92.5,13.02,4.175,107.7,34.4,5.547,4.53,1.399,1.97,40.18,2.307,2.087,74.7,11.76,1.029,2.23,.777,1.156
101,2017,218,1210,12.23,2.607,1.875,46.89,13.16,1.968,1.761,.99,-35.86,-5.411,1.35,116,2.478,1.732,22.14,95.7,13.71,4.332,108.5,86.9,5.6,6.768,1.452,2.055,42.73,2.33,2.156,77.3,1.886,.993,2.308,.823,1.248
101,2017,218,1220,12.24,2.31,1.828,1.461,7.21,1.874,1.628,.973,-37.19,-5.854,1.385,113.9,2.298,1.65,15.89,98,41.2,4.148,107.8,101.3,4.146,4.05,1.377,2.169,45.23,2.315,2.22,79.8,1.348,1.013,2.348,.838,1.357
101,2017,218,1230,12.24,2.414,1.998,1.385,5.43,6.824,3.31,.995,-35.69,-5.327,1.363,104.5,5.953,1.918,6.635,92.3,79.1,59.36,98.9,78.7,4.015,5.005,1.486,2.338,43.74,2.745,6.065,73,.68,1.196,2.631,.801,1.506
101,2017,218,1240,12.24,3.003,15.44,1.223,5.755,6.172,3.599,1.065,-33.39,-4.517,1.509,113.1,46.41,2.013,2.933,102.4,84.2,66.16,108.7,54.31,35.02,4.429,1.534,3.725,50.04,3.028,9.95,83.6,.722,1.211,2.827,.921,1.392
101,2017,218,1250,12.24,5.046,3.889,1.544,8.87,3.73,5.974,1.286,-30.99,-4.237,1.924,116.5,3.507,2.407,3.182,107.9,74.6,9,113.2,51.16,75.2,5.365,1.946,3.008,54.3,3.547,3.71,86,.775,1.868,3.145,1.054,1.653
101,2017,218,1300,12.24,4.515,2.174,4.678,8.89,9.21,16.99,1.496,-21.04,-3.728,2.017,114.5,3.78,2.7,3.536,110.7,52.56,7.44,112.3,23.24,50.1,5.353,2.561,3.963,56.92,21.03,4.12,86.4,.881,13.52,3.666,2.618,1.903
101,2017,218,1310,12.24,3.229,1.643,1.383,6.428,2.532,2.122,2.472,-34.35,-3.16,1.807,106.4,3.433,2.435,3.546,108.5,25.85,5.803,105.9,20.49,12.68,4.733,1.995,7.01,57.23,32.63,4.49,85.5,.928,21.37,3.717,4.375,1.854
101,2017,218,1320,12.24,2.305,1.39,18.39,4.827,2.276,1.864,1.745,-35.58,-2.809,1.526,100.4,3.505,1.847,3.191,105.3,16.37,4.693,100.6,8.19,4.87,4.04,1.554,57.06,54.89,3.11,4.931,84.9,.864,1.658,3.311,1.089,1.611
101,2017,218,1330,12.24,2.052,1.214,8.9,4.077,1.995,1.593,4.063,-35.2,-1.715,1.464,94.8,3.075,1.811,3.033,104.9,17.06,4.13,97.3,6.299,4.425,3.685,1.444,56.66,55.59,2.837,4.098,85.7,.891,1.397,3.313,1.018,1.464
101,2017,218,1340,12.24,1.879,1.105,.899,3.822,1.874,1.722,4.38,-34.2,-.997,1.462,92.1,3.273,1.683,3.104,105.8,14.59,4.051,95.6,6.287,4.494,3.619,1.489,56.6,56.35,2.616,6.267,86.4,.839,1.479,3.454,1.03,1.497
101,2017,218,1350,12.24,1.953,1.187,.963,4.358,2.067,2.063,4.279,-34.96,-.873,1.558,90.9,6.329,1.749,3.442,107.1,15.39,4.246,95.6,7.91,4.477,3.897,1.551,19.41,57.17,2.799,3.869,87,.837,3.284,3.593,.995,1.601
101,2017,218,1400,12.24,1.695,.94,.797,3.5,4.261,1.698,1.127,-33.59,-1.599,1.471,84,6.234,1.645,3.48,106.2,14.31,3.634,90.9,5.782,9.23,20.83,1.39,4.453,57.32,2.452,3.368,86.8,.836,19.47,3.542,.951,1.526
101,2017,218,1410,12.24,1.598,.859,.754,3.237,2.464,1.486,1.089,-34,-1.492,5.108,78.9,3.145,1.646,3.618,105.2,13.32,3.331,87.6,4.72,4.182,34.44,1.591,1.996,57.36,2.405,2.79,86.9,.837,3.996,3.452,.896,1.561
101,2017,218,1420,12.24,1.502,.794,.719,3.13,1.571,1.393,1.094,-32.95,-1.594,31.5,75,2.544,2.058,3.971,104.9,12.79,3.127,85.4,4.42,4.696,8.41,1.276,1.772,57.74,2.497,2.544,87.5,.837,1.883,2.608,.883,1.859
101,2017,218,1430,12.24,1.502,.774,.703,3.095,1.558,19.07,2.918,-17.15,-.534,1.472,70.4,2.405,2.583,6.718,103.6,13.17,3.107,82.2,4.361,6.673,3.864,3.65,1.864,57.43,2.375,2.368,86.2,.849,35.66,2.154,.816,1.951
101,2017,218,1440,12.25,1.608,.894,.752,3.432,2.072,2.293,7.06,-30.58,1.742,1.603,67.62,2.398,1.951,14.12,103.5,15.67,3.351,79.7,4.854,8.78,18.66,12.39,1.832,58.37,3.762,2.442,84.6,1.007,1.784,2.179,.73,1.909
101,2017,218,1450,12.24,1.816,.951,.77,3.805,2.345,1.708,17.45,-31.43,6.031,16.25,63.53,2.537,2.212,21.83,102.6,24.14,3.696,76.1,5.083,10.43,8.11,1.847,1.867,58.54,59.18,2.519,82.1,1.34,3.07,2.316,.692,2.015
101,2017,218,1500,12.24,2.712,1.097,.935,5.971,2.948,2.839,6.674,-30.79,1.672,32.01,60.59,2.707,2.864,29.08,102.6,33.31,4.988,73.9,5.725,13.4,5.524,1.717,2.251,59.36,11.39,2.685,76.9,18.98,11.31,2.799,.734,4.809
101,2017,218,1510,12.24,3.1,1.186,1.022,7.41,3.675,2.219,1.576,-34.39,-.775,6.832,31.22,2.218,2.76,7.52,41.23,26.99,5.346,30.51,6.143,7.98,5.648,1.7,2.514,28.34,3.196,2.167,15.75,1.661,1.911,3.817,.677,1.392
101,2017,218,1520,12.24,3.465,1.127,1.286,7.12,3.437,2.536,1.754,-34.93,-.489,14.49,48.65,2.971,2.908,34.26,92.1,62.91,5.706,61.83,6.564,59.57,5.036,2.114,3.137,55.58,8.04,2.958,11.48,1.325,15.75,4.465,.899,1.998
101,2017,218,1530,12.24,3.249,1.213,1.234,6.391,3.774,21.13,1.611,-16.56,-.146,58.12,48.68,2.993,2.676,39.94,104.7,82.6,5.227,67.03,6.378,73.9,4.613,1.943,2.757,61.39,12.17,2.946,9.85,1.057,1.99,3.976,.886,1.869
101,2017,218,1540,12.24,1.883,.821,.958,3.978,2.157,20.2,1.355,-17.07,-.454,21.25,38.63,2.668,3.082,10.79,94.8,77.2,3.331,56.63,6.581,60.55,3.702,1.305,2.373,54.93,19.31,2.387,9.55,.774,1.415,3.119,.7,1.759
101,2017,218,1550,12.24,1.196,.536,.662,2.705,3.529,1.256,1.005,-32.32,-.936,1.554,28.27,1.874,1.536,3.249,82.6,66.43,2.447,44.84,5.733,46.68,3.03,.985,1.548,35.32,3.132,1.585,5.77,.508,.869,2.317,.531,1.196
101,2017,218,1600,12.24,1.092,.503,.533,2.449,7.1,.96,.796,-32.95,-2.384,1.097,23.8,1.601,1.179,2.442,80.2,63.73,2.255,40.36,3.635,6.926,2.704,.848,1.266,17.65,1.652,1.198,4.292,.419,.648,1.735,.437,.789
101,2017,218,1610,12.24,1.049,.471,.436,2.354,1.201,.871,.772,-32.85,-3.677,.948,19.88,1.449,1.116,2.094,76,59.72,2.142,26.44,3.151,3.58,2.59,.806,1.219,17.14,1.539,1.017,4.139,.385,.551,1.69,.427,.742
101,2017,218,1620,12.24,.982,.436,.417,2.194,1.111,.801,.797,-33.79,-4.632,.817,16.24,1.27,1.003,1.782,72.1,55.85,2.082,10.02,2.645,1.67,2.488,.755,3.297,10.84,1.575,.89,3.734,.343,.476,1.585,.384,.662
101,2017,218,1630,12.24,.923,.436,.375,2.066,1.03,.722,1.662,-34.27,-5.049,.71,12.89,.948,.905,1.523,66.26,50.63,1.9,9.06,2.481,1.4,2.364,.709,1.024,11.08,1.757,.812,3.342,.313,.436,1.444,.338,.585
101,2017,218,1640,12.24,.878,.415,.34,1.974,.973,2.153,1.206,-31.91,-5.915,.64,10.05,.784,.856,1.342,59.49,34.21,1.741,8.4,2.205,1.251,2.265,.896,1.012,12.09,9.71,.754,3.113,.285,.407,1.31,.31,.544
101,2017,218,1650,12.24,.814,.39,.328,1.855,.915,.7,.534,-32.37,-6.658,.6,9.34,.71,.808,1.203,53.01,11.4,1.617,7.79,1.957,1.144,2.143,.679,.978,11.22,29.82,.712,2.843,.265,.374,1.196,.273,.499
101,2017,218,1700,12.24,.747,.345,.292,1.717,.849,.565,.442,-31.65,-7.42,.514,8.44,.617,.751,1.067,44.86,9.49,1.471,7.04,1.747,.952,1.98,.856,.782,26.61,23.93,.667,2.572,.236,.335,1.062,.238,.439
101,2017,218,1710,12.24,.709,.342,.273,1.701,.826,.536,.414,-30.58,-7.78,.491,8.14,.615,.712,.988,37.66,8.74,1.478,6.789,1.808,.871,1.853,.555,.73,23.37,5.098,.658,2.441,.218,.317,.962,.216,.432
101,2017,218,1720,12.24,.638,.3,.236,1.498,.704,.472,.352,-29.68,-8.27,.436,6.968,.484,.652,.856,18.09,7.66,1.305,5.794,1.439,.73,1.632,.488,.647,13.3,3.049,.546,2.032,.199,.271,.829,.189,.374
101,2017,218,1730,12.24,.685,.295,.246,1.518,.657,.456,.33,-29.44,-9.08,.431,6.42,.449,.648,.766,11.46,7.2,1.22,5.544,1.314,.637,1.468,.446,.586,6.333,.764,.477,2.027,.194,.271,.809,.174,.36
101,2017,218,1740,12.23,.573,.238,.184,1.272,.539,.36,.245,-28.67,-10.12,.322,4.611,.338,.494,.528,5.319,5.05,.945,3.914,.935,.437,1.131,.352,.421,4.321,.484,.375,1.33,.127,.194,.566,.124,.248
101,2017,218,1750,12.23,.374,.152,.124,.756,.392,.238,.174,-27.4,-11.83,.211,2.93,.228,.352,.379,3.468,3.317,.551,2.562,.606,.286,.694,.218,.297,2.897,.342,.256,.945,.089,.132,.426,.092,.169
101,2017,218,1800,12.23,.209,.082,.067,.424,.213,.131,.095,-26.35,-13.25,.112,1.553,.127,.189,.204,1.893,1.776,.323,1.367,.352,.164,.375,.114,.156,1.556,.194,.137,.499,.05,.075,.228,.045,.089
101,2017,218,1810,12.23,.07,.023,.027,.147,.069,.045,.039,-25.47,-14.11,.045,.538,.045,.062,.07,.647,.606,.114,.484,.126,.059,.132,.047,.059,.531,.069,.047,.193,.01,.028,.08,.022,.034
101,2017,218,1820,12.23,.017,0,0,.027,.012,.007,.002,-24.65,-14.6,.002,.106,.002,.013,.015,.144,.134,.018,.101,.025,.012,.027,.005,.012,.114,.017,.005,.042,0,0,.013,0,0
101,2017,218,1830,12.23,0,0,0,0,0,0,0,-23.43,-14.94,0,.008,0,0,0,.013,.012,0,.007,0,0,0,0,0,.007,0,0,0,0,0,0,0,0
101,2017,218,1840,12.23,0,0,0,0,0,0,0,-22.48,-14.87,0,0,0,0,0,0,0,0,0,0,0,0,0,0,0,0,0,0,0,0,0,0,0
101,2017,218,1850,12.23,0,0,0,0,0,0,0,-21.97,-14.98,0,0,0,0,0,0,0,0,0,0,0,0,0,0,0,0,0,0,0,0,0,0,0
101,2017,218,1900,12.23,0,0,0,0,0,0,0,-21.81,-15.05,0,0,0,0,0,0,0,0,0,0,0,0,0,0,0,0,0,0,0,0,0,0,0
101,2017,218,1910,12.23,0,0,0,0,0,0,0,-21.93,-15.66,0,0,0,0,0,0,0,0,0,0,0,0,0,0,0,0,0,0,0,0,0,0,0
101,2017,218,1920,12.23,0,0,0,0,0,0,0,-21.94,-15.02,0,0,0,0,0,0,0,0,0,0,0,0,0,0,0,0,0,0,0,0,0,0,0
101,2017,218,1930,12.23,0,0,0,0,0,0,0,-21.88,-14.67,0,0,0,0,0,0,0,0,0,0,0,0,0,0,0,0,0,0,0,0,0,0,0
101,2017,218,1940,12.23,0,0,0,0,0,0,0,-21.74,-14.57,0,0,0,0,0,0,0,0,0,0,0,0,0,0,0,0,0,0,0,0,0,0,0
101,2017,218,1950,12.22,0,0,0,0,0,0,0,-21.36,-14.42,0,0,0,0,0,0,0,0,0,0,0,0,0,0,0,0,0,0,0,0,0,0,0
101,2017,218,2000,12.22,0,0,0,0,0,0,0,-21.83,-14.34,0,0,0,0,0,0,0,0,0,0,0,0,0,0,0,0,0,0,0,0,0,0,0
101,2017,218,2010,12.22,0,0,0,0,0,0,0,-21.81,-14.08,0,0,0,0,0,0,0,0,0,0,0,0,0,0,0,0,0,0,0,0,0,0,0
101,2017,218,2020,12.22,0,0,0,0,0,0,0,-22.15,-13.9,0,0,0,0,0,0,0,0,0,0,0,0,0,0,0,0,0,0,0,0,0,0,0
101,2017,218,2030,12.22,0,0,0,0,0,0,0,-22.44,-13.8,0,0,0,0,0,0,0,0,0,0,0,0,0,0,0,0,0,0,0,0,0,0,0
101,2017,218,2040,12.22,0,0,0,0,0,0,0,-23.19,-13.54,0,0,0,0,0,0,0,0,0,0,0,0,0,0,0,0,0,0,0,0,0,0,0
101,2017,218,2050,12.22,0,0,0,0,0,0,0,-23.43,-13.65,0,0,0,0,0,0,0,0,0,0,0,0,0,0,0,0,0,0,0,0,0,0,0
101,2017,218,2100,12.22,0,0,0,0,0,0,0,-23.9,-13.84,0,0,0,0,0,0,0,0,0,0,0,0,0,0,0,0,0,0,0,0,0,0,0
101,2017,218,2110,12.22,0,0,0,0,0,0,0,-23.82,-13.86,0,0,0,0,0,0,0,0,0,0,0,0,0,0,0,0,0,0,0,0,0,0,0
101,2017,218,2120,12.22,0,0,0,0,0,0,0,-23.44,-13.34,0,0,0,0,0,0,0,0,0,0,0,0,0,0,0,0,0,0,0,0,0,0,0
101,2017,218,2130,12.22,0,0,0,0,0,0,0,-23.06,-12.65,0,0,0,0,0,0,0,0,0,0,0,0,0,0,0,0,0,0,0,0,0,0,0
101,2017,218,2140,12.22,0,0,0,0,0,0,0,-22.25,-12.54,0,0,0,0,0,0,0,0,0,0,0,0,0,0,0,0,0,0,0,0,0,0,0
101,2017,218,2150,12.22,0,0,0,0,0,0,0,-22.04,-12.57,0,0,0,0,0,0,0,0,0,0,0,0,0,0,0,0,0,0,0,0,0,0,0
101,2017,218,2200,12.22,0,0,0,0,0,0,0,-21.41,-12.55,0,0,0,0,0,0,0,0,0,0,0,0,0,0,0,0,0,0,0,0,0,0,0
101,2017,218,2210,12.22,0,0,0,0,0,0,0,-20.74,-12.59,0,0,0,0,0,0,0,0,0,0,0,0,0,0,0,0,0,0,0,0,0,0,0
101,2017,218,2220,12.22,0,0,0,0,0,0,0,-20.3,-12.47,0,0,0,0,0,0,0,0,0,0,0,0,0,0,0,0,0,0,0,0,0,0,0
101,2017,218,2230,12.22,0,0,0,0,0,0,0,-20.26,-12.27,0,0,0,0,0,0,0,0,0,0,0,0,0,0,0,0,0,0,0,0,0,0,0
101,2017,218,2240,12.22,0,0,0,0,0,0,0,-19.38,-12.05,0,0,0,0,0,0,0,0,0,0,0,0,0,0,0,0,0,0,0,0,0,0,0
101,2017,218,2250,12.22,0,0,0,0,0,0,0,-19.09,-11.93,0,0,0,0,0,0,0,0,0,0,0,0,0,0,0,0,0,0,0,0,0,0,0
101,2017,218,2300,12.21,0,0,0,0,0,0,0,-18.86,-12.08,0,0,0,0,0,0,0,0,0,0,0,0,0,0,0,0,0,0,0,0,0,0,0
101,2017,218,2310,12.22,0,0,0,0,0,0,0,-19.03,-12.06,0,0,0,0,0,0,0,0,0,0,0,0,0,0,0,0,0,0,0,0,0,0,0
101,2017,218,2320,12.21,0,0,0,0,0,0,0,-18.6,-11.86,0,0,0,0,0,0,0,0,0,0,0,0,0,0,0,0,0,0,0,0,0,0,0
101,2017,218,2330,12.21,0,0,0,0,0,0,0,-18.15,-11.78,0,0,0,0,0,0,0,0,0,0,0,0,0,0,0,0,0,0,0,0,0,0,0
101,2017,218,2340,12.21,0,0,0,0,0,0,0,-18.09,-11.69,0,0,0,0,0,0,0,0,0,0,0,0,0,0,0,0,0,0,0,0,0,0,0
101,2017,218,2350,12.21,0,0,0,0,0,0,0,-17.89,-11.51,0,0,0,0,0,0,0,0,0,0,0,0,0,0,0,0,0,0,0,0,0,0,0
101,2017,218,2400,12.21,0,0,0,0,0,0,0,-17.45,-11.29,0,0,0,0,0,0,0,0,0,0,0,0,0,0,0,0,0,0,0,0,0,0,0
101,2017,219,10,12.21,0,0,0,0,0,0,0,-17.06,-11.31,0,0,0,0,0,0,0,0,0,0,0,0,0,0,0,0,0,0,0,0,0,0,0
101,2017,219,20,12.21,0,0,0,0,0,0,0,-16.86,-11.34,0,0,0,0,0,0,0,0,0,0,0,0,0,0,0,0,0,0,0,0,0,0,0
101,2017,219,30,12.21,0,0,0,0,0,0,0,-16.7,-11.39,0,0,0,0,0,0,0,0,0,0,0,0,0,0,0,0,0,0,0,0,0,0,0
101,2017,219,40,12.21,0,0,0,0,0,0,0,-16.33,-11.35,0,0,0,0,0,0,0,0,0,0,0,0,0,0,0,0,0,0,0,0,0,0,0
101,2017,219,50,12.21,0,0,0,0,0,0,0,-15.48,-10.93,0,0,0,0,0,0,0,0,0,0,0,0,0,0,0,0,0,0,0,0,0,0,0
101,2017,219,100,12.21,0,0,0,0,0,0,0,-15.86,-10.83,0,0,0,0,0,0,0,0,0,0,0,0,0,0,0,0,0,0,0,0,0,0,0
101,2017,219,110,12.21,0,0,0,0,0,0,0,-16.81,-11.3,0,0,0,0,0,0,0,0,0,0,0,0,0,0,0,0,0,0,0,0,0,0,0
101,2017,219,120,12.21,0,0,0,0,0,0,0,-16.88,-12.02,0,0,0,0,0,0,0,0,0,0,0,0,0,0,0,0,0,0,0,0,0,0,0
101,2017,219,130,12.21,0,0,0,0,0,0,0,-17.69,-12.33,0,0,0,0,0,0,0,0,0,0,0,0,0,0,0,0,0,0,0,0,0,0,0
101,2017,219,140,12.21,0,0,0,0,0,0,0,-17.17,-11.92,0,0,0,0,0,0,0,0,0,0,0,0,0,0,0,0,0,0,0,0,0,0,0
101,2017,219,150,12.21,0,0,0,0,0,0,0,-16.78,-11.3,0,0,0,0,0,0,0,0,0,0,0,0,0,0,0,0,0,0,0,0,0,0,0
101,2017,219,200,12.21,0,0,0,0,0,0,0,-17.11,-11.21,0,0,0,0,0,0,0,0,0,0,0,0,0,0,0,0,0,0,0,0,0,0,0
101,2017,219,210,12.21,0,0,0,0,0,0,0,-17.2,-11.14,0,0,0,0,0,0,0,0,0,0,0,0,0,0,0,0,0,0,0,0,0,0,0
101,2017,219,220,12.21,0,0,0,0,0,0,0,-16.55,-11.56,0,0,0,0,0,0,0,0,0,0,0,0,0,0,0,0,0,0,0,0,0,0,0
101,2017,219,230,12.21,0,0,0,0,0,0,0,-16.19,-11.8,0,0,0,0,0,0,0,0,0,0,0,0,0,0,0,0,0,0,0,0,0,0,0
101,2017,219,240,12.21,0,0,0,0,0,0,0,-16.42,-12.06,0,0,0,0,0,0,0,0,0,0,0,0,0,0,0,0,0,0,0,0,0,0,0
101,2017,219,250,12.21,0,0,0,0,0,0,0,-16.35,-11.97,0,0,0,0,0,0,0,0,0,0,0,0,0,0,0,0,0,0,0,0,0,0,0
101,2017,219,300,12.21,0,0,0,0,0,0,0,-14.3,-12.02,0,0,0,0,0,0,0,0,0,0,0,0,0,0,0,0,0,0,0,0,0,0,0
101,2017,219,310,12.21,0,0,0,0,0,0,0,-13.43,-12.02,0,0,0,0,0,0,0,0,0,0,0,0,0,0,0,0,0,0,0,0,0,0,0
101,2017,219,320,12.21,0,0,0,0,0,0,0,-11.88,-11.8,0,0,0,0,0,0,0,0,0,0,0,0,0,0,0,0,0,0,0,0,0,0,0
101,2017,219,330,12.21,0,0,0,0,0,0,0,-11.65,-11.82,0,0,0,0,0,0,0,0,0,0,0,0,0,0,0,0,0,0,0,0,0,0,0
101,2017,219,340,12.21,0,0,0,0,0,0,0,-11.06,-11.71,0,0,0,0,0,0,0,0,0,0,0,0,0,0,0,0,0,0,0,0,0,0,0
101,2017,219,350,12.21,0,0,0,0,0,0,0,-11.12,-11.53,0,0,0,0,0,0,0,0,0,0,0,0,0,0,0,0,0,0,0,0,0,0,0
101,2017,219,400,12.21,0,0,0,0,0,0,0,-11.49,-11.7,0,0,0,0,0,0,0,0,0,0,0,0,0,0,0,0,0,0,0,0,0,0,0
101,2017,219,410,12.21,0,0,0,0,0,0,0,-11.27,-11.58,0,0,0,0,0,0,0,0,0,0,0,0,0,0,0,0,0,0,0,0,0,0,0
101,2017,219,420,12.21,0,0,0,0,0,0,0,-10.63,-11.43,0,0,0,0,0,0,0,0,0,0,0,0,0,0,0,0,0,0,0,0,0,0,0
101,2017,219,430,12.21,0,0,0,0,0,0,0,-10.32,-11,0,0,0,0,0,0,0,0,0,0,0,0,0,0,0,0,0,0,0,0,0,0,0
101,2017,219,440,12.21,0,0,0,0,0,0,0,-10.75,-10.6,0,0,0,0,0,0,0,0,0,0,0,0,0,0,0,0,0,0,0,0,0,0,0
101,2017,219,450,12.21,0,0,0,0,0,0,0,-9.52,-10.28,0,0,0,0,0,0,0,0,0,0,0,0,0,0,0,0,0,0,0,0,0,0,0
101,2017,219,500,12.21,0,0,0,0,0,0,0,-8.39,-9.91,0,0,0,0,0,0,0,0,0,0,0,0,0,0,0,0,0,0,0,0,0,0,0
101,2017,219,510,12.21,0,0,0,0,0,0,0,-8.52,-9.87,0,0,0,0,0,0,0,0,0,0,0,0,0,0,0,0,0,0,0,0,0,0,0
101,2017,219,520,12.21,0,0,0,0,0,0,0,-9.46,-10.11,0,0,0,0,0,0,0,0,0,0,0,0,0,0,0,0,0,0,0,0,0,0,0
101,2017,219,530,12.21,0,0,0,0,0,0,0,-10.13,-10.22,0,0,0,0,0,0,0,0,0,0,0,0,0,0,0,0,0,0,0,0,0,0,0
101,2017,219,540,12.21,0,0,0,0,0,0,0,-10.43,-10.1,0,0,0,0,0,0,0,0,0,0,0,0,0,0,0,0,0,0,0,0,0,0,0
101,2017,219,550,12.21,0,0,0,0,0,0,0,-10.28,-9.93,0,0,0,0,0,0,0,0,0,0,0,0,0,0,0,0,0,0,0,0,0,0,0
101,2017,219,600,12.21,0,0,0,0,0,0,0,-10.45,-9.7,0,0,0,0,0,0,0,0,0,0,0,0,0,0,0,0,0,0,0,0,0,0,0
101,2017,219,610,12.21,0,0,0,0,0,0,0,-11.46,-9.78,0,0,0,0,0,0,0,0,0,0,0,0,0,0,0,0,0,0,0,0,0,0,0
101,2017,219,620,12.21,0,0,0,0,0,0,0,-11.5,-9.47,0,0,0,0,0,0,0,0,0,0,0,0,0,0,0,0,0,0,0,0,0,0,0
101,2017,219,630,12.21,0,0,0,0,0,0,0,-10.94,-9.11,0,0,0,0,0,0,0,0,0,0,0,0,0,0,0,0,0,0,0,0,0,0,0
101,2017,219,640,12.21,0,0,0,.01,0,0,0,-10.43,-9.06,0,.044,0,.002,0,.035,.035,.008,.032,.01,0,.01,0,0,.028,0,0,.013,0,0,0,0,0
101,2017,219,650,12.21,.044,.017,.01,.079,.034,.02,.015,-11.13,-9.28,.018,.285,.022,.037,.03,.255,.258,.059,.233,.06,.017,.064,.022,.03,.22,.028,.025,.074,.002,.015,.034,.008,.008
101,2017,219,700,12.21,.136,.05,.037,.277,.112,.069,.044,-11.63,-9.18,.057,.939,.064,.107,.099,.877,.918,.201,.768,.199,.059,.238,.065,.084,.776,.096,.079,.27,.03,.04,.111,.034,.04
101,2017,219,710,12.21,.313,.124,.091,.637,.272,.173,.109,-10.1,-8.67,.134,2.366,.151,.255,.231,2.068,2.155,.483,1.872,.446,.142,.563,.174,.201,1.812,.216,.189,.558,.054,.092,.25,.052,.096
101,2017,219,720,12.21,.583,.253,.171,1.279,.491,.342,.194,-7.88,-8.22,.253,4.823,.272,.469,.396,3.731,3.848,.962,3.67,.88,.25,1.108,.349,.38,3.171,.377,.369,.989,.109,.169,.422,.106,.166
101,2017,219,730,12.21,.939,.401,.266,2.092,.768,.535,.28,-8.98,-7.89,.391,8.13,.416,.756,.555,5.747,5.785,1.631,6.018,1.451,.38,1.785,.52,.58,4.74,.546,.546,1.51,.173,.277,.617,.156,.25
101,2017,219,740,12.21,1.43,.57,.384,3.412,1.185,.858,.387,-9.26,-7.84,.543,24.01,.647,1.091,.833,10.34,7.91,2.576,9.33,2.38,.501,2.591,.789,.965,6.226,.769,.744,1.968,.204,.344,.815,.211,.344
101,2017,219,750,12.21,1.242,.506,.404,2.859,1.128,.726,.429,-10.03,-7.79,.563,53.24,1.078,.975,1.009,11.28,8.32,2.316,9.29,2.554,.6,2.47,1.016,.974,6.882,.855,1.297,2.197,.226,.354,.934,.235,.385
101,2017,219,800,12.21,.959,.436,.362,2.341,1.061,.756,.436,-11.23,-7.87,.563,60.7,1.426,1.044,1.104,11.48,8.28,2.095,10.67,2.482,.682,6.129,1.378,2.311,7.11,.902,.88,2.398,.236,.364,1.022,.26,.417
101,2017,219,810,12.21,.979,.508,.397,2.402,1.14,.835,.466,-10.48,-7.96,.61,68,1.466,1.182,1.16,11.45,8.58,2.202,20.87,2.41,.737,18.04,2.49,1.435,7.37,.934,.751,2.32,.268,.374,1.088,.287,.431
101,2017,219,820,12.21,1.037,1.436,.426,2.599,1.205,.912,.459,-11.8,-8.25,.617,74.1,1.406,1.284,1.128,10.52,8.45,2.325,47.55,2.549,.674,21.97,2.006,13.41,7.86,.905,3.65,2.046,.268,.369,.912,.272,.402
101,2017,219,830,12.21,1.135,.858,.454,2.846,1.384,1.041,.761,-13.77,-7.89,.652,79.4,1.326,1.587,1.277,10.38,8.48,2.496,53.27,2.903,.605,24.93,1.788,1.463,8.74,.915,.841,2.045,.287,.412,.885,.268,.778
101,2017,219,840,12.21,1.254,.551,.499,3.156,1.621,1.197,.727,-16.79,-8.53,.699,84,1.28,1.517,1.217,10.82,13.58,2.755,58.07,5.432,.647,27.38,1.869,1.676,11.02,.965,.898,2.139,.302,.431,.932,.3,.436
101,2017,219,850,12.21,1.361,.729,.561,3.551,2.177,1.537,.587,-20.74,-8.55,.776,89.1,1.329,1.601,1.347,12.08,19.11,3.01,63.26,3.439,.721,29.89,1.947,12.29,10.7,1.058,.992,2.313,.34,1.654,1.016,.328,.458
101,2017,219,900,12.22,1.379,.934,.628,9,2.648,18.69,1.584,-7.24,-8.28,.816,95.3,1.411,1.637,1.435,14.52,24.61,3.181,69.14,3.603,.746,32.58,2.273,1.837,9.95,4.852,1.068,2.356,.342,.474,1.021,.347,.469
101,2017,219,910,12.22,1.415,.672,.707,34.71,2.956,7.27,1.584,-15.45,-7.63,.866,99.3,1.465,1.688,1.518,18.66,29.47,3.323,73.8,3.773,.816,33.92,28,4.607,9.65,1.245,1.109,2.462,.369,.469,1.078,.369,.488
101,2017,219,920,12.22,1.453,.69,.783,37.57,3.058,1.892,.695,-20.19,-7.17,.883,102.6,1.404,1.718,1.575,23.29,33.67,3.524,77.8,3.99,.865,34.03,43.49,1.714,9.72,1.275,1.151,2.48,.375,.473,1.119,.382,.508
101,2017,219,930,12.22,1.508,.721,.898,40.07,3.147,2.063,.667,-20.92,-6.746,.933,105.7,1.381,14.74,1.651,27.86,37.51,3.41,81.6,24.91,.959,32.24,4.432,1.842,9.96,1.403,1.198,2.564,.399,.503,1.155,.402,.533
101,2017,219,940,12.22,1.585,.769,1.032,42.63,12.46,4.293,.697,-18.67,-6.215,.979,108.9,1.441,2.192,2.056,32.53,41.59,3.504,85.4,13.66,1.18,18.74,2.969,21.38,10.22,1.501,1.273,2.671,.402,.535,1.201,.434,.561
101,2017,219,950,12.22,1.672,.801,1.211,44.67,47.64,22.25,1.786,-2.81,-4.842,1.027,111.1,1.498,1.801,2.165,37.18,43.3,3.586,88.4,4.804,1.19,6.412,2.567,75.5,10.66,1.552,1.352,2.847,.407,.551,1.262,.436,.603
101,2017,219,1000,12.22,1.751,.863,1.702,46.46,56.63,11.59,.896,-12.61,-4.594,1.087,112.5,1.528,1.773,3.604,41.64,36.38,3.704,90.9,34.97,1.242,5.37,30.9,79.4,11.01,1.746,1.449,3.016,.426,.581,1.307,.459,.65
101,2017,219,1010,12.22,1.796,.89,4.066,48.08,62.92,3.691,1.019,-19.6,-4.05,1.123,114.3,1.64,1.744,3.497,46.85,21.95,3.686,93.8,87.6,1.342,6.164,3.549,78.1,11.57,1.96,1.505,3.17,.436,.603,1.362,.477,1.022
101,2017,219,1020,12.22,1.881,.933,1.885,49.2,67.27,1.672,.933,-22.27,-3.892,1.208,115.2,1.583,1.791,2.614,51.62,11.62,3.786,95.6,25.86,1.362,9.93,1.85,16.01,12.9,2.175,1.895,3.274,.436,.632,1.407,.529,1.578
101,2017,219,1030,12.22,4.096,.987,1.285,50.44,71.6,4.311,4.869,-20.22,-2.481,2.175,116.7,1.642,1.799,2.336,56.59,11.36,3.929,98.1,8.2,1.493,13.49,1.759,1.932,15.14,2.272,25.02,3.47,.436,.667,1.508,.509,9.65
101,2017,219,1040,12.22,1.908,.977,1.23,51.6,75.8,2.543,4.76,-22.2,-2.253,1.247,118.9,1.654,1.752,3.699,61.83,11.21,3.835,101,60.55,1.575,5.299,1.662,1.781,18.01,2.357,19.02,3.605,.437,.679,1.511,.536,6.524
101,2017,219,1050,12.23,1.876,1.019,1.181,52.09,78.8,5.088,15.67,-19.9,2.004,1.429,119.4,1.682,1.685,2.753,66.51,11.07,3.802,102.5,97.2,1.635,4.693,1.561,1.749,21.27,2.468,17.78,18.58,.56,.704,1.505,.575,.777
101,2017,219,1100,12.23,2.057,1.117,1.183,48.01,80.7,28.58,.87,.382,-3.021,1.272,119,1.763,1.675,3.228,71,11.47,3.944,103.6,99.4,1.863,4.606,1.538,1.788,25.17,2.496,9.03,12.66,.672,.739,1.55,1.419,.816
101,2017,219,1110,12.23,2.146,1.216,1.161,39.88,41.26,41.99,.876,10.96,-3.736,1.273,119,1.868,1.674,14.97,75.6,11.73,3.947,104.6,100.7,3.223,4.59,4.421,1.823,28.76,2.33,1.94,49.07,.499,.771,1.618,3.118,.878
101,2017,219,1120,12.23,2.198,1.295,1.179,31.01,2.726,21.38,.876,-6.833,-4.459,1.29,118.4,11.76,1.7,3.19,79.6,11.85,3.96,105.5,101.3,2.394,4.58,1.506,1.823,31.55,2.275,2.081,51.69,.511,.802,1.665,1.895,.915
101,2017,219,1130,12.23,2.176,1.335,1.163,21.93,2.31,2.426,1.235,-23.54,-3.863,1.29,117.7,5.736,1.679,2.858,83.3,11.71,3.866,106.2,64.04,2.397,4.432,1.454,1.794,34.16,2.193,33.21,66.42,.553,.809,1.752,.714,.923
101,2017,219,1140,12.23,2.171,1.422,2.298,13.91,2.02,12.4,.903,-15.64,-3.625,1.273,117.7,2.013,1.638,24.99,87.1,11.61,4.844,107.2,31.67,2.759,4.265,1.38,2.099,36.51,2.156,4.457,70.1,.571,.836,1.928,1.477,.967
101,2017,219,1150,12.23,2.169,1.419,2.737,12.93,1.906,5.149,.925,-22.42,-3.355,2.718,116.6,25.48,1.631,7.2,90.3,11.59,25.91,107.5,102.9,4.077,4.097,1.327,2.105,38.19,2.144,1.983,73.3,.653,2.154,2.047,.737,1.047
101,2017,219,1200,12.23,2.141,1.534,71.9,19.06,1.801,2.075,.951,-25.96,-2.05,1.263,114.9,1.973,1.645,19.77,92.6,11.64,3.598,107.3,30.8,5.817,4.857,1.29,1.809,40.18,2.139,1.909,75.7,8.93,.925,2.134,.754,1.087
101,2017,219,1210,12.23,2.144,1.715,67.33,13.27,1.725,1.571,.913,-26.39,-2.097,1.239,113.9,1.943,1.635,22.32,95.6,12.01,3.551,107.6,86.6,5.659,5.532,1.29,1.893,42.75,2.112,1.913,78.7,1.953,.925,2.179,.794,1.166
101,2017,219,1220,12.24,2.169,1.75,1.174,4.341,1.708,1.442,.925,-20.17,-2.638,1.246,112.1,2.001,1.574,15.5,97.5,47.75,3.65,107.1,102,4.023,3.743,1.28,2.084,45.08,2.11,2.052,80.8,1.368,.943,2.263,.804,1.226
101,2017,219,1230,12.24,2.239,1.685,.986,4.14,8.54,6.951,.938,-15.64,-1.822,1.258,110.2,12.3,1.893,6.51,99.4,91.1,41.68,106.4,86.2,3.633,3.65,1.305,2.268,47.33,2.169,2.579,82.7,.707,1.181,2.578,.826,1.3
101,2017,219,1240,12.24,2.166,15.5,.966,3.775,2.224,13.43,.958,-9.13,-1.466,1.261,107.9,42.41,1.596,2.663,101.1,88.4,46.8,105.5,39.58,35.16,3.522,1.291,7.09,49.42,2.224,3.114,84.6,.724,1.043,2.794,.839,1.298
101,2017,219,1250,12.24,2.114,1.95,.904,3.718,5.775,5.671,.98,-16.03,-.849,1.273,105.3,2.363,1.579,2.645,102.3,73.4,4.336,104.4,26.07,78.7,3.412,1.326,1.96,51.21,2.244,2.278,85.8,.719,1.191,2.807,.888,1.372
101,2017,219,1300,12.24,2.063,1.437,1.007,3.7,3.814,25.05,1.069,1.199,-.07,1.305,102.2,2.204,1.581,2.703,103,46.86,3.526,102.5,8,54.81,3.358,2.586,2.405,52.58,16.48,3.644,86.4,.742,2.532,2.71,1.636,1.424
101,2017,219,1310,12.24,1.945,1.231,.997,3.653,1.645,1.459,1.08,-18.67,.459,1.348,98.9,2.326,1.568,2.72,103.4,15.54,3.507,100.5,17.52,12.97,3.303,1.497,15.9,53.54,37.43,7.86,86.7,.737,38.56,2.718,3.588,1.497
101,2017,219,1320,12.24,2.068,1.156,38.06,3.753,1.641,1.407,1.395,-18.13,1.44,1.273,96.3,2.39,1.534,2.832,104.7,12.37,3.387,99.4,5.046,4.175,3.239,1.261,59.62,54.99,2.417,4.728,88.1,.799,1.387,2.944,1.015,1.402
101,2017,219,1330,12.24,1.827,1.099,8.45,3.43,1.623,1.37,4.365,-18.37,2.715,1.323,92.9,2.375,1.569,2.785,105.1,12.66,3.32,97.4,4.695,4.08,3.15,1.265,70.3,55.85,2.484,2.928,88.6,.864,1.258,3.139,.995,1.338
101,2017,219,1340,12.24,1.698,1.033,.799,3.331,1.603,1.355,9.7,-18.31,5.628,1.298,89.6,2.445,1.532,2.847,105.4,12.44,3.291,95.4,4.626,4.134,3.16,1.325,53.42,56.61,2.331,4.896,88.7,.832,1.445,3.278,1.022,1.348
101,2017,219,1350,12.24,1.643,.948,.754,3.229,1.573,1.326,5.71,-18.13,3.872,1.273,86.1,11.04,1.507,3.047,105.7,12.08,3.155,93.3,4.559,3.951,3.149,1.283,18.95,57.32,2.221,3.529,89.2,.789,2.534,3.333,.983,1.352
101,2017,219,1400,12.24,1.578,.879,.722,3.172,3.112,1.78,.998,-16.63,1.956,1.298,82,8.14,1.507,3.222,105.3,12.01,3.068,90.6,4.502,7.76,9.09,1.261,2.34,57.51,2.157,2.827,88.9,.772,16.78,3.371,.943,1.367
101,2017,219,1410,12.24,1.511,.831,.703,3.045,1.939,1.306,.99,-16.94,2.151,8.79,77.7,2.67,5.582,3.403,104.7,11.9,2.963,87.8,4.256,3.901,29.29,3.609,1.739,57.64,2.179,2.653,88.5,.802,3.425,3.363,.893,1.449
101,2017,219,1420,12.24,1.43,.764,.702,2.948,1.466,1.3,1.012,-16.19,2.383,16.22,73.1,2.383,4.271,3.765,104,11.94,2.889,84.7,4.115,4.497,4.038,1.204,1.633,57.46,2.296,2.44,87.6,.826,1.976,2.527,.873,1.859
101,2017,219,1430,12.24,1.373,.712,.655,2.836,1.444,19.85,2.789,.817,3.768,1.34,68.5,2.254,4.87,6.373,103.1,11.77,2.827,81.6,3.951,6.455,3.209,5.686,1.68,57.11,2.179,2.261,86.9,.801,53.83,2.032,.796,1.841