101,2017,229,820,12.2,4.384,.545,.439,2.452,1.279,.957,.57,-45.5,-9.31,.647,81.8,1.458,1.326,1.083,9.89,7.97,2.247,54.71,2.485,.563,26.64,4.185,2.645,11.31,.83,.763,1.936,.258,.372,.825,.458,.402
101,2017,229,830,12.23,1.106,.515,.491,2.734,1.51,1.373,.657,-46.83,-8.32,.714,84.4,1.624,3.773,1.145,10.13,8.76,2.63,58.07,5.444,.6,27.21,2.358,1.542,11.41,.887,.922,2.033,.293,.426,.877,.618,.479
101,2017,229,840,12.25,3.208,2.648,.836,7.39,2.831,14.4,.806,-43.24,-8.02,1.151,84.4,1.658,2.739,1.341,12.78,20.6,5.832,60,7.94,.691,26.96,2.361,4.736,11.42,1.163,1.549,2.179,.414,1.386,.985,.431,.615
101,2017,229,850,12.26,3.994,6.028,1.002,11.06,3.501,19.75,1.418,-42.61,-6.538,1.329,82.4,1.53,2.92,1.562,15.63,26.07,6.416,60.59,5.212,.84,24.91,2.393,5.556,12.19,1.743,1.731,2.993,.456,.784,1.254,.503,.776
101,2017,229,900,12.27,5.38,2.372,1.637,41,5.383,25.37,3.03,-41.64,-5.554,2.125,114.4,2.236,4.19,2.722,27.75,43.57,8.96,87.8,7.33,1.428,33.44,3.271,3.985,19.18,6.169,2.913,6.339,.714,1.208,2.475,2.201,1.056
101,2017,229,910,12.27,3.66,1.845,1.341,44.36,4.889,3.258,2.281,-58.1,-5.172,1.637,109.4,1.771,3.449,2.388,27.79,43.83,6.467,83.7,7.36,1.198,31.17,7.08,3.047,17.35,2.068,2.241,4.688,.707,1.047,2.294,.578,2.931
101,2017,229,920,12.28,2.085,1.113,1.042,46.03,4.109,2.586,.959,-58.36,-3.655,1.252,109.7,1.553,2.492,2.091,27.45,43.39,4.268,84.1,4.612,.98,29.5,25.69,2.426,13.79,1.694,1.584,2.839,.519,.712,1.662,.503,.622
101,2017,229,930,12.28,1.773,.933,4.34,48.35,4.948,2.21,.851,-60.9,-3.048,1.126,111.5,1.51,2.096,2.468,30.65,46.42,3.686,87.2,7.27,1.042,21.63,2.213,16.21,12.37,1.612,1.461,2.785,.456,.623,1.399,.479,.588
101,2017,229,940,12.28,2.439,.828,29.41,50.41,13.83,2.359,4.696,-60.09,-.399,1.097,113.1,1.508,1.88,1.895,34.16,49.42,3.554,90.1,4.728,1.071,8.71,11.11,7.21,11.08,1.565,1.404,2.699,.414,.57,1.252,.436,.573
101,2017,229,950,12.28,1.64,4.517,71.2,52.38,23.68,2.674,8.8,-58.37,2.635,1.101,115,1.543,2.468,3.368,38.28,51.32,3.497,92.9,8.03,1.129,5.164,54.88,45.69,10.59,1.657,1.429,2.756,.402,.57,1.226,.436,.596
101,2017,229,1000,12.28,1.778,.97,74.1,53.98,30.03,10.82,1.052,-52.75,2.607,1.349,116.5,1.562,4.091,3.974,42.99,45.17,3.644,95.4,11.94,1.203,5.115,79.8,72.8,11.03,18.77,1.515,2.893,.429,.598,1.285,.933,.725
101,2017,229,1010,12.28,2.2,3.853,48.24,54.97,37.91,2.037,1.106,-61.57,2.736,1.3,116.9,1.717,1.903,3.872,48.03,31.01,4.101,97.1,6.499,1.3,5.386,36.7,61.62,12.25,46.36,1.759,3.192,.436,.657,1.355,.555,.712
101,2017,229,1020,12.28,1.972,2.992,1.781,56.65,52.15,2.327,.846,-63.49,3.009,1.365,119.2,1.697,1.788,3.897,53.22,14.42,3.926,100.1,54.26,1.389,9.42,4.524,7.39,14.08,2.324,10.88,3.275,.436,.667,1.394,.548,.722
101,2017,229,1030,12.28,1.98,1.335,1.282,58.73,68.77,1.959,.849,-62.81,3.82,3.47,121.6,1.732,1.721,2.138,58.73,11.17,3.768,103.3,38.44,1.438,20.9,1.989,22.44,16.82,2.312,2.957,3.371,.436,.67,1.407,.511,.737
101,2017,229,1040,12.28,2.074,1.407,1.265,59.77,81,6.702,.854,-56.9,3.879,1.489,122.4,1.704,1.682,2.141,63.88,11.03,3.751,105.4,5.604,1.602,17.23,1.659,2.004,20.29,2.444,3.235,3.57,.436,.707,1.439,.565,.771
101,2017,229,1050,12.28,2.168,1.421,1.241,60.26,84.3,3.909,.886,-57.42,4.004,1.384,122.8,1.747,1.674,2.178,68.8,11.11,3.746,107,14.06,1.726,12.71,4.42,1.752,24.36,3.265,28.42,7.1,.444,9.43,1.463,3.136,.797
101,2017,229,1100,12.28,2.216,1.483,1.193,56.23,43.35,1.602,.871,-60.95,.576,1.374,122.8,1.839,1.643,2.258,73.6,11.19,3.681,108.5,95.1,1.922,17.69,1.555,1.757,28.15,2.687,3.974,17.17,.469,1.97,1.498,.685,.806
101,2017,229,1110,12.28,2.323,1.521,1.251,45.24,11.99,1.555,2.486,-63.63,-2.01,1.355,122.4,1.9,1.642,5.985,78.1,11.41,3.739,109.3,106.1,10.72,8.42,1.493,1.764,31.22,2.669,7.34,10.19,.469,.794,1.613,.628,.836
101,2017,229,1120,12.28,2.364,1.868,1.238,34.91,6.747,1.583,.931,-68.93,-4.808,1.35,122.1,1.955,1.643,2.276,82.4,11.64,3.782,110.3,106.9,2.186,4.771,1.456,1.786,34.23,2.544,38.3,63.7,.499,.811,1.807,.667,.888
101,2017,229,1130,12.28,2.384,1.626,1.184,24.26,5.961,4.39,.913,-69.11,-5.218,1.621,121.2,2.569,1.698,3.385,86,12.01,3.801,110.7,101.6,2.422,4.72,1.422,1.817,36.64,2.409,2.31,72.6,.524,.837,2.028,.75,3.139
101,2017,229,1140,12.28,2.417,2.298,1.159,14.16,4.037,3.72,.951,-70,-5.802,1.655,120.4,3,1.708,19.01,89.3,12.43,3.871,111.1,10.54,2.792,4.656,1.407,1.849,38.72,2.204,10.87,75.8,.546,.894,2.276,.732,1.01
101,2017,229,1150,12.28,2.455,11.02,1.266,10.53,2.057,19.53,.98,-59.19,-5.837,1.437,119.5,12.78,1.728,2.737,92.4,12.9,3.862,111.3,74.9,3.732,4.621,1.407,1.908,41.42,2.211,19.18,78.6,.581,.911,2.561,.747,1.032
101,2017,229,1200,12.28,2.479,76.6,17.2,16.86,2.001,8.55,1.028,-62.95,-5.716,1.415,119.1,2.899,1.745,8.81,95.5,14.77,4.041,111.8,26.37,5.653,4.941,1.419,2.025,44.18,2.246,2.142,81.1,.652,.945,2.77,.77,1.119
101,2017,229,1210,12.28,2.425,93.4,1.447,23.52,1.956,1.64,1.013,-67.86,-9.05,1.412,118.3,2.871,1.765,6.369,98.6,56.45,4.179,112.1,95.8,29.19,4.338,1.437,2.239,47.08,2.303,2.151,83.7,.708,.99,3.048,.806,1.206
101,2017,229,1220,12.28,2.598,51.85,1.238,7.16,3.07,6.696,1.144,-69.64,-9.01,1.656,119.9,3.504,1.929,8.19,103.3,96.9,4.85,114.5,52.9,7.21,4.638,1.672,2.722,50.27,2.831,2.507,85.7,.73,1.164,3.539,.863,1.385
101,2017,229,1230,12.28,2.983,6.996,1.879,17.07,3.229,3.432,1.31,-72.4,-9.32,5.902,94.6,4.268,1.961,3.7,84.7,76.6,5.569,91,24.98,5.562,4.847,5.636,3.269,43.15,3.49,3.519,65.92,.665,1.484,7.04,.844,1.795
101,2017,229,1240,12.28,2.75,2.998,1.382,5.447,2.591,14.88,1.392,-66.19,-9.04,34.2,111.4,4.363,2.328,3.685,105.5,94.1,5.216,110.2,85.9,29.12,4.529,1.735,3.375,54.84,3.221,3.834,87.2,.791,1.549,7.87,1.005,1.946
101,2017,229,1250,12.28,2.522,1.539,1.104,5.016,1.996,3.742,1.179,-71.2,-9.64,1.618,107.5,2.966,10.95,3.016,105,81.4,4.169,107.8,40.62,79.4,5.02,1.516,2.529,56.12,2.517,5.455,89.4,.772,1.261,3.941,.98,1.755
101,2017,229,1300,12.28,2.425,1.509,1.06,4.489,2.013,51.33,13.65,-41.98,-8.54,2.643,106.9,3.861,1.872,3,106.5,59.96,4.427,107.4,11.12,49.36,3.988,1.583,4.477,57.35,2.623,46.81,89.9,.77,1.338,3.564,1.01,1.71
101,2017,229,1310,12.28,2.477,16.98,3.638,5.787,2.333,16.19,12.57,-62.92,-8.74,1.943,102.1,9.99,2.017,3.437,104.9,62.88,5.169,103.2,11.66,5.959,4.139,1.837,24.03,56.75,3.316,20.59,85.5,.772,1.717,3.743,1.198,2.073
101,2017,229,1320,12.28,3.911,15.93,2.542,6.44,2.958,3.293,2.934,-71.5,-10.23,2.544,71.6,12.83,2.738,4.688,75.6,57.06,5.388,73,12.42,5.299,4.621,1.847,43.1,43.37,3.353,33.16,56.31,.698,2.454,3.79,1.415,2.65
101,2017,229,1330,12.28,4.966,2.638,2.604,9.66,4.283,3.752,8.19,-71.3,-9.52,4.522,91.3,45.88,4.356,6.328,100.9,79,7.72,95.6,12.96,5.82,6.54,2.688,47.81,60.77,3.917,37.78,75.2,1.228,21.42,5.954,1.524,3.271
101,2017,229,1340,12.28,5.103,2.372,2.11,10.26,4.678,3.631,10.19,-71.2,-9.24,19.02,68.44,18.92,4.703,6.291,79.1,45.91,7.71,71.7,11.52,5.038,7.33,2.805,6.931,52.04,4.331,6.229,50.57,1.273,2.631,6.668,1.268,3.092
101,2017,229,1350,12.28,3.934,1.849,1.656,7.56,4.11,3.276,3.877,-70.5,-10.18,30.07,78,10.41,3.943,5.957,94.5,36.53,6.359,83.4,10.22,5.066,6.4,4.7,5.802,59.59,3.949,5.427,68.76,1.157,2.544,6.046,1.373,3.077
101,2017,229,1400,12.28,2.269,1.147,.978,4.256,2.209,1.822,1.392,-72.4,-10.47,7.81,79.7,5.065,2.167,3.998,102,18.62,4.067,88.4,6.289,3.936,4.268,1.919,3.177,60.74,2.526,3.179,84.3,.824,1.747,3.872,1.047,1.941
101,2017,229,1410,12.28,1.792,.998,.893,3.524,1.973,1.867,1.343,-74.5,-10.68,1.963,76.4,37.87,1.871,7.98,102.7,15.96,3.686,86.6,6.112,5.035,3.827,1.544,2.72,60.16,2.673,3.008,85.2,.76,1.955,3.611,.981,2.05
101,2017,229,1420,12.29,1.844,.946,3.03,3.666,1.851,2.537,2.665,-76.1,-10.13,7.19,77.3,7.22,6.242,10.72,109.7,15.24,3.743,89.9,5.159,6.475,3.83,1.472,2.09,64.5,2.424,2.789,91.9,.811,4.596,3.737,.993,2.045
101,2017,229,1430,12.29,1.96,1.072,.864,4.273,2.151,5.584,34.52,-72.3,-5.998,2.082,74,3.331,5.07,13.57,109.4,16.46,3.74,87.8,4.896,6.123,4.465,1.625,2.043,65.55,2.547,2.782,91.5,.903,2.846,3.021,.985,20.28
101,2017,229,1440,12.3,2.315,.993,.935,4.703,2.479,25.82,81.2,-59.66,.074,3.827,70.7,3.291,2.675,18.76,111,20.59,4.41,86.5,7.47,5.658,4.852,1.854,2.214,67.67,3.154,2.869,90,1.01,2.38,3.273,1.027,3.217
101,2017,229,1450,12.34,3.366,1.455,1.298,10.83,2.807,3.706,48.69,-72,-3.393,12.63,71.3,3.78,2.857,25.65,115.5,30.28,4.884,89.8,6.869,11.22,5.5,1.955,3.038,70.7,3.629,3.472,93.3,1.204,2.321,3.727,1.005,9.33
101,2017,229,1500,12.33,3.971,1.169,1.055,5.435,2.283,8.61,6.9,-70.6,-8.55,43.52,58.47,3.256,2.251,16.63,102.5,39.64,4.249,76.3,6.05,38.37,4.651,1.631,6.915,62.62,5.155,2.869,48.69,.911,1.692,2.628,.749,3.224
101,2017,229,1510,12.28,1.727,.715,.739,3.085,1.712,2.005,1.124,-75.4,-9.33,49.32,50.33,2.541,1.591,9.32,103.1,52.72,2.844,71.6,4.316,65.24,3.584,1.171,2.496,62.71,9.16,2.269,6.778,.78,1.377,2.189,.616,1.951
101,2017,229,1520,12.28,1.209,.596,.616,2.658,1.481,3.504,.966,-73.5,-9.48,77.1,42.69,2.202,1.747,4.174,98.9,70.3,2.474,65.01,3.549,25.57,3.102,.986,1.419,60.18,11.45,2.236,5.026,.611,1.303,1.866,.524,1.4
101,2017,229,1530,12.28,1.156,.564,.573,2.516,3.747,2.906,.931,-75.7,-9.23,19.03,37.12,2.048,5.996,3.135,96,78.1,2.38,59.53,3.475,28.53,2.904,.935,1.378,58.51,65.47,9.24,4.7,.501,1.094,1.787,.489,1.179
101,2017,229,1540,12.31,1.099,.529,.889,2.425,2.234,1.727,.904,-81.6,-9.14,1.38,32.03,1.866,1.259,2.758,93.7,77.6,2.226,54.75,3.368,9.77,2.795,.891,1.298,57.15,16.22,1.744,4.185,.429,.908,1.697,.454,.956
101,2017,229,1550,12.32,1.05,.502,.491,2.351,1.579,2.497,.878,-81.2,-9.22,1.156,27.24,1.742,1.251,2.457,90,74.2,2.087,49.3,3.351,6.271,2.68,.908,1.249,54.99,2.199,1.579,3.939,.384,.697,1.683,.533,.856
101,2017,229,1600,12.28,1.013,.481,.439,2.261,3.42,.948,.869,-77.9,-9.94,1.01,22.84,1.643,2.221,2.097,86.3,70.8,2.025,41.89,3.025,3.556,2.591,.826,1.504,53.08,2.015,1.393,3.723,.335,.569,1.817,.616,.76
101,2017,229,1610,12.27,.973,.472,.44,2.269,2.385,.853,.965,-71.7,-11.49,.931,19.05,1.538,1.062,1.872,84.3,68.96,2.05,12.42,2.742,1.749,2.584,.869,1.578,52.75,1.934,1.261,3.934,.322,.524,1.968,.648,.752
101,2017,229,1620,12.28,.956,.446,.402,2.268,1.256,.804,.909,-74.2,-11.2,.811,15.3,1.452,1.003,1.656,77,62.13,2.015,9.53,2.573,1.46,2.542,.832,1.219,30.08,23.68,1.107,3.72,.293,.484,1.852,.586,.673
101,2017,229,1630,12.27,1.072,.523,.429,2.546,1.246,.96,.854,-78.6,-10.99,.796,14.14,1.281,1.087,1.471,69.21,54.65,2.266,10.09,2.852,1.531,2.666,.847,4.656,32.61,25.99,1.017,3.44,.293,.476,1.564,.447,.635
101,2017,229,1640,12.27,.898,.442,.358,2.072,1.09,9.77,.705,-76.6,-10.62,.678,11.29,.871,.971,1.33,63.24,49.39,1.874,8.62,2.162,1.144,2.437,2.526,1.633,40.33,25.1,.98,3.05,.271,.415,1.429,.37,.576
101,2017,229,1650,12.28,1.099,.451,.387,2.521,1.31,.796,.692,-76.3,-10.11,.735,10.87,.802,1.152,1.419,61.95,47.37,2.057,9.01,2.124,1.043,2.737,3.157,1.104,40.9,24.06,1.097,2.99,.3,.435,1.615,.379,.595
101,2017,229,1700,12.3,1.31,.534,.486,2.943,1.851,.993,.752,-73,-9.66,1.012,12.29,1.11,1.393,1.834,38.36,29.38,2.273,11.86,2.727,1.491,2.713,.976,1.337,26.78,9.64,1.228,4.897,.357,.551,2.04,.395,.909
101,2017,229,1710,12.32,1.139,.442,.417,2.373,1.161,.713,.528,-71.4,-9.4,.802,9.34,.933,.953,1.32,22.9,12.88,1.872,9.39,2.288,1.236,1.812,.703,.976,16.58,4.118,.933,3.772,.255,.451,1.551,.3,.633
101,2017,229,1720,12.34,.878,.379,.332,1.871,.821,.529,.425,-68.75,-9.49,.574,7.17,.693,.688,1.048,32.49,10.68,1.469,7.28,1.794,.919,1.338,.544,.739,22.13,2.856,.794,3.127,.188,.355,1.144,.221,.514
101,2017,229,1730,12.35,.459,.198,.189,.971,.459,.32,.226,-68.8,-9.51,.32,4.271,.442,.399,.534,12.19,5.7,.77,4.032,1.117,.466,.797,.293,.405,4.892,.518,.4,1.635,.106,.198,.556,.112,.263
101,2017,229,1740,12.35,.3,.126,.097,.554,.302,.179,.136,-70.6,-9.68,.178,2.295,.213,.285,.312,2.807,2.637,.441,2.109,.471,.208,.509,.169,.229,2.295,.245,.221,.861,.069,.119,.348,.065,.151
101,2017,229,1750,12.34,.216,.085,.067,.415,.186,.117,.077,-69.39,-9.72,.116,1.504,.126,.176,.179,1.714,1.57,.317,1.343,.322,.154,.338,.111,.141,1.33,.161,.141,.491,.04,.077,.193,.04,.08
101,2017,229,1800,12.34,.117,.04,.034,.23,.089,.067,.039,-76.1,-9.92,.049,.771,.065,.077,.074,.802,.725,.168,.663,.184,.064,.173,.064,.07,.616,.075,.069,.216,.027,.034,.084,.022,.034
101,2017,229,1810,12.33,.085,.034,.034,.179,.067,.05,.034,-77.6,-10.13,.034,.61,.034,.069,.064,.523,.514,.132,.498,.129,.034,.149,.042,.06,.427,.052,.059,.171,.018,.034,.067,0,.034
101,2017,229,1820,12.33,.028,.003,.002,.052,.023,.01,.008,-80.6,-10.29,.013,.188,.017,.023,.02,.223,.199,.039,.174,.044,.018,.037,.012,.017,.171,.018,.017,.074,0,.007,.025,0,.003
101,2017,229,1830,12.32,0,0,0,0,0,0,0,-81.3,-10.48,0,.015,0,0,0,.017,.012,0,.012,0,0,0,0,0,.01,0,0,0,0,0,0,0,0
101,2017,229,1840,12.29,0,0,0,0,0,0,0,-82.2,-10.56,0,0,0,0,0,0,0,0,0,0,0,0,0,0,0,0,0,0,0,0,0,0,0
101,2017,229,1850,12.26,0,0,0,0,0,0,0,-80.6,-10.5,0,0,0,0,0,0,0,0,0,0,0,0,0,0,0,0,0,0,0,0,0,0,0
101,2017,229,1900,12.26,0,0,0,0,0,0,0,-78.2,-10.54,0,0,0,0,0,0,0,0,0,0,0,0,0,0,0,0,0,0,0,0,0,0,0
101,2017,229,1910,12.27,0,0,0,0,0,0,0,-78.2,-10.75,0,0,0,0,0,0,0,0,0,0,0,0,0,0,0,0,0,0,0,0,0,0,0
101,2017,229,1920,12.29,0,0,0,0,0,0,0,-76.6,-10.61,0,0,0,0,0,0,0,0,0,0,0,0,0,0,0,0,0,0,0,0,0,0,0
101,2017,229,1930,12.32,0,0,0,0,0,0,0,-75.7,-10.38,0,0,0,0,0,0,0,0,0,0,0,0,0,0,0,0,0,0,0,0,0,0,0
101,2017,229,1940,12.31,0,0,0,0,0,0,0,-74.8,-10.04,0,0,0,0,0,0,0,0,0,0,0,0,0,0,0,0,0,0,0,0,0,0,0
101,2017,229,1950,12.29,0,0,0,0,0,0,0,-73.8,-10.22,0,0,0,0,0,0,0,0,0,0,0,0,0,0,0,0,0,0,0,0,0,0,0
101,2017,229,2000,12.28,0,0,0,0,0,0,0,-73.1,-10.48,0,0,0,0,0,0,0,0,0,0,0,0,0,0,0,0,0,0,0,0,0,0,0
101,2017,229,2010,12.28,0,0,0,0,0,0,0,-72.9,-10.67,0,0,0,0,0,0,0,0,0,0,0,0,0,0,0,0,0,0,0,0,0,0,0
101,2017,229,2020,12.3,0,0,0,0,0,0,0,-72.1,-11.12,0,0,0,0,0,0,0,0,0,0,0,0,0,0,0,0,0,0,0,0,0,0,0
101,2017,229,2030,12.3,0,0,0,0,0,0,0,-71.7,-11.44,0,0,0,0,0,0,0,0,0,0,0,0,0,0,0,0,0,0,0,0,0,0,0
101,2017,229,2040,12.28,0,0,0,0,0,0,0,-69.77,-11.4,0,0,0,0,0,0,0,0,0,0,0,0,0,0,0,0,0,0,0,0,0,0,0
101,2017,229,2050,12.3,0,0,0,0,0,0,0,-68.01,-11.45,0,0,0,0,0,0,0,0,0,0,0,0,0,0,0,0,0,0,0,0,0,0,0
101,2017,229,2100,12.3,0,0,0,0,0,0,0,-66.87,-11.15,0,0,0,0,0,0,0,0,0,0,0,0,0,0,0,0,0,0,0,0,0,0,0
101,2017,229,2110,12.3,0,0,0,0,0,0,0,-65.66,-11.02,0,0,0,0,0,0,0,0,0,0,0,0,0,0,0,0,0,0,0,0,0,0,0
101,2017,229,2120,12.31,0,0,0,0,0,0,0,-66.39,-10.9,0,0,0,0,0,0,0,0,0,0,0,0,0,0,0,0,0,0,0,0,0,0,0
101,2017,229,2130,12.31,0,0,0,0,0,0,0,-64.07,-10.6,0,0,0,0,0,0,0,0,0,0,0,0,0,0,0,0,0,0,0,0,0,0,0
101,2017,229,2140,12.3,0,0,0,0,0,0,0,-64.06,-10.39,0,0,0,0,0,0,0,0,0,0,0,0,0,0,0,0,0,0,0,0,0,0,0
101,2017,229,2150,12.3,0,0,0,0,0,0,0,-63.15,-10.33,0,0,0,0,0,0,0,0,0,0,0,0,0,0,0,0,0,0,0,0,0,0,0
101,2017,229,2200,12.3,0,0,0,0,0,0,0,-61.8,-10.28,0,0,0,0,0,0,0,0,0,0,0,0,0,0,0,0,0,0,0,0,0,0,0
101,2017,229,2210,12.29,0,0,0,0,0,0,0,-60.98,-10.25,0,0,0,0,0,0,0,0,0,0,0,0,0,0,0,0,0,0,0,0,0,0,0
101,2017,229,2220,12.27,0,0,0,0,0,0,0,-60.27,-10.26,0,0,0,0,0,0,0,0,0,0,0,0,0,0,0,0,0,0,0,0,0,0,0
101,2017,229,2230,12.26,0,0,0,0,0,0,0,-58.82,-10.05,0,0,0,0,0,0,0,0,0,0,0,0,0,0,0,0,0,0,0,0,0,0,0
101,2017,229,2240,12.29,0,0,0,0,0,0,0,-57.56,-9.84,0,0,0,0,0,0,0,0,0,0,0,0,0,0,0,0,0,0,0,0,0,0,0
101,2017,229,2250,12.32,0,0,0,0,0,0,0,-56.77,-9.78,0,0,0,0,0,0,0,0,0,0,0,0,0,0,0,0,0,0,0,0,0,0,0
101,2017,229,2300,12.32,0,0,0,0,0,0,0,-57.27,-9.82,0,0,0,0,0,0,0,0,0,0,0,0,0,0,0,0,0,0,0,0,0,0,0
101,2017,229,2310,12.3,0,0,0,0,0,0,0,-57.35,-9.76,0,0,0,0,0,0,0,0,0,0,0,0,0,0,0,0,0,0,0,0,0,0,0
101,2017,229,2320,12.28,0,0,0,0,0,0,0,-56.31,-9.58,0,0,0,0,0,0,0,0,0,0,0,0,0,0,0,0,0,0,0,0,0,0,0
101,2017,229,2330,12.27,0,0,0,0,0,0,0,-52.55,-9.7,0,0,0,0,0,0,0,0,0,0,0,0,0,0,0,0,0,0,0,0,0,0,0
101,2017,229,2340,12.26,0,0,0,0,0,0,0,-50.57,-10.06,0,0,0,0,0,0,0,0,0,0,0,0,0,0,0,0,0,0,0,0,0,0,0
101,2017,229,2350,12.27,0,0,0,0,0,0,0,-50.21,-10.15,0,0,0,0,0,0,0,0,0,0,0,0,0,0,0,0,0,0,0,0,0,0,0
101,2017,229,2400,12.27,0,0,0,0,0,0,0,-49.2,-10.07,0,0,0,0,0,0,0,0,0,0,0,0,0,0,0,0,0,0,0,0,0,0,0
102,2017,229,2400,12.11,5266
101,2017,230,10,12.27,0,0,0,0,0,0,0,-49.35,-10.1,0,0,0,0,0,0,0,0,0,0,0,0,0,0,0,0,0,0,0,0,0,0,0
101,2017,230,20,12.27,0,0,0,0,0,0,0,-47.77,-10.37,0,0,0,0,0,0,0,0,0,0,0,0,0,0,0,0,0,0,0,0,0,0,0
101,2017,230,30,12.28,0,0,0,0,0,0,0,-44.73,-10.56,0,0,0,0,0,0,0,0,0,0,0,0,0,0,0,0,0,0,0,0,0,0,0
101,2017,230,40,12.28,0,0,0,0,0,0,0,-45.98,-10.65,0,0,0,0,0,0,0,0,0,0,0,0,0,0,0,0,0,0,0,0,0,0,0
101,2017,230,50,12.29,0,0,0,0,0,0,0,-44.99,-10.5,0,0,0,0,0,0,0,0,0,0,0,0,0,0,0,0,0,0,0,0,0,0,0
101,2017,230,100,12.29,0,0,0,0,0,0,0,-45.46,-10.61,0,0,0,0,0,0,0,0,0,0,0,0,0,0,0,0,0,0,0,0,0,0,0
101,2017,230,110,12.29,0,0,0,0,0,0,0,-44.8,-10.55,0,0,0,0,0,0,0,0,0,0,0,0,0,0,0,0,0,0,0,0,0,0,0
101,2017,230,120,12.29,0,0,0,0,0,0,0,-46.12,-10.24,0,0,0,0,0,0,0,0,0,0,0,0,0,0,0,0,0,0,0,0,0,0,0
101,2017,230,130,12.29,0,0,0,0,0,0,0,-46.89,-10.06,0,0,0,0,0,0,0,0,0,0,0,0,0,0,0,0,0,0,0,0,0,0,0
101,2017,230,140,12.29,0,0,0,0,0,0,0,-45.23,-9.96,0,0,0,0,0,0,0,0,0,0,0,0,0,0,0,0,0,0,0,0,0,0,0
101,2017,230,150,12.28,0,0,0,0,0,0,0,-44.47,-10.02,0,0,0,0,0,0,0,0,0,0,0,0,0,0,0,0,0,0,0,0,0,0,0
101,2017,230,200,12.28,0,0,0,0,0,0,0,-45.46,-10.05,0,0,0,0,0,0,0,0,0,0,0,0,0,0,0,0,0,0,0,0,0,0,0
101,2017,230,210,12.28,0,0,0,0,0,0,0,-46.11,-9.93,0,0,0,0,0,0,0,0,0,0,0,0,0,0,0,0,0,0,0,0,0,0,0
101,2017,230,220,12.28,0,0,0,0,0,0,0,-43.87,-9.98,0,0,0,0,0,0,0,0,0,0,0,0,0,0,0,0,0,0,0,0,0,0,0
101,2017,230,230,12.28,0,0,0,0,0,0,0,-44.1,-9.72,0,0,0,0,0,0,0,0,0,0,0,0,0,0,0,0,0,0,0,0,0,0,0
101,2017,230,240,12.27,0,0,0,0,0,0,0,-44.43,-9.74,0,0,0,0,0,0,0,0,0,0,0,0,0,0,0,0,0,0,0,0,0,0,0
101,2017,230,250,12.27,0,0,0,0,0,0,0,-44.61,-9.92,0,0,0,0,0,0,0,0,0,0,0,0,0,0,0,0,0,0,0,0,0,0,0
101,2017,230,300,12.27,0,0,0,0,0,0,0,-45.82,-9.98,0,0,0,0,0,0,0,0,0,0,0,0,0,0,0,0,0,0,0,0,0,0,0
101,2017,230,310,12.27,0,0,0,0,0,0,0,-46.34,-10.02,0,0,0,0,0,0,0,0,0,0,0,0,0,0,0,0,0,0,0,0,0,0,0
101,2017,230,320,12.26,0,0,0,0,0,0,0,-47.02,-10.02,0,0,0,0,0,0,0,0,0,0,0,0,0,0,0,0,0,0,0,0,0,0,0
101,2017,230,330,12.26,0,0,0,0,0,0,0,-47.85,-10,0,0,0,0,0,0,0,0,0,0,0,0,0,0,0,0,0,0,0,0,0,0,0
101,2017,230,340,12.26,0,0,0,0,0,0,0,-48.84,-9.78,0,0,0,0,0,0,0,0,0,0,0,0,0,0,0,0,0,0,0,0,0,0,0
101,2017,230,350,12.26,0,0,0,0,0,0,0,-49.02,-9.91,0,0,0,0,0,0,0,0,0,0,0,0,0,0,0,0,0,0,0,0,0,0,0
101,2017,230,400,12.26,0,0,0,0,0,0,0,-49.51,-10.02,0,0,0,0,0,0,0,0,0,0,0,0,0,0,0,0,0,0,0,0,0,0,0
101,2017,230,410,12.26,0,0,0,0,0,0,0,-48.89,-10.03,0,0,0,0,0,0,0,0,0,0,0,0,0,0,0,0,0,0,0,0,0,0,0
101,2017,230,420,12.26,0,0,0,0,0,0,0,-49.7,-9.95,0,0,0,0,0,0,0,0,0,0,0,0,0,0,0,0,0,0,0,0,0,0,0
101,2017,230,430,12.26,0,0,0,0,0,0,0,-49.16,-9.79,0,0,0,0,0,0,0,0,0,0,0,0,0,0,0,0,0,0,0,0,0,0,0
101,2017,230,440,12.26,0,0,0,0,0,0,0,-47.35,-10.04,0,0,0,0,0,0,0,0,0,0,0,0,0,0,0,0,0,0,0,0,0,0,0
101,2017,230,450,12.26,0,0,0,0,0,0,0,-47.95,-9.7,0,0,0,0,0,0,0,0,0,0,0,0,0,0,0,0,0,0,0,0,0,0,0
101,2017,230,500,12.26,0,0,0,0,0,0,0,-47.61,-9.51,0,0,0,0,0,0,0,0,0,0,0,0,0,0,0,0,0,0,0,0,0,0,0
101,2017,230,510,12.26,0,0,0,0,0,0,0,-46.46,-9.6,0,0,0,0,0,0,0,0,0,0,0,0,0,0,0,0,0,0,0,0,0,0,0
101,2017,230,520,12.26,0,0,0,0,0,0,0,-47.22,-9.66,0,0,0,0,0,0,0,0,0,0,0,0,0,0,0,0,0,0,0,0,0,0,0
101,2017,230,530,12.26,0,0,0,0,0,0,0,-48.02,-9.48,0,0,0,0,0,0,0,0,0,0,0,0,0,0,0,0,0,0,0,0,0,0,0
101,2017,230,540,12.25,0,0,0,0,0,0,0,-46.64,-9.58,0,0,0,0,0,0,0,0,0,0,0,0,0,0,0,0,0,0,0,0,0,0,0
101,2017,230,550,12.25,0,0,0,0,0,0,0,-46.62,-9.58,0,0,0,0,0,0,0,0,0,0,0,0,0,0,0,0,0,0,0,0,0,0,0
101,2017,230,600,12.25,0,0,0,0,0,0,0,-45.75,-9.57,0,0,0,0,0,0,0,0,0,0,0,0,0,0,0,0,0,0,0,0,0,0,0
101,2017,230,610,12.25,0,0,0,0,0,0,0,-46.13,-9.56,0,0,0,0,0,0,0,0,0,0,0,0,0,0,0,0,0,0,0,0,0,0,0
101,2017,230,620,12.25,0,0,0,0,0,0,0,-46.48,-9.54,0,0,0,0,0,0,0,0,0,0,0,0,0,0,0,0,0,0,0,0,0,0,0
101,2017,230,630,12.25,0,0,0,.01,0,0,0,-47.28,-9.45,0,.04,0,0,0,.023,.018,.007,.023,.007,0,.01,0,0,.018,0,0,.003,0,0,0,0,0
101,2017,230,640,12.24,.032,.02,.007,.062,.032,.02,.015,-47.53,-9.26,.017,.28,.02,.03,.023,.199,.198,.054,.204,.057,.02,.065,.025,.028,.163,.022,.022,.054,.002,.012,.025,.002,.008
101,2017,230,650,12.24,.109,.045,.034,.241,.111,.067,.042,-47.57,-8.96,.047,1.019,.062,.101,.087,.791,.804,.199,.744,.209,.059,.253,.072,.082,.68,.084,.072,.208,.03,.034,.091,.032,.034
101,2017,230,700,12.24,.23,.102,.069,.489,.236,.147,.085,-44.06,-9.21,.109,2.185,.136,.208,.191,1.793,1.83,.406,1.611,.427,.129,.518,.163,.181,1.559,.186,.151,.437,.037,.075,.201,.042,.077
101,2017,230,710,12.24,.365,.164,.109,.784,.377,.236,.144,-42.32,-9.06,.179,3.504,.221,.33,.297,2.891,2.971,.627,2.591,.67,.201,.833,.255,.283,2.526,.293,.241,.68,.069,.111,.322,.082,.112
101,2017,230,720,12.25,.478,.225,.154,1.125,.488,.334,.188,-41.04,-9.12,.248,5.144,.312,.439,.404,4.009,4.071,.905,3.697,.967,.283,1.183,.36,.399,3.473,.404,.339,.949,.101,.158,.429,.104,.163
101,2017,230,730,12.25,.583,.285,.186,1.393,.6,.412,.236,-40.91,-9.35,.32,13.57,.391,.526,.478,6.147,4.978,1.175,4.611,1.215,.359,1.468,.446,.474,4.302,.493,.419,1.198,.119,.191,.52,.141,.198
101,2017,230,740,12.24,.685,.323,.235,1.634,.711,.478,.288,-41.55,-9.75,.399,49.59,.59,.664,.727,9.42,5.812,1.565,7.23,1.456,.417,1.922,.644,.635,4.914,.577,.501,1.384,.154,.235,.602,.168,.24
101,2017,230,750,12.24,.771,.369,.283,1.854,.825,.575,.345,-41.59,-10,.451,60.28,.935,.84,.853,9.85,6.422,1.745,8.71,1.691,.441,13.56,1.212,.9,6.675,.654,.572,1.542,.171,.278,.67,.181,.288
101,2017,230,800,12.24,.843,.411,.342,2.046,.935,.687,.385,-40.88,-10.28,.513,68.41,1.195,1.032,.939,10.12,6.892,1.882,41.26,1.932,.476,21.62,8,1.165,5.816,.706,.637,1.689,.211,.32,.729,.209,.315
101,2017,230,810,12.24,1.23,.436,.392,2.237,1.083,.816,.436,-40.2,-10.67,.585,75.6,1.353,1.188,1.017,10.04,7.36,2.058,48.78,2.204,.526,24.6,21.97,1.341,6.151,.758,.696,1.813,.235,.354,.781,.235,.359
101,2017,230,820,12.25,2.618,.466,.446,2.46,1.296,.992,.582,-37.29,-10.9,.657,82,1.455,1.339,1.086,9.82,7.92,2.231,54.87,2.485,.555,25.81,4.155,1.555,11.42,.831,.753,1.926,.26,.372,.82,.345,.404
101,2017,230,830,12.25,1.046,.473,.493,2.648,1.54,1.436,.781,-35.22,-11.03,.719,87.9,1.646,2.37,1.163,10.08,9.13,2.363,60.64,3.013,.598,27.91,2.37,1.542,11.57,.893,.815,2.026,.288,.404,.866,.528,1.76
101,2017,230,840,12.25,1.123,1.334,.543,2.921,1.954,21.42,1.577,-33.8,-10.96,.773,93.2,1.683,1.485,1.249,10.44,19.55,2.558,66.22,3.907,.635,29.47,1.84,8.81,10.83,.942,.887,2.11,.302,1.56,.913,.424,.508
101,2017,230,850,12.25,1.274,8.62,.602,4.262,2.648,31.52,1.106,-29.46,-10.33,.811,97.6,1.379,1.554,1.332,11.54,25.5,2.734,71.1,3.216,.68,29.23,1.897,5.687,9.96,1.041,.959,2.184,.31,.436,.945,1.098,.461
101,2017,230,900,12.25,1.317,.608,.677,30.5,2.921,30.92,2.584,-28.08,-9.53,.865,101.5,1.306,1.887,1.394,14.62,30.68,3.122,75.8,3.416,.736,27.14,1.931,1.917,9.23,3.469,1.327,2.259,.337,.439,.992,1.492,.469
101,2017,230,910,12.24,1.316,.747,.756,43.58,3.114,2.14,.845,-45.18,-9.57,.927,105.2,1.334,1.671,1.475,19.15,35.64,3.307,80.1,3.776,.815,26.64,4.656,1.869,9.18,1.161,1.093,2.34,.365,.469,1.031,.384,1.237
101,2017,230,920,12.24,1.373,.689,.856,46.36,3.161,1.993,.706,-47.01,-8.88,.95,108.1,1.381,1.684,1.676,24.17,40.48,3.226,84,4.081,.863,20.42,31.29,2.336,9.4,1.239,1.175,2.415,.369,.484,1.078,.402,.513
101,2017,230,930,12.24,1.428,.729,8.62,49,4.28,1.991,.68,-48.6,-8.9,.999,110.9,1.413,1.942,2.267,29.01,45.75,3.244,87.6,9.13,1.029,15.5,1.962,22.62,9.64,1.312,1.619,2.495,.379,.511,1.126,.417,.53
101,2017,230,940,12.24,2.83,.777,37.05,51.44,10.24,3.664,2.765,-44.41,-7.58,1.046,113.5,1.454,1.753,1.79,33.84,50.7,3.363,90.9,4.439,1.047,6.506,10.99,14.08,9.98,1.469,1.451,2.595,.402,.536,1.159,.436,.555
101,2017,230,950,12.24,1.572,1.838,72.7,53.45,21.11,5.246,13.55,-40.25,-3.656,1.084,115.4,1.51,1.94,3.488,38.53,54.9,3.328,93.8,7.72,1.195,4.958,57.37,22.76,10.34,1.659,1.384,2.693,.402,.556,1.205,.436,.578
101,2017,230,1000,12.24,1.675,.913,76,55.25,28.91,5.38,1.546,-42.43,-4.236,1.386,117.4,1.521,2.662,3.937,43.43,55.66,3.411,96.7,6.353,1.188,4.904,80.3,70.3,10.77,22.71,1.456,2.806,.41,.583,1.258,.771,.916
101,2017,230,1010,12.24,1.938,1.295,54.58,56.84,36.06,2.573,2.55,-47.37,-4.586,1.218,118.9,1.592,1.741,3.741,48.77,42.77,3.619,99,6.683,1.263,5.058,34.55,66.38,11.99,37.47,1.607,2.949,.434,.612,1.288,.655,.663
101,2017,230,1020,12.25,1.922,2.778,1.91,58.28,48.82,1.685,.821,-48.71,-5.113,1.302,120.2,1.593,1.711,3.316,53.93,19.45,3.639,101.5,68.06,1.329,9.99,4.477,3.088,14.17,2.421,4.252,3.46,.436,.637,1.344,.518,.695
101,2017,230,1030,12.25,1.974,1.407,1.305,59.54,64.49,1.799,.843,-48.65,-4.296,4.081,121.4,1.677,1.677,2.103,58.96,14.16,3.662,103.7,47.99,1.406,17.61,1.987,21.89,17.06,2.329,2.067,3.634,.436,.672,1.381,.513,.737
101,2017,230,1040,12.25,2.134,2.374,1.297,60.17,78.6,11.95,.858,-41.73,-3.756,5.386,121.7,1.697,1.662,2.124,63.83,11.17,3.753,105.2,5.941,1.57,12.83,1.645,2.947,20.64,2.511,2.233,3.674,.436,1.429,1.424,.7,.752
101,2017,230,1050,12.25,2.238,1.652,1.26,60.4,82.7,3.941,.885,-47.15,-3.49,1.546,121.7,1.788,1.647,2.158,68.53,11.31,3.785,106.5,10.15,1.739,17.54,2.269,1.808,24.7,2.749,23.6,4.807,.451,22.43,1.456,3.259,.797
101,2017,230,1100,12.25,2.454,1.649,1.236,57.3,37.49,2.491,.885,-49.67,-5.227,1.494,122,1.855,1.669,2.247,73.5,11.64,3.894,108.1,83.6,1.886,21.92,1.572,1.823,28.5,2.793,10.63,10.27,.464,.896,1.506,.709,.828
101,2017,230,1110,12.25,2.503,1.699,1.292,48.72,15.05,1.664,1.143,-50.23,-6.091,1.447,122.8,1.987,1.66,3.704,78.9,12.35,3.833,110,106,6.269,12.06,1.506,1.841,32.1,2.845,12.77,9.4,.488,.826,1.659,.657,.866
101,2017,230,1120,12.25,7.27,1.943,1.27,40.1,7.94,1.623,.911,-50.78,-6.679,1.389,122.3,2.005,1.65,2.308,82.8,11.85,3.893,110.7,107.2,2.201,4.987,1.466,1.826,34.73,2.632,46.15,69.24,.499,.834,1.829,1.389,.89
101,2017,230,1130,12.26,2.531,2.07,1.278,28.8,10.28,2.332,.941,-53.96,-6.372,1.498,121.9,2.372,1.702,2.6,86.5,12.36,3.948,111.3,102.7,2.462,4.818,1.439,1.905,36.98,2.529,2.06,73.2,.523,.861,2.074,.868,5.645
101,2017,230,1140,12.25,2.439,6.771,1.198,17.42,3.282,2.864,.955,-54.09,-6.682,9.37,119.8,3.93,1.695,14.72,88.2,12.68,3.997,109.9,16.96,2.781,4.784,1.472,1.987,38.37,2.266,7.15,74.6,.534,.866,2.273,.724,2.416
101,2017,230,1150,12.25,2.464,8.45,1.395,13.46,2.159,11.39,1.022,-49.03,-6.777,1.429,122.2,25.52,1.712,2.757,93.7,13.2,4.136,113.5,70,3.695,5.804,1.548,2.109,42.22,2.265,7.44,79.4,.578,.908,2.616,.759,1.054
101,2017,230,1200,12.26,2.449,59.87,25.53,13.13,4.258,25.59,1.042,-36.24,-5.774,1.432,122.2,7.61,1.75,11.94,97.4,21.08,4.313,114.7,27.91,5.504,9.86,1.548,2.156,45.14,2.387,2.41,82.7,.64,.955,2.883,.791,1.176
101,2017,230,1210,12.27,7.62,69.03,1.579,19.14,2.417,2.023,1.075,-50.21,-6.572,1.524,121.7,3.241,1.869,3.908,99.8,65.64,4.815,114.7,84.9,32.05,6.14,1.618,2.611,47.67,2.653,2.328,83.6,.677,1.052,3.29,.831,1.316
101,2017,230,1220,12.27,2.829,64.91,1.459,8.76,2.774,3.792,1.139,-51.29,-5.946,1.611,120,3.594,2.089,7.5,102.3,97.1,5.261,114.4,44.17,8.37,12.05,1.787,2.742,50.53,2.827,2.594,85.2,.74,3.521,5.139,.866,1.449
101,2017,230,1230,12.27,3.656,40.31,1.477,16.12,3.169,5.457,1.276,-50.88,-5.361,23.41,108.1,4.268,2.159,3.482,98.6,91.2,5.624,105.7,38.03,4.536,5.038,2.961,2.857,49.97,3.088,3.065,79,.774,1.536,10.6,.894,1.672
101,2017,230,1240,12.27,2.923,6.113,1.271,5.825,2.658,9.76,1.296,-50.21,-5.216,34.75,104.1,3.433,2.482,3.144,106.6,92.2,5.137,112,86.6,26.91,4.763,2.094,2.753,56.02,2.861,3.109,88.4,.821,1.332,5.725,1.015,1.571
101,2017,230,1250,12.27,2.862,1.889,2.928,4.891,2.288,3.311,1.271,-54.9,-4.961,1.732,105.9,3.718,13.69,3.07,107.1,73.9,4.937,110,51.72,77,5.303,1.69,3.457,57.46,2.738,5.18,89.4,.802,1.409,4.37,1.059,1.792
101,2017,230,1300,12.27,2.539,1.594,1.085,4.206,2.003,46.47,4.462,-29.75,-4.41,2.186,105.7,3.229,2.291,3.356,106.3,68.6,4.413,106.7,16.2,45.03,4.065,1.656,3.149,58.26,2.494,50.76,90.4,.769,1.343,3.539,1.059,1.687
101,2017,230,1310,12.27,2.269,8.41,4.626,4.293,1.939,33.08,9.74,-37.39,-2.978,1.559,102.2,11.73,1.913,3.048,106.4,81.5,4.226,104.8,9.59,4.669,3.834,2.279,26.52,59.12,2.499,31.61,90.6,.765,1.397,3.47,1.405,1.76
101,2017,230,1320,12.27,3.135,28.62,1.579,3.861,1.919,1.888,3.857,-54.25,-3.392,1.571,99.5,18.36,2.537,2.918,107.7,95.8,4.108,103.5,7.55,4.599,3.69,1.666,99.4,60.47,2.511,77.2,91.7,.77,1.507,3.531,1.928,1.583
101,2017,230,1330,12.27,2.092,1.337,1.35,3.891,1.945,1.769,20.49,-54.13,.373,11.51,95.7,77.6,3.301,3.052,108.2,82,3.995,101.1,6.601,4.978,3.601,1.578,51.01,61.65,2.469,61.41,91.7,.801,39.62,3.634,1.357,1.62
101,2017,230,1340,12.27,2,1.218,.943,3.8,1.931,3.569,63.26,-53.92,9.99,61.61,92.6,52.36,1.812,3.1,109.1,38.21,3.829,99.5,5.978,4.376,3.571,1.584,8.96,62.94,2.378,32.13,92.5,.772,3.502,3.614,1.077,1.529
101,2017,230,1350,12.27,1.956,1.142,.903,3.705,1.831,2.033,4.695,-53.01,-2.164,32.71,88.6,4.721,1.8,3.353,108.8,16.07,3.653,96.8,5.874,4.023,4.335,14.71,9.68,63.36,2.355,3.432,92.2,.765,1.792,3.693,1.042,1.646
101,2017,230,1400,12.27,1.921,1.035,.873,3.564,1.878,1.678,1.189,-53,-2.795,5.473,84.5,6.19,1.807,4.485,108.9,15.38,3.567,94.7,5.658,3.998,4.222,2.64,12.58,63.87,2.315,2.986,92,.755,4.385,3.725,1.064,1.725
101,2017,230,1410,12.27,1.792,.988,.881,3.447,1.805,2.666,1.214,-48.97,-2.728,1.762,80.1,51.55,1.837,11.73,108.8,15.24,3.462,91.7,5.271,4.922,4.726,1.454,2.655,64.23,2.4,2.829,91.7,.767,3.581,3.775,1.02,2.115
101,2017,230,1420,12.27,1.675,.94,6.16,3.452,1.807,1.708,1.69,-37.36,-2.162,5.108,76.4,10.45,3.541,14.91,109.1,16.33,3.547,90.2,5.421,6.205,3.691,1.482,2.251,64.71,2.655,2.812,90.7,.769,5.06,3.881,1.017,2.191
101,2017,230,1430,12.27,1.675,.874,.836,3.872,1.738,4.701,15.64,-42.05,2.256,2.166,72.3,3.559,1.866,17.5,109.2,15.65,3.522,87.1,5.301,5.639,3.634,1.469,2.073,64.85,2.842,2.599,90.5,.76,4.134,3.186,.986,17.96
101,2017,230,1440,12.27,1.697,.806,.797,2.99,1.718,26.61,55.53,-19.89,14.56,6.309,65.53,3.177,3.743,21.27,107.8,17.71,3.331,83.1,6.74,5.802,3.812,1.462,2.005,64.35,3.043,2.435,88.2,.787,2.467,2.569,.953,2.574
101,2017,230,1450,12.27,1.772,.767,.755,4.919,1.688,16.55,32.16,-19.47,9.07,19.32,39.12,2.919,1.685,26.48,105.4,40.6,3.057,79.8,4.807,21.44,3.668,1.323,2.355,63.56,2.857,2.281,86.3,.809,1.857,2.434,.861,7.06
101,2017,230,1500,12.26,2.006,.707,.703,2.857,1.913,17.64,7.76,-21.92,1.769,61.79,45.11,2.69,1.613,28.34,103.6,46.33,2.929,75.2,4.485,40.83,3.455,1.201,8.66,62.69,7.27,2.125,46.67,.779,1.524,2.238,.708,3.301
101,2017,230,1510,12.27,1.566,.866,.68,2.66,2.501,3.569,1.124,-26.85,.084,45.8,49.04,2.559,1.549,17.91,100.1,63.97,2.857,70.3,4.306,36.84,3.351,1.142,1.692,60.85,14.96,2.105,7.03,.713,1.368,2.082,.621,2.062
101,2017,230,1520,12.27,1.271,.62,.673,2.594,1.576,1.757,1.045,-26.08,.462,70.1,42.52,2.352,1.593,6.244,95,75.2,2.673,62.83,4.113,16.44,3.119,1.107,1.638,57.78,10.33,2.254,5.971,.588,1.275,2.037,.561,1.601
101,2017,230,1530,12.27,1.226,.586,.623,2.489,1.878,1.461,1,-28.64,.516,17.4,38.09,2.218,3.829,3.79,96,77.3,2.641,59.75,3.98,12.45,3.032,1.042,1.502,58.92,60.13,8.58,5.239,.513,1.129,2.022,.539,1.28
101,2017,230,1540,12.27,1.188,.588,.655,2.469,3.154,5.652,1.017,-29.77,.191,1.682,33.98,2.223,1.38,3.147,93.5,77.2,2.67,54.98,4.34,9.41,2.99,1.26,1.578,56.93,12.79,2.156,5.263,.436,.985,2.01,.519,1.178
101,2017,230,1550,12.27,1.169,.559,.765,2.353,1.683,7.97,1.039,-24.86,-.124,1.536,28.44,2.02,1.513,2.858,86.8,71.6,2.526,48.88,4.002,6.643,3.007,1.02,1.503,53.53,2.573,1.693,5.422,.414,.829,2.062,.606,1.213
101,2017,230,1600,12.27,1.137,.563,.504,2.359,3.342,1.905,4.481,-29.23,.3,1.23,23.58,1.821,1.472,2.281,80.4,66.23,2.355,35.73,3.595,3.821,2.963,.95,2.402,50.09,2.275,1.504,4.578,.38,.655,2.146,.642,.93
101,2017,230,1610,12.27,1.072,.514,.449,2.255,1.886,.931,3.585,-30.56,-.749,.983,19.56,1.625,1.209,1.95,77.7,63.62,2.23,12.46,3.007,1.948,2.978,.895,5.65,48.77,2.174,1.337,4.163,.33,.558,2.057,.643,.828
101,2017,230,1620,12.27,1.025,.501,.436,2.224,2.524,.903,.863,-27.31,-2.256,.893,16.37,1.566,1.149,1.784,77.3,62.73,2.216,10.45,2.826,1.561,2.821,.858,2.315,32.18,25.89,1.204,3.93,.322,.513,1.906,.605,.764
101,2017,230,1630,12.27,1.286,.581,.489,2.625,1.367,1.559,.943,-37.98,-2.11,1.115,16.15,1.653,1.305,1.988,73.7,58.62,2.653,12.64,3.432,2.022,2.981,.95,1.903,39.03,29.4,1.238,5.065,.325,.574,1.914,.523,.998
101,2017,230,1640,12.27,2.107,.866,.762,3.819,2.077,2.204,1.072,-38.57,-1.33,1.347,17.17,1.489,1.806,2.316,43.33,35.84,3.275,16.27,3.881,2.095,3.646,1.229,1.978,29.59,10.71,1.533,6.487,.439,.782,2.64,.487,1.132
101,2017,230,1650,12.26,1.71,.722,.581,3.166,1.714,1.007,.834,-31.21,-.6,1.075,13.17,1.074,1.417,1.737,19.9,18.22,2.519,12.49,2.668,1.598,3.015,.97,1.389,15.84,2.405,1.114,4.71,.363,.601,2.075,.425,.809
101,2017,230,1700,12.26,1.028,.477,.353,2.109,1.973,.735,.611,-28.78,-.245,.667,9.25,.68,1.152,1.261,25.76,21.41,1.717,7.99,1.799,1.045,2.442,.92,.975,19.26,5.255,.792,3.013,.296,.427,1.394,.325,.523
101,2017,230,1710,12.26,.809,.369,.29,1.714,1.047,.576,.451,-37.89,.095,.539,7.84,.588,.838,.993,16.47,12.03,1.439,6.689,1.59,.863,1.992,.635,.784,12.69,2.531,.633,2.444,.206,.338,1.102,.271,.441
101,2017,230,1720,12.26,.854,.355,.26,1.689,.816,.496,.387,-28.67,-.074,.462,7.2,.521,.782,.863,25.08,12.75,1.491,5.991,1.451,.714,1.819,.538,.66,17.81,1.536,.627,2.107,.186,.293,.886,.218,.404
101,2017,230,1730,12.26,.642,.28,.214,1.344,.694,.421,.322,-13.65,-.519,.414,5.989,.447,.615,.71,10.37,8.19,1.148,5.031,1.189,.58,1.484,.439,.538,6.606,.715,.461,1.786,.149,.253,.761,.181,.332
101,2017,230,1740,12.26,.447,.213,.169,.943,.513,.332,.248,-25.33,-.722,.307,4.552,.357,.456,.516,5.589,5.406,.816,3.808,.923,.432,1.116,.347,.437,4.611,.501,.359,1.365,.116,.188,.576,.137,.24
101,2017,230,1750,12.26,.407,.184,.132,.767,.414,.258,.184,-38.44,-.937,.24,3.513,.271,.377,.404,4.039,3.907,.655,2.972,.741,.335,.844,.263,.345,3.302,.4,.286,1.024,.084,.149,.422,.102,.179
101,2017,230,1800,12.26,.243,.109,.079,.452,.255,.157,.114,-37.57,-1.374,.146,2.083,.171,.23,.251,2.483,2.371,.399,1.778,.452,.208,.504,.163,.204,2.036,.251,.168,.613,.055,.092,.27,.06,.107
101,2017,230,1810,12.26,.112,.049,.039,.218,.114,.072,.052,-37.75,-1.799,.064,.888,.07,.106,.112,1.061,1.022,.184,.762,.208,.087,.233,.07,.094,.881,.114,.074,.283,.028,.045,.119,.032,.047
101,2017,230,1820,12.26,.032,.01,.003,.055,.034,.015,.015,-37.96,-2.181,.017,.235,.018,.028,.028,.295,.281,.052,.213,.057,.023,.062,.018,.025,.248,.032,.017,.079,0,.01,.035,.002,.01
101,2017,230,1830,12.26,0,0,0,0,0,0,0,-37.2,-2.55,0,.027,0,0,0,.04,.035,.002,.022,.005,0,.005,0,0,.028,0,0,.008,0,0,0,0,0
101,2017,230,1840,12.25,0,0,0,0,0,0,0,-32.99,-2.805,0,0,0,0,0,0,0,0,0,0,0,0,0,0,0,0,0,0,0,0,0,0,0
101,2017,230,1850,12.25,0,0,0,0,0,0,0,-31.9,-3.177,0,0,0,0,0,0,0,0,0,0,0,0,0,0,0,0,0,0,0,0,0,0,0
101,2017,230,1900,12.25,0,0,0,0,0,0,0,-32.21,-3.488,0,0,0,0,0,0,0,0,0,0,0,0,0,0,0,0,0,0,0,0,0,0,0
101,2017,230,1910,12.25,0,0,0,0,0,0,0,-30.4,-3.708,0,0,0,0,0,0,0,0,0,0,0,0,0,0,0,0,0,0,0,0,0,0,0
101,2017,230,1920,12.25,0,0,0,0,0,0,0,-30.18,-3.859,0,0,0,0,0,0,0,0,0,0,0,0,0,0,0,0,0,0,0,0,0,0,0
101,2017,230,1930,12.25,0,0,0,0,0,0,0,-28.99,-4.217,0,0,0,0,0,0,0,0,0,0,0,0,0,0,0,0,0,0,0,0,0,0,0
101,2017,230,1940,12.25,0,0,0,0,0,0,0,-27.66,-4.315,0,0,0,0,0,0,0,0,0,0,0,0,0,0,0,0,0,0,0,0,0,0,0
101,2017,230,1950,12.25,0,0,0,0,0,0,0,-27.19,-4.464,0,0,0,0,0,0,0,0,0,0,0,0,0,0,0,0,0,0,0,0,0,0,0
101,2017,230,2000,12.25,0,0,0,0,0,0,0,-25.28,-4.406,0,0,0,0,0,0,0,0,0,0,0,0,0,0,0,0,0,0,0,0,0,0,0
101,2017,230,2010,12.25,0,0,0,0,0,0,0,-24.79,-4.458,0,0,0,0,0,0,0,0,0,0,0,0,0,0,0,0,0,0,0,0,0,0,0
101,2017,230,2020,12.25,0,0,0,0,0,0,0,-24.25,-4.577,0,0,0,0,0,0,0,0,0,0,0,0,0,0,0,0,0,0,0,0,0,0,0
101,2017,230,2030,12.25,0,0,0,0,0,0,0,-25.22,-4.629,0,0,0,0,0,0,0,0,0,0,0,0,0,0,0,0,0,0,0,0,0,0,0
101,2017,230,2040,12.25,0,0,0,0,0,0,0,-25.57,-4.957,0,0,0,0,0,0,0,0,0,0,0,0,0,0,0,0,0,0,0,0,0,0,0
101,2017,230,2050,12.24,0,0,0,0,0,0,0,-25.67,-5.168,0,0,0,0,0,0,0,0,0,0,0,0,0,0,0,0,0,0,0,0,0,0,0
101,2017,230,2100,12.24,0,0,0,0,0,0,0,-26.51,-5.074,0,0,0,0,0,0,0,0,0,0,0,0,0,0,0,0,0,0,0,0,0,0,0
101,2017,230,2110,12.24,0,0,0,0,0,0,0,-28.44,-5.254,0,0,0,0,0,0,0,0,0,0,0,0,0,0,0,0,0,0,0,0,0,0,0
101,2017,230,2120,12.24,0,0,0,0,0,0,0,-30.52,-5.46,0,0,0,0,0,0,0,0,0,0,0,0,0,0,0,0,0,0,0,0,0,0,0
101,2017,230,2130,12.24,0,0,0,0,0,0,0,-30.14,-5.511,0,0,0,0,0,0,0,0,0,0,0,0,0,0,0,0,0,0,0,0,0,0,0
101,2017,230,2140,12.24,0,0,0,0,0,0,0,-29.41,-5.465,0,0,0,0,0,0,0,0,0,0,0,0,0,0,0,0,0,0,0,0,0,0,0
101,2017,230,2150,12.24,0,0,0,0,0,0,0,-26.64,-5.427,0,0,0,0,0,0,0,0,0,0,0,0,0,0,0,0,0,0,0,0,0,0,0
101,2017,230,2200,12.24,0,0,0,0,0,0,0,-26.91,-5.209,0,0,0,0,0,0,0,0,0,0,0,0,0,0,0,0,0,0,0,0,0,0,0
101,2017,230,2210,12.24,0,0,0,0,0,0,0,-27.28,-5.354,0,0,0,0,0,0,0,0,0,0,0,0,0,0,0,0,0,0,0,0,0,0,0
101,2017,230,2220,12.24,0,0,0,0,0,0,0,-27.17,-5.436,0,0,0,0,0,0,0,0,0,0,0,0,0,0,0,0,0,0,0,0,0,0,0
101,2017,230,2230,12.24,0,0,0,0,0,0,0,-26.54,-5.417,0,0,0,0,0,0,0,0,0,0,0,0,0,0,0,0,0,0,0,0,0,0,0
101,2017,230,2240,12.24,0,0,0,0,0,0,0,-25.16,-5.292,0,0,0,0,0,0,0,0,0,0,0,0,0,0,0,0,0,0,0,0,0,0,0
101,2017,230,2250,12.24,0,0,0,0,0,0,0,-24.56,-5.222,0,0,0,0,0,0,0,0,0,0,0,0,0,0,0,0,0,0,0,0,0,0,0
101,2017,230,2300,12.23,0,0,0,0,0,0,0,-24.86,-5.225,0,0,0,0,0,0,0,0,0,0,0,0,0,0,0,0,0,0,0,0,0,0,0
101,2017,230,2310,12.23,0,0,0,0,0,0,0,-24.51,-5.281,0,0,0,0,0,0,0,0,0,0,0,0,0,0,0,0,0,0,0,0,0,0,0
101,2017,230,2320,12.23,0,0,0,0,0,0,0,-22.95,-5.609,0,0,0,0,0,0,0,0,0,0,0,0,0,0,0,0,0,0,0,0,0,0,0
101,2017,230,2330,12.23,0,0,0,0,0,0,0,-22.11,-5.658,0,0,0,0,0,0,0,0,0,0,0,0,0,0,0,0,0,0,0,0,0,0,0
101,2017,230,2340,12.23,0,0,0,0,0,0,0,-21.09,-5.433,0,0,0,0,0,0,0,0,0,0,0,0,0,0,0,0,0,0,0,0,0,0,0
101,2017,230,2350,12.23,0,0,0,0,0,0,0,-20.11,-5.551,0,0,0,0,0,0,0,0,0,0,0,0,0,0,0,0,0,0,0,0,0,0,0
101,2017,230,2400,12.22,0,0,0,0,0,0,0,-19.07,-5.467,0,0,0,0,0,0,0,0,0,0,0,0,0,0,0,0,0,0,0,0,0,0,0
102,2017,230,2400,12.22,5266
101,2017,231,10,12.22,0,0,0,0,0,0,0,-21.96,-5.49,0,0,0,0,0,0,0,0,0,0,0,0,0,0,0,0,0,0,0,0,0,0,0
101,2017,231,20,12.22,0,0,0,0,0,0,0,-20.18,-5.465,0,0,0,0,0,0,0,0,0,0,0,0,0,0,0,0,0,0,0,0,0,0,0
101,2017,231,30,12.22,0,0,0,0,0,0,0,-19.67,-5.437,0,0,0,0,0,0,0,0,0,0,0,0,0,0,0,0,0,0,0,0,0,0,0
101,2017,231,40,12.22,0,0,0,0,0,0,0,-19.29,-5.425,0,0,0,0,0,0,0,0,0,0,0,0,0,0,0,0,0,0,0,0,0,0,0
101,2017,231,50,12.21,0,0,0,0,0,0,0,-18.71,-5.501,0,0,0,0,0,0,0,0,0,0,0,0,0,0,0,0,0,0,0,0,0,0,0
101,2017,231,100,12.21,0,0,0,0,0,0,0,-18.63,-5.611,0,0,0,0,0,0,0,0,0,0,0,0,0,0,0,0,0,0,0,0,0,0,0
101,2017,231,110,12.22,0,0,0,0,0,0,0,-18.11,-5.675,0,0,0,0,0,0,0,0,0,0,0,0,0,0,0,0,0,0,0,0,0,0,0
101,2017,231,120,12.22,0,0,0,0,0,0,0,-18.08,-5.744,0,0,0,0,0,0,0,0,0,0,0,0,0,0,0,0,0,0,0,0,0,0,0
101,2017,231,130,12.22,0,0,0,0,0,0,0,-17.63,-5.995,0,0,0,0,0,0,0,0,0,0,0,0,0,0,0,0,0,0,0,0,0,0,0
101,2017,231,140,12.22,0,0,0,0,0,0,0,-17.39,-6.085,0,0,0,0,0,0,0,0,0,0,0,0,0,0,0,0,0,0,0,0,0,0,0
101,2017,231,150,12.22,0,0,0,0,0,0,0,-16.78,-6.199,0,0,0,0,0,0,0,0,0,0,0,0,0,0,0,0,0,0,0,0,0,0,0
101,2017,231,200,12.22,0,0,0,0,0,0,0,-16.59,-6.189,0,0,0,0,0,0,0,0,0,0,0,0,0,0,0,0,0,0,0,0,0,0,0
101,2017,231,210,12.22,0,0,0,0,0,0,0,-16.18,-6.084,0,0,0,0,0,0,0,0,0,0,0,0,0,0,0,0,0,0,0,0,0,0,0
101,2017,231,220,12.22,0,0,0,0,0,0,0,-15.99,-6.168,0,0,0,0,0,0,0,0,0,0,0,0,0,0,0,0,0,0,0,0,0,0,0
101,2017,231,230,12.21,0,0,0,0,0,0,0,-15.79,-6.228,0,0,0,0,0,0,0,0,0,0,0,0,0,0,0,0,0,0,0,0,0,0,0
101,2017,231,240,12.21,0,0,0,0,0,0,0,-15.81,-6.287,0,0,0,0,0,0,0,0,0,0,0,0,0,0,0,0,0,0,0,0,0,0,0
101,2017,231,250,12.21,0,0,0,0,0,0,0,-15.85,-6.339,0,0,0,0,0,0,0,0,0,0,0,0,0,0,0,0,0,0,0,0,0,0,0
101,2017,231,300,12.21,0,0,0,0,0,0,0,-15.67,-6.509,0,0,0,0,0,0,0,0,0,0,0,0,0,0,0,0,0,0,0,0,0,0,0
101,2017,231,310,12.21,0,0,0,0,0,0,0,-13.57,-6.65,0,0,0,0,0,0,0,0,0,0,0,0,0,0,0,0,0,0,0,0,0,0,0
101,2017,231,320,12.21,0,0,0,0,0,0,0,-13.71,-6.608,0,0,0,0,0,0,0,0,0,0,0,0,0,0,0,0,0,0,0,0,0,0,0
101,2017,231,330,12.21,0,0,0,0,0,0,0,-13.65,-6.402,0,0,0,0,0,0,0,0,0,0,0,0,0,0,0,0,0,0,0,0,0,0,0
101,2017,231,340,12.21,0,0,0,0,0,0,0,-13.95,-6.365,0,0,0,0,0,0,0,0,0,0,0,0,0,0,0,0,0,0,0,0,0,0,0
101,2017,231,350,12.21,0,0,0,0,0,0,0,-14.39,-6.313,0,0,0,0,0,0,0,0,0,0,0,0,0,0,0,0,0,0,0,0,0,0,0
101,2017,231,400,12.21,0,0,0,0,0,0,0,-13.91,-6.416,0,0,0,0,0,0,0,0,0,0,0,0,0,0,0,0,0,0,0,0,0,0,0
101,2017,231,410,12.22,0,0,0,0,0,0,0,-13.15,-6.556,0,0,0,0,0,0,0,0,0,0,0,0,0,0,0,0,0,0,0,0,0,0,0
101,2017,231,420,12.21,0,0,0,0,0,0,0,-13.38,-6.597,0,0,0,0,0,0,0,0,0,0,0,0,0,0,0,0,0,0,0,0,0,0,0
101,2017,231,430,12.21,0,0,0,0,0,0,0,-14.25,-6.771,0,0,0,0,0,0,0,0,0,0,0,0,0,0,0,0,0,0,0,0,0,0,0
101,2017,231,440,12.21,0,0,0,0,0,0,0,-13.71,-6.729,0,0,0,0,0,0,0,0,0,0,0,0,0,0,0,0,0,0,0,0,0,0,0
101,2017,231,450,12.21,0,0,0,0,0,0,0,-13.47,-6.885,0,0,0,0,0,0,0,0,0,0,0,0,0,0,0,0,0,0,0,0,0,0,0
101,2017,231,500,12.21,0,0,0,0,0,0,0,-12.44,-6.873,0,0,0,0,0,0,0,0,0,0,0,0,0,0,0,0,0,0,0,0,0,0,0
101,2017,231,510,12.21,0,0,0,0,0,0,0,-10.92,-6.989,0,0,0,0,0,0,0,0,0,0,0,0,0,0,0,0,0,0,0,0,0,0,0
101,2017,231,520,12.21,0,0,0,0,0,0,0,-10.5,-6.892,0,0,0,0,0,0,0,0,0,0,0,0,0,0,0,0,0,0,0,0,0,0,0
101,2017,231,530,12.21,0,0,0,0,0,0,0,-11.5,-6.804,0,0,0,0,0,0,0,0,0,0,0,0,0,0,0,0,0,0,0,0,0,0,0
101,2017,231,540,12.21,0,0,0,0,0,0,0,-13,-6.809,0,0,0,0,0,0,0,0,0,0,0,0,0,0,0,0,0,0,0,0,0,0,0
101,2017,231,550,12.21,0,0,0,0,0,0,0,-13.3,-6.752,0,0,0,0,0,0,0,0,0,0,0,0,0,0,0,0,0,0,0,0,0,0,0
101,2017,231,600,12.21,0,0,0,0,0,0,0,-13.5,-6.828,0,0,0,0,0,0,0,0,0,0,0,0,0,0,0,0,0,0,0,0,0,0,0
101,2017,231,610,12.21,0,0,0,0,0,0,0,-13.47,-6.861,0,0,0,0,0,0,0,0,0,0,0,0,0,0,0,0,0,0,0,0,0,0,0
101,2017,231,620,12.21,0,0,0,0,0,0,0,-13.34,-6.935,0,0,0,0,0,0,0,0,0,0,0,0,0,0,0,0,0,0,0,0,0,0,0
101,2017,231,630,12.21,0,0,0,.008,0,0,0,-12.79,-7.08,0,.042,0,.002,0,.022,.022,.01,.027,.007,0,.012,0,0,.017,0,0,.005,0,0,0,0,0
101,2017,231,640,12.21,.037,.015,.01,.059,.034,.02,.012,-12.51,-7.14,.018,.22,.02,.032,.023,.206,.215,.047,.176,.049,.018,.062,.02,.028,.179,.025,.023,.057,0,.012,.023,.007,.008
101,2017,231,650,12.21,.097,.034,.034,.176,.094,.049,.035,-12.64,-7.07,.044,.667,.049,.079,.085,.732,.754,.134,.57,.149,.045,.184,.052,.065,.675,.08,.059,.225,.028,.034,.091,.034,.034
101,2017,231,700,12.21,.245,.101,.072,.437,.204,.131,.08,-12.88,-7.12,.106,1.958,.147,.189,.179,1.627,1.589,.364,1.549,.427,.119,.399,.132,.154,1.349,.156,.147,.476,.042,.072,.186,.034,.079
101,2017,231,710,12.21,.558,.223,.159,1.148,.474,.34,.168,-12.88,-7.26,.24,4.609,.287,.436,.344,3.401,3.365,.898,3.628,.91,.23,.915,.312,.37,2.675,.31,.318,.898,.089,.151,.384,.085,.151
101,2017,231,720,12.21,.605,.298,.181,1.296,.598,.412,.23,-12.8,-7.46,.298,5.96,.372,.565,.431,4.455,4.456,1.109,4.342,1.143,.31,1.284,.389,.451,3.622,.431,.397,1.091,.126,.198,.459,.111,.194
101,2017,231,730,12.21,.577,.312,.178,1.294,.634,.434,.235,-12.71,-7.7,.298,6.633,.387,.566,.446,4.756,4.882,1.207,4.689,1.26,.318,1.438,.432,.473,4.061,.446,.414,1.083,.134,.201,.471,.134,.189
101,2017,231,740,12.21,1.046,.446,.256,2.258,.903,.639,.278,-13.01,-7.74,.406,9.86,.451,.823,.53,5.829,6.039,1.974,6.231,1.725,.38,2.035,.556,.677,4.699,.535,.528,1.203,.142,.231,.531,.154,.233
101,2017,231,750,12.21,1.668,.685,.409,3.199,1.23,.764,.362,-12.21,-7.73,.545,10.88,.672,1.041,.754,8.14,8.3,2.442,8.6,2.688,.526,2.415,.699,.798,6.317,.759,.758,2.145,.198,.354,.721,.191,.339
101,2017,231,800,12.21,2.185,.877,.525,4.051,1.577,.979,.508,-12.16,-7.67,.798,12.47,.861,1.446,1.128,11.27,11.46,3.173,10.81,2.7,.692,2.896,.833,1.049,8.97,1.036,1.13,3.218,.295,.478,1.203,.273,.478
101,2017,231,810,12.21,2.155,.739,.494,3.982,1.587,.959,.56,-11.44,-7.77,.799,12.57,.878,1.51,1.254,12.11,12.28,2.935,10.93,2.564,.729,2.874,.902,1.021,9.89,1.002,1.115,3.553,.339,.533,1.394,.3,.509
101,2017,231,820,12.21,2.16,.843,.588,4.002,1.765,1.063,.672,-11.34,-7.87,.917,13.9,1.058,1.666,1.512,14.2,14.14,2.998,12.35,2.891,.878,3.178,.977,1.16,11.72,1.161,1.306,4.381,.402,.637,1.735,.35,.628
101,2017,231,830,12.21,2.37,.897,.659,4.393,1.897,1.18,.717,-12.29,-8.07,.996,15.94,1.14,1.736,1.676,15.41,15.28,3.303,14.01,3.315,.939,3.406,1.091,1.329,12.57,1.302,1.431,5.038,.409,.665,1.87,.377,.711
101,2017,231,840,12.2,2.94,1.183,.952,5.926,2.65,1.653,.888,-12.55,-8.46,1.279,23.66,1.577,2.08,2.066,19.41,18.7,4.364,20.41,5.732,1.285,4.435,1.535,1.936,14.87,1.726,1.85,6.516,.447,.816,2.254,.431,.905
101,2017,231,850,12.2,2.268,1.031,.793,4.5,2.097,1.379,.851,-14.26,-8.95,1.208,20.68,1.896,1.83,2.177,19.82,18.06,3.538,18.79,5.891,1.59,3.702,1.213,1.666,14.86,1.693,1.773,7.67,.441,.833,2.222,.416,1.063
101,2017,231,900,12.2,2.668,.98,.737,4.956,2.068,1.321,.803,-15.94,-9.24,1.188,19.68,1.503,1.953,1.906,18.08,17.3,4.15,17.07,4.135,1.264,3.974,1.354,1.507,14.31,1.453,1.708,5.549,.447,.778,2.144,.391,.823
101,2017,231,910,12.2,4.083,1.666,1.165,7.39,2.904,1.984,1.125,-14.9,-9.2,1.694,29.28,2.283,2.953,2.589,24.74,24,5.955,25,6.523,1.75,5.824,1.86,2.288,18.82,2.134,2.392,8.12,.639,1.156,2.844,.525,1.168
101,2017,231,920,12.2,6.711,2.807,2.316,26.79,6.494,4.699,1.78,-14.26,-9.19,2.705,93,3.189,5.19,3.545,40,46.96,11.63,75.1,11.88,2.189,15.75,16.29,6.566,24.73,3.236,3.784,9.01,.851,1.512,3.632,.803,1.537
101,2017,231,930,12.2,7.35,2.956,3.845,21.46,6.592,4.473,1.564,-18.1,-10.11,2.563,73,2.983,5.187,2.958,35.14,39.45,12.88,57.78,13.58,2.015,12.99,4.098,11.17,22.32,2.988,3.669,6.323,.821,1.468,3.241,.714,1.155
101,2017,231,940,12.2,7.47,3.305,29.68,25.41,9.65,6.16,2.036,-19.26,-9.93,2.782,101.5,3.762,5.15,3.585,46.61,52.6,12.29,82.3,14.74,2.644,11.76,8.84,7.39,24.79,3.611,4.364,9.52,.846,1.548,3.499,.895,1.542
101,2017,231,950,12.2,6.778,2.906,21.84,19.07,9.8,5.727,3.016,-22.76,-10.16,2.43,78.3,3.033,4.554,3.187,38.87,41.91,10.44,62.35,13.42,2.317,10.28,16.86,6.845,22.36,3.47,3.41,7.19,.714,1.322,2.783,.751,1.206
101,2017,231,1000,12.2,7.9,3.462,7.15,17.44,8.56,5.295,1.855,-26.8,-10.58,2.939,61.24,3.256,5.191,4.142,40.69,41.11,11.74,51.85,14.03,2.202,11.06,7.25,8.17,28.3,4.448,4.358,11.83,.927,1.689,4.003,.885,1.749
101,2017,231,1010,12.2,7.74,3.592,6.189,16.5,8.39,5.053,1.949,-28.25,-10.33,3.13,58.84,3.788,5.03,4.403,43.94,42.4,11.76,51.42,15.73,2.77,10.47,5.534,8.35,30.54,5.718,4.686,13.86,.989,1.882,4.442,.947,1.957
101,2017,231,1020,12.2,7.73,2.838,1.982,13.48,5.125,3.272,1.954,-32.32,-10.32,2.927,42.53,3.455,4.768,4.475,41.92,41.07,10.06,39.63,9.71,2.818,8.77,2.925,3.597,32.24,3.595,4.199,14.31,1.009,1.887,4.892,.925,2.016
101,2017,231,1030,12.2,5.722,2.124,1.602,10.6,4.06,2.919,1.64,-33.76,-10.02,2.501,37.24,3.131,3.869,3.885,35.75,34.48,8.63,34.37,8.46,2.575,7.53,2.501,3.349,27.57,2.96,3.396,12.05,.798,1.55,4.289,.781,1.799
101,2017,231,1040,12.2,7.96,3.599,2.547,16.29,9.28,4.274,2.062,-30.91,-9.26,4.381,54.78,3.673,4.941,4.448,46.25,42.73,11.47,48.98,11.66,3.009,10.7,3.2,4.643,33.05,4.284,4.762,13.61,.985,1.974,4.855,1,1.974
101,2017,231,1050,12.2,8.62,3.446,2.411,15.8,7.06,3.951,2.294,-30.76,-9.14,3.485,53.69,4.08,5.4,5.036,48.66,46.72,11.95,48.59,12.12,3.304,10.84,3.507,4.465,36.54,4.371,4.922,15.44,1.153,2.379,5.541,1.129,2.315
101,2017,231,1100,12.2,9.02,4.083,2.969,26.35,11.63,5.036,2.369,-27.34,-8.72,4.058,79.1,4.364,5.49,5.378,62.79,47.98,13.09,71.7,32.98,3.889,14.77,3.728,5.457,39.75,5.807,13.92,18.89,1.112,2.406,5.274,1.183,2.451
101,2017,231,1110,12.2,7.63,3.986,2.59,17.47,6.472,4.14,1.85,-33.06,-8.93,3.145,57.64,4.259,3.631,4.346,47.83,40.13,10.42,53.17,21.55,3.857,9.42,2.707,4.772,30.28,5.207,5.812,17.74,.627,1.709,4.018,1.015,2.052
101,2017,231,1120,12.2,5.961,3.141,2.409,34.15,5.876,3.215,1.448,-33.78,-8.76,2.475,86.8,4.157,2.523,4.328,67.98,30.96,6.467,81,59.12,3.874,6.976,1.917,3.569,34.87,4.254,16.01,45.67,.613,1.538,3.247,.942,2.094
101,2017,231,1130,12.2,2.622,1.848,1.479,62.04,11.76,2.086,1.168,-31.83,-8.55,3.661,125.9,3.22,1.979,3.15,92.7,16.76,4.639,116.1,105,3.262,5.192,1.566,2.501,40.77,3.071,2.662,76.8,.591,1.151,2.578,.853,5.668
101,2017,231,1140,12.2,2.49,1.96,1.233,62.21,2.178,3.143,.987,-31.8,-8.72,19.64,120.8,2.575,1.727,15.1,90.7,13.39,4.036,111.9,12.97,2.86,4.808,1.426,1.969,40.24,2.349,5.746,76.7,.561,.911,2.334,.766,6.624
101,2017,231,1150,12.2,2.484,2.873,1.374,61.91,2.131,5.255,1.019,-31.44,-8.88,1.488,119.6,25.39,1.72,3.288,93.3,13.6,4.042,112.1,61.61,3.684,5.836,1.4,2.005,42.71,2.267,4.265,79.6,.583,.945,2.617,.756,1.055
101,2017,231,1200,12.2,2.518,77.4,17.6,61.58,4.7,23.48,1.034,-17.51,-8.19,1.457,118.8,12.83,1.754,11.32,96.4,27,4.025,112.4,27.54,5.25,9.07,1.405,2.082,45.7,2.248,2.153,82.2,.63,.975,2.859,.777,1.142
101,2017,231,1210,12.2,4.224,90.6,2.002,56.83,2.678,2.427,1.255,-30.79,-8.26,1.961,115.9,3.072,2.434,3.745,96.6,81.1,6.139,111.2,66.14,14.72,7.53,1.827,3.317,48.58,2.945,3.055,79,.744,1.67,3.665,.91,1.499
101,2017,231,1220,12.2,4.254,60.44,1.963,21.17,3.177,6.175,1.412,-31.17,-7.89,2.326,98.7,4.541,2.521,6.008,86.1,80.4,5.976,95.3,37.77,7.21,8.46,1.923,3.733,45.8,3.64,4.253,66.7,.772,11.97,4.331,.978,1.983
101,2017,231,1230,12.2,2.661,39.18,1.256,24.97,2.507,3.174,1.221,-32.72,-7.52,32.19,116.4,3.849,2.206,3.444,104.1,98.8,4.949,113.3,38.39,4.154,4.683,1.708,2.772,53.59,2.728,2.946,87.7,.769,2.018,8.86,.936,1.643
101,2017,231,1240,12.2,2.943,9.96,1.308,5.495,2.288,7.14,1.167,-35.73,-6.936,26.73,112,3.931,2.717,3.112,103.9,94.6,5.013,110.6,89.2,30.75,5.87,1.633,2.728,55.07,2.641,3.053,88.1,.765,1.291,5.716,1.02,1.613
101,2017,231,1250,12.2,2.403,1.531,4.571,4.031,1.884,2.114,1.131,-37.92,-6.423,1.524,107.5,2.971,3.494,2.829,105.4,77.5,4.236,108.1,68.69,78.7,4.772,1.467,12.51,56.84,2.362,12.81,90.5,.759,1.209,3.763,1.005,1.727
101,2017,231,1300,12.2,2.303,1.482,.995,3.772,1.822,56.85,3.537,.06,-5.535,1.675,105,3.226,1.775,2.889,106.9,68.85,4.149,107.2,22.12,42.35,3.75,1.459,4.527,58.49,2.313,81.9,91.6,.772,1.248,3.519,1.04,1.588
101,2017,231,1310,12.21,2.154,1.516,2.278,4.078,1.834,18.51,4.611,-28.03,-4.688,1.536,102.7,13.83,1.8,3.591,108.3,80.5,4.165,106.1,7.74,4.497,3.656,1.879,6.302,60.16,2.367,62.48,92.6,.772,1.362,3.48,3.944,1.707
101,2017,231,1320,12.21,4.541,3.01,1.201,4.269,2.089,2.01,4.207,-39.72,-4.251,1.807,99.6,21.93,3.442,3.177,109,94.2,4.584,103.9,8.46,5.214,3.882,1.65,53.31,60.79,2.611,72.9,91.1,.767,1.712,3.603,9.25,1.728
101,2017,231,1330,12.21,2.075,1.382,1.211,3.938,2.157,1.936,9.45,-40.15,-2.887,8.37,98.1,82,2.686,3.164,110.6,86,4.092,104.3,7.89,5.304,3.772,1.551,35.5,62.93,2.459,41.04,94.2,.801,49.86,3.666,1.564,1.643
101,2017,231,1340,12.21,1.973,1.196,.931,3.711,1.941,1.749,43.76,-40.77,6.736,27.61,93.2,37.06,1.805,3.281,109.7,40.3,3.874,100.9,6.436,4.326,3.738,1.599,8.35,63.48,2.375,38.27,93.7,.791,2.278,3.603,1.062,1.556
101,2017,231,1350,12.2,1.899,1.09,.901,3.462,1.847,1.677,1.643,-38.66,-4.269,18.66,88.9,3.959,1.8,3.447,109.7,15.12,3.653,98.1,5.901,3.956,3.76,11.3,23.82,64.13,2.303,3.438,93.8,.774,1.812,3.626,1.079,1.672
101,2017,231,1400,12.2,1.911,1.048,.878,3.338,2.472,1.618,1.192,-39.77,-3.916,1.7,84.5,9.95,1.849,5.664,109.5,15.05,3.624,95.2,5.78,4.036,5.904,2.908,4.994,64.51,2.306,3.016,93,.786,1.764,3.691,1.077,1.772
101,2017,231,1410,12.21,2.137,1.152,.993,4.05,2.214,4.236,1.313,-37.51,-3.144,2.923,83.8,63.04,3.031,13.37,110.6,16.75,4.36,94.9,7.1,5.236,5.954,1.641,2.691,65.12,2.683,3.134,92.2,.824,2.005,3.904,1.09,2.246
101,2017,231,1420,12.2,3.241,1.697,1.474,6.626,3.507,2.899,2.186,-37.36,-2.464,3.154,84.7,14.85,7.11,16.95,114.5,25.34,5.877,97,9.08,7.46,6.292,2.204,3.489,68.76,3.492,3.991,91.7,1.045,18.01,4.721,1.187,3.016
101,2017,231,1430,12.21,4.971,2.452,2.084,8.7,4.502,5.236,9.21,-36.46,-.02,4.033,62.02,6.272,4.688,13.23,82.2,42.36,7.15,68.87,10.61,6.117,7.55,2.777,4.901,53.73,4.388,5.063,52.46,1.179,3.628,5.623,1.256,5.741
101,2017,231,1440,12.21,4.303,2.129,1.846,7.85,4.202,6.393,12.84,-35.68,1.33,7.2,55.02,5.355,4.455,12.69,74.8,41.3,6.735,61.68,10.55,6.463,7.11,2.551,4.52,49.29,4.33,4.314,46.54,1.131,5.142,5.231,1.057,6.252
101,2017,231,1450,12.21,5.082,2.115,1.961,9.42,4.557,6.393,6.954,-34.99,.288,11.62,52.7,4.659,4.683,12.21,74.7,47.5,7.52,59.47,9.29,10.34,8.08,2.789,4.418,51.26,4.974,4.343,40.54,1.171,3.32,5.746,1.139,6.148
101,2017,231,1500,12.23,3.516,1.698,1.636,6.864,3.916,7.26,4.584,-33.49,-.169,34.54,53.85,5.128,3.845,13.19,86,51.8,5.778,65.21,9.65,19.77,6.813,2.274,8.18,56.7,5.805,4.072,41.95,1.095,2.606,5.82,1.189,14.44
101,2017,231,1510,12.23,1.785,.851,.663,3.375,1.963,1.251,.851,-39.33,-1.735,1.358,17.49,1.757,1.688,2.134,21.7,18.48,3.006,16.2,4.331,2.264,3.346,1.156,1.596,16.18,1.908,1.574,6.879,.457,.791,2.157,.395,1.037
101,2017,231,1520,12.23,1.62,.628,.471,3.114,1.661,.908,.618,-41.7,-1.564,.77,12.26,1.012,1.479,1.402,13.96,12.86,2.526,10.36,2.616,.993,2.851,.842,1.003,11.06,1.154,1.06,3.845,.382,.553,1.466,.286,.606
101,2017,231,1530,12.23,1.11,.451,.387,2.14,1.107,.655,.446,-41.85,-1.454,.569,8.91,.757,1.022,1.094,10.25,9.42,1.718,8.06,1.996,.717,1.945,.601,.789,8.06,.821,.814,3.355,.258,.427,1.154,.219,.487
101,2017,231,1540,12.23,1.29,.509,.405,2.469,1.126,.695,.451,-45.11,-1.321,.59,9.19,.722,1.072,1.062,9.7,9.39,1.881,8.24,1.953,.62,2.134,.635,.804,7.88,.774,.854,3.197,.258,.429,1.112,.216,.469
101,2017,231,1550,12.23,2.296,.802,.606,4.274,1.876,1.075,.672,-44.32,-1.318,.948,13.38,.868,1.675,1.487,13.76,14.14,3.157,12.18,2.576,.725,3.207,1.03,1.126,11.71,1.117,1.303,3.884,.399,.63,1.804,.328,.568
101,2017,231,1600,12.23,1.765,.693,.559,3.295,1.558,.94,.64,-41.56,-1.663,.848,12.39,1.028,1.36,1.533,13.44,13.13,2.477,11.75,2.836,.886,2.653,.863,1.152,11.02,1.121,1.181,4.638,.345,.568,1.715,.33,.702
101,2017,231,1610,12.23,1.556,.611,.471,3.04,1.333,.843,.492,-39.74,-2.181,.692,12.49,1.24,1.124,1.164,11.82,10.71,2.459,10.73,3.23,.873,2.312,.766,.985,8.83,.977,1.045,3.72,.273,.467,1.251,.246,.508
101,2017,231,1620,12.23,1.833,.727,.618,3.476,1.61,1.045,.662,-38.66,-2.528,.962,14.55,1.258,1.404,1.597,15.7,13.7,2.808,13.62,3.476,1.312,2.597,.886,1.293,11.3,1.256,1.342,5.329,.348,.601,1.821,.338,.724
101,2017,231,1630,12.22,1.65,.739,.605,3.173,1.499,1.146,.707,-36.84,-2.873,1.055,15.54,1.633,1.459,2.005,16.94,14.25,2.739,14.81,3.701,1.458,2.593,.885,1.516,12.06,1.322,1.436,6.86,.357,.697,1.856,.347,1.084
101,2017,231,1640,12.22,1.61,.643,.57,3.088,1.511,1.084,.697,-35.32,-3.443,1.267,14.45,1.308,1.374,1.729,18.98,15.28,2.744,13.89,3.237,2.106,2.629,.893,1.262,12.97,1.644,1.272,5.242,.342,.633,1.756,.312,.89
101,2017,231,1650,12.22,1.164,.509,.476,2.195,1.277,.771,.615,-31.64,-3.972,.72,10.92,.881,1.169,1.406,15.67,14.02,1.885,10.26,2.436,.851,2.18,.719,1.029,12.04,1.997,1.01,4.487,.337,.526,1.714,.322,.622
101,2017,231,1700,12.22,.679,.354,.303,1.451,.915,.526,.474,-33.77,-4.447,.479,7.65,.694,.811,1.054,8.91,8.46,1.215,6.926,1.709,.655,1.662,.506,.819,7.46,.782,.665,3.647,.219,.382,1.101,.235,.503
101,2017,231,1710,12.23,.613,.292,.275,1.273,.834,.472,.459,-33.2,-3.969,.456,6.76,.591,.776,1.017,8.21,7.85,1.117,6.32,1.389,.551,1.538,.454,.725,7.04,.704,.545,3.143,.216,.357,1.148,.233,.528
101,2017,231,1720,12.22,.573,.292,.273,1.146,.736,.489,.424,-32.66,-3.294,.481,6.723,.702,.715,1.044,8.4,7.73,1.007,6.558,1.416,.657,1.391,.431,.746,6.958,.668,.585,3.332,.198,.354,1.186,.241,.553
101,2017,231,1730,12.22,.467,.218,.208,.94,.57,.4,.33,-32.33,-3.329,.414,5.239,.494,.551,.759,6.492,5.877,.839,4.919,1.025,.596,1.102,.357,.526,5.247,.539,.412,2.237,.146,.256,.824,.166,.414
101,2017,231,1740,12.22,.399,.188,.136,.781,.429,.281,.203,-31.28,-3.366,.278,3.761,.315,.39,.427,4.271,3.967,.674,3.239,.776,.407,.851,.268,.35,3.448,.399,.29,1.139,.094,.163,.477,.106,.218
101,2017,231,1750,12.22,.323,.149,.104,.617,.348,.211,.141,-29.71,-3.666,.191,2.704,.226,.303,.303,3.032,2.91,.511,2.297,.576,.261,.617,.199,.266,2.527,.293,.216,.772,.067,.121,.362,.085,.136
101,2017,231,1800,12.22,.223,.095,.07,.429,.238,.137,.094,-34.27,-3.858,.126,1.692,.146,.193,.214,2.029,1.95,.35,1.52,.402,.173,.392,.129,.184,1.677,.196,.144,.551,.044,.079,.24,.054,.092
101,2017,231,1810,12.22,.104,.044,.039,.208,.109,.062,.047,-34.09,-4.018,.055,.781,.069,.094,.102,.96,.898,.164,.712,.198,.085,.183,.059,.087,.779,.094,.065,.281,.027,.039,.116,.034,.045
101,2017,231,1820,12.22,.032,.01,.008,.062,.035,.018,.015,-32.63,-3.956,.017,.23,.022,.027,.037,.297,.271,.052,.221,.06,.027,.05,.015,.027,.241,.028,.02,.084,0,.012,.034,0,.012
101,2017,231,1830,12.22,0,0,0,.002,0,0,0,-29.51,-4.123,0,.023,0,0,0,.039,.03,.002,.023,.003,0,.002,0,0,.027,0,0,.01,0,0,0,0,0
101,2017,231,1840,12.22,0,0,0,0,0,0,0,-30.79,-4.106,0,0,0,0,0,0,0,0,0,0,0,0,0,0,0,0,0,0,0,0,0,0,0
101,2017,231,1850,12.22,0,0,0,0,0,0,0,-32.51,-4.319,0,0,0,0,0,0,0,0,0,0,0,0,0,0,0,0,0,0,0,0,0,0,0
101,2017,231,1900,12.22,0,0,0,0,0,0,0,-31.73,-4.494,0,0,0,0,0,0,0,0,0,0,0,0,0,0,0,0,0,0,0,0,0,0,0
101,2017,231,1910,12.22,0,0,0,0,0,0,0,-30.92,-4.579,0,0,0,0,0,0,0,0,0,0,0,0,0,0,0,0,0,0,0,0,0,0,0
101,2017,231,1920,12.22,0,0,0,0,0,0,0,-28.55,-4.769,0,0,0,0,0,0,0,0,0,0,0,0,0,0,0,0,0,0,0,0,0,0,0
101,2017,231,1930,12.22,0,0,0,0,0,0,0,-25.35,-4.993,0,0,0,0,0,0,0,0,0,0,0,0,0,0,0,0,0,0,0,0,0,0,0
101,2017,231,1940,12.22,0,0,0,0,0,0,0,-21.45,-5.176,0,0,0,0,0,0,0,0,0,0,0,0,0,0,0,0,0,0,0,0,0,0,0
101,2017,231,1950,12.22,0,0,0,0,0,0,0,-24.11,-5.247,0,0,0,0,0,0,0,0,0,0,0,0,0,0,0,0,0,0,0,0,0,0,0
101,2017,231,2000,12.22,0,0,0,0,0,0,0,-23.22,-5.321,0,0,0,0,0,0,0,0,0,0,0,0,0,0,0,0,0,0,0,0,0,0,0
101,2017,231,2010,12.22,0,0,0,0,0,0,0,-23.5,-5.42,0,0,0,0,0,0,0,0,0,0,0,0,0,0,0,0,0,0,0,0,0,0,0
101,2017,231,2020,12.22,0,0,0,0,0,0,0,-24.53,-5.453,0,0,0,0,0,0,0,0,0,0,0,0,0,0,0,0,0,0,0,0,0,0,0
101,2017,231,2030,12.22,0,0,0,0,0,0,0,-26.44,-5.433,0,0,0,0,0,0,0,0,0,0,0,0,0,0,0,0,0,0,0,0,0,0,0
101,2017,231,2040,12.22,0,0,0,0,0,0,0,-25.91,-5.499,0,0,0,0,0,0,0,0,0,0,0,0,0,0,0,0,0,0,0,0,0,0,0
101,2017,231,2050,12.22,0,0,0,0,0,0,0,-24.9,-5.598,0,0,0,0,0,0,0,0,0,0,0,0,0,0,0,0,0,0,0,0,0,0,0
101,2017,231,2100,12.22,0,0,0,0,0,0,0,-23.9,-5.728,0,0,0,0,0,0,0,0,0,0,0,0,0,0,0,0,0,0,0,0,0,0,0
101,2017,231,2110,12.21,0,0,0,0,0,0,0,-23.53,-5.752,0,0,0,0,0,0,0,0,0,0,0,0,0,0,0,0,0,0,0,0,0,0,0
101,2017,231,2120,12.22,0,0,0,0,0,0,0,-22.71,-5.884,0,0,0,0,0,0,0,0,0,0,0,0,0,0,0,0,0,0,0,0,0,0,0
101,2017,231,2130,12.21,0,0,0,0,0,0,0,-23.02,-5.884,0,0,0,0,0,0,0,0,0,0,0,0,0,0,0,0,0,0,0,0,0,0,0
101,2017,231,2140,12.21,0,0,0,0,0,0,0,-22.54,-6.22,0,0,0,0,0,0,0,0,0,0,0,0,0,0,0,0,0,0,0,0,0,0,0
101,2017,231,2150,12.21,0,0,0,0,0,0,0,-20.89,-6.265,0,0,0,0,0,0,0,0,0,0,0,0,0,0,0,0,0,0,0,0,0,0,0
101,2017,231,2200,12.21,0,0,0,0,0,0,0,-19.71,-6.22,0,0,0,0,0,0,0,0,0,0,0,0,0,0,0,0,0,0,0,0,0,0,0
101,2017,231,2210,12.22,0,0,0,0,0,0,0,-18.79,-6.191,0,0,0,0,0,0,0,0,0,0,0,0,0,0,0,0,0,0,0,0,0,0,0
101,2017,231,2220,12.22,0,0,0,0,0,0,0,-18.43,-6.074,0,0,0,0,0,0,0,0,0,0,0,0,0,0,0,0,0,0,0,0,0,0,0
101,2017,231,2230,12.22,0,0,0,0,0,0,0,-17.52,-6.178,0,0,0,0,0,0,0,0,0,0,0,0,0,0,0,0,0,0,0,0,0,0,0
101,2017,231,2240,12.22,0,0,0,0,0,0,0,-17.26,-6.216,0,0,0,0,0,0,0,0,0,0,0,0,0,0,0,0,0,0,0,0,0,0,0
101,2017,231,2250,12.23,0,0,0,0,0,0,0,-17.65,-6.256,0,0,0,0,0,0,0,0,0,0,0,0,0,0,0,0,0,0,0,0,0,0,0
101,2017,231,2300,12.22,0,0,0,0,0,0,0,-17.81,-6.295,0,0,0,0,0,0,0,0,0,0,0,0,0,0,0,0,0,0,0,0,0,0,0
101,2017,231,2310,12.22,0,0,0,0,0,0,0,-17.51,-6.342,0,0,0,0,0,0,0,0,0,0,0,0,0,0,0,0,0,0,0,0,0,0,0
101,2017,231,2320,12.22,0,0,0,0,0,0,0,-17.52,-6.436,0,0,0,0,0,0,0,0,0,0,0,0,0,0,0,0,0,0,0,0,0,0,0
101,2017,231,2330,12.22,0,0,0,0,0,0,0,-16.2,-6.558,0,0,0,0,0,0,0,0,0,0,0,0,0,0,0,0,0,0,0,0,0,0,0
101,2017,231,2340,12.22,0,0,0,0,0,0,0,-15.72,-6.612,0,0,0,0,0,0,0,0,0,0,0,0,0,0,0,0,0,0,0,0,0,0,0
101,2017,231,2350,12.22,0,0,0,0,0,0,0,-16.6,-6.64,0,0,0,0,0,0,0,0,0,0,0,0,0,0,0,0,0,0,0,0,0,0,0
101,2017,231,2400,12.22,0,0,0,0,0,0,0,-19.69,-6.724,0,0,0,0,0,0,0,0,0,0,0,0,0,0,0,0,0,0,0,0,0,0,0
102,2017,231,2400,12.19,5266
101,2017,232,10,12.23,0,0,0,0,0,0,0,-19.42,-6.759,0,0,0,0,0,0,0,0,0,0,0,0,0,0,0,0,0,0,0,0,0,0,0
101,2017,232,20,12.23,0,0,0,0,0,0,0,-19.79,-6.786,0,0,0,0,0,0,0,0,0,0,0,0,0,0,0,0,0,0,0,0,0,0,0
101,2017,232,30,12.23,0,0,0,0,0,0,0,-19.56,-6.831,0,0,0,0,0,0,0,0,0,0,0,0,0,0,0,0,0,0,0,0,0,0,0
101,2017,232,40,12.24,0,0,0,0,0,0,0,-17.39,-6.928,0,0,0,0,0,0,0,0,0,0,0,0,0,0,0,0,0,0,0,0,0,0,0
101,2017,232,50,12.24,0,0,0,0,0,0,0,-18.24,-6.965,0,0,0,0,0,0,0,0,0,0,0,0,0,0,0,0,0,0,0,0,0,0,0
101,2017,232,100,12.24,0,0,0,0,0,0,0,-18.65,-6.962,0,0,0,0,0,0,0,0,0,0,0,0,0,0,0,0,0,0,0,0,0,0,0
101,2017,232,110,12.24,0,0,0,0,0,0,0,-19.13,-6.992,0,0,0,0,0,0,0,0,0,0,0,0,0,0,0,0,0,0,0,0,0,0,0
101,2017,232,120,12.24,0,0,0,0,0,0,0,-18.86,-7.03,0,0,0,0,0,0,0,0,0,0,0,0,0,0,0,0,0,0,0,0,0,0,0
101,2017,232,130,12.23,0,0,0,0,0,0,0,-18.35,-7.13,0,0,0,0,0,0,0,0,0,0,0,0,0,0,0,0,0,0,0,0,0,0,0
101,2017,232,140,12.23,0,0,0,0,0,0,0,-18.86,-7.17,0,0,0,0,0,0,0,0,0,0,0,0,0,0,0,0,0,0,0,0,0,0,0
101,2017,232,150,12.23,0,0,0,0,0,0,0,-18.77,-7.06,0,0,0,0,0,0,0,0,0,0,0,0,0,0,0,0,0,0,0,0,0,0,0
101,2017,232,200,12.23,0,0,0,0,0,0,0,-19.46,-6.974,0,0,0,0,0,0,0,0,0,0,0,0,0,0,0,0,0,0,0,0,0,0,0
101,2017,232,210,12.23,0,0,0,0,0,0,0,-18.83,-7.03,0,0,0,0,0,0,0,0,0,0,0,0,0,0,0,0,0,0,0,0,0,0,0
101,2017,232,220,12.22,0,0,0,0,0,0,0,-16.83,-7.11,0,0,0,0,0,0,0,0,0,0,0,0,0,0,0,0,0,0,0,0,0,0,0
101,2017,232,230,12.22,0,0,0,0,0,0,0,-15.97,-7.1,0,0,0,0,0,0,0,0,0,0,0,0,0,0,0,0,0,0,0,0,0,0,0
101,2017,232,240,12.22,0,0,0,0,0,0,0,-9.09,-7.16,0,0,0,0,0,0,0,0,0,0,0,0,0,0,0,0,0,0,0,0,0,0,0
101,2017,232,250,12.22,0,0,0,0,0,0,0,-3.875,-7.3,0,0,0,0,0,0,0,0,0,0,0,0,0,0,0,0,0,0,0,0,0,0,0
101,2017,232,300,12.22,0,0,0,0,0,0,0,-3.794,-7.22,0,0,0,0,0,0,0,0,0,0,0,0,0,0,0,0,0,0,0,0,0,0,0
101,2017,232,310,12.22,0,0,0,0,0,0,0,-4.607,-7.13,0,0,0,0,0,0,0,0,0,0,0,0,0,0,0,0,0,0,0,0,0,0,0
101,2017,232,320,12.22,0,0,0,0,0,0,0,-3.136,-7.24,0,0,0,0,0,0,0,0,0,0,0,0,0,0,0,0,0,0,0,0,0,0,0
101,2017,232,330,12.22,0,0,0,0,0,0,0,-2.625,-7.32,0,0,0,0,0,0,0,0,0,0,0,0,0,0,0,0,0,0,0,0,0,0,0
101,2017,232,340,12.22,0,0,0,0,0,0,0,-2.395,-7.42,0,0,0,0,0,0,0,0,0,0,0,0,0,0,0,0,0,0,0,0,0,0,0
101,2017,232,350,12.22,0,0,0,0,0,0,0,-1.267,-7.51,0,0,0,0,0,0,0,0,0,0,0,0,0,0,0,0,0,0,0,0,0,0,0
101,2017,232,400,12.22,0,0,0,0,0,0,0,-.697,-7.52,0,0,0,0,0,0,0,0,0,0,0,0,0,0,0,0,0,0,0,0,0,0,0
101,2017,232,410,12.22,0,0,0,0,0,0,0,-1.993,-7.43,0,0,0,0,0,0,0,0,0,0,0,0,0,0,0,0,0,0,0,0,0,0,0
101,2017,232,420,12.22,0,0,0,0,0,0,0,-5.976,-7.32,0,0,0,0,0,0,0,0,0,0,0,0,0,0,0,0,0,0,0,0,0,0,0
101,2017,232,430,12.21,0,0,0,0,0,0,0,-5.992,-7.41,0,0,0,0,0,0,0,0,0,0,0,0,0,0,0,0,0,0,0,0,0,0,0
101,2017,232,440,12.21,0,0,0,0,0,0,0,-4.495,-7.47,0,0,0,0,0,0,0,0,0,0,0,0,0,0,0,0,0,0,0,0,0,0,0
101,2017,232,450,12.21,0,0,0,0,0,0,0,-2.216,-7.68,0,0,0,0,0,0,0,0,0,0,0,0,0,0,0,0,0,0,0,0,0,0,0
101,2017,232,500,12.21,0,0,0,0,0,0,0,-.384,-7.76,0,0,0,0,0,0,0,0,0,0,0,0,0,0,0,0,0,0,0,0,0,0,0
101,2017,232,510,12.21,0,0,0,0,0,0,0,-3.612,-7.63,0,0,0,0,0,0,0,0,0,0,0,0,0,0,0,0,0,0,0,0,0,0,0
101,2017,232,520,12.21,0,0,0,0,0,0,0,-6.54,-7.56,0,0,0,0,0,0,0,0,0,0,0,0,0,0,0,0,0,0,0,0,0,0,0
101,2017,232,530,12.22,0,0,0,0,0,0,0,-6.982,-7.57,0,0,0,0,0,0,0,0,0,0,0,0,0,0,0,0,0,0,0,0,0,0,0
101,2017,232,540,12.21,0,0,0,0,0,0,0,-3.566,-7.74,0,0,0,0,0,0,0,0,0,0,0,0,0,0,0,0,0,0,0,0,0,0,0
101,2017,232,550,12.21,0,0,0,0,0,0,0,-1.518,-7.75,0,0,0,0,0,0,0,0,0,0,0,0,0,0,0,0,0,0,0,0,0,0,0
101,2017,232,600,12.21,0,0,0,0,0,0,0,-.912,-7.68,0,0,0,0,0,0,0,0,0,0,0,0,0,0,0,0,0,0,0,0,0,0,0
101,2017,232,610,12.21,0,0,0,0,0,0,0,-3.696,-7.62,0,0,0,0,0,0,0,0,0,0,0,0,0,0,0,0,0,0,0,0,0,0,0
101,2017,232,620,12.21,0,0,0,0,0,0,0,-3.841,-7.72,0,.002,0,0,0,0,0,0,0,0,0,0,0,0,0,0,0,0,0,0,0,0,0
101,2017,232,630,12.22,.002,0,0,.01,0,0,0,.764,-7.98,0,.054,0,.002,0,.032,.03,.012,.035,.015,0,.015,0,0,.025,0,0,.01,0,0,0,0,0
101,2017,232,640,12.22,.04,.017,.017,.069,.04,.027,.018,4.083,-8.16,.022,.342,.023,.035,.028,.251,.25,.067,.253,.069,.022,.079,.027,.034,.215,.03,.025,.065,0,.015,.032,.013,.013
101,2017,232,650,12.22,.127,.055,.039,.26,.129,.079,.047,3.535,-8.32,.057,1.168,.07,.114,.096,.913,.928,.228,.865,.241,.065,.288,.084,.099,.773,.101,.08,.24,.03,.037,.106,.034,.037
101,2017,232,700,12.22,.253,.112,.08,.494,.265,.171,.101,1.592,-8.3,.124,2.455,.183,.231,.216,2.026,2.043,.441,1.865,.511,.141,.546,.173,.204,1.715,.204,.181,.541,.047,.084,.225,.052,.085
101,2017,232,710,12.22,.389,.178,.116,.791,.402,.261,.156,3.496,-8.32,.196,3.695,.238,.347,.313,3.042,3.094,.694,2.755,.706,.22,.86,.265,.315,2.608,.31,.26,.734,.072,.121,.339,.085,.127
101,2017,232,720,12.22,.473,.225,.154,1.011,.473,.315,.183,6.062,-8.47,.238,4.78,.295,.427,.399,3.947,4.041,.877,3.514,.913,.277,1.111,.339,.384,3.421,.39,.323,.917,.101,.159,.424,.101,.159
101,2017,232,730,12.22,.551,.263,.176,1.198,.575,.385,.235,2.688,-8.31,.297,6.514,.365,.491,.449,4.921,4.825,1.061,4.319,1.155,.328,1.366,.414,.446,4.12,.451,.389,1.12,.104,.174,.489,.134,.183
101,2017,232,740,12.21,.732,.354,.246,1.609,.764,.525,.293,2.284,-8.33,.387,31.76,.597,.699,.66,7.81,6.01,1.634,7.36,1.644,.407,2.733,.737,.682,5.03,.572,.521,1.408,.154,.251,.61,.164,.248
101,2017,232,750,12.21,.846,.414,.328,1.976,.99,.687,.379,3.774,-8.46,.486,61.11,1.049,.952,.908,10.33,7.01,2.078,9.61,2.331,.484,17.27,1.446,1.153,5.951,.704,.649,1.673,.198,.305,.726,.206,.315
101,2017,232,800,12.21,1.063,.526,.424,2.432,1.171,.883,.447,4.292,-8.82,.62,69.91,1.374,1.185,1.088,11.79,8.3,2.412,42.83,3.035,.662,18.72,3.357,1.614,6.838,.865,.871,2.532,.24,.404,.845,.251,.397
101,2017,232,810,12.21,1.964,.498,.439,2.547,1.317,1.046,.516,.404,-9.28,.731,76.5,1.547,1.393,1.43,11.81,8.91,2.583,50.05,3.253,.784,18.81,15.09,2.71,8.08,.915,.855,2.563,.268,.431,.979,.295,.483
101,2017,232,820,12.21,1.49,.588,.526,2.792,1.493,1.192,.654,-2.055,-9.89,.778,83.6,1.585,1.544,1.198,11.16,9.09,2.886,56.21,3.292,.682,20.96,4.106,2.159,12.44,.997,.964,2.175,.297,.429,.91,.397,.803
101,2017,232,830,12.21,2.214,.913,.751,4.533,2.197,2.206,1.202,-2.288,-10.29,1.001,91.2,1.802,1.976,1.363,12.58,12.35,4.235,63.53,3.959,.724,22.82,2.928,2.03,12.68,1.086,1.2,2.323,.354,.523,1.051,.437,1.547
101,2017,232,840,12.21,1.341,.637,.612,3.489,2.304,26.93,1.351,8.73,-10.57,.875,93.5,1.81,1.766,1.43,12.25,22.32,3.106,66.5,3.563,.736,21.89,1.984,2.415,12.05,1.141,1.011,2.405,.36,.483,1.198,3.458,.608
101,2017,232,850,12.21,3.059,.813,.674,3.94,2.712,30.5,2.083,8.61,-11.04,.907,97.3,1.472,2.202,1.466,12.82,26.98,3.24,70.9,3.707,.737,20.46,2.048,11.47,10.64,1.182,1.071,2.377,.349,.585,1.063,3.915,.644
101,2017,232,900,12.21,1.678,.747,.774,15.2,3.099,33.22,.714,8.69,-12.23,.972,101.3,1.391,9.78,1.495,15.98,31.96,3.513,75.5,3.992,.796,17.63,2.169,9.57,10.12,1.242,1.136,2.45,.369,.493,1.079,.424,.515
101,2017,232,910,12.21,1.662,.801,.881,31.07,3.372,5.943,.749,-15.41,-12.58,1.027,105,1.446,1.959,1.636,20.68,36.82,3.856,79.7,4.277,.875,12.19,2.564,2.519,10.54,1.336,2.375,2.549,.401,.528,1.131,.422,1.696
101,2017,232,920,12.21,1.642,.843,1.944,29.53,3.422,2.136,.736,-20.65,-12.69,1.071,109.7,1.493,1.952,1.694,25.57,41.64,3.887,84.5,5.27,.938,9.83,23.88,3.428,10.56,1.408,1.369,2.636,.402,.545,1.165,.436,.583
101,2017,232,930,12.21,1.736,.905,11.57,27.12,3.901,2.369,.752,-24.31,-12.2,1.133,114.2,1.593,4.601,2.708,30.44,46.74,4.045,89.2,10.5,1.159,7.73,2.429,23.67,10.72,1.515,2.429,2.778,.414,.581,1.221,.437,.591
101,2017,232,940,12.21,1.907,.977,41.63,23.29,5.666,3.175,.947,-24.88,-11.53,1.181,112.8,2.163,5.601,1.927,34.51,49.49,4.505,89.2,7.37,1.315,6.159,7.03,26.53,11.26,1.722,3.294,3.034,.422,.615,1.359,.454,.675
101,2017,232,950,12.21,2.515,1.419,57.14,20.24,15.5,7.21,2.833,-22.95,-10.2,1.448,110,2.627,4.003,3.346,39.95,51.02,5.857,88.1,11.61,1.866,6.469,42.68,4.401,12.68,2.389,2.126,4.396,.421,.762,1.556,.531,1.875
101,2017,232,1000,12.21,2.795,1.691,53.95,17.6,21.71,26.37,1.089,-10.19,-9.98,1.665,103.6,3.173,2.289,3.751,44.34,49.78,5.688,85.1,12.37,2.161,6.212,39.53,33.09,15.01,9.51,2.491,7.14,.459,.863,1.887,.571,1.044
101,2017,232,1010,12.21,2.451,1.443,63.07,20.31,33.83,19.76,1.198,-16.81,-8.51,1.639,125.2,2.47,2.413,4.277,53.6,48.25,5.184,103.6,31.8,1.722,6.39,26.27,74.2,15.85,10.92,2.208,5.365,.494,.875,1.711,1.803,1.007
101,2017,232,1020,12.21,3.425,2.428,7.86,24.47,36.49,2.994,1.067,-30.49,-10.74,4.418,125.4,3.012,2.537,2.877,56.42,27.91,7.04,105,85.7,2.074,12.41,4.066,4.329,17.41,3.344,2.589,5.928,.479,.92,1.773,.6,1.032
101,2017,232,1030,12.21,5.904,3.552,2.578,28.85,40.77,3.656,1.248,-30.45,-10.22,10.24,117.2,3.135,3.676,2.85,57.57,24.13,10.03,99.1,54.79,2.088,13.83,3.148,10.89,21.2,3.413,5.398,6.894,.591,1.245,2.114,.672,1.28
101,2017,232,1040,12.21,3.151,2.026,1.592,36.17,71.7,13.54,1.064,-23.75,-9.34,31.33,128.1,2.666,2.031,2.518,68,15.73,5.453,110.4,9.7,1.99,18.5,2.005,17.55,24.18,3.133,2.654,5.408,.504,1.111,1.804,.647,.982
101,2017,232,1050,12.21,2.625,1.814,1.345,42.04,75.2,3.433,.982,-31.85,-9.15,6.219,123.5,1.994,1.873,2.302,69.85,13.23,4.441,108,8.13,1.925,31.71,1.781,2.072,26.52,20.64,14.15,4.703,.489,7.34,1.607,4.902,.905
101,2017,232,1100,12.22,2.68,1.814,1.335,48.9,24.27,1.935,.978,-34.04,-11.2,1.69,124.6,2.174,1.811,2.389,75,13.54,4.692,109.9,69.98,2.017,26.71,1.752,2.067,29.92,3.748,25.24,6.982,.503,.93,1.674,.71,.908
101,2017,232,1110,12.21,2.95,1.997,1.55,55.99,11.61,5.521,1.05,-31.62,-11.56,1.72,127.8,2.422,1.95,2.911,80.6,14.64,5.046,113.4,106,2.198,13.51,1.878,2.302,33.52,3.255,10.95,11.7,.538,1.029,1.789,.692,.982
101,2017,232,1120,12.22,6.144,2.983,2.332,62.07,9.01,3.277,1.365,-33.16,-11.36,2.466,133.7,4.253,3.075,3.24,90.5,22.97,9.35,119.6,104.6,3.367,12.27,2.486,3.3,39.73,4.143,63.52,61.26,.65,1.415,2.521,1.002,1.519
101,2017,232,1130,12.22,5.591,3.06,2.219,57.63,7.79,3.157,1.457,-33.52,-10.73,4.934,123.1,4.331,2.729,3.662,89.5,25.31,8.32,112.1,92.7,3.715,8.28,2.3,3.233,41.5,3.94,4.176,67.67,.685,1.447,2.904,.94,3.735
101,2017,232,1140,12.22,3.159,2.777,1.936,57.17,3.738,3.735,1.313,-33.79,-10.63,15.48,124.4,5.097,2.233,11.06,93.2,21.92,6.268,114.5,20.86,4.393,7.17,1.985,3.439,42.23,3.482,4.591,73.6,.628,1.372,3.194,.856,5.879
101,2017,232,1150,12.22,4.683,5.003,2.464,48.7,4.387,4.576,1.464,-32.87,-10.04,3.095,110.2,14.07,2.968,4.209,86,30.28,8.86,102.2,50.76,5.237,12.96,2.259,4.222,41.08,3.82,6.189,63.34,.695,1.551,3.725,.891,1.829
101,2017,232,1200,12.22,6.023,6.547,2.48,14.75,3.5,3.345,1.605,-36.31,-9.93,2.765,48.18,4.586,3.229,4.782,46.2,37.93,7.45,46.66,13.01,3.894,7.13,2.179,3.76,29.8,3.748,4.7,24.06,.72,1.688,3.546,.789,1.896
101,2017,232,1210,12.22,4.078,1.705,1.214,7.43,3.025,2.119,1.271,-41.77,-8.92,2.045,27.07,2.156,3.259,3.616,29.39,28.66,5.641,25.92,5.358,2.01,5.939,2.012,2.355,23.38,2.174,2.832,11.14,.765,1.353,3.187,.558,1.722
101,2017,232,1220,12.22,5.242,2.12,1.66,9.47,4.341,2.678,1.844,-39.82,-6.771,2.554,35.24,2.829,4.137,4.412,38.78,37.48,7.24,33.66,7.41,2.624,7.36,2.522,3.062,30.88,2.936,3.591,13.43,1.033,1.787,5.115,.847,1.953
101,2017,232,1230,12.22,7.16,3.805,2.691,13.26,6.058,4.549,2.608,-31.32,-5.962,4.155,61.6,6.636,5.674,6.803,62.14,55.26,10.68,58.82,16.64,5.286,9.67,3.534,5.795,43.72,5.048,6.174,26.83,1.368,2.71,6.72,1.251,3.467
101,2017,232,1240,12.22,8.51,4.839,3.212,15.92,6.554,5.504,2.973,-27.38,-5.782,4.981,90.6,7.47,7.68,8.02,92,80.5,12.21,90,39.93,19.86,10.5,3.867,6.783,59.2,6.246,7.55,52.24,1.482,3.077,8.42,1.677,4.13
101,2017,232,1250,12.22,4.832,3.619,4.207,10.37,5.175,5.026,2.569,-25.39,-6.447,6.058,108.1,6.711,4.415,6.182,111.4,86.7,8.91,108.8,63,51.77,7.93,2.908,14.99,65.2,5.616,17.13,77.8,1.241,2.646,7.58,1.708,3.362
101,2017,232,1300,12.22,5.152,3.278,2.192,10.14,4.437,27.58,2.095,-13.8,-7.6,3.614,85.3,6.097,3.559,5.48,86.2,63.84,8.63,84.8,32.11,32.21,7.37,2.504,9.61,50.33,4.74,39.76,59.53,.848,2.171,4.75,1.355,2.846
101,2017,232,1310,12.22,5.39,3.028,2.052,9.76,3.809,4.226,1.996,-32.32,-7.79,3.246,52.16,6.758,3.758,6.011,54.62,45.29,7.88,50.83,14.43,5.192,7.02,2.546,5.38,36.37,4.489,7.09,27.36,.782,2.035,4.572,1.172,3.355
101,2017,232,1320,12.22,6.39,3.593,3.182,11.65,4.941,5.279,3.021,-26.96,-7.01,4.145,78.5,16.58,5.279,7.79,83.3,68.68,10.01,78.4,18.52,7.43,8.73,3.137,14.74,52,5.145,20.11,51.08,1.199,3.39,5.963,2.998,4.485
101,2017,232,1330,12.22,4.594,3.082,2.226,9,7.15,4.696,4.323,-27.91,-6.262,6.472,89.7,43.83,4.231,6.909,101.3,78.6,8.06,92.6,16.76,7.97,7.63,2.824,15.08,60.98,4.974,21.12,69.35,1.147,24.73,5.689,1.531,3.914
101,2017,232,1340,12.22,5.532,3.063,2.539,10.28,5.244,4.542,5.957,-29.06,-5.924,6.321,73.3,15.42,4.944,7.71,85.9,61.35,8.88,75.4,15.34,7.15,8.47,3.124,8.06,55.02,5.398,14.92,49.67,1.233,3.675,6.559,1.439,4.185
101,2017,232,1350,12.22,4.984,2.568,2.311,9.29,4.778,3.81,2.651,-32.68,-6.869,3.882,50.52,6.043,4.247,7.17,62.93,50.6,8.06,52.37,13.23,6.162,7.62,2.882,5.643,43.56,5.324,5.128,27.74,1.102,2.511,6.611,1.243,3.887
101,2017,232,1400,12.22,4.534,2.099,1.921,7.99,4.088,3.43,2.196,-32.68,-6.79,3.532,44.66,6.031,4.453,7.19,56.66,44.25,7.02,46.71,9.7,4.86,7.12,2.561,5.328,39.82,4.139,4.108,27.48,1.038,2.202,5.968,1.171,3.852
101,2017,232,1410,12.22,6.279,2.8,2.263,11.2,4.867,4.013,2.541,-29.57,-6.18,4.182,64.29,19.58,5.653,10.33,78.2,48.7,9.02,67.65,12.86,6.051,8.29,3.005,5.415,51.93,4.783,5.643,45.74,1.221,3.425,5.991,1.3,4.085
101,2017,232,1420,12.22,6.024,2.377,2.159,10.8,5.115,3.904,3.157,-28.18,-5.545,4.41,64.95,14.39,5.842,13.09,86.8,48.8,8.66,71.4,10.55,6.343,8.69,3.192,5.004,58.87,4.767,4.752,51.37,1.392,12.7,7.2,1.343,4.815
101,2017,232,1430,12.22,4.772,1.908,1.46,8.95,4.314,3.037,2.484,-30.19,-5.869,2.464,33.47,2.857,3.986,4.582,40.32,37.66,6.822,32.17,7.23,2.651,7.17,2.43,3.246,31.98,3.281,3.335,13.73,.951,1.666,4.934,.95,2.06
101,2017,232,1440,12.22,4.278,1.737,1.512,7.78,4.108,2.964,2.46,-33.23,-5.432,2.564,32.6,2.958,3.995,5.026,40.33,37.85,6.174,32.42,6.765,2.794,6.761,2.274,3.393,32.5,3.078,3.455,15.46,.99,1.728,5.217,.96,2.385
101,2017,232,1450,12.22,3.641,1.342,1.375,6.497,3.397,2.417,1.695,-37.79,-4.964,2.743,30.29,3.12,3.464,4.899,39.62,36.26,5.288,31.95,6.57,3.377,5.542,2.018,3.176,31.04,2.856,3.278,15.59,.881,1.707,5.284,.832,2.633
101,2017,232,1500,12.22,3.457,1.583,1.293,6.019,3.028,2.47,1.717,-37.68,-4.417,2.923,30.97,3.403,2.834,4.154,37.88,31.52,5.54,30.71,7.58,4.321,5.319,1.826,3.278,27.19,3.465,2.97,15.62,.755,1.517,4.348,.853,2.442
101,2017,232,1510,12.22,2.124,1.218,1.142,4.139,2.782,4.422,1.688,-36.49,-3.936,21.85,43.72,4.02,2.559,6.018,76,52.73,4.137,54.2,7.85,9.46,4.901,1.77,3.244,49.06,8.67,3.502,16.51,.801,1.752,3.665,.863,4.433
101,2017,232,1520,12.22,2.325,1.032,1.159,4.534,2.68,3.355,1.501,-30,-4.026,51.62,46.96,3.472,4.177,4.938,96.6,75,4.365,64.52,6.656,11.33,5.053,1.631,2.564,60.69,8.71,3.042,10.79,.821,1.682,3.564,.77,2.524
101,2017,232,1530,12.22,1.926,.923,1.238,3.633,2.119,2.162,1.539,-28.85,-4.615,24.79,43.39,3.362,3.075,5.216,107,89.3,3.687,67.5,5.571,5.948,4.256,2.308,2.533,67.97,54.34,7.34,9.84,.672,1.412,3.636,.796,2.558
101,2017,232,1540,12.22,1.705,.896,.955,3.486,2.152,2.179,1.407,-30.04,-5.911,2.107,39.7,3.35,3.77,4.812,107.6,89.9,3.507,64.52,5.194,7.04,4.224,3.06,2.73,68.03,10.22,4.584,9.39,.596,1.251,3.39,.77,2.179
101,2017,232,1550,12.22,2.132,.928,1.826,4.197,3.785,2.172,1.908,-35.28,-7.57,2.549,30.38,2.456,3.3,3.695,71.8,59.08,3.956,43.53,5.378,6.395,4.226,1.685,2.534,46.45,3.27,2.308,10.48,.625,1.275,3.117,.68,1.983
101,2017,232,1600,12.22,2.599,1.176,.901,4.963,4.83,3.899,2.087,-38.13,-8.82,2.115,26.52,2.295,2.588,3.159,57.85,48.39,4.164,30.76,5.036,4.199,4.748,1.539,2.29,38.65,2.742,2.226,8.26,.574,1.043,3.261,.732,1.551
101,2017,232,1610,12.22,2.703,1.28,.973,5.281,6.415,1.911,1.378,-47.2,-9.17,1.998,23.96,2.132,2.581,3.166,46.56,40.17,4.281,22.25,5.117,3.166,4.69,1.512,4.738,32.57,2.903,2.174,8.94,.6,1.055,3.554,.667,1.4
101,2017,232,1620,12.22,2.549,1.023,.898,5.291,2.911,1.737,1.288,-47.5,-8.54,1.74,22.02,1.929,2.482,2.829,41.19,35.3,4.42,20.3,4.963,2.14,4.52,1.482,2.569,28.5,8.55,1.965,8.01,.573,1.025,3.268,.662,1.435
101,2017,232,1630,12.22,2.001,.819,.549,4.033,1.99,1.308,.859,-51.19,-8.03,1.203,16.75,1.543,1.692,1.767,24.35,21.21,3.427,14.41,3.966,1.951,3.711,1.179,1.611,17.97,3.402,1.28,5.117,.407,.667,2.057,.447,.824
101,2017,232,1640,12.22,1.536,.67,.449,3.335,1.682,1.077,.688,-49.44,-6.857,.928,14.14,1.053,1.499,1.455,26.84,22.97,2.784,11.42,3.04,1.492,3.335,1.003,1.316,19.32,5.432,1.043,3.641,.337,.509,1.521,.343,.653
101,2017,232,1650,12.22,1.939,.836,.611,3.737,1.757,1.147,.717,-47.05,-5.693,1.09,15.2,1.268,1.584,1.806,20.85,18.88,3.035,14,3.676,1.633,3.249,1.057,1.37,15.63,2.415,1.216,5.023,.375,.626,1.859,.375,.913
101,2017,232,1700,12.22,2.022,.841,.727,3.869,1.923,1.256,.874,-44.03,-4.938,1.223,15.62,1.476,1.781,2.167,19.75,18.83,2.998,15.53,3.822,1.601,3.285,1.074,1.631,15.85,1.64,1.516,6.856,.434,.769,2.263,.419,1.06
101,2017,232,1710,12.21,1.789,.729,.64,3.442,1.797,1.059,.881,-41.36,-4.71,1.013,12.99,1.169,1.566,1.993,17.22,16.81,2.59,13.25,3.112,1.166,2.868,.96,1.501,14.43,1.494,1.278,6.012,.394,.658,2.243,.429,.926
101,2017,232,1720,12.21,1.288,.528,.454,2.575,1.342,.811,.561,-38.24,-5.052,.74,10,.858,1.137,1.389,12.78,12.41,1.995,9.79,2.352,.762,2.188,.742,1.057,10.53,1.102,1.042,4.044,.288,.466,1.538,.32,.603
101,2017,232,1730,12.21,1.184,.464,.377,2.225,.958,.6,.407,-36.74,-5.352,.538,8.07,.642,.822,.871,8.58,8.35,1.737,7.49,1.797,.543,1.727,.571,.714,6.994,.724,.789,2.586,.206,.362,1.015,.206,.382
101,2017,232,1740,12.21,.948,.365,.271,1.69,.734,.439,.32,-37.05,-5.384,.404,5.771,.426,.74,.653,8.32,7.77,1.307,5.259,1.136,.323,1.34,.436,.487,5.068,.494,.536,1.868,.186,.297,.777,.156,.293
101,2017,232,1750,12.21,.732,.298,.231,1.337,.637,.39,.288,-34.42,-4.507,.343,4.616,.39,.586,.595,5.108,5.132,.988,4.433,.97,.295,1.03,.362,.436,4.386,.429,.454,1.772,.156,.255,.739,.149,.27
101,2017,232,1800,12.21,.337,.136,.117,.598,.317,.191,.147,-32.43,-4.683,.174,2.136,.194,.276,.322,2.619,2.518,.449,2.168,.486,.179,.472,.173,.243,2.21,.241,.233,.955,.069,.122,.369,.072,.151
101,2017,232,1810,12.21,.067,.023,.022,.124,.062,.04,.034,-31.38,-5.15,.037,.436,.04,.059,.064,.526,.509,.094,.424,.097,.04,.102,.035,.047,.452,.05,.049,.186,.012,.028,.07,.013,.023
101,2017,232,1820,12.21,.01,0,0,.022,.01,0,0,-27.54,-5.564,0,.095,0,.012,.012,.114,.111,.018,.089,.018,0,.023,0,.003,.095,.008,.002,.042,0,0,.012,0,0
101,2017,232,1830,12.21,0,0,0,0,0,0,0,-27.05,-5.499,0,.017,0,0,0,.017,.013,0,.012,0,0,0,0,0,.012,0,0,0,0,0,0,0,0
101,2017,232,1840,12.21,0,0,0,0,0,0,0,-27.34,-5.73,0,0,0,0,0,0,0,0,0,0,0,0,0,0,0,0,0,0,0,0,0,0,0
101,2017,232,1850,12.21,0,0,0,0,0,0,0,-27,-5.34,0,0,0,0,0,0,0,0,0,0,0,0,0,0,0,0,0,0,0,0,0,0,0
101,2017,232,1900,12.21,0,0,0,0,0,0,0,-26.89,-5.172,0,0,0,0,0,0,0,0,0,0,0,0,0,0,0,0,0,0,0,0,0,0,0
101,2017,232,1910,12.21,0,0,0,0,0,0,0,-26.2,-5.283,0,0,0,0,0,0,0,0,0,0,0,0,0,0,0,0,0,0,0,0,0,0,0
101,2017,232,1920,12.21,0,0,0,0,0,0,0,-24.4,-5.846,0,0,0,0,0,0,0,0,0,0,0,0,0,0,0,0,0,0,0,0,0,0,0
101,2017,232,1930,12.21,0,0,0,0,0,0,0,-23.03,-6.172,0,0,0,0,0,0,0,0,0,0,0,0,0,0,0,0,0,0,0,0,0,0,0
101,2017,232,1940,12.21,0,0,0,0,0,0,0,-21.58,-6.308,0,0,0,0,0,0,0,0,0,0,0,0,0,0,0,0,0,0,0,0,0,0,0
101,2017,232,1950,12.21,0,0,0,0,0,0,0,-20.57,-6.502,0,0,0,0,0,0,0,0,0,0,0,0,0,0,0,0,0,0,0,0,0,0,0
101,2017,232,2000,12.2,0,0,0,0,0,0,0,-19.87,-6.477,0,0,0,0,0,0,0,0,0,0,0,0,0,0,0,0,0,0,0,0,0,0,0
101,2017,232,2010,12.2,0,0,0,0,0,0,0,-19.33,-6.665,0,0,0,0,0,0,0,0,0,0,0,0,0,0,0,0,0,0,0,0,0,0,0
101,2017,232,2020,12.2,0,0,0,0,0,0,0,-18.95,-6.601,0,0,0,0,0,0,0,0,0,0,0,0,0,0,0,0,0,0,0,0,0,0,0
101,2017,232,2030,12.2,0,0,0,0,0,0,0,-23.06,-6.474,0,0,0,0,0,0,0,0,0,0,0,0,0,0,0,0,0,0,0,0,0,0,0
101,2017,232,2040,12.2,0,0,0,0,0,0,0,-22.79,-6.571,0,0,0,0,0,0,0,0,0,0,0,0,0,0,0,0,0,0,0,0,0,0,0
101,2017,232,2050,12.2,0,0,0,0,0,0,0,-21.24,-6.631,0,0,0,0,0,0,0,0,0,0,0,0,0,0,0,0,0,0,0,0,0,0,0
101,2017,232,2100,12.2,0,0,0,0,0,0,0,-19.29,-6.733,0,0,0,0,0,0,0,0,0,0,0,0,0,0,0,0,0,0,0,0,0,0,0
101,2017,232,2110,12.2,0,0,0,0,0,0,0,-18.23,-6.797,0,0,0,0,0,0,0,0,0,0,0,0,0,0,0,0,0,0,0,0,0,0,0
101,2017,232,2120,12.2,0,0,0,0,0,0,0,-13.21,-7.11,0,0,0,0,0,0,0,0,0,0,0,0,0,0,0,0,0,0,0,0,0,0,0
101,2017,232,2130,12.2,0,0,0,0,0,0,0,-6.687,-7.08,0,0,0,0,0,0,0,0,0,0,0,0,0,0,0,0,0,0,0,0,0,0,0
101,2017,232,2140,12.2,0,0,0,0,0,0,0,-11.72,-6.844,0,0,0,0,0,0,0,0,0,0,0,0,0,0,0,0,0,0,0,0,0,0,0
101,2017,232,2150,12.2,0,0,0,0,0,0,0,-15.77,-6.804,0,0,0,0,0,0,0,0,0,0,0,0,0,0,0,0,0,0,0,0,0,0,0
101,2017,232,2200,12.2,0,0,0,0,0,0,0,-16.58,-6.971,0,0,0,0,0,0,0,0,0,0,0,0,0,0,0,0,0,0,0,0,0,0,0
101,2017,232,2210,12.2,0,0,0,0,0,0,0,-13.63,-7.14,0,0,0,0,0,0,0,0,0,0,0,0,0,0,0,0,0,0,0,0,0,0,0
101,2017,232,2220,12.2,0,0,0,0,0,0,0,-11.04,-7.25,0,0,0,0,0,0,0,0,0,0,0,0,0,0,0,0,0,0,0,0,0,0,0
101,2017,232,2230,12.2,0,0,0,0,0,0,0,-9.53,-7.32,0,0,0,0,0,0,0,0,0,0,0,0,0,0,0,0,0,0,0,0,0,0,0
101,2017,232,2240,12.2,0,0,0,0,0,0,0,-8.24,-7.38,0,0,0,0,0,0,0,0,0,0,0,0,0,0,0,0,0,0,0,0,0,0,0
101,2017,232,2250,12.2,0,0,0,0,0,0,0,-5.992,-7.47,0,0,0,0,0,0,0,0,0,0,0,0,0,0,0,0,0,0,0,0,0,0,0
101,2017,232,2300,12.19,0,0,0,0,0,0,0,-3.512,-7.56,0,0,0,0,0,0,0,0,0,0,0,0,0,0,0,0,0,0,0,0,0,0,0
101,2017,232,2310,12.19,0,0,0,0,0,0,0,-2.8,-7.56,0,0,0,0,0,0,0,0,0,0,0,0,0,0,0,0,0,0,0,0,0,0,0
101,2017,232,2320,12.19,0,0,0,0,0,0,0,-1.263,-7.73,0,0,0,0,0,0,0,0,0,0,0,0,0,0,0,0,0,0,0,0,0,0,0
101,2017,232,2330,12.19,0,0,0,0,0,0,0,-.712,-7.88,0,0,0,0,0,0,0,0,0,0,0,0,0,0,0,0,0,0,0,0,0,0,0
101,2017,232,2340,12.19,0,0,0,0,0,0,0,-.137,-8.06,0,0,0,0,0,0,0,0,0,0,0,0,0,0,0,0,0,0,0,0,0,0,0
101,2017,232,2350,12.19,0,0,0,0,0,0,0,-.912,-8.14,0,0,0,0,0,0,0,0,0,0,0,0,0,0,0,0,0,0,0,0,0,0,0
101,2017,232,2400,12.19,0,0,0,0,0,0,0,-.136,-8.34,0,0,0,0,0,0,0,0,0,0,0,0,0,0,0,0,0,0,0,0,0,0,0
102,2017,232,2400,12.18,5266
101,2017,233,10,12.19,0,0,0,0,0,0,0,.905,-8.19,0,0,0,0,0,0,0,0,0,0,0,0,0,0,0,0,0,0,0,0,0,0,0
101,2017,233,20,12.19,0,0,0,0,0,0,0,1.277,-8.38,0,0,0,0,0,0,0,0,0,0,0,0,0,0,0,0,0,0,0,0,0,0,0
101,2017,233,30,12.19,0,0,0,0,0,0,0,2.621,-8.47,0,0,0,0,0,0,0,0,0,0,0,0,0,0,0,0,0,0,0,0,0,0,0
101,2017,233,40,12.19,0,0,0,0,0,0,0,3.801,-8.58,0,0,0,0,0,0,0,0,0,0,0,0,0,0,0,0,0,0,0,0,0,0,0
101,2017,233,50,12.19,0,0,0,0,0,0,0,3.885,-8.67,0,0,0,0,0,0,0,0,0,0,0,0,0,0,0,0,0,0,0,0,0,0,0
101,2017,233,100,12.19,0,0,0,0,0,0,0,4.244,-8.96,0,0,0,0,0,0,0,0,0,0,0,0,0,0,0,0,0,0,0,0,0,0,0
101,2017,233,110,12.19,0,0,0,0,0,0,0,4.693,-8.96,0,0,0,0,0,0,0,0,0,0,0,0,0,0,0,0,0,0,0,0,0,0,0
101,2017,233,120,12.19,0,0,0,0,0,0,0,3.923,-8.75,0,0,0,0,0,0,0,0,0,0,0,0,0,0,0,0,0,0,0,0,0,0,0
101,2017,233,130,12.19,0,0,0,0,0,0,0,4.076,-8.84,0,0,0,0,0,0,0,0,0,0,0,0,0,0,0,0,0,0,0,0,0,0,0
101,2017,233,140,12.19,0,0,0,0,0,0,0,4.148,-8.94,0,0,0,0,0,0,0,0,0,0,0,0,0,0,0,0,0,0,0,0,0,0,0
101,2017,233,150,12.19,0,0,0,0,0,0,0,4.22,-9.1,0,0,0,0,0,0,0,0,0,0,0,0,0,0,0,0,0,0,0,0,0,0,0
101,2017,233,200,12.19,0,0,0,0,0,0,0,4.958,-9.15,0,0,0,0,0,0,0,0,0,0,0,0,0,0,0,0,0,0,0,0,0,0,0
101,2017,233,210,12.19,0,0,0,0,0,0,0,5.125,-9.13,0,0,0,0,0,0,0,0,0,0,0,0,0,0,0,0,0,0,0,0,0,0,0
101,2017,233,220,12.19,0,0,0,0,0,0,0,4.267,-9.25,0,0,0,0,0,0,0,0,0,0,0,0,0,0,0,0,0,0,0,0,0,0,0
101,2017,233,230,12.19,0,0,0,0,0,0,0,6.908,-9.51,0,0,0,0,0,0,0,0,0,0,0,0,0,0,0,0,0,0,0,0,0,0,0
101,2017,233,240,12.19,0,0,0,0,0,0,0,6.432,-9.63,0,0,0,0,0,0,0,0,0,0,0,0,0,0,0,0,0,0,0,0,0,0,0
101,2017,233,250,12.19,0,0,0,0,0,0,0,2.856,-9.42,0,0,0,0,0,0,0,0,0,0,0,0,0,0,0,0,0,0,0,0,0,0,0
101,2017,233,300,12.19,0,0,0,0,0,0,0,2.194,-9.52,0,0,0,0,0,0,0,0,0,0,0,0,0,0,0,0,0,0,0,0,0,0,0
101,2017,233,310,12.19,0,0,0,0,0,0,0,3.531,-9.81,0,0,0,0,0,0,0,0,0,0,0,0,0,0,0,0,0,0,0,0,0,0,0
101,2017,233,320,12.18,0,0,0,0,0,0,0,5.346,-10.1,0,0,0,0,0,0,0,0,0,0,0,0,0,0,0,0,0,0,0,0,0,0,0
101,2017,233,330,12.18,0,0,0,0,0,0,0,4.373,-10.3,0,0,0,0,0,0,0,0,0,0,0,0,0,0,0,0,0,0,0,0,0,0,0
101,2017,233,340,12.18,0,0,0,0,0,0,0,4.865,-10.46,0,0,0,0,0,0,0,0,0,0,0,0,0,0,0,0,0,0,0,0,0,0,0
101,2017,233,350,12.18,0,0,0,0,0,0,0,4.728,-10.52,0,0,0,0,0,0,0,0,0,0,0,0,0,0,0,0,0,0,0,0,0,0,0
101,2017,233,400,12.18,0,0,0,0,0,0,0,5.112,-11.4,0,0,0,0,0,0,0,0,0,0,0,0,0,0,0,0,0,0,0,0,0,0,0
101,2017,233,410,12.18,0,0,0,0,0,0,0,5.633,-11.64,0,0,0,0,0,0,0,0,0,0,0,0,0,0,0,0,0,0,0,0,0,0,0
101,2017,233,420,12.18,0,0,0,0,0,0,0,5.221,-11.42,0,0,0,0,0,0,0,0,0,0,0,0,0,0,0,0,0,0,0,0,0,0,0
101,2017,233,430,12.18,0,0,0,0,0,0,0,5.625,-11.28,0,0,0,0,0,0,0,0,0,0,0,0,0,0,0,0,0,0,0,0,0,0,0
101,2017,233,440,12.18,0,0,0,0,0,0,0,5.343,-11.32,0,0,0,0,0,0,0,0,0,0,0,0,0,0,0,0,0,0,0,0,0,0,0
101,2017,233,450,12.18,0,0,0,0,0,0,0,4.228,-11.07,0,0,0,0,0,0,0,0,0,0,0,0,0,0,0,0,0,0,0,0,0,0,0
101,2017,233,500,12.18,0,0,0,0,0,0,0,4.161,-11.12,0,0,0,0,0,0,0,0,0,0,0,0,0,0,0,0,0,0,0,0,0,0,0
101,2017,233,510,12.18,0,0,0,0,0,0,0,-.171,-10.36,0,0,0,0,0,0,0,0,0,0,0,0,0,0,0,0,0,0,0,0,0,0,0
101,2017,233,520,12.18,0,0,0,0,0,0,0,-.742,-10,0,0,0,0,0,0,0,0,0,0,0,0,0,0,0,0,0,0,0,0,0,0,0
101,2017,233,530,12.18,0,0,0,0,0,0,0,-.692,-9.7,0,0,0,0,0,0,0,0,0,0,0,0,0,0,0,0,0,0,0,0,0,0,0
101,2017,233,540,12.18,0,0,0,0,0,0,0,.62,-9.7,0,0,0,0,0,0,0,0,0,0,0,0,0,0,0,0,0,0,0,0,0,0,0
101,2017,233,550,12.18,0,0,0,0,0,0,0,1.064,-9.9,0,0,0,0,0,0,0,0,0,0,0,0,0,0,0,0,0,0,0,0,0,0,0
101,2017,233,600,12.18,0,0,0,0,0,0,0,-.099,-9.81,0,0,0,0,0,0,0,0,0,0,0,0,0,0,0,0,0,0,0,0,0,0,0
101,2017,233,610,12.18,0,0,0,0,0,0,0,-.664,-9.76,0,0,0,0,0,0,0,0,0,0,0,0,0,0,0,0,0,0,0,0,0,0,0
101,2017,233,620,12.18,0,0,0,0,0,0,0,-.287,-9.83,0,0,0,0,0,0,0,0,0,0,0,0,0,0,0,0,0,0,0,0,0,0,0
101,2017,233,630,12.18,0,0,0,.01,0,0,0,-1.42,-9.44,0,.042,0,.002,0,.035,.034,.008,.028,.01,0,.013,0,0,.027,0,0,.01,0,0,0,0,0
101,2017,233,640,12.18,.047,.018,.01,.077,.04,.025,.017,-2.502,-9.15,.02,.28,.025,.035,.032,.256,.258,.06,.236,.064,.02,.065,.023,.028,.211,.032,.023,.075,0,.018,.035,.005,.01
101,2017,233,650,12.18,.149,.057,.04,.268,.124,.077,.045,-2.078,-9.21,.064,.992,.07,.117,.097,.913,.912,.226,.823,.223,.06,.241,.072,.085,.746,.092,.085,.273,.032,.045,.114,.034,.042
101,2017,233,700,12.18,.344,.153,.094,.625,.298,.196,.107,-1.574,-9.1,.144,2.633,.178,.29,.225,2.1,2.12,.555,2.088,.531,.141,.597,.184,.213,1.684,.206,.213,.575,.057,.104,.24,.055,.097
101,2017,233,710,12.18,.561,.265,.161,1.187,.493,.375,.174,-.248,-9.02,.248,5.252,.317,.476,.359,3.511,3.555,1.044,3.965,1.054,.255,1.121,.345,.402,2.734,.337,.375,.927,.101,.164,.369,.094,.159
101,2017,233,720,12.18,.851,.385,.246,1.84,.746,.545,.243,1.532,-8.95,.342,8.29,.439,.701,.458,4.986,5.001,1.626,5.988,1.639,.355,1.718,.516,.597,3.773,.454,.486,1.207,.141,.233,.461,.126,.218
101,2017,233,730,12.18,1.223,.556,.328,2.661,1.074,.788,.332,2.46,-8.83,.471,14.59,.585,1.047,.613,7.46,6.746,2.46,8.33,2.253,.442,2.564,.753,.843,4.942,.625,.68,1.455,.184,.305,.637,.176,.266
101,2017,233,740,12.18,1.121,.556,.427,2.918,1.356,1.078,.447,3.186,-8.86,.588,56.35,.944,1.257,.917,11.5,8.3,2.977,11.54,2.764,.515,5.083,1.182,1.297,6.384,.804,.892,1.785,.243,.382,.873,.223,.349
101,2017,233,750,12.18,1.257,.496,.429,2.784,1.351,.989,.518,1.249,-8.85,.645,63.37,1.158,1.349,1.163,12.5,9.54,2.789,13.89,2.581,.58,18.32,1.788,1.973,7.86,.866,.975,2.219,.3,.434,1.093,.275,.412
101,2017,233,800,12.18,2.227,.903,.543,4.235,1.83,1.23,.607,-.173,-9.22,.895,61.96,1.321,1.902,1.353,14.05,12.19,3.655,39.69,3.248,.697,14.65,2.507,3.801,9.6,1.108,1.217,2.975,.375,.627,1.312,.334,.479
101,2017,233,810,12.18,3.543,1.508,.947,7.36,2.888,2.118,.825,.127,-9.8,1.316,89.7,1.77,2.928,1.654,16.63,15.25,6.057,60.19,4.976,.806,20,11.28,6.873,12.03,1.466,1.617,3.067,.442,.732,1.391,.404,.587
101,2017,233,820,12.18,4.312,1.772,1.113,9.12,3.278,2.775,.885,-9.4,-10.29,1.421,71.2,1.869,3.122,1.534,16.49,16.99,7.61,49.72,6.746,.892,15.14,3.545,4.317,13.91,1.564,1.988,2.97,.449,.773,1.257,.422,.639
101,2017,233,830,12.18,4.163,1.78,1.058,8.8,3.186,2.71,.776,-12.22,-10.64,1.269,37.68,1.448,2.785,1.339,15.27,16.91,7.17,27.71,6.675,.907,7.9,2.155,2.568,11.27,1.562,1.904,3.008,.419,.716,1.223,.401,.587
101,2017,233,840,12.18,4.02,1.818,1.106,8.69,3.362,3.001,.791,-12.59,-10.64,1.327,32.6,1.317,2.777,1.453,15.79,17.37,7.2,24.8,6.809,.975,6.965,1.986,2.824,11.46,1.664,1.947,3.249,.412,.709,1.403,.442,.645
101,2017,233,850,12.18,3.519,1.744,1.18,8.77,3.797,8.92,1.044,-7.09,-11.19,1.413,49.25,1.496,2.991,1.701,18.22,21.87,6.838,37.85,7.27,1.262,9.21,2.297,10.82,13,1.905,1.888,4.233,.432,.736,1.615,1.101,.777