101,2017,268,1510,11.97,4.043,1.601,1.7,7.13,4.227,2.829,2.218,-39.54,-15.39,2.896,30.57,3.996,4.296,6.06,45.69,43.5,5.875,35.23,7.2,3.378,6.976,2.614,4.294,36.3,3.601,3.718,17.75,1.003,1.898,5.85,1.146,2.613
101,2017,268,1520,12.05,3.835,1.648,1.745,6.927,4.41,2.785,2.348,-38.67,-8.41,2.842,31.06,3.522,4.324,5.82,47.76,45.42,5.815,36.24,7.68,3.589,6.905,2.514,4.083,37.87,3.733,3.626,18.07,1.131,1.981,6.544,1.166,2.817
101,2017,268,1530,12.06,3.31,1.633,1.727,6.107,3.974,2.691,2.507,-39.91,-6.482,2.98,31.14,4.108,3.959,12,58.66,53.48,5.371,42.18,8.14,4.931,6.321,2.363,4.728,45.62,4.16,3.44,19.09,1.094,1.924,10.16,1.236,3.144
101,2017,268,1540,12.07,3.603,1.538,2.07,6.284,3.552,2.645,2.48,-38.18,-5.827,2.956,31.97,4.219,3.681,25.62,75.8,68.06,13.66,51.62,7.69,22.98,6.081,2.358,4.803,57.79,4.046,3.333,17.52,1.012,1.73,16.63,1.337,3.405
101,2017,268,1550,12.07,3.422,1.532,3.921,5.864,3.748,2.37,2.248,-38.82,-6.792,2.723,30.89,3.641,3.418,25.24,87.9,78.1,5.942,56.16,7.44,45.85,5.561,2.849,3.681,67.35,3.732,3.015,15.31,.931,1.623,21.83,1.387,3.248
101,2017,268,1600,12.06,3.335,1.407,12.27,5.798,3.047,2.209,2.01,-39.75,-9.22,2.434,28.26,3.445,3.196,5.906,84.7,74.3,5.152,51.87,7.23,46.4,5.383,2.234,3.366,65.41,3.614,2.887,14.41,.873,1.553,15.06,1.301,2.862
101,2017,268,1610,12.1,2.586,1.08,2.179,4.574,2.841,1.918,1.951,-39.65,-11.17,2.298,22.8,3.087,2.752,4.453,62.84,55.61,4.211,37.61,5.942,13.77,4.884,1.98,3.098,49.64,3.447,2.547,13.46,.792,1.397,5.674,1.109,2.45
101,2017,268,1620,12.11,2.464,1.015,1.204,4.532,2.769,1.797,1.747,-40.8,-11.14,2.134,21.11,3.016,2.499,3.981,58.13,51.87,4.018,33.74,5.701,3.547,4.819,1.913,2.887,46.91,3.266,2.372,12.79,.724,1.224,4.71,1.008,2.618
101,2017,268,1630,12.11,2.135,.896,.936,4.036,2.532,1.484,1.504,-42.45,-10.07,1.603,17.54,2.063,2.291,3.442,30.86,29.98,3.315,20.99,4.691,2.439,4.241,1.593,2.388,25.96,2.362,1.931,10.49,.586,1.042,3.939,.759,1.739
101,2017,268,1640,12.1,2.052,.801,.757,3.79,2.239,1.275,1.105,-43.94,-8.93,1.258,14.69,1.378,1.901,2.494,22.42,22.91,2.941,15.97,3.594,1.449,3.907,1.367,1.924,19.56,1.928,1.623,7.28,.484,.832,2.886,.628,1.035
101,2017,268,1650,12.11,1.656,.633,.476,3.006,1.491,.863,.598,-42.73,-8.09,.792,10.66,.819,1.283,1.33,12.62,13.28,2.283,10.25,2.43,.735,2.822,.891,1.094,10.74,1.144,1.07,3.686,.308,.487,1.375,.345,.518
101,2017,268,1700,12.11,1.191,.452,.362,2.194,1.105,.625,.461,-43.66,-7.61,.563,7.74,.551,.975,.945,8.88,9.35,1.678,7.32,1.678,.494,2.07,.628,.749,7.61,.77,.707,2.546,.236,.382,1.117,.258,.404
101,2017,268,1710,12.11,.757,.318,.231,1.41,.703,.424,.298,-46.93,-7.55,.368,5.07,.384,.574,.558,5.542,5.867,1.072,4.599,1.141,.358,1.404,.42,.494,4.832,.528,.462,1.502,.137,.24,.653,.169,.224
101,2017,268,1720,12.1,.526,.228,.171,.945,.462,.298,.201,-48.74,-7.68,.271,3.668,.307,.427,.425,3.995,4.109,.76,3.378,.836,.285,.946,.303,.374,3.417,.394,.353,1.218,.1,.169,.425,.106,.201
101,2017,268,1730,12.1,.454,.203,.186,.824,.452,.32,.221,-51.48,-7.77,.293,3.685,.387,.444,.524,4.635,4.561,.65,3.866,.879,.315,.831,.3,.422,3.896,.412,.422,1.843,.116,.206,.524,.129,.258
101,2017,268,1740,12.11,.598,.231,.203,1.059,.531,.335,.268,-52.2,-8.03,.335,4.012,.402,.457,.541,5.05,5.096,.804,4.27,.977,.332,.915,.33,.42,4.282,.436,.436,1.789,.134,.228,.63,.134,.25
101,2017,268,1750,12.11,.566,.223,.168,1.015,.471,.288,.199,-52.39,-8.42,.261,3.446,.312,.405,.407,3.975,4.104,.752,3.355,.861,.251,.858,.283,.33,3.329,.384,.367,1.201,.099,.174,.432,.095,.169
101,2017,268,1800,12.1,.357,.141,.117,.586,.313,.191,.131,-53.44,-8.87,.173,2.211,.209,.288,.307,2.763,2.793,.457,2.211,.538,.186,.543,.186,.231,2.27,.256,.241,.868,.067,.121,.293,.067,.126
101,2017,268,1810,12.11,.198,.075,.065,.333,.173,.102,.08,-53.98,-9.09,.101,1.166,.112,.161,.183,1.69,1.704,.263,1.25,.302,.121,.307,.102,.141,1.427,.157,.136,.511,.04,.072,.194,.05,.08
101,2017,268,1820,12.1,.072,.027,.027,.124,.075,.045,.042,-56.38,-9.31,.047,.457,.049,.067,.085,.737,.732,.101,.509,.121,.054,.127,.05,.064,.642,.072,.055,.253,.01,.034,.094,.03,.039
101,2017,268,1830,12.1,.013,0,0,.027,.015,.003,.002,-58.69,-9.69,.007,.111,.005,.013,.017,.179,.176,.02,.126,.028,.008,.034,.007,.015,.157,.02,.008,.062,0,.003,.022,0,0
101,2017,268,1840,12.1,0,0,0,0,0,0,0,-58.9,-10.14,0,.013,0,0,0,.02,.022,0,.01,0,0,0,0,0,.015,0,0,.005,0,0,0,0,0
101,2017,268,1850,12.1,0,0,0,0,0,0,0,-59.38,-10.33,0,0,0,0,0,0,0,0,0,0,0,0,0,0,0,0,0,0,0,0,0,0,0
101,2017,268,1900,12.1,0,0,0,0,0,0,0,-58.78,-10.09,0,0,0,0,0,0,0,0,0,0,0,0,0,0,0,0,0,0,0,0,0,0,0
101,2017,268,1910,12.1,0,0,0,0,0,0,0,-59.32,-10.67,0,0,0,0,0,0,0,0,0,0,0,0,0,0,0,0,0,0,0,0,0,0,0
101,2017,268,1920,12.1,0,0,0,0,0,0,0,-60.63,-10.98,0,0,0,0,0,0,0,0,0,0,0,0,0,0,0,0,0,0,0,0,0,0,0
101,2017,268,1930,12.1,0,0,0,0,0,0,0,-61.33,-10.96,0,0,0,0,0,0,0,0,0,0,0,0,0,0,0,0,0,0,0,0,0,0,0
101,2017,268,1940,12.1,0,0,0,0,0,0,0,-61.57,-10.86,0,0,0,0,0,0,0,0,0,0,0,0,0,0,0,0,0,0,0,0,0,0,0
101,2017,268,1950,12.1,0,0,0,0,0,0,0,-61.47,-10.85,0,0,0,0,0,0,0,0,0,0,0,0,0,0,0,0,0,0,0,0,0,0,0
101,2017,268,2000,12.1,0,0,0,0,0,0,0,-60.48,-10.96,0,0,0,0,0,0,0,0,0,0,0,0,0,0,0,0,0,0,0,0,0,0,0
101,2017,268,2010,12.1,0,0,0,0,0,0,0,-59,-10.69,0,0,0,0,0,0,0,0,0,0,0,0,0,0,0,0,0,0,0,0,0,0,0
101,2017,268,2020,12.09,0,0,0,0,0,0,0,-57.76,-10.35,0,0,0,0,0,0,0,0,0,0,0,0,0,0,0,0,0,0,0,0,0,0,0
101,2017,268,2030,12.09,0,0,0,0,0,0,0,-57.2,-10.46,0,0,0,0,0,0,0,0,0,0,0,0,0,0,0,0,0,0,0,0,0,0,0
101,2017,268,2040,12.08,0,0,0,0,0,0,0,-56.09,-10.77,0,0,0,0,0,0,0,0,0,0,0,0,0,0,0,0,0,0,0,0,0,0,0
101,2017,268,2050,12.08,0,0,0,0,0,0,0,-55.74,-11.01,0,0,0,0,0,0,0,0,0,0,0,0,0,0,0,0,0,0,0,0,0,0,0
101,2017,268,2100,12.07,0,0,0,0,0,0,0,-57.25,-11.06,0,0,0,0,0,0,0,0,0,0,0,0,0,0,0,0,0,0,0,0,0,0,0
101,2017,268,2110,12.07,0,0,0,0,0,0,0,-57.76,-11.14,0,0,0,0,0,0,0,0,0,0,0,0,0,0,0,0,0,0,0,0,0,0,0
101,2017,268,2120,12.07,0,0,0,0,0,0,0,-56.86,-10.94,0,0,0,0,0,0,0,0,0,0,0,0,0,0,0,0,0,0,0,0,0,0,0
101,2017,268,2130,12.07,0,0,0,0,0,0,0,-54.05,-11.37,0,0,0,0,0,0,0,0,0,0,0,0,0,0,0,0,0,0,0,0,0,0,0
101,2017,268,2140,12.07,0,0,0,0,0,0,0,-50.22,-11.37,0,0,0,0,0,0,0,0,0,0,0,0,0,0,0,0,0,0,0,0,0,0,0
101,2017,268,2150,12.07,0,0,0,0,0,0,0,-45.73,-11.54,0,0,0,0,0,0,0,0,0,0,0,0,0,0,0,0,0,0,0,0,0,0,0
101,2017,268,2200,12.06,0,0,0,0,0,0,0,-43.06,-11.63,0,0,0,0,0,0,0,0,0,0,0,0,0,0,0,0,0,0,0,0,0,0,0
101,2017,268,2210,12.06,0,0,0,0,0,0,0,-42.89,-11.79,0,0,0,0,0,0,0,0,0,0,0,0,0,0,0,0,0,0,0,0,0,0,0
101,2017,268,2220,12.05,0,0,0,0,0,0,0,-42.8,-11.95,0,0,0,0,0,0,0,0,0,0,0,0,0,0,0,0,0,0,0,0,0,0,0
101,2017,268,2230,12.05,0,0,0,0,0,0,0,-40.24,-11.61,0,0,0,0,0,0,0,0,0,0,0,0,0,0,0,0,0,0,0,0,0,0,0
101,2017,268,2240,12.04,0,0,0,0,0,0,0,-38.55,-11.43,0,0,0,0,0,0,0,0,0,0,0,0,0,0,0,0,0,0,0,0,0,0,0
101,2017,268,2250,12.03,0,0,0,0,0,0,0,-35.46,-11.55,0,0,0,0,0,0,0,0,0,0,0,0,0,0,0,0,0,0,0,0,0,0,0
101,2017,268,2300,12,0,0,0,0,0,0,0,-37.88,-11.74,0,0,0,0,0,0,0,0,0,0,0,0,0,0,0,0,0,0,0,0,0,0,0
101,2017,268,2310,11.99,0,0,0,0,0,0,0,-40.09,-11.88,0,0,0,0,0,0,0,0,0,0,0,0,0,0,0,0,0,0,0,0,0,0,0
101,2017,268,2320,11.99,0,0,0,0,0,0,0,-39.87,-11.97,0,0,0,0,0,0,0,0,0,0,0,0,0,0,0,0,0,0,0,0,0,0,0
101,2017,268,2330,11.99,0,0,0,0,0,0,0,-36.75,-12.19,0,0,0,0,0,0,0,0,0,0,0,0,0,0,0,0,0,0,0,0,0,0,0
101,2017,268,2340,11.97,0,0,0,0,0,0,0,-34.9,-12.5,0,0,0,0,0,0,0,0,0,0,0,0,0,0,0,0,0,0,0,0,0,0,0
101,2017,268,2350,11.99,0,0,0,0,0,0,0,-34.89,-12.72,0,0,0,0,0,0,0,0,0,0,0,0,0,0,0,0,0,0,0,0,0,0,0
101,2017,268,2400,11.99,0,0,0,0,0,0,0,-34.99,-13.14,0,0,0,0,0,0,0,0,0,0,0,0,0,0,0,0,0,0,0,0,0,0,0
101,2017,269,10,12,0,0,0,0,0,0,0,-35.48,-13.55,0,0,0,0,0,0,0,0,0,0,0,0,0,0,0,0,0,0,0,0,0,0,0
101,2017,269,20,11.99,0,0,0,0,0,0,0,-34.01,-13.96,0,0,0,0,0,0,0,0,0,0,0,0,0,0,0,0,0,0,0,0,0,0,0
101,2017,269,30,12,0,0,0,0,0,0,0,-33.57,-14.02,0,0,0,0,0,0,0,0,0,0,0,0,0,0,0,0,0,0,0,0,0,0,0
101,2017,269,40,12,0,0,0,0,0,0,0,-33.84,-14.13,0,0,0,0,0,0,0,0,0,0,0,0,0,0,0,0,0,0,0,0,0,0,0
101,2017,269,50,12.01,0,0,0,0,0,0,0,-33.17,-14.18,0,0,0,0,0,0,0,0,0,0,0,0,0,0,0,0,0,0,0,0,0,0,0
101,2017,269,100,12.01,0,0,0,0,0,0,0,-33.49,-14.27,0,0,0,0,0,0,0,0,0,0,0,0,0,0,0,0,0,0,0,0,0,0,0
101,2017,269,110,12.01,0,0,0,0,0,0,0,-33.48,-14.22,0,0,0,0,0,0,0,0,0,0,0,0,0,0,0,0,0,0,0,0,0,0,0
101,2017,269,120,12.01,0,0,0,0,0,0,0,-33.4,-14.23,0,0,0,0,0,0,0,0,0,0,0,0,0,0,0,0,0,0,0,0,0,0,0
101,2017,269,130,12,0,0,0,0,0,0,0,-33.24,-14.02,0,0,0,0,0,0,0,0,0,0,0,0,0,0,0,0,0,0,0,0,0,0,0
101,2017,269,140,12,0,0,0,0,0,0,0,-34.21,-14.19,0,0,0,0,0,0,0,0,0,0,0,0,0,0,0,0,0,0,0,0,0,0,0
101,2017,269,150,12.08,0,0,0,0,0,0,0,-33.93,-14.07,0,0,0,0,0,0,0,0,0,0,0,0,0,0,0,0,0,0,0,0,0,0,0
101,2017,269,200,12.09,0,0,0,0,0,0,0,-31.56,-14.12,0,0,0,0,0,0,0,0,0,0,0,0,0,0,0,0,0,0,0,0,0,0,0
101,2017,269,210,12.05,0,0,0,0,0,0,0,-32.71,-14,0,0,0,0,0,0,0,0,0,0,0,0,0,0,0,0,0,0,0,0,0,0,0
101,2017,269,220,11.98,0,0,0,0,0,0,0,-32.15,-13.93,0,0,0,0,0,0,0,0,0,0,0,0,0,0,0,0,0,0,0,0,0,0,0
101,2017,269,230,11.97,0,0,0,0,0,0,0,-32.83,-14.23,0,0,0,0,0,0,0,0,0,0,0,0,0,0,0,0,0,0,0,0,0,0,0
101,2017,269,240,11.97,0,0,0,0,0,0,0,-33.97,-14.32,0,0,0,0,0,0,0,0,0,0,0,0,0,0,0,0,0,0,0,0,0,0,0
101,2017,269,250,11.98,0,0,0,0,0,0,0,-33.3,-14.04,0,0,0,0,0,0,0,0,0,0,0,0,0,0,0,0,0,0,0,0,0,0,0
101,2017,269,300,11.97,0,0,0,0,0,0,0,-33.31,-13.91,0,0,0,0,0,0,0,0,0,0,0,0,0,0,0,0,0,0,0,0,0,0,0
101,2017,269,310,11.97,0,0,0,0,0,0,0,-33.87,-13.94,0,0,0,0,0,0,0,0,0,0,0,0,0,0,0,0,0,0,0,0,0,0,0
101,2017,269,320,11.97,0,0,0,0,0,0,0,-32.92,-13.9,0,0,0,0,0,0,0,0,0,0,0,0,0,0,0,0,0,0,0,0,0,0,0
101,2017,269,330,11.97,0,0,0,0,0,0,0,-33.13,-13.84,0,0,0,0,0,0,0,0,0,0,0,0,0,0,0,0,0,0,0,0,0,0,0
101,2017,269,340,11.98,0,0,0,0,0,0,0,-32.15,-13.96,0,0,0,0,0,0,0,0,0,0,0,0,0,0,0,0,0,0,0,0,0,0,0
101,2017,269,350,12.03,0,0,0,0,0,0,0,-31.57,-14.19,0,0,0,0,0,0,0,0,0,0,0,0,0,0,0,0,0,0,0,0,0,0,0
101,2017,269,400,12.11,0,0,0,0,0,0,0,-31.99,-14.35,0,0,0,0,0,0,0,0,0,0,0,0,0,0,0,0,0,0,0,0,0,0,0
101,2017,269,410,12.11,0,0,0,0,0,0,0,-32.07,-14.42,0,0,0,0,0,0,0,0,0,0,0,0,0,0,0,0,0,0,0,0,0,0,0
101,2017,269,420,12.11,0,0,0,0,0,0,0,-32.32,-14.78,0,0,0,0,0,0,0,0,0,0,0,0,0,0,0,0,0,0,0,0,0,0,0
101,2017,269,430,12.11,0,0,0,0,0,0,0,-33.06,-14.89,0,0,0,0,0,0,0,0,0,0,0,0,0,0,0,0,0,0,0,0,0,0,0
101,2017,269,440,12.11,0,0,0,0,0,0,0,-32.85,-14.76,0,0,0,0,0,0,0,0,0,0,0,0,0,0,0,0,0,0,0,0,0,0,0
101,2017,269,450,12.11,0,0,0,0,0,0,0,-32.57,-14.67,0,0,0,0,0,0,0,0,0,0,0,0,0,0,0,0,0,0,0,0,0,0,0
101,2017,269,500,12.11,0,0,0,0,0,0,0,-32.52,-14.7,0,0,0,0,0,0,0,0,0,0,0,0,0,0,0,0,0,0,0,0,0,0,0
101,2017,269,510,12.11,0,0,0,0,0,0,0,-32.96,-14.76,0,0,0,0,0,0,0,0,0,0,0,0,0,0,0,0,0,0,0,0,0,0,0
101,2017,269,520,12.11,0,0,0,0,0,0,0,-33.02,-14.78,0,0,0,0,0,0,0,0,0,0,0,0,0,0,0,0,0,0,0,0,0,0,0
101,2017,269,530,12.11,0,0,0,0,0,0,0,-32.7,-14.77,0,0,0,0,0,0,0,0,0,0,0,0,0,0,0,0,0,0,0,0,0,0,0
101,2017,269,540,12.11,0,0,0,0,0,0,0,-32.87,-14.89,0,0,0,0,0,0,0,0,0,0,0,0,0,0,0,0,0,0,0,0,0,0,0
101,2017,269,550,12.11,0,0,0,0,0,0,0,-32.78,-14.98,0,.003,0,0,0,.002,0,0,.002,0,0,0,0,0,0,0,0,0,0,0,0,0,0
101,2017,269,600,12.11,.01,0,0,.015,.007,0,0,-32.72,-15.05,0,.075,0,.01,0,.054,.057,.02,.059,.018,0,.023,.002,.003,.047,.003,0,.018,0,0,.002,0,0
101,2017,269,610,12.11,.057,.027,.02,.106,.052,.035,.03,-31.74,-15.02,.027,.436,.027,.052,.039,.354,.372,.094,.347,.096,.027,.114,.037,.042,.293,.039,.039,.097,.007,.025,.042,.018,.022
101,2017,269,620,12.11,.183,.075,.047,.335,.161,.107,.059,-31.28,-15.1,.077,1.433,.092,.161,.117,1.126,1.2,.298,1.101,.302,.075,.365,.112,.119,.918,.112,.109,.305,.034,.052,.121,.034,.049
101,2017,269,630,12.11,.391,.173,.106,.712,.342,.23,.126,-31.49,-15.21,.171,3.246,.191,.352,.24,2.33,2.521,.64,2.415,.603,.161,.793,.248,.248,1.894,.225,.231,.555,.07,.114,.241,.059,.097
101,2017,269,640,12.11,.634,.287,.168,1.208,.518,.38,.196,-30.69,-15.12,.273,5.524,.302,.555,.37,3.707,4.044,1.116,4.004,1.011,.243,1.347,.409,.402,2.997,.355,.379,.861,.112,.188,.372,.101,.154
101,2017,269,650,12.11,.903,.404,.233,1.723,.731,.506,.268,-31.13,-15.1,.379,7.87,.411,.789,.498,5.068,5.536,1.882,5.631,1.426,.334,1.953,.602,.566,4.064,.458,.498,1.16,.158,.253,.469,.139,.208
101,2017,269,700,12.11,1.16,.479,.295,2.224,.934,.664,.337,-32.17,-15.18,.454,10.11,.486,1.004,.628,6.878,6.93,2.263,7.73,1.83,.416,3.32,1.027,.833,5.035,.575,.639,1.446,.191,.313,.587,.169,.253
101,2017,269,710,12.11,1.396,.582,.352,2.682,1.128,.826,.404,-32.5,-15.38,.553,14.84,.59,1.213,.804,9.49,8.23,7.76,23.74,2.321,.468,3.98,1.361,1.099,5.884,.694,.801,1.716,.231,.38,.69,.199,.313
101,2017,269,720,12.11,1.622,.68,.422,3.116,1.353,1.014,.453,-32.24,-15.63,.682,44.97,1.047,1.527,.94,10.7,9.26,3.466,30.7,3.739,.538,4.426,1.562,1.287,6.603,.798,.965,1.936,.278,.432,.781,.233,.401
101,2017,269,730,12.11,1.808,.764,.486,3.511,1.567,1.203,.543,-33.16,-16.15,.815,53.73,1.329,1.792,1.051,11.44,10.14,3.875,37.38,4.158,.605,4.822,1.787,1.884,7.16,1.205,1.309,2.128,.315,.469,.866,.263,.587
101,2017,269,740,12.11,1.988,.841,.568,3.939,1.802,1.403,.803,-32.33,-16.62,.935,61.43,1.55,2.043,1.168,11.72,10.95,4.366,43.93,3.516,.672,5.189,2.013,1.954,7.7,1.126,1.208,2.311,.349,.523,1.012,.315,.484
101,2017,269,750,12.11,2.201,.93,.657,4.471,2.107,2.048,.724,-31.23,-17.4,1.049,68.31,1.356,2.273,1.264,12.13,11.73,22.98,50,5.122,.732,5.586,2.175,1.78,8.15,1.46,1.297,2.484,.374,.563,1.669,.35,.577
101,2017,269,800,12.11,2.403,1.026,.776,6.893,2.616,9.82,.739,-22.91,-18.35,1.178,74.5,1.388,2.46,1.351,12.7,12.5,40.23,55.79,4.433,.801,6.013,8.49,1.926,8.86,1.131,1.393,2.633,.447,.613,3.154,.369,1.056
101,2017,269,810,12.11,2.561,1.108,.912,25.22,2.901,6.639,.751,-22,-19.03,1.274,81,1.423,9.14,1.436,13.35,26.38,45.77,61.99,11.62,.86,8.76,3.714,2.065,9.48,1.203,1.473,2.772,1.398,.655,1.14,.385,1.12
101,2017,269,820,12.1,2.74,1.202,1.078,46.64,4.009,3.702,1.388,-24.66,-19.21,1.545,87,1.466,3.114,1.525,15.25,32.59,43.8,67.91,48.32,.895,23.37,2.331,3.506,10.37,2.254,1.55,2.899,.436,.736,1.18,.402,.603
101,2017,269,830,12.1,2.956,1.361,1.208,50.38,10.77,3.995,4.536,-25.53,-18.52,4.198,92.5,1.508,4.372,1.615,18.57,38.07,42.03,73.7,23.94,.98,24.55,2.425,3.127,10.51,1.341,1.636,3.031,.451,.726,1.237,.429,.756
101,2017,269,840,12.1,3.187,1.717,1.317,52.53,11.37,4.876,10.18,-21.72,-17.62,6.845,97.2,1.523,3.262,1.714,22.93,43.86,60.12,78.9,12.09,1.02,27.54,3.107,30.94,11.25,1.414,1.744,3.18,.476,2.16,1.902,.436,1.402
101,2017,269,850,12.1,5.643,12.23,1.473,53.2,24.47,9.99,2.592,-17.17,-18.61,15.48,102,1.572,3.075,1.805,27.4,49.88,68.39,83.9,23.98,1.081,34.89,2.537,14.5,11.05,1.493,1.843,3.321,.469,6.583,1.342,.446,.677
101,2017,269,900,12.09,3.634,33.42,1.531,51.68,14.62,15.45,.967,-13.83,-19.23,29.76,105.4,1.674,3.193,2.057,31.92,55.47,72.5,87.8,6.27,1.123,25.7,2.651,50.99,12.3,1.652,2.032,3.518,.516,.868,1.417,.471,1.464
101,2017,269,910,12.09,4.041,11.04,1.687,48.17,44.72,41.48,1,2.213,-18.04,5.96,108,1.796,3.396,1.987,36.36,60.39,75.4,91.4,19.42,1.22,9.07,2.646,16.04,12.8,1.719,2.237,3.766,.563,1.009,1.491,.493,1.067
101,2017,269,920,12.08,5.355,2.305,1.717,44.56,59.58,50.96,1.034,8.34,-17.41,7.73,111.1,1.86,3.475,2.108,40.84,65.17,67.88,95.3,7.2,1.293,17.8,11.99,2.877,13.73,20.16,2.392,3.956,.62,2.855,1.608,.508,.846
101,2017,269,930,12.08,4.515,5.402,1.742,39.78,41.06,55.13,1.084,11.49,-18.04,2.016,114.4,1.927,19.72,2.217,46.1,69.94,75.2,99.3,6.819,1.377,38.42,74.1,36.04,15.75,2.005,2.587,4.19,.67,2.419,1.685,.534,.943
101,2017,269,940,12.07,5.861,11.06,1.763,34.84,4.363,7.99,1.124,-20.3,-19.51,9.72,116.1,1.987,11.82,2.253,50.88,73.9,84.5,102.1,9.29,1.449,60.04,12.94,15.9,18.57,2.083,60.76,4.458,.622,1.349,1.726,.563,1.007
101,2017,269,950,12.07,5.539,5.427,1.803,29.77,5.177,21.1,2.094,-11.38,-19.45,6.075,117.8,2.071,6.534,2.371,55.65,77.7,86.9,105,7.46,1.551,67.98,2.587,2.758,22.48,2.255,71.2,4.82,.6,23.73,1.828,.583,1.144
101,2017,269,1000,12.08,5.316,4.733,1.888,24.22,7.24,3.639,4.227,-28.38,-18.81,7.95,118.7,2.143,36.76,2.932,60.1,81,82.6,107.2,13.3,1.637,69.2,2.567,2.786,26.5,2.608,8.44,5.15,.591,1.312,2.059,.595,1.245
101,2017,269,1010,12.08,16.7,25.72,2.308,20.2,4.24,3.536,2.131,-27.77,-18.65,3.138,120.1,2.183,14.92,15.77,65.09,84.5,26.95,109.7,8.54,1.756,69.62,2.598,2.799,30.13,10.86,3.05,6.66,.603,11.88,2.861,.623,1.273
101,2017,269,1020,12.08,58.49,70.1,2.317,16.83,4.729,2.556,2.333,-31.58,-17.28,4.551,121.5,2.24,3.09,5.829,70.7,88.2,31.72,112.3,8.1,1.961,51.04,2.648,2.779,33.88,40.49,2.896,5.779,.608,69.45,6.985,.657,9.03
101,2017,269,1030,12.08,87.9,85.9,2.017,15.04,3.978,2.573,1.375,-32.2,-16.53,6.837,122.3,2.35,3.04,7.76,76,91.5,33.99,114.1,11.64,2.318,17.65,2.613,2.836,37.42,58.9,2.986,6.212,.636,36.16,7.71,.67,37.55
101,2017,269,1040,12.08,36.2,88.8,1.929,15.89,3.77,2.524,1.377,-27.05,-17.58,18.47,123.1,2.427,3,2.953,81.2,94.7,71.9,116.6,17.83,3.626,8.35,15.75,2.852,41.17,33.63,2.908,6.604,.641,1.318,2.187,.67,6.299
101,2017,269,1050,12.08,8.18,90.2,1.909,20.81,3.665,2.487,1.42,-23.83,-17.82,19.15,123.3,2.489,2.948,3.305,85.6,97.6,60.11,118,26.16,5.033,7.7,44.33,2.877,44.9,42.77,2.953,6.961,.667,1.311,2.256,.7,1.363
101,2017,269,1100,12.09,6.137,37.42,1.941,28.43,3.482,2.497,1.862,-24.97,-17.39,2.439,123.3,2.554,2.948,4.316,89.9,100.4,12.89,119.5,23.92,19.23,7.37,15.73,2.921,48.72,48.2,6.048,7.55,.697,4.44,2.36,.754,1.506
101,2017,269,1110,12.1,6.088,3.102,1.933,37.3,3.46,2.532,40.75,-27.69,-10.88,16.21,121.1,2.712,2.959,3.109,93.4,102.5,7.08,120.3,30.96,56.87,7.29,2.524,3.001,52.31,17.87,13.22,16.52,.707,9.52,2.506,1.018,1.544
101,2017,269,1120,12.09,5.954,3.095,2.02,46.84,3.368,2.593,10.57,-27.3,-15.53,11.4,117.7,2.871,2.986,3.227,96.9,104.7,6.971,121.1,32.39,44.83,7.48,2.516,3.097,55.84,8.51,3.155,24.06,.734,2.209,2.646,.806,1.558
101,2017,269,1130,12.09,5.8,8.89,1.933,55.36,3.35,3.134,2.782,-28.4,-16.51,36.07,113.5,3.256,3.047,3.422,100.5,106.9,7.04,122.3,43.02,56.65,7.34,2.512,32.34,59.41,3.897,3.341,38.55,.772,1.531,2.861,.859,1.628
101,2017,269,1140,12.08,5.7,5.001,2.052,62.32,3.474,4.185,4.574,-26.21,-15.78,14.69,109.5,4.072,3.105,3.944,104.6,108.8,7.42,124.1,12.88,7.65,7.26,2.589,3.656,62.81,3.757,3.876,58.21,.814,1.675,3.351,.894,1.769
101,2017,269,1150,12.08,5.728,4.51,1.998,65.17,3.433,3.01,1.809,-24.7,-15.74,2.563,99.1,3.904,3.209,24.92,102.6,105.5,7.39,118.1,37.3,3.663,7.14,2.636,3.936,62.88,3.549,4.123,56.43,.851,1.71,4.266,.831,1.859
101,2017,269,1200,12.07,5.668,8.53,2.11,43.78,3.948,4.144,1.874,-23.25,-15.14,2.663,99.2,6.323,3.371,41.34,106.5,108.4,8.37,122.1,83.5,3.988,7.65,2.886,4.902,65.58,3.974,4.432,37.74,.864,1.816,5.149,.866,1.904
101,2017,269,1210,12.07,8.31,7.38,4.971,14.96,4.891,6.455,2.139,-26.43,-14.46,3.397,88.1,7.23,4.365,6.498,94.4,95.1,10.49,106,65.23,9.66,8.73,3.564,5.566,58.47,4.901,8.11,63.25,.992,2.321,5.237,.827,2.261
101,2017,269,1220,12.06,9.5,4.237,3.189,15.45,5.492,5.262,2.392,-29.72,-13.91,4.102,60.94,6.703,5.758,6.751,63.68,62.73,11.88,67.12,18.47,4.812,9.49,3.933,5.847,43.27,4.864,8.64,31.54,1.305,2.859,6.021,.873,3.462
101,2017,269,1230,12.06,10.5,4.547,3.529,16.54,6.217,5.703,2.645,-31.57,-12.88,4.241,73.7,7.03,6.696,7.03,83.7,85.3,12.35,86.9,18,4.304,10.75,4.37,8.5,57.89,4.798,21.86,50.96,1.558,3.323,6.855,1.102,3.117
101,2017,269,1240,12.02,9.77,3.214,17.66,10.08,4.539,3.683,2.216,-34.3,-12.32,3.246,91.2,20.05,4.676,10.86,121.3,121.1,8.37,124.9,13.85,4.095,8.32,3.216,5.616,81.3,4.09,23.42,99.3,1.353,2.544,5.906,1.097,2.916
101,2017,269,1250,12,40.07,2.305,3.775,7.09,32.5,6.864,1.878,-31.59,-11.53,2.752,83.5,20.34,3.467,4.708,118.2,116.3,6.279,119.2,10.57,3.869,6.515,2.418,6.457,79.6,3.541,12.5,101.5,1.053,2.094,4.855,.99,2.534
101,2017,269,1300,12.02,20.65,2.197,1.814,6.771,3.323,4.731,1.77,-30.48,-12.52,2.542,81.6,5.14,3.462,4.649,117.3,114.4,6.172,116.6,11.02,4.591,6.23,2.727,3.871,79.2,3.487,15.91,100.8,1.102,2.04,4.906,1.022,2.576
101,2017,269,1310,12.04,11.66,2.988,2.251,10.21,4.122,3.718,1.961,-32.94,-12.46,4.835,83.3,10.88,4.564,5.395,115.8,112.8,8.39,114.9,13.06,4.428,7.74,3.896,4.773,78.1,3.869,24.54,95.8,1.28,2.424,4.973,1.04,3.69
101,2017,269,1320,12.05,24,2.658,2.233,8.63,3.665,5.679,1.951,-31.79,-12.13,3.351,70.5,39.37,4.979,6.06,100.5,96.7,7.41,96.9,11.7,4.006,7.01,2.799,6.492,69.09,3.892,33.52,80.5,1.355,2.42,5.092,1.002,3.926
101,2017,269,1330,12.05,25.83,1.909,1.822,6.678,3.392,3.139,1.901,-33.59,-11.61,4.743,76.4,65.65,43.62,7.46,122.2,117,5.989,113.8,9.93,4.023,6.643,2.524,8.05,84.8,6.882,61.31,104.1,1.29,2.3,5.623,1.177,39.75
101,2017,269,1340,12.07,28.01,1.733,1.789,5.849,3.281,11.59,1.988,-27.69,-11.14,2.517,69.83,27.27,3.953,8.21,119.4,113.7,5.411,108.1,9.32,3.881,6.316,2.367,18.99,83.6,5.279,58.73,101.6,1.172,2.169,5.52,1.231,8.48
101,2017,269,1350,12.06,3.464,1.638,1.77,5.549,3.271,38.78,1.933,-9.47,-10.85,2.608,66.56,63.72,8.05,25.23,119.9,113,5.331,106.1,8.8,3.985,30.37,2.358,40.58,84.6,3.83,52.3,101.5,1.172,2.212,5.664,1.263,3.025
101,2017,269,1400,12.05,3.584,1.685,2.192,5.971,4.914,17.79,2.341,-23.91,-10.09,3.104,66.53,45.56,5.502,55.49,121.5,112.2,5.88,105.4,9.73,4.634,11.89,2.598,7.86,85.8,3.958,19.2,99.5,1.347,2.573,6.931,1.402,4.194
101,2017,269,1410,12.04,4.281,2.003,2.733,7.3,4.415,6.438,3.127,-32.74,-9.32,4.393,54.92,10.45,28.68,29.31,91.4,82.4,6.781,79.1,11.62,5.182,23.49,2.666,13.94,64.27,7.19,6.058,65.77,1.325,2.74,7.62,1.479,5.537
101,2017,269,1420,12.04,5.259,2.343,2.693,8.65,4.957,7.48,3.071,-32.01,-8.26,4.478,51.43,7.02,8.09,22.14,83.4,75.6,7.69,70.7,10.99,5.103,8.48,2.914,7.61,59.21,4.664,5.413,53.42,1.487,2.904,8.73,1.69,7.18
101,2017,269,1430,12.02,4.463,2.05,1.998,7.84,4.095,9.97,15.26,-29.78,-3.447,3.331,62.18,5.674,6.553,58.91,122.6,111.8,7.13,100.8,9.73,4.515,18.97,2.562,4.426,87.3,4.063,4.54,98.4,1.326,2.464,10.8,1.499,4.329
101,2017,269,1440,12.01,3.877,1.812,2.243,7.04,4.19,3.691,5.664,-34.23,-6.642,5.123,56.1,5.189,6.905,50.05,114.9,103.6,6.528,92,9.44,4.495,7.77,2.507,4.236,82.5,3.927,3.983,89.7,1.244,2.241,13.77,1.388,4.591
101,2017,269,1450,12.01,3.149,1.681,2.221,5.949,4.011,3.098,2.366,-35.14,-7.85,6.078,52.27,5.53,4.334,12.66,114.6,102.7,5.559,89,9.51,4.525,6.041,2.293,4.41,83,3.884,4.066,85.2,1.313,2.289,18.4,1.449,7.61
101,2017,269,1500,12.01,4.664,2.209,2.273,7.97,5.205,3.729,4.587,-35.84,-6.997,3.83,56.22,16.22,7.65,56.52,122.1,108.7,6.992,95,10.95,5.396,7.27,6.658,5.227,87.7,4.563,4.96,26.86,1.459,2.83,23.32,1.566,5.709
101,2017,269,1510,12.02,3.957,1.884,2.055,7.21,4.403,4.135,2.681,-37.63,-7.3,6.796,49.93,33.08,5.334,54.94,112.9,100.6,6.534,85.1,9.54,4.938,7.45,7.85,5.625,82.9,4.388,4.418,23.49,1.484,2.602,26.58,1.532,5.493
101,2017,269,1520,12.02,2.701,1.321,2.338,5.193,3.399,2.832,2.447,-40.85,-6.836,3.374,36.74,10.29,3.934,38.02,87.2,75.9,7.75,62.77,8.11,4.969,8.25,2.192,10.92,64.18,3.888,3.239,19.89,1.109,1.964,22.05,1.315,4.351
101,2017,269,1530,12.03,2.125,1.127,1.294,4.243,2.971,2.182,2.038,-43.86,-5.988,2.463,30.58,4.531,2.847,38.73,82.1,72.4,4.049,55.85,6.824,4.471,4.719,1.837,10.42,62.18,3.565,2.629,14.24,.834,1.499,23.68,1.227,3.198
101,2017,269,1540,12.03,2.336,.985,1.294,4.367,2.609,1.728,1.629,-46.82,-5.102,1.86,21.91,2.674,2.515,12.3,44.86,40.21,9.04,30.96,5.631,14.22,4.3,1.599,2.865,34.45,2.812,2.06,11.82,.65,1.229,9.11,.812,2.15
101,2017,269,1550,12.03,2.775,1.196,2.658,4.978,2.892,1.961,1.829,-44.53,-3.788,2.117,22.85,2.619,2.907,7.08,43.84,40.23,5.529,30.14,6.022,8.73,4.829,1.824,2.897,34.11,3.039,2.319,12.78,.742,1.405,7.43,.881,2.185
101,2017,269,1600,12.03,2.348,1.152,3.927,4.173,2.939,1.87,1.956,-45.09,-3.344,2.207,22.51,2.723,2.835,4.525,54.5,48.6,3.707,34.67,5.774,18.85,4.593,1.845,3.059,42.62,3.23,2.435,13.56,.779,1.304,11.33,1.023,2.308
101,2017,269,1610,12.03,2.262,.923,1.536,3.838,2.701,1.73,1.74,-48.42,-3.59,1.993,20.44,2.964,2.545,3.946,47.85,42.82,3.599,29.41,4.996,5.6,4.324,1.792,2.758,38.16,2.978,2.279,12.33,.739,1.233,4.967,.924,2.18
101,2017,269,1620,12.03,2.147,.856,1.512,4.018,2.867,1.722,1.79,-47.22,-3.768,1.991,19.92,3.182,2.398,3.693,65.16,57.44,3.562,34.25,5.004,3.294,4.735,1.898,2.807,53.3,3.2,2.44,11.77,.705,1.171,4.555,1.047,2.732
101,2017,269,1630,12.03,1.819,.745,.993,3.67,2.941,1.735,1.842,-44.52,-4.162,2.01,18.78,2.636,2.591,4.06,57.86,51.35,3.227,23.77,4.489,3.234,4.772,1.831,2.83,47.74,3.202,2.155,11.55,.737,1.214,4.847,1.002,2.179
101,2017,269,1640,12.03,1.553,.775,.894,3.093,2.517,1.584,1.569,-46.66,-4.807,1.74,17.72,2.152,2.274,3.599,60.6,53.08,2.825,20.33,4.256,2.862,4.405,1.546,2.608,50.69,2.931,2.067,10.49,.62,1.015,4.001,.831,1.978
101,2017,269,1650,12.03,1.368,.618,.801,2.68,2.094,1.258,1.29,-45.79,-5.36,1.544,15.69,1.728,1.862,2.966,55.4,49.46,2.494,16.65,3.356,2.212,3.943,1.365,2.186,48.28,2.517,1.702,8.11,.529,.864,3.237,.692,1.583
101,2017,269,1700,12.03,1.094,.502,1.261,2.142,1.688,1.005,1,-48.03,-5.877,1.159,12.25,1.447,1.527,2.412,44.57,45.58,2.028,13.25,2.894,1.78,3.202,1.1,1.733,32.71,1.916,1.377,6.545,.424,.663,2.516,.539,1.204
101,2017,269,1710,12.03,1.005,.44,.564,1.939,1.522,.884,.896,-44.89,-6.194,1.477,11.08,1.172,2.474,2.204,30.53,40.11,1.836,12.06,2.576,1.692,2.834,1.02,1.581,18.07,1.799,1.079,6.075,.405,.62,2.444,.524,1.053
101,2017,269,1720,12.02,.985,.434,.516,1.909,1.46,.849,.883,-45.86,-6.483,.978,10.77,1.092,4.003,2.067,20.59,32.81,1.693,11.62,2.403,1.474,2.618,.933,1.457,16.23,1.62,1.005,6.001,.394,.59,2.408,.497,1.025
101,2017,269,1730,12.02,.861,.379,.424,1.695,1.332,.703,.786,-46.13,-6.921,.806,8.34,.817,2.496,1.663,16.2,16.37,1.46,9.71,2.013,1.251,2.154,.772,1.223,13.64,1.377,.839,4.614,.345,.509,2.219,.456,.703
101,2017,269,1740,12.02,.677,.305,.327,1.392,1.054,.558,.571,-45.91,-7.44,.6,6.464,.633,.816,1.224,12.09,11.63,1.151,7.14,1.628,.908,1.749,.591,.904,10.37,1.099,.625,3.353,.243,.389,1.546,.358,.521
101,2017,269,1750,12.01,.526,.248,.253,1.064,.784,.424,.427,-48.51,-7.84,.434,5.109,.472,.608,.879,8.5,8.3,.888,5.283,1.248,.591,1.347,.444,.678,7.39,.789,.464,2.451,.176,.281,1.057,.265,.382
101,2017,269,1800,12.01,.39,.173,.156,.745,.484,.285,.246,-50.23,-8.17,.281,3.241,.3,.394,.499,5.077,5.002,.61,3.295,.807,.379,.873,.303,.412,4.414,.482,.317,1.347,.104,.169,.57,.159,.218
101,2017,269,1810,12.02,.241,.099,.08,.439,.273,.161,.127,-51.15,-8.39,.154,1.794,.166,.218,.275,2.595,2.561,.367,1.779,.454,.198,.484,.164,.224,2.24,.266,.176,.7,.057,.089,.307,.077,.112
101,2017,269,1820,12.01,.104,.045,.039,.193,.111,.067,.052,-53.1,-8.17,.06,.744,.067,.094,.107,.995,.993,.161,.72,.198,.079,.211,.067,.089,.859,.109,.069,.29,.02,.044,.119,.032,.047
101,2017,269,1830,12.01,.022,.005,.003,.044,.03,.013,.008,-55.04,-8.48,.007,.184,.012,.02,.025,.248,.246,.039,.178,.05,.013,.05,.012,.022,.218,.027,.012,.075,0,.003,.027,.002,.005
101,2017,269,1840,12.01,0,0,0,0,0,0,0,-56.58,-8.2,0,.02,0,0,0,.03,.025,0,.013,0,0,.002,0,0,.022,0,0,.008,0,0,0,0,0
101,2017,269,1850,12.01,0,0,0,0,0,0,0,-56.77,-7.98,0,0,0,0,0,0,0,0,0,0,0,0,0,0,0,0,0,0,0,0,0,0,0
101,2017,269,1900,12,0,0,0,0,0,0,0,-57.78,-7.71,0,0,0,0,0,0,0,0,0,0,0,0,0,0,0,0,0,0,0,0,0,0,0
101,2017,269,1910,12.01,0,0,0,0,0,0,0,-57.24,-8.24,0,0,0,0,0,0,0,0,0,0,0,0,0,0,0,0,0,0,0,0,0,0,0
101,2017,269,1920,12.02,0,0,0,0,0,0,0,-54.97,-8,0,0,0,0,0,0,0,0,0,0,0,0,0,0,0,0,0,0,0,0,0,0,0
101,2017,269,1930,12.01,0,0,0,0,0,0,0,-54.39,-8.69,0,0,0,0,0,0,0,0,0,0,0,0,0,0,0,0,0,0,0,0,0,0,0
101,2017,269,1940,12.01,0,0,0,0,0,0,0,-53.57,-9.05,0,0,0,0,0,0,0,0,0,0,0,0,0,0,0,0,0,0,0,0,0,0,0
101,2017,269,1950,12.02,0,0,0,0,0,0,0,-52.53,-9.23,0,0,0,0,0,0,0,0,0,0,0,0,0,0,0,0,0,0,0,0,0,0,0
101,2017,269,2000,12.02,0,0,0,0,0,0,0,-51.55,-9.72,0,0,0,0,0,0,0,0,0,0,0,0,0,0,0,0,0,0,0,0,0,0,0
101,2017,269,2010,12.02,0,0,0,0,0,0,0,-50.36,-10.45,0,0,0,0,0,0,0,0,0,0,0,0,0,0,0,0,0,0,0,0,0,0,0
101,2017,269,2020,12.02,0,0,0,0,0,0,0,-50.13,-9.91,0,0,0,0,0,0,0,0,0,0,0,0,0,0,0,0,0,0,0,0,0,0,0
101,2017,269,2030,12.02,0,0,0,0,0,0,0,-49.78,-9.79,0,0,0,0,0,0,0,0,0,0,0,0,0,0,0,0,0,0,0,0,0,0,0
101,2017,269,2040,12.02,0,0,0,0,0,0,0,-49.33,-9.54,0,0,0,0,0,0,0,0,0,0,0,0,0,0,0,0,0,0,0,0,0,0,0
101,2017,269,2050,12.01,0,0,0,0,0,0,0,-49.06,-9.63,0,0,0,0,0,0,0,0,0,0,0,0,0,0,0,0,0,0,0,0,0,0,0
101,2017,269,2100,12.02,0,0,0,0,0,0,0,-49.87,-9.68,0,0,0,0,0,0,0,0,0,0,0,0,0,0,0,0,0,0,0,0,0,0,0
101,2017,269,2110,12.02,0,0,0,0,0,0,0,-49.88,-9.59,0,0,0,0,0,0,0,0,0,0,0,0,0,0,0,0,0,0,0,0,0,0,0
101,2017,269,2120,12.03,0,0,0,0,0,0,0,-48.94,-9.72,0,0,0,0,0,0,0,0,0,0,0,0,0,0,0,0,0,0,0,0,0,0,0
101,2017,269,2130,12.03,0,0,0,0,0,0,0,-48.96,-10.02,0,0,0,0,0,0,0,0,0,0,0,0,0,0,0,0,0,0,0,0,0,0,0
101,2017,269,2140,12.03,0,0,0,0,0,0,0,-47.33,-9.97,0,0,0,0,0,0,0,0,0,0,0,0,0,0,0,0,0,0,0,0,0,0,0
101,2017,269,2150,12.02,0,0,0,0,0,0,0,-47.28,-10.09,0,0,0,0,0,0,0,0,0,0,0,0,0,0,0,0,0,0,0,0,0,0,0
101,2017,269,2200,12.02,0,0,0,0,0,0,0,-46.74,-10.39,0,0,0,0,0,0,0,0,0,0,0,0,0,0,0,0,0,0,0,0,0,0,0
101,2017,269,2210,12.03,0,0,0,0,0,0,0,-45.94,-10.66,0,0,0,0,0,0,0,0,0,0,0,0,0,0,0,0,0,0,0,0,0,0,0
101,2017,269,2220,12.02,0,0,0,0,0,0,0,-45.26,-10.98,0,0,0,0,0,0,0,0,0,0,0,0,0,0,0,0,0,0,0,0,0,0,0
101,2017,269,2230,12.02,0,0,0,0,0,0,0,-45.27,-10.96,0,0,0,0,0,0,0,0,0,0,0,0,0,0,0,0,0,0,0,0,0,0,0
101,2017,269,2240,12.02,0,0,0,0,0,0,0,-45.28,-11.15,0,0,0,0,0,0,0,0,0,0,0,0,0,0,0,0,0,0,0,0,0,0,0
101,2017,269,2250,12.02,0,0,0,0,0,0,0,-46.07,-11.29,0,0,0,0,0,0,0,0,0,0,0,0,0,0,0,0,0,0,0,0,0,0,0
101,2017,269,2300,12.02,0,0,0,0,0,0,0,-45.76,-11.43,0,0,0,0,0,0,0,0,0,0,0,0,0,0,0,0,0,0,0,0,0,0,0
101,2017,269,2310,12.02,0,0,0,0,0,0,0,-45.02,-11.73,0,0,0,0,0,0,0,0,0,0,0,0,0,0,0,0,0,0,0,0,0,0,0
101,2017,269,2320,12.03,0,0,0,0,0,0,0,-44.61,-11.83,0,0,0,0,0,0,0,0,0,0,0,0,0,0,0,0,0,0,0,0,0,0,0
101,2017,269,2330,12.03,0,0,0,0,0,0,0,-44.97,-11.81,0,0,0,0,0,0,0,0,0,0,0,0,0,0,0,0,0,0,0,0,0,0,0
101,2017,269,2340,12.03,0,0,0,0,0,0,0,-45.6,-11.69,0,0,0,0,0,0,0,0,0,0,0,0,0,0,0,0,0,0,0,0,0,0,0
101,2017,269,2350,12.03,0,0,0,0,0,0,0,-46.03,-11.51,0,0,0,0,0,0,0,0,0,0,0,0,0,0,0,0,0,0,0,0,0,0,0
101,2017,269,2400,12.03,0,0,0,0,0,0,0,-45.36,-11.27,0,0,0,0,0,0,0,0,0,0,0,0,0,0,0,0,0,0,0,0,0,0,0
101,2017,270,10,12.03,0,0,0,0,0,0,0,-45.19,-11.09,0,0,0,0,0,0,0,0,0,0,0,0,0,0,0,0,0,0,0,0,0,0,0
101,2017,270,20,12.03,0,0,0,0,0,0,0,-44.73,-10.81,0,0,0,0,0,0,0,0,0,0,0,0,0,0,0,0,0,0,0,0,0,0,0
101,2017,270,30,12.02,0,0,0,0,0,0,0,-44.84,-10.48,0,0,0,0,0,0,0,0,0,0,0,0,0,0,0,0,0,0,0,0,0,0,0
101,2017,270,40,12.02,0,0,0,0,0,0,0,-45.13,-10.2,0,0,0,0,0,0,0,0,0,0,0,0,0,0,0,0,0,0,0,0,0,0,0
101,2017,270,50,12.03,0,0,0,0,0,0,0,-44.85,-10.09,0,0,0,0,0,0,0,0,0,0,0,0,0,0,0,0,0,0,0,0,0,0,0
101,2017,270,100,12.03,0,0,0,0,0,0,0,-44.56,-9.8,0,0,0,0,0,0,0,0,0,0,0,0,0,0,0,0,0,0,0,0,0,0,0
101,2017,270,110,12.03,0,0,0,0,0,0,0,-44.55,-9.69,0,0,0,0,0,0,0,0,0,0,0,0,0,0,0,0,0,0,0,0,0,0,0
101,2017,270,120,12.03,0,0,0,0,0,0,0,-43.79,-9.68,0,0,0,0,0,0,0,0,0,0,0,0,0,0,0,0,0,0,0,0,0,0,0
101,2017,270,130,12.03,0,0,0,0,0,0,0,-43.91,-9.88,0,0,0,0,0,0,0,0,0,0,0,0,0,0,0,0,0,0,0,0,0,0,0
101,2017,270,140,12.03,0,0,0,0,0,0,0,-43.69,-10.04,0,0,0,0,0,0,0,0,0,0,0,0,0,0,0,0,0,0,0,0,0,0,0
101,2017,270,150,12.03,0,0,0,0,0,0,0,-42.74,-10.26,0,0,0,0,0,0,0,0,0,0,0,0,0,0,0,0,0,0,0,0,0,0,0
101,2017,270,200,12.03,0,0,0,0,0,0,0,-42.19,-10.55,0,0,0,0,0,0,0,0,0,0,0,0,0,0,0,0,0,0,0,0,0,0,0
101,2017,270,210,12.03,0,0,0,0,0,0,0,-40.78,-11.02,0,0,0,0,0,0,0,0,0,0,0,0,0,0,0,0,0,0,0,0,0,0,0
101,2017,270,220,12.03,0,0,0,0,0,0,0,-40.28,-11.12,0,0,0,0,0,0,0,0,0,0,0,0,0,0,0,0,0,0,0,0,0,0,0
101,2017,270,230,12.03,0,0,0,0,0,0,0,-39.67,-11.29,0,0,0,0,0,0,0,0,0,0,0,0,0,0,0,0,0,0,0,0,0,0,0
101,2017,270,240,12.03,0,0,0,0,0,0,0,-38.91,-11.63,0,0,0,0,0,0,0,0,0,0,0,0,0,0,0,0,0,0,0,0,0,0,0
101,2017,270,250,12.03,0,0,0,0,0,0,0,-38.94,-11.87,0,0,0,0,0,0,0,0,0,0,0,0,0,0,0,0,0,0,0,0,0,0,0
101,2017,270,300,12.02,0,0,0,0,0,0,0,-37.98,-11.99,0,0,0,0,0,0,0,0,0,0,0,0,0,0,0,0,0,0,0,0,0,0,0
101,2017,270,310,12.02,0,0,0,0,0,0,0,-37.3,-12.07,0,0,0,0,0,0,0,0,0,0,0,0,0,0,0,0,0,0,0,0,0,0,0
101,2017,270,320,12.02,0,0,0,0,0,0,0,-37.45,-12.04,0,0,0,0,0,0,0,0,0,0,0,0,0,0,0,0,0,0,0,0,0,0,0
101,2017,270,330,12.02,0,0,0,0,0,0,0,-38.48,-11.95,0,0,0,0,0,0,0,0,0,0,0,0,0,0,0,0,0,0,0,0,0,0,0
101,2017,270,340,12.02,0,0,0,0,0,0,0,-39.32,-11.74,0,0,0,0,0,0,0,0,0,0,0,0,0,0,0,0,0,0,0,0,0,0,0
101,2017,270,350,12.02,0,0,0,0,0,0,0,-39.93,-11.57,0,0,0,0,0,0,0,0,0,0,0,0,0,0,0,0,0,0,0,0,0,0,0
101,2017,270,400,12.02,0,0,0,0,0,0,0,-39.75,-11.91,0,0,0,0,0,0,0,0,0,0,0,0,0,0,0,0,0,0,0,0,0,0,0
101,2017,270,410,12.01,0,0,0,0,0,0,0,-39.66,-11.55,0,0,0,0,0,0,0,0,0,0,0,0,0,0,0,0,0,0,0,0,0,0,0
101,2017,270,420,12.01,0,0,0,0,0,0,0,-39.6,-11.25,0,0,0,0,0,0,0,0,0,0,0,0,0,0,0,0,0,0,0,0,0,0,0
101,2017,270,430,12.01,0,0,0,0,0,0,0,-39.81,-11.16,0,0,0,0,0,0,0,0,0,0,0,0,0,0,0,0,0,0,0,0,0,0,0
101,2017,270,440,12.01,0,0,0,0,0,0,0,-39.01,-11.12,0,0,0,0,0,0,0,0,0,0,0,0,0,0,0,0,0,0,0,0,0,0,0
101,2017,270,450,12.02,0,0,0,0,0,0,0,-38.94,-11.24,0,0,0,0,0,0,0,0,0,0,0,0,0,0,0,0,0,0,0,0,0,0,0
101,2017,270,500,12.02,0,0,0,0,0,0,0,-38.24,-11.34,0,0,0,0,0,0,0,0,0,0,0,0,0,0,0,0,0,0,0,0,0,0,0
101,2017,270,510,12.02,0,0,0,0,0,0,0,-38.26,-11.5,0,0,0,0,0,0,0,0,0,0,0,0,0,0,0,0,0,0,0,0,0,0,0
101,2017,270,520,12.02,0,0,0,0,0,0,0,-36.99,-11.65,0,0,0,0,0,0,0,0,0,0,0,0,0,0,0,0,0,0,0,0,0,0,0
101,2017,270,530,12.02,0,0,0,0,0,0,0,-36.71,-11.72,0,0,0,0,0,0,0,0,0,0,0,0,0,0,0,0,0,0,0,0,0,0,0
101,2017,270,540,12.02,0,0,0,0,0,0,0,-36.34,-11.84,0,0,0,0,0,0,0,0,0,0,0,0,0,0,0,0,0,0,0,0,0,0,0
101,2017,270,550,12.02,0,0,0,0,0,0,0,-36.54,-11.97,0,.008,0,0,0,.003,.002,0,0,0,0,0,0,0,0,0,0,0,0,0,0,0,0
101,2017,270,600,12.02,.012,0,0,.018,.008,0,0,-35.98,-12.11,0,.094,0,.012,.003,.067,.074,.02,.069,.023,0,.023,0,.008,.052,.005,0,.022,0,0,.002,0,0
101,2017,270,610,12.02,.07,.032,.025,.122,.059,.04,.028,-35.38,-12.11,.03,.518,.035,.059,.045,.417,.439,.109,.401,.116,.027,.139,.044,.045,.345,.044,.042,.117,.013,.028,.047,.017,.022
101,2017,270,620,12.02,.209,.092,.055,.38,.189,.121,.069,-35.5,-12.07,.096,1.668,.102,.189,.137,1.294,1.383,.344,1.272,.339,.091,.424,.132,.136,1.064,.129,.122,.339,.037,.062,.142,.035,.052
101,2017,270,630,12.02,.422,.188,.114,.773,.37,.25,.139,-34.96,-12.1,.189,3.555,.203,.385,.261,2.583,2.784,.702,2.64,.66,.174,.883,.277,.275,2.105,.251,.253,.608,.075,.126,.263,.074,.109
101,2017,270,640,12.02,.655,.3,.176,1.265,.546,.397,.209,-35.13,-12.12,.293,5.817,.32,.58,.397,3.975,4.314,1.185,4.227,1.063,.265,1.438,.431,.421,3.23,.387,.396,.922,.117,.194,.397,.109,.161
101,2017,270,650,12.02,.917,.407,.238,1.753,.753,.521,.278,-34.65,-12.15,.401,8.14,.417,.806,.533,5.335,5.784,2.115,5.861,1.468,.349,2.055,.652,.6,4.279,.478,.513,1.212,.161,.261,.493,.151,.215
101,2017,270,700,12.01,1.17,.488,.295,2.239,.95,.675,.347,-33.92,-12.2,.469,10.52,.494,1.027,.669,7.28,7.14,3.146,8.51,1.869,.422,3.96,1.086,.882,5.216,.598,.667,1.495,.199,.325,.603,.181,.265
101,2017,270,710,12.01,1.394,.58,.357,2.671,1.14,.841,.416,-33.06,-12.52,.572,12.96,.6,1.225,.836,9.77,8.4,8.33,25.39,2.378,.478,4.544,1.436,1.155,6.037,.714,.831,1.746,.24,.385,.709,.215,.318
101,2017,270,720,12.01,1.611,.674,.424,3.096,1.366,1.034,.466,-32.45,-13.11,.704,43.87,1.408,1.502,.969,10.95,9.37,3.561,32.48,3.062,.551,4.592,1.654,1.421,6.806,.811,1.002,1.963,.282,.436,.801,.24,.392
101,2017,270,730,12.01,1.832,.773,.499,3.553,1.59,1.244,.61,-33.05,-13.63,.851,56.03,3.334,1.87,1.084,11.68,10.33,4.046,39.2,4.326,.62,4.989,1.896,2.189,7.32,1.061,2.658,2.167,.323,.479,.887,.283,.466
101,2017,270,740,12.01,2.05,.866,.587,4.032,1.86,1.547,.65,-33.71,-14.32,.99,63.58,3.22,2.152,1.197,11.95,11.23,4.889,45.61,3.605,.684,5.397,2.125,1.751,7.89,1.716,1.279,2.353,.357,.535,1.006,.327,.506
101,2017,270,750,12.01,2.276,.96,.684,5.061,2.187,2.888,.724,-33.93,-15.22,1.12,70.5,1.446,2.658,1.306,12.45,12.09,27.19,51.79,12.4,.758,5.851,2.294,1.889,8.39,1.639,1.378,2.529,.385,.59,1.331,.362,.685
101,2017,270,800,12.02,2.49,1.059,.808,5.822,2.695,12.83,.774,-27.63,-16.44,1.259,77.2,1.441,2.606,1.396,13.07,13.08,41.53,58.05,4.607,.818,6.53,10.68,2.122,9.19,1.203,1.45,2.692,.432,.677,1.324,.375,.613
101,2017,270,810,12.02,2.739,1.178,.947,25.65,2.995,7.84,.786,-30.04,-17.51,1.388,81.7,1.466,11.64,1.48,13.86,27.41,45.8,62.83,13.11,.878,16.23,3.922,2.201,9.73,1.239,1.545,2.849,.446,.682,1.188,.402,.751
101,2017,270,820,12.02,2.941,1.297,1.109,46.79,4.35,3.797,1.548,-28.8,-17.68,2.076,87.3,1.513,3.434,1.575,15.98,33.35,48.79,68.42,45.89,.928,25.51,2.425,4.781,10.76,1.408,1.637,3.015,.436,2.38,1.223,.426,.654
101,2017,270,830,12.02,3.271,1.526,1.243,50.61,9.56,4.058,3.001,-30.02,-17.5,10.35,92.8,1.558,5.307,1.679,19.5,38.89,48.31,74.1,20.05,1.009,23.91,2.456,4.705,10.93,1.413,1.734,3.174,.447,.774,1.292,.441,2.904
101,2017,270,840,12.02,3.509,9.23,1.361,52.91,9.89,4.527,6.174,-31.08,-16.91,7.09,97.7,1.585,4.318,1.774,23.78,44.67,60.84,79.2,19.75,1.054,26.47,2.545,29.39,11.54,1.481,2.036,3.319,.471,1.252,1.659,.452,2.175
101,2017,270,850,12.02,3.74,31.91,1.535,53.37,24,6.052,1.66,-31.58,-17.43,22.9,101.9,1.629,3.344,1.851,28.17,50.57,67.35,84,27.91,1.118,30.62,2.654,17.64,11.44,1.578,2.885,3.488,.501,3.029,1.401,.469,.717
101,2017,270,900,12.02,3.981,47.81,1.593,52.64,14.13,8.64,2.925,-28.79,-17.46,30.36,106,1.736,3.508,1.933,32.62,56.18,72.1,88.5,6.388,1.159,27.47,2.771,33.59,12.65,1.734,2.456,3.647,.524,.91,1.458,.494,2.299
101,2017,270,910,12.02,4.279,17.16,1.69,50.06,47.05,39.35,1.035,-6.797,-16.73,13.57,109.7,1.836,3.523,2.042,37.19,61.64,76.2,92.7,22.21,1.257,24.45,2.733,4.559,13.14,1.758,2.31,3.904,.62,1.032,1.54,.516,.818
101,2017,270,920,12.02,7.39,2.681,1.841,45.67,58.57,50.16,1.091,.027,-16.31,4.634,111.5,1.933,3.673,2.191,41.84,65.97,67.6,95.7,7.4,1.342,26.04,11.96,3.123,14.65,23.07,2.743,4.259,.747,1.257,1.754,.536,.911
101,2017,270,930,12.02,8.08,7.64,1.825,40.98,36.1,52.2,1.134,2.279,-17.16,2.734,111.9,2.047,15.57,2.258,46.12,69.03,60.56,98,7.39,1.441,34.1,67.87,19.8,16.61,2.185,2.977,4.566,.638,1.379,2.108,.545,.975
101,2017,270,940,12.02,5.708,27.77,1.798,37,4.326,12.82,1.169,-22.09,-18.5,6.958,118,2.124,18.5,2.322,52.16,75.2,84.6,104,8.76,1.543,56.61,8.88,10.36,19.46,2.141,73,4.654,.633,20.64,1.813,.586,1.071
101,2017,270,950,12.02,5.225,16.53,1.873,31.21,6.091,7.37,1.451,-24.96,-18.6,23.23,119.2,2.156,12.49,2.439,56.6,78.7,87,106.1,7.83,1.618,63.87,2.682,2.843,23.38,2.376,74,4.939,.605,13.69,1.893,.603,1.223
101,2017,270,1000,12.03,6.511,6.304,1.975,26.23,6.207,3.429,2.655,-34.44,-18.27,7.93,121.5,2.246,34.11,3.047,61.67,82.7,88.9,109.4,9.67,1.729,67.13,2.705,2.937,27.56,2.645,8.88,5.337,.613,3.071,2.526,.621,1.876
101,2017,270,1010,12.03,30.2,47.35,2.278,21.68,4.426,2.869,7.61,-32.71,-16.74,2.881,122.9,2.33,14.72,19.51,66.85,86.4,61.82,112,9.27,1.886,69.32,2.787,3.005,31.36,11.01,3.261,5.742,.637,21.9,5.88,.647,9.27
101,2017,270,1020,12.03,59.83,63.71,2.367,18.5,5.248,2.921,1.536,-35.49,-16.68,23.97,123.4,2.472,3.551,10.7,71.8,89.1,75.6,113.5,9.51,2.147,44.71,2.918,3.137,34.92,25.47,3.31,6.284,.645,64.22,8.46,.67,8.75
101,2017,270,1030,12.03,85.6,82.7,2.755,18,4.832,3.338,1.643,-34.16,-15.91,18.94,128.7,2.965,3.613,12.93,80,94.8,75.9,119.6,12.23,2.869,15.1,3.161,3.635,39.85,38.45,3.735,8.06,.708,41.45,2.713,.712,34.68
101,2017,270,1040,12.03,20.47,28.4,2.856,15.8,4.407,3.325,1.732,-35.38,-17.18,5.308,72.6,3.227,3.805,2.943,50.14,55.89,33.65,67.87,15.34,3.196,8.97,9.66,3.609,28.75,10.34,4.144,9.18,.643,1.934,2.753,.528,3.137
101,2017,270,1050,12.03,10.81,31.47,2.316,14.52,3.464,3.018,1.615,-36.74,-16.77,11.13,67.48,2.765,3.733,3.042,51.31,56.15,37.2,64.23,12.44,3.552,7.97,19.66,3.777,30.17,12.37,3.762,9.3,.633,1.606,2.583,.564,1.514
101,2017,270,1100,12.03,3.567,1.429,.894,6.261,2.189,1.883,.904,-45.04,-16.15,1.449,22.1,1.896,2.313,2.045,21.02,20.56,5.266,21.09,5.326,1.613,4.536,1.514,2.117,14.92,1.69,2.161,7.43,.435,.899,1.866,.384,1.052
101,2017,270,1110,12.03,7.14,3.333,1.867,17.49,3.688,2.549,2.8,-42.02,-14.04,2.613,58.76,2.712,2.834,2.63,48.19,50.54,8.3,57.9,11.41,17.9,6.641,2.218,2.782,28.27,4.711,3.356,14.53,.581,1.725,2.408,.58,1.268
101,2017,270,1120,12.03,6.507,2.926,1.79,13.92,3.765,2.851,1.978,-41.4,-13.11,2.509,47.63,3.601,3.109,2.846,40.2,40.33,8.47,45.96,14.26,7.99,6.391,2.335,3.217,24.45,3.85,3.537,14.86,.605,1.489,2.712,.489,1.343
101,2017,270,1130,12.03,8.12,3.077,2.333,13.74,4.105,3.574,1.715,-41.56,-12.81,2.948,46.8,4.286,4.199,3.901,42.12,41.84,10.34,46.81,13.25,4.783,7.42,2.825,4.76,27.15,3.449,4.584,16.98,.737,1.777,3.308,.543,1.968
101,2017,270,1140,12.03,8.44,5.289,2.449,32.77,4.145,3.514,2.236,-39.66,-12.37,3.81,72.5,4.202,3.67,3.907,67.66,68.89,10.1,78.2,17.67,3.974,7.81,2.656,4.144,40.76,4.47,4.899,26.84,.722,1.826,3.534,.657,1.859
101,2017,270,1150,12.03,6.694,4.668,2.363,64.9,4.663,3.82,1.97,-34.9,-12.76,2.988,105,4.343,3.901,26.56,107.3,109.9,8.91,124.9,61.86,4.443,8.34,2.943,5.488,64.5,4.388,4.417,46.97,.898,1.908,4.534,.866,1.996
101,2017,270,1200,12.03,6.835,5.733,2.12,44.26,4.075,3.283,1.837,-33.57,-14.04,2.688,100.9,4.107,3.315,35.35,112.9,116.4,8.64,129.1,103.6,3.522,7.72,3,11.32,69.76,3.896,4.232,25.75,.847,1.777,4.994,.883,1.876
101,2017,270,1210,12.03,7.48,5.108,5.477,12.12,4.001,7.88,1.978,-25.47,-14.99,2.923,99.3,17.69,3.437,6.148,117.5,119.9,9.07,131.6,98,14.57,7.8,3.482,4.078,73.3,4.604,7.48,96.6,.893,1.946,4.991,.908,2.003
101,2017,270,1220,12.03,5.787,3.916,1.899,8.08,3.623,19.79,1.899,-17.95,-15.57,2.44,91.7,25.73,5.614,4.184,116.4,118.1,7.1,127.3,31.13,5.557,6.681,2.678,3.723,74.8,3.688,82.5,101.5,.864,9.59,4.375,.899,2
101,2017,270,1230,12.03,4.132,2.398,1.891,7.24,3.447,2.931,1.831,-31.75,-15.62,2.212,88.8,5.133,3.053,3.958,117.6,118.5,6.415,125.6,11.16,3.217,6.209,2.435,24.29,76.8,3.13,76.8,103.5,.893,6.14,4.306,.906,2.001
101,2017,270,1240,12.03,13.86,2.228,16.96,6.686,3.155,2.705,1.635,-33.31,-14.96,2.167,85.9,19.78,3.018,7.55,118.6,118.5,6.1,123.7,10.51,3.196,6.029,2.296,4.814,78.5,3.104,35.95,104.9,.904,1.663,4.177,.914,2.189
101,2017,270,1250,12.03,53.05,2.073,1.63,6.1,6.691,3.219,1.62,-32.16,-13.9,2.743,84.4,14.75,3.016,4.058,121.1,119.4,5.571,122.8,9.69,3.599,5.762,2.321,8.19,80.9,3.194,23.42,107,.956,1.77,4.388,.956,2.206
101,2017,270,1300,12.03,11.55,1.854,2.264,5.758,2.898,16.2,1.615,-20.76,-13.84,2.102,82.8,4.8,2.97,4.124,119.5,119.7,5.54,121.7,10.3,4.398,5.577,5.592,3.643,82.6,3.184,24.31,108.4,1.017,1.817,4.452,1.01,2.301
101,2017,270,1310,12.03,13.44,1.765,1.512,5.5,2.859,3.557,1.61,-31.33,-12.91,2.073,79.1,17.3,3.003,4.219,122.8,118.3,5.244,118.3,9.52,3.894,5.435,4.631,3.586,83.2,3.174,39.35,107.6,1.087,1.832,4.336,1.022,3.794
101,2017,270,1320,12.04,28.6,1.641,1.517,5.264,2.824,3.336,1.648,-28.57,-11.66,2.187,77.2,55.49,4.76,4.479,124.6,118.6,5.199,117.2,9.41,4.011,5.311,2.14,3.748,84.9,3.301,58.57,108.5,1.072,1.909,4.698,1.064,13.1
101,2017,270,1330,12.04,38.13,1.534,1.628,4.939,2.708,4.152,1.705,-28.05,-10.5,2.944,72.5,65.13,60.81,5.386,123.1,116.7,4.922,112.9,8.87,4.192,5.326,2.162,4.244,84.9,3.31,66.66,106.5,1.134,1.948,4.926,1.141,7.3
101,2017,270,1340,12.04,16.89,1.45,1.626,4.653,2.703,19.51,2.018,-19.25,-9.79,2.274,69.09,27.89,4.169,14.91,125.7,118.7,4.561,112.3,8.2,4.34,5.336,2.144,17.42,87.6,3.32,64.34,108.6,1.171,2.062,5.433,1.229,3.258
101,2017,270,1350,12.04,2.708,1.323,1.599,4.464,2.71,43.91,1.934,-1.718,-9.15,2.403,64.75,64.01,6.874,29.75,123.5,116.5,4.376,107.6,7.56,4.043,21.63,2.072,28.36,87.2,3.278,52.82,105.8,1.122,1.943,5.683,1.32,2.919
101,2017,270,1400,12.04,2.44,1.231,1.527,4.192,4.149,6.746,1.697,-30.92,-8.57,1.986,61.84,47.83,3.444,60.06,122.3,114.9,4.145,104.8,7.09,3.727,11.08,1.963,6.329,87.4,4.021,23.91,106.6,1.05,1.862,5.792,1.348,2.594
101,2017,270,1410,12.04,2.196,1.171,1.365,3.917,2.464,8.37,1.851,-30.03,-7.97,11.58,59.21,9.51,56.01,56.82,121.2,112.6,3.976,101.9,6.626,3.462,47.12,1.844,29.21,87.1,17.7,3.765,106,1.03,1.812,9.93,1.953,2.676
101,2017,270,1420,12.04,2.07,1.065,1.278,3.715,2.375,9.37,4.278,-29.99,-6.704,2.29,56.44,5.612,11.59,58.63,120.7,110.9,3.763,98.8,6.281,3.417,4.504,1.785,18.48,87,3.867,3.377,104.9,1.002,1.794,13.34,3.834,11.54
101,2017,270,1430,12.03,1.951,1.005,1.238,3.564,2.36,2.579,16.46,-34.46,-2.13,2.204,53.39,4.263,10.71,64.14,120.9,110.1,3.678,95.5,6.075,3.589,13.62,1.824,3.067,87.6,2.919,3.253,103.3,1.03,1.811,16.21,1.367,3.147
101,2017,270,1440,12.04,1.894,.966,2.445,3.505,2.774,2.065,9.69,-35.26,-3.819,3.311,50.44,3.897,11.43,36.64,120.4,109.1,3.572,92.2,6.261,3.521,4.67,1.872,2.939,88.2,3.092,3.057,101.4,1.038,1.737,19.39,1.357,3.497
101,2017,270,1450,12.03,1.829,.936,1.12,3.482,2.837,1.869,1.641,-36.05,-6.259,6.229,46.58,4.11,2.603,6.505,118,106.6,3.462,88.3,6.318,3.308,4.244,1.725,3.311,86.9,2.959,2.774,97.9,1.027,1.616,24.74,1.342,3.698
101,2017,270,1500,12.04,1.748,.894,2.234,3.269,2.85,1.747,5.13,-38.6,-4.467,1.784,42.09,20.76,4.063,69.97,114.9,103,3.35,83.3,5.676,3.286,4.118,2.75,3.269,85.1,2.933,2.673,17.8,1.018,1.522,28.73,1.33,3
101,2017,270,1510,12.04,1.77,.899,.988,3.289,2.586,10.01,1.67,-34.26,-5.228,8.17,38.42,40.56,3.535,71,113,100.9,5.359,79.2,5.431,3.586,4.284,3.91,9.6,84.5,2.963,2.636,10.05,1.033,1.815,37.5,1.326,3.133
101,2017,270,1520,12.04,1.68,.829,2.484,3.128,2.102,1.561,1.601,-43,-4.972,1.645,34.02,8.31,2.214,69.61,109.8,97.7,12.39,74.2,4.972,3.204,6.888,1.561,17.58,83,3.023,2.339,9.35,.908,1.385,41.21,1.361,2.877
101,2017,270,1530,12.03,1.517,.777,2.197,2.822,1.966,1.606,1.577,-39.25,-4.647,1.638,30.16,3.837,2.088,67.91,106.2,94.3,3.06,69.17,4.768,3.267,5.059,1.467,14.78,81.3,2.949,2.18,8.83,.732,1.243,42.59,1.333,2.366
101,2017,270,1540,12.03,1.415,.715,3.818,2.738,1.919,1.371,1.705,-37.36,-4.217,1.371,26.63,3.84,1.881,65.04,101.9,90.2,25.05,63.49,4.632,60.62,4.104,1.43,2.79,79,2.887,2.015,7.61,.625,1.072,42.27,1.274,2.05
101,2017,270,1550,12.03,1.346,.693,9.38,2.664,1.84,1.244,1.907,-31.82,-3.835,1.299,22.96,2.37,1.7,21.26,97.8,86,18.34,57.33,4.3,29.03,4.195,7.58,2.03,76.8,2.616,1.857,6.921,.561,.923,39.5,1.244,1.827
101,2017,270,1600,12.02,1.363,.688,1.897,2.562,1.757,1.246,1.356,-31.64,-3.898,1.291,19.36,2.308,1.691,2.88,93.6,81.9,2.611,52.03,4.066,75.3,3.572,1.469,1.954,74.3,2.467,1.81,7.12,.538,.872,29.01,1.234,1.869
101,2017,270,1610,11.99,1.348,.623,4.696,2.411,1.733,1.135,1.345,-24.5,-3.455,1.249,15.91,3.597,1.711,2.895,88.7,77.4,6.353,46.33,3.796,27.59,3.307,1.254,1.958,71.6,2.462,1.71,7.37,.536,.821,4.729,1.184,1.881
101,2017,270,1620,12.02,1.166,.576,1.053,2.303,1.621,1.042,1.157,-40.08,-3.133,1.099,13.46,4.979,1.459,2.316,82.9,72,2.356,38.42,3.324,1.902,3.125,1.202,1.72,68.26,2.353,1.594,6.402,.445,.693,3.031,.958,7.4
101,2017,270,1630,12.02,1.077,.561,.563,2.176,1.494,.956,.975,-28.83,-2.852,.98,12.64,2.84,1.336,2.08,77.1,66.59,2.232,14.36,2.956,1.576,2.981,1.372,1.713,64.6,2.194,1.499,6.004,.414,.606,2.189,.569,1.357
101,2017,270,1640,12.02,1.013,.491,.494,2.062,1.392,.874,.822,-28.81,-3.162,.883,12.04,1.45,1.226,1.879,71.3,61.34,2.135,10.51,2.623,1.388,2.844,1.01,1.439,61.03,2.063,1.392,4.705,.38,.536,1.934,.451,1.161
101,2017,270,1650,12.02,.946,.452,1.127,1.931,1.298,.799,.715,-32.23,-3.549,.948,11.89,1.213,1.417,1.717,61.92,55.55,1.968,9.65,2.408,1.241,2.702,.93,1.32,56.64,1.807,1.192,4.197,.343,.476,1.693,.424,1.03
101,2017,270,1700,12.01,.886,.437,2.435,1.795,1.191,.717,.626,-30.85,-4.062,.722,10.31,1.069,1.176,1.521,44.54,49.1,1.792,8.81,2.201,1.117,2.519,.841,1.192,31.65,1.385,.988,3.777,.317,.435,1.521,.395,.73
101,2017,270,1710,12.01,.814,.405,.39,1.653,1.077,.64,.549,-33.27,-4.554,.98,9.26,.874,2.651,1.313,25.62,42.66,1.561,8,1.986,1.003,2.33,.754,1.043,11.19,1.187,.777,3.39,.273,.412,1.358,.353,.578
101,2017,270,1720,12.01,.74,.375,.332,1.501,.966,.564,.487,-35.27,-4.926,.556,9.06,.715,6.154,1.121,12.92,34.47,1.353,7.13,1.777,.871,2.1,.645,.889,9.73,1.05,.638,2.976,.245,.37,1.199,.322,.467
101,2017,270,1730,12.01,.667,.325,.28,1.328,.846,.491,.43,-37.91,-5.375,.467,6.626,.595,2.762,.955,9.88,11.41,1.171,6.226,1.593,.755,1.844,.556,.759,8.43,.913,.539,2.544,.203,.317,1.03,.286,.415
101,2017,270,1740,12,.561,.275,.235,1.137,.725,.437,.384,-40.33,-5.821,.415,5.757,.534,.6,.801,8.43,8.23,1.023,5.407,1.439,.677,1.551,.467,.655,7.13,.801,.462,2.169,.179,.271,.873,.24,.352
101,2017,270,1750,12.01,.459,.224,.193,.911,.576,.382,.317,-41.9,-6.302,.353,5.004,.447,.486,.689,6.972,6.741,.831,4.516,1.126,.558,1.23,.404,.539,5.904,.638,.405,1.881,.139,.223,.735,.193,.333
101,2017,270,1800,12.01,.36,.168,.141,.66,.432,.271,.235,-41.5,-6.726,.251,3.222,.315,.374,.476,4.875,4.785,.59,3.2,.796,.402,.871,.297,.402,4.202,.457,.295,1.332,.102,.166,.548,.144,.221
101,2017,270,1810,12.01,.231,.102,.085,.424,.271,.164,.136,-44.27,-7.23,.147,1.855,.178,.233,.292,2.696,2.692,.372,1.809,.454,.206,.519,.178,.236,2.354,.271,.174,.735,.057,.097,.328,.087,.126
101,2017,270,1820,12,.109,.05,.04,.201,.117,.067,.054,-46.81,-7.68,.06,.752,.067,.101,.116,1.047,1.071,.166,.722,.193,.079,.236,.07,.095,.92,.111,.077,.295,.023,.045,.122,.037,.045
101,2017,270,1830,12,.027,.008,0,.045,.03,.013,.01,-49.15,-8.16,.01,.184,.017,.022,.028,.263,.268,.037,.178,.049,.015,.059,.015,.022,.235,.027,.015,.074,0,.003,.028,0,.003
101,2017,270,1840,12,0,0,0,0,0,0,0,-48.03,-8.49,0,.02,0,0,0,.03,.028,0,.02,0,0,.003,0,0,.027,0,0,.007,0,0,0,0,0
101,2017,270,1850,12,0,0,0,0,0,0,0,-43.96,-8.82,0,0,0,0,0,0,0,0,0,0,0,0,0,0,0,0,0,0,0,0,0,0,0
101,2017,270,1900,12,0,0,0,0,0,0,0,-43.01,-8.95,0,0,0,0,0,0,0,0,0,0,0,0,0,0,0,0,0,0,0,0,0,0,0
101,2017,270,1910,12,0,0,0,0,0,0,0,-43.24,-9.31,0,0,0,0,0,0,0,0,0,0,0,0,0,0,0,0,0,0,0,0,0,0,0
101,2017,270,1920,12,0,0,0,0,0,0,0,-38.32,-9.45,0,0,0,0,0,0,0,0,0,0,0,0,0,0,0,0,0,0,0,0,0,0,0
101,2017,270,1930,11.99,0,0,0,0,0,0,0,-39.87,-9.66,0,0,0,0,0,0,0,0,0,0,0,0,0,0,0,0,0,0,0,0,0,0,0
101,2017,270,1940,11.99,0,0,0,0,0,0,0,-35.71,-9.66,0,0,0,0,0,0,0,0,0,0,0,0,0,0,0,0,0,0,0,0,0,0,0
101,2017,270,1950,11.99,0,0,0,0,0,0,0,-33.25,-9.67,0,0,0,0,0,0,0,0,0,0,0,0,0,0,0,0,0,0,0,0,0,0,0
101,2017,270,2000,11.99,0,0,0,0,0,0,0,-30.3,-9.78,0,0,0,0,0,0,0,0,0,0,0,0,0,0,0,0,0,0,0,0,0,0,0
101,2017,270,2010,11.99,0,0,0,0,0,0,0,-33.94,-9.94,0,0,0,0,0,0,0,0,0,0,0,0,0,0,0,0,0,0,0,0,0,0,0
101,2017,270,2020,11.99,0,0,0,0,0,0,0,-40.65,-10.09,0,0,0,0,0,0,0,0,0,0,0,0,0,0,0,0,0,0,0,0,0,0,0
101,2017,270,2030,11.99,0,0,0,0,0,0,0,-42.92,-10.14,0,0,0,0,0,0,0,0,0,0,0,0,0,0,0,0,0,0,0,0,0,0,0
101,2017,270,2040,11.99,0,0,0,0,0,0,0,-44.57,-10.19,0,0,0,0,0,0,0,0,0,0,0,0,0,0,0,0,0,0,0,0,0,0,0
101,2017,270,2050,11.98,0,0,0,0,0,0,0,-45.85,-10.38,0,0,0,0,0,0,0,0,0,0,0,0,0,0,0,0,0,0,0,0,0,0,0
101,2017,270,2100,11.98,0,0,0,0,0,0,0,-45.94,-10.37,0,0,0,0,0,0,0,0,0,0,0,0,0,0,0,0,0,0,0,0,0,0,0
101,2017,270,2110,11.98,0,0,0,0,0,0,0,-49.01,-10.35,0,0,0,0,0,0,0,0,0,0,0,0,0,0,0,0,0,0,0,0,0,0,0
101,2017,270,2120,11.98,0,0,0,0,0,0,0,-50.48,-10.35,0,0,0,0,0,0,0,0,0,0,0,0,0,0,0,0,0,0,0,0,0,0,0
101,2017,270,2130,11.98,0,0,0,0,0,0,0,-53.78,-10.4,0,0,0,0,0,0,0,0,0,0,0,0,0,0,0,0,0,0,0,0,0,0,0
101,2017,270,2140,11.98,0,0,0,0,0,0,0,-56.16,-10.7,0,0,0,0,0,0,0,0,0,0,0,0,0,0,0,0,0,0,0,0,0,0,0
101,2017,270,2150,11.98,0,0,0,0,0,0,0,-57.25,-10.8,0,0,0,0,0,0,0,0,0,0,0,0,0,0,0,0,0,0,0,0,0,0,0
101,2017,270,2200,11.98,0,0,0,0,0,0,0,-57.94,-10.99,0,0,0,0,0,0,0,0,0,0,0,0,0,0,0,0,0,0,0,0,0,0,0
101,2017,270,2210,11.98,0,0,0,0,0,0,0,-60.2,-10.69,0,0,0,0,0,0,0,0,0,0,0,0,0,0,0,0,0,0,0,0,0,0,0
101,2017,270,2220,11.96,0,0,0,0,0,0,0,-61.28,-10.47,0,0,0,0,0,0,0,0,0,0,0,0,0,0,0,0,0,0,0,0,0,0,0
101,2017,270,2230,11.96,0,0,0,0,0,0,0,-60.6,-10.71,0,0,0,0,0,0,0,0,0,0,0,0,0,0,0,0,0,0,0,0,0,0,0
101,2017,270,2240,11.97,0,0,0,0,0,0,0,-60.55,-10.5,0,0,0,0,0,0,0,0,0,0,0,0,0,0,0,0,0,0,0,0,0,0,0
101,2017,270,2250,11.97,0,0,0,0,0,0,0,-62.74,-10.39,0,0,0,0,0,0,0,0,0,0,0,0,0,0,0,0,0,0,0,0,0,0,0
101,2017,270,2300,11.97,0,0,0,0,0,0,0,-61.74,-10.6,0,0,0,0,0,0,0,0,0,0,0,0,0,0,0,0,0,0,0,0,0,0,0
101,2017,270,2310,11.97,0,0,0,0,0,0,0,-62.05,-10.51,0,0,0,0,0,0,0,0,0,0,0,0,0,0,0,0,0,0,0,0,0,0,0
101,2017,270,2320,11.97,0,0,0,0,0,0,0,-62.25,-10.38,0,0,0,0,0,0,0,0,0,0,0,0,0,0,0,0,0,0,0,0,0,0,0
101,2017,270,2330,11.95,0,0,0,0,0,0,0,-63.36,-10.04,0,0,0,0,0,0,0,0,0,0,0,0,0,0,0,0,0,0,0,0,0,0,0
101,2017,270,2340,11.96,0,0,0,0,0,0,0,-60.69,-10.43,0,0,0,0,0,0,0,0,0,0,0,0,0,0,0,0,0,0,0,0,0,0,0
101,2017,270,2350,11.96,0,0,0,0,0,0,0,-58.94,-10.43,0,0,0,0,0,0,0,0,0,0,0,0,0,0,0,0,0,0,0,0,0,0,0
101,2017,270,2400,11.96,0,0,0,0,0,0,0,-57.23,-10.6,0,0,0,0,0,0,0,0,0,0,0,0,0,0,0,0,0,0,0,0,0,0,0
101,2017,271,10,11.97,0,0,0,0,0,0,0,-55.07,-10.94,0,0,0,0,0,0,0,0,0,0,0,0,0,0,0,0,0,0,0,0,0,0,0
101,2017,271,20,11.97,0,0,0,0,0,0,0,-52.25,-11.35,0,0,0,0,0,0,0,0,0,0,0,0,0,0,0,0,0,0,0,0,0,0,0
101,2017,271,30,11.97,0,0,0,0,0,0,0,-51.25,-11.65,0,0,0,0,0,0,0,0,0,0,0,0,0,0,0,0,0,0,0,0,0,0,0
101,2017,271,40,11.97,0,0,0,0,0,0,0,-49.1,-11.84,0,0,0,0,0,0,0,0,0,0,0,0,0,0,0,0,0,0,0,0,0,0,0
101,2017,271,50,11.97,0,0,0,0,0,0,0,-49.67,-12.12,0,0,0,0,0,0,0,0,0,0,0,0,0,0,0,0,0,0,0,0,0,0,0
101,2017,271,100,11.97,0,0,0,0,0,0,0,-47.8,-12.35,0,0,0,0,0,0,0,0,0,0,0,0,0,0,0,0,0,0,0,0,0,0,0
101,2017,271,110,11.97,0,0,0,0,0,0,0,-45.72,-12.46,0,0,0,0,0,0,0,0,0,0,0,0,0,0,0,0,0,0,0,0,0,0,0
101,2017,271,120,11.96,0,0,0,0,0,0,0,-42.21,-12.43,0,0,0,0,0,0,0,0,0,0,0,0,0,0,0,0,0,0,0,0,0,0,0
101,2017,271,130,11.95,0,0,0,0,0,0,0,-41.19,-12.63,0,0,0,0,0,0,0,0,0,0,0,0,0,0,0,0,0,0,0,0,0,0,0
101,2017,271,140,11.96,0,0,0,0,0,0,0,-40.89,-12.77,0,0,0,0,0,0,0,0,0,0,0,0,0,0,0,0,0,0,0,0,0,0,0
101,2017,271,150,11.96,0,0,0,0,0,0,0,-40.4,-12.8,0,0,0,0,0,0,0,0,0,0,0,0,0,0,0,0,0,0,0,0,0,0,0
101,2017,271,200,11.95,0,0,0,0,0,0,0,-40.1,-12.8,0,0,0,0,0,0,0,0,0,0,0,0,0,0,0,0,0,0,0,0,0,0,0
101,2017,271,210,11.95,0,0,0,0,0,0,0,-41.14,-13.01,0,0,0,0,0,0,0,0,0,0,0,0,0,0,0,0,0,0,0,0,0,0,0
101,2017,271,220,11.96,0,0,0,0,0,0,0,-41.86,-13.17,0,0,0,0,0,0,0,0,0,0,0,0,0,0,0,0,0,0,0,0,0,0,0
101,2017,271,230,11.96,0,0,0,0,0,0,0,-40.18,-13.17,0,0,0,0,0,0,0,0,0,0,0,0,0,0,0,0,0,0,0,0,0,0,0
101,2017,271,240,11.96,0,0,0,0,0,0,0,-39.05,-13.27,0,0,0,0,0,0,0,0,0,0,0,0,0,0,0,0,0,0,0,0,0,0,0
101,2017,271,250,11.96,0,0,0,0,0,0,0,-39.15,-13.38,0,0,0,0,0,0,0,0,0,0,0,0,0,0,0,0,0,0,0,0,0,0,0
101,2017,271,300,11.96,0,0,0,0,0,0,0,-39.46,-13.37,0,0,0,0,0,0,0,0,0,0,0,0,0,0,0,0,0,0,0,0,0,0,0
101,2017,271,310,11.97,0,0,0,0,0,0,0,-39.07,-13.4,0,0,0,0,0,0,0,0,0,0,0,0,0,0,0,0,0,0,0,0,0,0,0
101,2017,271,320,11.97,0,0,0,0,0,0,0,-38.16,-13.4,0,0,0,0,0,0,0,0,0,0,0,0,0,0,0,0,0,0,0,0,0,0,0
101,2017,271,330,11.97,0,0,0,0,0,0,0,-36.66,-13.24,0,0,0,0,0,0,0,0,0,0,0,0,0,0,0,0,0,0,0,0,0,0,0
101,2017,271,340,11.97,0,0,0,0,0,0,0,-35.91,-13.3,0,0,0,0,0,0,0,0,0,0,0,0,0,0,0,0,0,0,0,0,0,0,0
101,2017,271,350,11.97,0,0,0,0,0,0,0,-34.83,-13.42,0,0,0,0,0,0,0,0,0,0,0,0,0,0,0,0,0,0,0,0,0,0,0
101,2017,271,400,11.97,0,0,0,0,0,0,0,-35.13,-13.38,0,0,0,0,0,0,0,0,0,0,0,0,0,0,0,0,0,0,0,0,0,0,0
101,2017,271,410,11.97,0,0,0,0,0,0,0,-35.34,-13.39,0,0,0,0,0,0,0,0,0,0,0,0,0,0,0,0,0,0,0,0,0,0,0
101,2017,271,420,11.97,0,0,0,0,0,0,0,-36.72,-13.57,0,0,0,0,0,0,0,0,0,0,0,0,0,0,0,0,0,0,0,0,0,0,0
101,2017,271,430,11.97,0,0,0,0,0,0,0,-37.76,-13.59,0,0,0,0,0,0,0,0,0,0,0,0,0,0,0,0,0,0,0,0,0,0,0
101,2017,271,440,11.97,0,0,0,0,0,0,0,-38.75,-13.57,0,0,0,0,0,0,0,0,0,0,0,0,0,0,0,0,0,0,0,0,0,0,0
101,2017,271,450,11.97,0,0,0,0,0,0,0,-39.61,-13.41,0,0,0,0,0,0,0,0,0,0,0,0,0,0,0,0,0,0,0,0,0,0,0
101,2017,271,500,11.97,0,0,0,0,0,0,0,-41.63,-13.4,0,0,0,0,0,0,0,0,0,0,0,0,0,0,0,0,0,0,0,0,0,0,0
101,2017,271,510,11.97,0,0,0,0,0,0,0,-41.72,-13.38,0,0,0,0,0,0,0,0,0,0,0,0,0,0,0,0,0,0,0,0,0,0,0
101,2017,271,520,11.96,0,0,0,0,0,0,0,-39.13,-13.37,0,0,0,0,0,0,0,0,0,0,0,0,0,0,0,0,0,0,0,0,0,0,0
101,2017,271,530,11.96,0,0,0,0,0,0,0,-38.57,-13.25,0,0,0,0,0,0,0,0,0,0,0,0,0,0,0,0,0,0,0,0,0,0,0
101,2017,271,540,11.96,0,0,0,0,0,0,0,-38.39,-13.23,0,0,0,0,0,0,0,0,0,0,0,0,0,0,0,0,0,0,0,0,0,0,0
101,2017,271,550,11.95,0,0,0,0,0,0,0,-36.94,-13.04,0,.013,0,0,0,.008,.003,0,.007,0,0,0,0,0,.002,0,0,0,0,0,0,0,0
101,2017,271,600,11.96,.018,.002,0,.028,.015,.005,.002,-37.59,-13.11,0,.122,.003,.017,.005,.091,.096,.027,.092,.03,0,.035,.01,.01,.074,.01,.007,.028,0,.003,.008,0,0
101,2017,271,610,11.95,.079,.037,.027,.144,.069,.044,.032,-36.81,-13,.037,.642,.044,.072,.057,.516,.538,.136,.489,.136,.042,.173,.054,.055,.424,.055,.047,.142,.018,.034,.055,.023,.025
101,2017,271,620,11.95,.225,.096,.06,.406,.201,.136,.079,-36.48,-13.01,.102,1.87,.114,.203,.151,1.475,1.55,.372,1.413,.374,.102,.473,.144,.151,1.207,.147,.139,.37,.04,.07,.151,.04,.057
101,2017,271,630,11.96,.412,.188,.114,.763,.375,.251,.142,-36.46,-13.12,.189,3.684,.213,.384,.275,2.749,2.925,.706,2.712,.68,.188,.91,.28,.282,2.256,.272,.256,.64,.08,.126,.28,.077,.112
101,2017,271,640,11.96,.605,.283,.168,1.175,.523,.377,.206,-36.08,-13.16,.283,5.641,.32,.546,.406,4.088,4.324,1.151,4.096,1.036,.273,1.399,.422,.421,3.318,.392,.387,.935,.114,.186,.401,.109,.158
101,2017,271,650,11.97,.808,.374,.22,1.564,.69,.478,.268,-34.42,-13.08,.369,7.5,.406,.726,.548,5.455,5.569,3.732,5.393,1.371,.345,1.922,.665,.597,4.254,.478,.481,1.192,.151,.241,.486,.146,.201
101,2017,271,700,11.97,.994,.436,.265,1.922,.851,.597,.325,-35.06,-13.2,.437,9.24,.454,.88,.732,8.09,6.727,5.638,9.62,1.693,.422,4.428,1.143,.905,5.061,.583,.593,1.453,.181,.292,.587,.171,.246
101,2017,271,710,11.97,1.148,.489,.315,2.236,1.011,.741,.392,-34.81,-13.44,.508,11.74,.54,1.026,.828,10.19,7.77,9.79,30.32,2.167,.473,5.745,1.451,1.15,5.73,.689,.739,1.674,.218,.342,.674,.204,.3
101,2017,271,720,11.98,1.316,.56,.397,2.571,1.222,.922,.451,-34.74,-13.65,.635,50.56,1.81,1.354,.94,10.94,8.43,3.179,37.27,4.547,.531,4.413,1.612,2.457,6.28,.769,.897,1.854,.253,.402,.751,.231,.377
101,2017,271,730,11.97,1.47,.634,.459,2.901,1.431,1.116,.578,-33.54,-13.99,.779,63.03,8.59,1.761,1.044,11.29,9.15,3.568,44.35,4.554,.592,4.691,1.832,1.772,6.768,.918,1.148,2.021,.298,.436,.825,.261,.436
101,2017,271,740,11.97,1.617,.696,.543,3.251,1.688,1.368,.623,-33.48,-14.68,.898,70.6,5.552,1.909,1.151,11.21,9.8,5.382,51.08,3.164,.654,4.998,2.053,1.602,7.22,1.284,1.121,2.177,.327,.469,.897,.308,.479
101,2017,271,750,11.97,1.766,.766,.635,4.217,2.013,3.669,.677,-33.46,-15.35,1.012,77.7,1.684,3.434,1.24,11.49,10.39,35.54,57.64,16.48,.719,5.395,2.182,1.755,7.58,1.384,1.425,2.313,.364,.516,.962,.335,.861
101,2017,271,800,11.97,1.917,.84,.754,8.81,2.522,16.9,.704,-18.49,-16.28,1.13,84,1.342,2.271,1.322,11.88,11.21,47.73,63.7,4.011,.763,9.84,9.8,4.307,8,1.381,1.228,2.437,.463,.749,1.017,.365,1.081
101,2017,271,810,11.97,2.068,.922,.89,33.32,2.809,10.57,.724,-20.46,-17.1,1.304,89.7,1.376,16.99,1.404,12.61,27.97,53.3,69.48,16.59,.816,24.7,3.389,1.991,8.72,1.103,1.307,2.559,.432,.649,1.081,.385,1.272
101,2017,271,820,11.97,2.308,1.041,1.062,53.7,4.26,3.73,.779,-25.1,-17.27,5.823,94.7,1.384,3.323,1.488,15,35.11,58.33,74.8,46.13,.86,27.39,2.207,6.555,9.67,1.178,1.393,2.673,.419,1.56,1.118,.407,.59
101,2017,271,830,11.97,2.465,1.258,1.173,56.98,7.32,3.881,3.039,-23.53,-16.75,8.79,99.3,1.419,6.104,1.565,18.9,40.98,62.16,80,15.05,.913,23.27,2.178,5.203,9.59,1.247,1.496,2.793,.436,.665,1.163,.436,1.394
101,2017,271,840,11.97,2.743,22.88,1.278,58.53,9.76,4.058,5.985,-22.69,-16.01,5.206,103.4,1.453,6.504,1.665,23.55,47.07,69.39,84.6,38.66,.953,21.31,2.193,33.16,10.45,1.295,2.349,2.905,.436,.704,1.205,.436,.756
101,2017,271,850,11.97,2.939,36.83,1.443,58.55,26.46,4.329,.875,-20.88,-16.64,28.08,107.1,1.454,2.852,1.707,28.19,53.16,74.6,89,29.42,1.005,16.86,2.371,14.09,10.17,1.36,8.87,3.019,.441,.752,1.25,.446,.653
101,2017,271,900,11.97,3.115,35.55,1.469,56.69,14.94,5.727,1.84,-18.29,-16.67,31.5,110.4,1.536,2.811,1.779,32.83,58.8,78.9,93.1,5.182,1.049,13.43,2.471,41.42,11.45,1.471,2.026,3.16,.464,.786,1.303,.469,1.613
101,2017,271,910,11.98,3.346,9.39,1.531,52.59,54.1,37.95,.911,4.5,-15.66,11.67,112.2,1.605,2.842,1.885,37.11,63.43,81.7,95.8,25.49,1.119,7.26,2.372,6.992,11.75,1.513,1.945,3.289,.526,.849,1.36,.469,.704
101,2017,271,920,11.97,3.714,2.265,1.669,49.37,65.84,56.3,.968,19.01,-15.31,1.868,116.2,1.719,2.949,1.974,42.2,68.71,76.9,100.4,6.301,1.173,15.71,14.54,2.604,13.17,25.29,2.153,3.451,.655,1.024,1.674,.503,.801
101,2017,271,930,11.98,3.689,7.88,1.602,43.65,41.33,56.5,.999,26.58,-16.34,5.876,119,1.781,11.78,2.021,47.49,73.3,56.36,104.2,5.747,1.258,33.32,77.7,7.32,15.35,1.747,2.346,3.599,.573,.995,8.48,.516,.858
101,2017,271,940,11.98,4.272,59.37,1.578,37.54,4.552,11.75,1.022,1.312,-17.87,5.09,120.7,1.801,23.89,2.057,52.43,77.5,90.9,106.9,6.306,1.315,54.08,8.95,7.25,18.59,1.799,77.2,3.748,.55,38.36,1.555,.553,.993
101,2017,271,950,11.98,3.945,54.07,1.63,31.4,6.431,3.077,1.191,-6.059,-18.04,23.54,122.5,1.871,23.83,2.171,57.58,81.7,94.4,110,6.069,1.417,64.84,2.215,2.345,22.92,2.055,90.7,3.975,.538,41.51,1.603,.57,1.119
101,2017,271,1000,11.98,10.07,11.23,1.699,25.63,4.674,2.511,1.32,-6.092,-17.87,9.16,123.5,1.953,24.68,2.608,62.36,85.2,95.6,112.1,11.94,1.501,71.8,2.211,2.412,27.12,2.161,14.35,4.265,.536,7.66,8.1,.586,12.77
101,2017,271,1010,11.98,38.35,62.46,3.663,20.46,3.878,2.198,6.737,-7.28,-16.09,3.469,124.7,1.961,10.68,20.77,67.57,88.7,85.9,114.4,7.83,1.628,72.3,2.249,2.394,31.01,11.08,2.588,4.467,.544,29.45,8.39,.611,56.46
101,2017,271,1020,11.98,63.51,66.76,1.913,16.57,4.43,2.184,2.012,-12.7,-16.05,11,126.1,2.02,2.643,11.46,73.4,92.4,100.6,117,6.907,1.849,42.82,2.296,2.432,35.01,13.34,2.491,4.792,.569,70.8,14.74,.636,8.97
101,2017,271,1030,11.98,93.4,91.8,4.482,14.48,3.46,2.259,1.26,-8.17,-15.35,17.21,124.6,2.07,2.681,10.57,77.4,93.8,99.6,116.6,7.14,2.119,11.74,2.34,2.564,38.21,25.69,2.635,5.206,.578,51.56,6.12,.65,26.97
101,2017,271,1040,11.98,57.77,96.4,1.827,14.49,3.363,3.844,1.291,-10.61,-15.94,44.71,128.3,2.176,2.609,2.586,84.1,98.8,105,121.3,8.9,3.321,7.37,25.84,3.487,42.78,16.49,2.631,5.566,.608,1.189,1.921,.67,1.26
101,2017,271,1050,11.98,7.02,97.4,1.827,18.37,3.241,2.264,1.34,-12.94,-16.44,16.9,129,2.301,2.621,9.04,88.8,101.8,101.6,123.4,9.65,5.338,7.02,61.64,7.75,46.67,14.65,2.656,5.901,.633,1.206,2.006,.697,1.306
101,2017,271,1100,11.98,5.934,28.98,1.859,25.43,3.189,3.405,1.775,-14.55,-16,13.1,127.8,2.415,2.68,3.562,92.4,103.6,23.71,123.8,47.28,30.55,7.04,13.92,2.789,50.38,21.12,2.817,6.569,.64,1.469,2.135,.732,1.497
101,2017,271,1110,11.98,5.748,2.993,1.867,35.44,3.196,2.742,5.731,-17.07,-14.87,6.51,125.9,2.611,2.757,2.953,96.8,106.6,6.803,125.5,17.37,61.73,7.04,2.549,2.926,54.67,3.69,6.537,10.52,.692,1.405,2.38,.824,1.516
101,2017,271,1120,11.98,6.529,3.477,2.154,46.13,3.564,2.881,2.417,-14.37,-15.21,21.94,123.7,2.914,3.201,3.186,100.2,109,7.91,127.4,40.06,46.78,7.77,2.77,3.428,58.15,3.71,3.284,21.57,.737,2.418,2.611,.791,1.494
101,2017,271,1130,11.98,9.8,5.577,2.758,52.7,4.42,5.622,2.117,-11.84,-14.89,9.35,119.5,3.588,4.048,3.715,101.8,109.8,10.82,126.8,22.3,55.03,9.16,3.373,12.77,60.73,4.696,4.35,41.78,.886,2.062,3.283,.842,1.737
101,2017,271,1140,11.98,9.22,17,2.829,57.2,4.586,3.849,2.879,-15.53,-14.36,3.663,108.8,4.43,4.484,4.989,104.5,110.1,10.9,123.4,32.97,6.947,9.31,3.552,5.205,65.19,4.201,5.326,29.83,1.109,2.288,6.4,.941,2.169
101,2017,271,1150,11.98,7.75,5.125,2.541,54.69,4.289,3.708,5.365,-19.11,-13.17,3.176,96.1,4.381,4.271,19.36,100.1,103.7,9.7,113.7,64.46,4.11,8.56,3.454,8.29,63.92,4.371,5.103,32.11,1.115,2.127,5.815,1.099,2.202
101,2017,271,1200,11.98,7.31,4.549,2.584,36.67,4.5,4.293,2.296,-19.57,-12.98,3.192,110.9,5.366,4.507,29.1,122.5,125.7,10.3,139.2,111.5,4.316,8.9,5.266,13.24,76.4,4.34,5.52,28.18,1.1,2.392,5.882,1.064,2.427
101,2017,271,1210,11.98,9.63,12.19,4.057,15.34,4.857,8.09,2.333,-19.11,-12.39,3.363,91.4,17.51,5.033,5.996,101.4,103.3,11.78,113.7,71.1,10.67,9.27,4.18,5.822,63.94,4.433,10.23,71.9,1.048,2.45,5.046,.908,2.568
101,2017,271,1220,11.98,7.11,5.815,2.402,12.63,4.618,5.14,1.903,-22.67,-11.78,2.934,62.08,8.46,5.078,4.812,67.31,66.86,9.36,72.4,21.36,5.018,7.97,3.078,4.876,43.02,4.209,23.04,43.12,.938,2.191,4.306,.739,2.209
101,2017,271,1230,11.97,7.88,3.956,3.164,11.86,4.402,4.165,2.124,-24.72,-10.53,3.321,65.51,5.515,4.695,5.277,79.3,77.8,9.8,82.1,14.51,4.643,7.95,3.288,18.6,52.27,4.321,30.78,53.3,1.266,4.063,5.232,.856,2.544
101,2017,271,1240,11.95,8.47,3.596,5.966,13.24,4.644,3.923,2.184,-25.73,-9.51,3.395,53.67,5.422,5.241,5.778,64.83,64.44,10.04,64.58,13,3.973,8.45,3.341,4.819,45.11,3.911,13.61,37.48,1.261,2.552,5.204,.844,2.67
101,2017,271,1250,11.97,6.311,2.517,1.95,10.62,4.77,3.068,2.097,-29.64,-8.83,2.914,36.37,2.847,5.323,5.036,42.82,44.61,8.07,39.31,7.95,2.492,7.94,2.871,3.552,33.75,3.11,4.087,16.21,1.268,2.214,5.478,.846,2.261
101,2017,271,1300,11.96,4.87,1.827,1.527,8.53,4.351,2.869,1.981,-34.63,-7.79,2.459,31.3,3.159,4.299,4.226,38.17,37.35,6.993,32.97,7.16,2.604,7.29,2.452,3.633,29.89,3.117,3.676,14.2,.975,1.725,5.016,.97,1.946
101,2017,271,1310,11.97,6.029,2.487,1.981,9.86,4.289,3.248,2.038,-34.35,-7.1,2.896,38.37,3.867,4.882,5.468,45.46,46.15,7.6,42.26,9.89,2.841,7.93,2.81,4.18,34.91,3.609,4.559,20.93,1.164,2.201,5.686,1,2.697
101,2017,271,1320,11.97,8.03,2.367,1.929,10.51,5.286,3.445,2.427,-35.28,-6.709,3.055,37.83,5.753,6.148,6.013,49.08,50.48,7.33,42.86,7.75,2.561,8.93,2.856,4.415,39.46,3.323,6.591,23.48,1.33,2.258,5.877,1.149,3.192
101,2017,271,1330,11.97,5.123,1.749,1.457,9.08,4.415,2.395,1.839,-35.93,-7.22,2.345,27.18,1.901,4.07,3.745,34.09,36.68,6.572,27.99,5.175,1.648,7.63,2.485,2.676,29.53,2.757,3.052,9.8,.981,1.586,4.603,.921,1.385
101,2017,271,1340,11.96,3.484,1.204,.985,6.426,3.278,1.797,1.486,-37.12,-7.51,1.752,20.04,1.532,3.12,3.016,27.06,28.24,4.559,20.53,3.822,1.599,6.093,1.831,2.159,23.37,2.181,2.164,8.16,.754,1.181,3.636,.735,1.166
101,2017,271,1350,11.97,3.236,1.209,.95,5.592,2.892,1.613,1.33,-39.4,-7.63,1.511,17.87,1.455,2.606,2.728,24.24,25.1,4.149,18.39,3.631,1.499,5.355,1.63,1.986,20.96,1.993,1.911,7.49,.626,1.018,3.006,.608,1.065
101,2017,271,1400,11.98,2.268,.909,.816,4.134,2.653,1.424,1.32,-41.07,-7.65,1.393,15.73,1.554,2.529,2.923,24.14,24.14,3.07,17.2,3.356,1.586,4.872,1.445,1.921,20.92,1.884,1.802,8.39,.623,1.017,3.003,.593,1.29
101,2017,271,1410,11.98,2.631,.96,.896,4.291,2.405,1.471,1.286,-42.67,-7.8,1.404,16.9,1.75,2.209,2.785,24.34,23.96,3.583,18.75,4.102,1.789,4.455,1.519,2.082,20.37,2.072,1.827,9,.588,1.022,3.191,.63,1.263
101,2017,271,1420,11.99,2.484,1.191,.91,4.353,2.251,1.513,1.055,-42.39,-8.07,1.32,18.26,1.908,1.904,2.487,22.49,21.95,3.392,19.17,5.156,1.834,4.384,1.39,2.075,17.74,2.127,1.861,8.51,.487,.883,2.412,.461,1.176
101,2017,271,1430,11.99,1.39,.63,.643,2.839,1.769,1.156,.878,-41.72,-8.4,.977,14.1,1.846,1.454,2.235,19.08,17.75,2.32,15.14,4.417,1.625,3.292,1.09,1.673,15.35,1.652,1.462,7.4,.407,.7,2.087,.422,1.112
101,2017,271,1440,11.99,1.6,.767,.732,3.052,1.854,1.223,.968,-41.15,-8.54,1.091,14.91,1.839,1.548,2.359,19.85,19.05,2.382,16.64,4.598,1.488,3.277,1.129,1.819,16.14,1.774,1.663,8.24,.424,.781,2.598,.487,1.149
101,2017,271,1450,11.99,1.699,.734,.622,2.974,1.627,.983,.704,-41.45,-8.83,.863,11.94,1.101,1.489,1.747,14.65,15.32,2.131,12.53,2.984,.846,3.103,.94,1.288,12.46,1.221,1.325,5.778,.387,.638,1.751,.345,.744
101,2017,271,1500,11.99,1.699,.645,.459,2.939,1.548,.824,.563,-42.56,-9.02,.779,9.71,.625,1.402,1.169,11.37,12.41,2.151,9.29,1.858,.504,3.044,.834,.843,10.21,.958,1.034,2.801,.353,.503,1.406,.305,.404
101,2017,271,1510,11.99,2.126,.757,.56,3.867,1.962,1.047,.764,-41.73,-8.94,.99,11.55,.727,1.759,1.473,13.86,15.34,2.719,11.5,2.084,.601,3.569,1.079,1.136,12.62,1.143,1.273,3.667,.414,.61,1.938,.427,.531
101,2017,271,1520,11.99,2.981,1.136,.849,5.164,2.426,1.36,.992,-44.48,-9.17,1.319,15.66,1.149,2.324,2.141,19.2,20.96,3.674,16.52,3.254,.947,4.343,1.396,1.627,16.75,1.602,1.804,6.155,.501,.88,2.387,.514,.821
101,2017,271,1530,11.99,1.505,.623,.516,2.717,1.528,.876,.699,-70.4,-22.46,.824,10.41,.848,1.555,1.484,13.07,13.33,2.037,11.09,2.098,.717,2.898,.885,1.092,11.82,1.05,1.166,4.349,.394,.593,1.816,.382,.56
101,2017,271,1540,11.99,1.374,.511,.481,2.609,1.453,.826,.687,-67.88,-28.75,.774,9.43,.725,1.33,1.412,12.38,12.57,1.999,10.15,1.865,.732,2.811,.911,1.027,11.49,1.081,.995,3.745,.348,.523,1.717,.394,.533
101,2017,271,1550,11.98,1.369,.484,.439,2.567,1.407,.722,.635,-66.68,-24.62,.702,8.3,.645,1.211,1.307,11.25,11.62,1.752,8.74,1.672,.551,2.749,.787,.896,10.54,.948,.858,3.296,.313,.479,1.62,.377,.454
101,2017,271,1600,11.98,1.32,.526,.519,2.47,1.617,.871,.744,-66.18,-21.36,.801,9.82,1.017,1.652,1.781,14,14.23,1.739,11.1,2.002,.709,2.924,.866,1.19,12.81,1.096,1.243,5.386,.407,.627,1.845,.397,.727
101,2017,271,1610,11.98,2.078,.794,.717,3.738,2.151,1.136,1.03,-64.09,-20.49,1.111,13.07,1.2,2.078,2.222,18.08,18.59,2.577,14.9,2.739,.937,3.796,1.071,1.52,16.37,1.489,1.563,6.687,.488,.848,2.545,.484,.895
101,2017,271,1620,11.99,1.303,.491,.491,2.505,1.768,.875,.803,-73.4,-19.93,.834,9.22,.819,1.489,1.664,13.94,14.43,1.747,10.24,1.841,.655,3.091,.878,1.121,13.35,1.174,1.138,4.276,.399,.591,2.272,.493,.566
101,2017,271,1630,11.99,1.139,.456,.432,2.22,1.66,.752,.782,-84.8,-18.28,.725,7.77,.615,1.339,1.478,12.25,12.99,1.52,8.48,1.476,.543,2.909,.771,1.009,12.05,1.141,.916,3.788,.354,.528,1.927,.459,.503
101,2017,271,1640,11.99,1.099,.461,.369,1.995,1.334,.638,.57,-82.8,-16.84,.581,6.983,.545,1.112,1.131,9.72,10.4,1.401,7.1,1.367,.494,2.54,.663,.818,9.4,.913,.767,2.914,.28,.424,1.314,.348,.405
101,2017,271,1650,11.99,1.066,.436,.369,1.989,1.263,.628,.528,-82.5,-16.28,.57,6.986,.516,1.146,1.061,9.2,9.76,1.421,7.03,1.295,.442,2.439,.647,.741,8.6,.796,.734,2.639,.275,.426,1.245,.293,.407
101,2017,271,1700,11.98,1.027,.437,.34,1.898,1.116,.6,.447,-79.7,-17.08,.509,6.626,.503,1.025,.927,8.07,8.49,1.416,6.541,1.262,.429,2.213,.578,.68,7.43,.704,.694,2.423,.241,.392,.988,.235,.369
101,2017,271,1710,11.98,1.154,.467,.367,2.088,1.045,.606,.434,-80.4,-16.79,.528,6.951,.539,.962,.895,8.14,8.5,1.536,7.05,1.489,.437,2.098,.591,.679,7.21,.724,.727,2.527,.216,.38,.933,.221,.354
101,2017,271,1720,11.98,.945,.41,.327,1.727,.911,.513,.41,-86.2,-15.73,.467,6.181,.503,.883,.875,7.65,7.94,1.278,6.36,1.282,.426,1.843,.518,.612,6.864,.643,.64,2.471,.219,.374,.928,.218,.357
101,2017,271,1730,11.98,.766,.328,.261,1.431,.746,.436,.328,-90.4,-14.96,.404,5.033,.404,.725,.68,6.062,6.357,1.064,5.05,.997,.338,1.521,.437,.483,5.484,.499,.521,1.835,.178,.295,.754,.189,.268
101,2017,271,1740,11.98,.62,.265,.221,1.168,.67,.395,.318,-87.5,-14.97,.357,4.259,.369,.623,.603,5.391,5.571,.871,4.408,.865,.308,1.288,.389,.456,4.839,.457,.442,1.699,.156,.255,.687,.157,.275
101,2017,271,1750,11.98,.407,.179,.141,.724,.454,.255,.216,-62.04,-14.54,.228,2.783,.248,.419,.426,3.644,3.765,.528,2.841,.565,.208,.878,.263,.312,3.331,.337,.305,1.128,.106,.168,.457,.109,.171
101,2017,271,1800,11.98,.313,.134,.102,.55,.337,.184,.144,-61.37,-14.13,.163,2.099,.183,.303,.295,2.506,2.607,.426,2.076,.446,.146,.63,.189,.221,2.255,.235,.216,.764,.069,.116,.31,.074,.116
101,2017,271,1810,11.98,.199,.082,.074,.37,.213,.126,.097,-62.57,-14.18,.107,1.421,.134,.193,.211,1.751,1.764,.286,1.464,.352,.121,.41,.127,.163,1.525,.166,.154,.591,.044,.077,.219,.045,.095
101,2017,271,1820,11.98,.102,.045,.039,.194,.109,.064,.052,-63.36,-14.01,.052,.709,.067,.097,.104,.865,.893,.154,.724,.181,.062,.209,.065,.09,.771,.089,.074,.302,.023,.042,.114,.034,.045
101,2017,271,1830,11.98,.028,.008,.003,.052,.032,.013,.015,-63.65,-14.01,.013,.191,.017,.028,.03,.243,.253,.045,.198,.05,.015,.057,.015,.025,.223,.027,.018,.082,0,.01,.034,.002,.007
101,2017,271,1840,11.98,0,0,0,0,0,0,0,-63.56,-13.85,0,.022,0,0,0,.027,.025,0,.018,0,0,.003,0,0,.022,0,0,.01,0,0,0,0,0
101,2017,271,1850,11.98,0,0,0,0,0,0,0,-63.48,-13.75,0,0,0,0,0,0,0,0,0,0,0,0,0,0,0,0,0,0,0,0,0,0,0
101,2017,271,1900,11.98,0,0,0,0,0,0,0,-63.17,-13.22,0,0,0,0,0,0,0,0,0,0,0,0,0,0,0,0,0,0,0,0,0,0,0
101,2017,271,1910,11.98,0,0,0,0,0,0,0,-63.69,-12.98,0,0,0,0,0,0,0,0,0,0,0,0,0,0,0,0,0,0,0,0,0,0,0
101,2017,271,1920,11.98,0,0,0,0,0,0,0,-64.07,-13.05,0,0,0,0,0,0,0,0,0,0,0,0,0,0,0,0,0,0,0,0,0,0,0
101,2017,271,1930,11.98,0,0,0,0,0,0,0,-62.83,-13.2,0,0,0,0,0,0,0,0,0,0,0,0,0,0,0,0,0,0,0,0,0,0,0
101,2017,271,1940,11.98,0,0,0,0,0,0,0,-62.48,-13.39,0,0,0,0,0,0,0,0,0,0,0,0,0,0,0,0,0,0,0,0,0,0,0
101,2017,271,1950,11.98,0,0,0,0,0,0,0,-62.52,-13.4,0,0,0,0,0,0,0,0,0,0,0,0,0,0,0,0,0,0,0,0,0,0,0
101,2017,271,2000,11.98,0,0,0,0,0,0,0,-62.25,-13.38,0,0,0,0,0,0,0,0,0,0,0,0,0,0,0,0,0,0,0,0,0,0,0
101,2017,271,2010,11.98,0,0,0,0,0,0,0,-61.57,-13.64,0,0,0,0,0,0,0,0,0,0,0,0,0,0,0,0,0,0,0,0,0,0,0
101,2017,271,2020,11.97,0,0,0,0,0,0,0,-60.56,-13.86,0,0,0,0,0,0,0,0,0,0,0,0,0,0,0,0,0,0,0,0,0,0,0
101,2017,271,2030,11.97,0,0,0,0,0,0,0,-59.43,-14.2,0,0,0,0,0,0,0,0,0,0,0,0,0,0,0,0,0,0,0,0,0,0,0
101,2017,271,2040,11.97,0,0,0,0,0,0,0,-59.41,-14.27,0,0,0,0,0,0,0,0,0,0,0,0,0,0,0,0,0,0,0,0,0,0,0
101,2017,271,2050,11.98,0,0,0,0,0,0,0,-59.59,-14.54,0,0,0,0,0,0,0,0,0,0,0,0,0,0,0,0,0,0,0,0,0,0,0
101,2017,271,2100,11.97,0,0,0,0,0,0,0,-59.73,-14.5,0,0,0,0,0,0,0,0,0,0,0,0,0,0,0,0,0,0,0,0,0,0,0
101,2017,271,2110,11.98,0,0,0,0,0,0,0,-59.46,-14.73,0,0,0,0,0,0,0,0,0,0,0,0,0,0,0,0,0,0,0,0,0,0,0
101,2017,271,2120,11.97,0,0,0,0,0,0,0,-58.48,-14.98,0,0,0,0,0,0,0,0,0,0,0,0,0,0,0,0,0,0,0,0,0,0,0
101,2017,271,2130,11.98,0,0,0,0,0,0,0,-57.98,-15.15,0,0,0,0,0,0,0,0,0,0,0,0,0,0,0,0,0,0,0,0,0,0,0
101,2017,271,2140,11.98,0,0,0,0,0,0,0,-60.33,-15.29,0,0,0,0,0,0,0,0,0,0,0,0,0,0,0,0,0,0,0,0,0,0,0
101,2017,271,2150,11.98,0,0,0,0,0,0,0,-60.53,-15.06,0,0,0,0,0,0,0,0,0,0,0,0,0,0,0,0,0,0,0,0,0,0,0
101,2017,271,2200,11.98,0,0,0,0,0,0,0,-61.29,-14.65,0,0,0,0,0,0,0,0,0,0,0,0,0,0,0,0,0,0,0,0,0,0,0
101,2017,271,2210,11.98,0,0,0,0,0,0,0,-61.16,-14.68,0,0,0,0,0,0,0,0,0,0,0,0,0,0,0,0,0,0,0,0,0,0,0
101,2017,271,2220,11.98,0,0,0,0,0,0,0,-61.27,-14.6,0,0,0,0,0,0,0,0,0,0,0,0,0,0,0,0,0,0,0,0,0,0,0
101,2017,271,2230,11.98,0,0,0,0,0,0,0,-60.3,-14.72,0,0,0,0,0,0,0,0,0,0,0,0,0,0,0,0,0,0,0,0,0,0,0
101,2017,271,2240,11.98,0,0,0,0,0,0,0,-59.41,-14.86,0,0,0,0,0,0,0,0,0,0,0,0,0,0,0,0,0,0,0,0,0,0,0
101,2017,271,2250,11.98,0,0,0,0,0,0,0,-59.51,-14.92,0,0,0,0,0,0,0,0,0,0,0,0,0,0,0,0,0,0,0,0,0,0,0
101,2017,271,2300,11.98,0,0,0,0,0,0,0,-59.36,-15.18,0,0,0,0,0,0,0,0,0,0,0,0,0,0,0,0,0,0,0,0,0,0,0
101,2017,271,2310,11.98,0,0,0,0,0,0,0,-59.33,-15.2,0,0,0,0,0,0,0,0,0,0,0,0,0,0,0,0,0,0,0,0,0,0,0
101,2017,271,2320,11.98,0,0,0,0,0,0,0,-59.33,-15.31,0,0,0,0,0,0,0,0,0,0,0,0,0,0,0,0,0,0,0,0,0,0,0
101,2017,271,2330,11.98,0,0,0,0,0,0,0,-58.73,-15.32,0,0,0,0,0,0,0,0,0,0,0,0,0,0,0,0,0,0,0,0,0,0,0
101,2017,271,2340,11.98,0,0,0,0,0,0,0,-59.37,-15.31,0,0,0,0,0,0,0,0,0,0,0,0,0,0,0,0,0,0,0,0,0,0,0
101,2017,271,2350,11.97,0,0,0,0,0,0,0,-59.45,-15.27,0,0,0,0,0,0,0,0,0,0,0,0,0,0,0,0,0,0,0,0,0,0,0
101,2017,271,2400,11.97,0,0,0,0,0,0,0,-58.36,-15.47,0,0,0,0,0,0,0,0,0,0,0,0,0,0,0,0,0,0,0,0,0,0,0
101,2017,272,10,11.97,0,0,0,0,0,0,0,-57.75,-15.49,0,0,0,0,0,0,0,0,0,0,0,0,0,0,0,0,0,0,0,0,0,0,0
101,2017,272,20,11.97,0,0,0,0,0,0,0,-57.81,-15.34,0,0,0,0,0,0,0,0,0,0,0,0,0,0,0,0,0,0,0,0,0,0,0
101,2017,272,30,11.97,0,0,0,0,0,0,0,-57.81,-15.33,0,0,0,0,0,0,0,0,0,0,0,0,0,0,0,0,0,0,0,0,0,0,0
101,2017,272,40,11.97,0,0,0,0,0,0,0,-57.81,-15.22,0,0,0,0,0,0,0,0,0,0,0,0,0,0,0,0,0,0,0,0,0,0,0
101,2017,272,50,11.97,0,0,0,0,0,0,0,-58.2,-15.21,0,0,0,0,0,0,0,0,0,0,0,0,0,0,0,0,0,0,0,0,0,0,0
101,2017,272,100,11.97,0,0,0,0,0,0,0,-57.7,-15.22,0,0,0,0,0,0,0,0,0,0,0,0,0,0,0,0,0,0,0,0,0,0,0
101,2017,272,110,11.97,0,0,0,0,0,0,0,-57.28,-15.27,0,0,0,0,0,0,0,0,0,0,0,0,0,0,0,0,0,0,0,0,0,0,0
101,2017,272,120,11.97,0,0,0,0,0,0,0,-56.65,-15.25,0,0,0,0,0,0,0,0,0,0,0,0,0,0,0,0,0,0,0,0,0,0,0
101,2017,272,130,11.97,0,0,0,0,0,0,0,-56.19,-15.39,0,0,0,0,0,0,0,0,0,0,0,0,0,0,0,0,0,0,0,0,0,0,0
101,2017,272,140,11.97,0,0,0,0,0,0,0,-55.46,-15.46,0,0,0,0,0,0,0,0,0,0,0,0,0,0,0,0,0,0,0,0,0,0,0
101,2017,272,150,11.97,0,0,0,0,0,0,0,-54.46,-15.45,0,0,0,0,0,0,0,0,0,0,0,0,0,0,0,0,0,0,0,0,0,0,0
101,2017,272,200,11.97,0,0,0,0,0,0,0,-53.88,-15.47,0,0,0,0,0,0,0,0,0,0,0,0,0,0,0,0,0,0,0,0,0,0,0
101,2017,272,210,11.97,0,0,0,0,0,0,0,-53.44,-15.6,0,0,0,0,0,0,0,0,0,0,0,0,0,0,0,0,0,0,0,0,0,0,0
101,2017,272,220,11.97,0,0,0,0,0,0,0,-53.37,-15.72,0,0,0,0,0,0,0,0,0,0,0,0,0,0,0,0,0,0,0,0,0,0,0
101,2017,272,230,11.97,0,0,0,0,0,0,0,-54.17,-15.9,0,0,0,0,0,0,0,0,0,0,0,0,0,0,0,0,0,0,0,0,0,0,0
101,2017,272,240,11.97,0,0,0,0,0,0,0,-54.24,-15.92,0,0,0,0,0,0,0,0,0,0,0,0,0,0,0,0,0,0,0,0,0,0,0
101,2017,272,250,11.98,0,0,0,0,0,0,0,-54.93,-16.01,0,0,0,0,0,0,0,0,0,0,0,0,0,0,0,0,0,0,0,0,0,0,0
101,2017,272,300,11.98,0,0,0,0,0,0,0,-54.42,-16.02,0,0,0,0,0,0,0,0,0,0,0,0,0,0,0,0,0,0,0,0,0,0,0
101,2017,272,310,11.98,0,0,0,0,0,0,0,-54.28,-16.08,0,0,0,0,0,0,0,0,0,0,0,0,0,0,0,0,0,0,0,0,0,0,0
101,2017,272,320,11.98,0,0,0,0,0,0,0,-53.54,-16.01,0,0,0,0,0,0,0,0,0,0,0,0,0,0,0,0,0,0,0,0,0,0,0
101,2017,272,330,11.98,0,0,0,0,0,0,0,-54.08,-16.04,0,0,0,0,0,0,0,0,0,0,0,0,0,0,0,0,0,0,0,0,0,0,0
101,2017,272,340,11.98,0,0,0,0,0,0,0,-54.38,-16.18,0,0,0,0,0,0,0,0,0,0,0,0,0,0,0,0,0,0,0,0,0,0,0
101,2017,272,350,11.97,0,0,0,0,0,0,0,-54.71,-16.34,0,0,0,0,0,0,0,0,0,0,0,0,0,0,0,0,0,0,0,0,0,0,0
101,2017,272,400,11.97,0,0,0,0,0,0,0,-54.5,-16.4,0,0,0,0,0,0,0,0,0,0,0,0,0,0,0,0,0,0,0,0,0,0,0
101,2017,272,410,11.97,0,0,0,0,0,0,0,-54.23,-16.49,0,0,0,0,0,0,0,0,0,0,0,0,0,0,0,0,0,0,0,0,0,0,0
101,2017,272,420,11.97,0,0,0,0,0,0,0,-55.25,-16.59,0,0,0,0,0,0,0,0,0,0,0,0,0,0,0,0,0,0,0,0,0,0,0
101,2017,272,430,11.97,0,0,0,0,0,0,0,-55,-16.55,0,0,0,0,0,0,0,0,0,0,0,0,0,0,0,0,0,0,0,0,0,0,0
101,2017,272,440,11.97,0,0,0,0,0,0,0,-54.94,-16.59,0,0,0,0,0,0,0,0,0,0,0,0,0,0,0,0,0,0,0,0,0,0,0
101,2017,272,450,11.97,0,0,0,0,0,0,0,-54.04,-16.54,0,0,0,0,0,0,0,0,0,0,0,0,0,0,0,0,0,0,0,0,0,0,0
101,2017,272,500,11.97,0,0,0,0,0,0,0,-54.19,-16.63,0,0,0,0,0,0,0,0,0,0,0,0,0,0,0,0,0,0,0,0,0,0,0
101,2017,272,510,11.97,0,0,0,0,0,0,0,-52.49,-16.69,0,0,0,0,0,0,0,0,0,0,0,0,0,0,0,0,0,0,0,0,0,0,0
101,2017,272,520,11.97,0,0,0,0,0,0,0,-52.84,-16.79,0,0,0,0,0,0,0,0,0,0,0,0,0,0,0,0,0,0,0,0,0,0,0
101,2017,272,530,11.97,0,0,0,0,0,0,0,-52.55,-16.83,0,0,0,0,0,0,0,0,0,0,0,0,0,0,0,0,0,0,0,0,0,0,0
101,2017,272,540,11.97,0,0,0,0,0,0,0,-51.92,-16.79,0,0,0,0,0,0,0,0,0,0,0,0,0,0,0,0,0,0,0,0,0,0,0
101,2017,272,550,11.97,0,0,0,0,0,0,0,-52.31,-16.85,0,.018,0,0,0,.012,.008,0,.01,0,0,0,0,0,.007,0,0,0,0,0,0,0,0
101,2017,272,600,11.97,.02,.005,.002,.034,.022,.008,.005,-52.15,-16.88,.005,.156,.008,.022,.008,.112,.121,.035,.116,.035,.003,.045,.013,.02,.092,.018,.01,.034,0,.005,.013,0,0
101,2017,272,610,11.97,.089,.042,.032,.166,.082,.05,.035,-52.19,-16.75,.042,.736,.047,.082,.062,.59,.622,.149,.558,.154,.044,.199,.06,.059,.491,.062,.054,.161,.022,.034,.064,.028,.027
101,2017,272,620,11.97,.238,.102,.067,.426,.216,.142,.087,-51.48,-16.79,.109,2.023,.127,.218,.164,1.611,1.703,.392,1.527,.396,.112,.511,.159,.166,1.341,.161,.146,.401,.045,.077,.168,.042,.065
101,2017,272,630,11.97,.421,.194,.116,.773,.385,.258,.151,-50.95,-16.72,.198,3.778,.223,.392,.29,2.894,3.067,.721,2.79,.704,.196,.939,.293,.295,2.4,.28,.265,.674,.082,.131,.29,.082,.114
101,2017,272,640,11.97,.597,.277,.168,1.153,.526,.379,.215,-50.13,-16.71,.283,5.626,.322,.545,.421,4.187,4.438,1.225,4.113,1.034,.273,1.411,.429,.431,3.449,.402,.391,.962,.116,.188,.411,.111,.159
101,2017,272,650,11.97,.783,.365,.216,1.507,.685,.469,.275,-49.05,-16.73,.365,7.38,.404,.712,.572,5.537,5.638,4.813,5.445,1.349,.349,1.956,.687,.615,4.354,.479,.476,1.213,.153,.241,.496,.153,.204
101,2017,272,700,11.97,.945,.427,.256,1.825,.835,.582,.33,-48.08,-16.95,.432,9.05,.449,.851,.746,8.12,6.716,8.53,11.87,1.676,.421,3.53,1.178,.923,5.112,.583,.592,1.461,.178,.288,.588,.173,.245
101,2017,272,710,11.97,1.083,.459,.312,2.1,.989,.726,.394,-46.58,-17.19,.498,13.86,.533,.987,.838,10.3,7.68,8.96,32.26,2.154,.469,5.378,1.512,1.341,5.74,.682,.726,1.671,.209,.334,.67,.204,.3
101,2017,272,720,11.97,1.215,.518,.387,2.375,1.183,.895,.456,-45.58,-17.75,.62,56.72,1.874,1.339,.945,10.98,8.2,3.134,39.3,9.28,.533,4.324,1.666,3.075,6.231,.758,.888,1.834,.251,.387,.742,.235,.377
101,2017,272,730,11.97,1.369,.588,.454,2.707,1.399,1.106,.744,-45.18,-18.29,.766,66.45,11.09,2.581,1.042,11.22,8.87,3.556,47,5.817,.59,4.647,1.929,1.539,6.672,.841,1.081,1.986,.293,.436,.813,.272,.436
101,2017,272,740,11.97,1.423,.612,.531,2.908,1.636,1.361,.672,-44.71,-19.04,.868,74,7.75,2.098,1.135,10.88,9.21,7.52,53.77,3.097,.639,4.862,2.077,1.552,6.952,1.2,1.073,2.095,.312,.447,.86,.302,.471
101,2017,272,750,11.98,1.517,.66,.618,4.428,1.961,5.345,.652,-42.99,-19.66,.96,81.4,2.454,2.13,1.217,11.04,9.6,41.32,60.64,8.61,.707,6.293,2.125,2.863,7.24,1.039,1.929,2.207,.342,.473,.918,.332,.786
101,2017,272,800,11.98,1.611,.717,.729,5.816,2.457,18.96,.685,-29.43,-20.12,1.068,87.4,1.309,2.115,1.284,11.27,10.18,50.75,66.74,4.741,.744,19.21,5.755,9.81,7.48,2.125,1.135,2.301,.365,.618,.957,.354,3.932
101,2017,272,810,11.98,1.72,.786,.861,39.54,2.68,12.43,.684,-29.23,-20.45,1.203,93.2,1.312,22.29,1.361,11.98,28.31,56.73,72.7,22.61,.791,34.05,2.566,1.862,8.14,1.026,1.185,2.387,.453,.617,1.021,.394,4.589
101,2017,272,820,11.98,3.683,1.024,1.047,55.41,3.903,3.745,.85,-36.7,-20.27,1.636,96.1,1.362,3.821,1.451,14.81,35.89,60.04,76.4,41.22,.835,27.94,2.179,6.659,8.65,1.126,1.354,2.549,.412,.761,1.071,.407,.583