101,2017,212,910,12.26,1.374,.635,.66,4.704,2.593,3.915,.957,-22.69,-6.773,.794,95.8,1.411,1.585,1.466,13.48,26.72,33.66,69.73,3.903,.783,31.66,35.06,3.075,9.62,1.689,1.066,2.382,.328,.439,1.054,.339,.469
101,2017,212,920,12.26,1.45,.679,.751,20.34,2.978,1.725,.61,-24.6,-6.808,.85,99.4,1.374,1.658,1.555,16.65,30.95,15.54,74,4.213,.865,33.24,44.13,1.693,9.83,1.239,1.113,2.489,.335,.469,1.111,.369,1.86
101,2017,212,930,12.27,1.523,.719,.841,35.67,3.122,2.092,1.971,-25.64,-6.012,.893,102.4,1.423,8.16,1.661,21.11,34.43,3.412,77.6,15.82,1.007,33.77,5.648,1.783,10.18,1.339,1.155,2.615,.365,.483,1.172,.387,.531
101,2017,212,940,12.27,1.644,1.249,.97,37.71,3.543,2.584,1.239,-26.49,-6.095,.962,104.9,1.495,3.644,1.885,25.91,37.21,3.586,80.9,5.505,1.155,25.18,3.099,2.123,10.61,1.559,1.254,2.79,.379,.52,1.242,.421,.823
101,2017,212,950,12.27,1.946,.972,1.138,39.43,25.98,11.72,.769,-19.59,-5.783,1.064,106.6,1.609,1.942,2.041,30.34,35.51,4.023,83.4,5.944,1.284,10.1,2.299,2.638,11.32,1.674,1.411,3.05,.402,.57,1.326,.436,.63
101,2017,212,1000,12.27,2.059,1.004,1.282,40.74,40.13,21.32,.955,-11.81,-5.427,1.159,108.7,1.996,1.935,2.872,34.98,26.49,4.246,86.3,11.15,1.401,10.01,4.192,5.481,12.37,1.858,1.572,3.579,.417,.618,1.448,.474,.761
101,2017,212,1010,12.27,2.145,1.056,1.433,42.29,48.03,9.36,5.04,-22.56,-3.544,1.25,111.5,1.969,1.996,2.718,40.16,17.12,4.43,89.7,74.7,1.56,18.8,2.295,13.38,13.73,2.138,1.799,4.239,.436,.682,1.627,.546,.875
101,2017,212,1020,12.27,2.037,1.037,1.392,43.66,57.37,10.11,9.39,-21.5,-1.937,1.253,113,1.967,1.923,2.436,43.68,13.25,4.509,92,30.47,1.783,26.94,2.012,8.17,14.02,2.309,1.97,3.776,.434,.665,1.588,2.314,.787
101,2017,212,1030,12.27,2.357,1.186,1.431,45.26,63.06,2.124,9.52,-27.89,-2.295,1.381,114.2,2.031,1.992,3.041,48.59,13.86,4.808,94.1,17.99,2.228,35.26,1.927,2.697,16.46,2.516,2.161,4.063,.436,.72,1.645,.529,2.751
101,2017,212,1040,12.27,2.949,1.468,1.436,46.98,67.95,10.15,18.49,-23.43,.405,2.01,117.3,2.014,2.031,3.667,54.31,15.4,5.293,97.9,87.8,4.252,40.11,2.155,2.307,19.92,2.868,2.54,4.524,.462,.819,1.742,.583,1.129
101,2017,212,1050,12.27,2.771,1.163,1.263,47.08,72.9,14.53,12.93,-20.18,-2.088,1.742,117.5,1.972,1.942,2.508,58.46,13.93,4.594,99,92.7,1.865,18.69,1.781,2.056,22.45,2.563,2.173,13.72,.477,.747,1.687,.588,.873
101,2017,212,1100,12.28,2.114,1.117,1.218,44.54,75.5,68.24,.923,25.6,-5.928,3.812,116.7,2.007,1.786,7.1,62.47,13.14,4.334,99.9,94.6,1.997,5.135,1.833,1.918,25.3,2.496,3.331,8.69,.466,.752,3.264,.694,.881
101,2017,212,1110,12.28,2.729,1.324,1.365,37.98,73.6,63.25,2.134,21.54,-4.795,2.051,118.8,2.305,1.858,10.42,68.95,15.4,5.041,103.3,96.2,2.216,5.175,19.32,3.87,30.28,2.525,2.253,41.49,.526,1.292,1.933,.7,.955
101,2017,212,1120,12.28,4.406,2.029,1.855,29.44,17.58,8.74,1.422,-28.49,-6.683,1.962,106.7,10.69,2.267,3.481,67.56,20.19,6.453,93.9,81.4,2.836,5.951,2.086,2.441,31.9,3.123,2.823,47.38,.57,1.084,2.394,.734,1.399
101,2017,212,1130,12.28,2.777,1.478,1.424,25.58,3.53,20.52,1.225,-23.03,-7.15,1.695,123.7,4.255,2.01,3.379,81.1,17.43,5.58,109.7,92.8,3.448,5.265,1.782,2.737,37.22,2.937,2.461,64.24,.618,1.084,2.38,.774,1.467
101,2017,212,1140,12.28,2.694,1.531,1.395,17.07,6.82,3.843,1.106,-37.04,-6.898,1.665,114.9,7.15,2.04,15.82,79.5,18.31,9.17,102.7,74.2,3.466,4.93,1.606,5.615,37.49,2.828,2.779,62.44,.647,1.129,2.533,.782,1.436
101,2017,212,1150,12.28,2.747,1.769,1.735,12.79,3.208,3.524,.95,-39.49,-6.665,1.513,83.4,8.36,1.757,13.47,58.07,18.81,33.4,73.6,60.89,2.943,5.002,1.544,2.65,28.3,2.818,3.024,41.7,.628,1.012,2.062,.62,1.171
101,2017,212,1200,12.28,3.409,2.343,5.268,16.62,3.28,4.583,1.134,-37.65,-5.67,1.776,95.6,9.76,2.109,15.53,71,21.92,8.72,85.9,40.64,4.179,5.228,1.729,3.075,34.4,3.082,3.665,52.45,3.653,1.335,2.461,.734,1.566
101,2017,212,1210,12.28,3.452,2.561,13.54,22.09,2.749,3.007,1.176,-37.09,-5.558,1.794,106.9,4.426,2.151,17.22,83.2,22.33,6.114,98.6,81.8,4.771,5.012,1.715,3.075,41.2,3.36,3.737,65.49,2.724,1.347,2.781,.866,1.74
101,2017,212,1220,12.28,2.784,1.879,1.26,6.603,2.348,2.219,1.052,-38.37,-5.675,1.481,109.7,3.306,1.819,15.61,87.2,23.14,5.018,101.4,93.1,3.539,4.358,1.504,2.389,42.85,2.692,2.553,71.1,.747,1.106,2.412,.806,1.501
101,2017,212,1230,12.28,10.96,6.665,1.378,6.568,2.584,2.293,1.141,-38.55,-5.507,1.663,111,7.4,2.109,10.62,92.2,70,42.29,104,78,5.062,4.829,1.754,2.569,47.21,2.769,12.04,74.7,.75,1.499,2.839,.851,6.514
101,2017,212,1240,12.28,6.063,8.27,1.325,6.748,3.772,9.83,1.214,-32.87,-5.757,1.703,113.9,18.39,10.24,3.74,97.2,85.5,105.7,106.8,95.9,43.85,5.382,1.74,2.819,49.79,3.407,35.27,78.1,.752,1.544,3.202,.93,4.269
101,2017,212,1250,12.28,11.06,4.424,1.953,9.94,4.388,3.944,1.499,-38.13,-5.338,2.213,82.7,11.42,2.628,3.799,71.8,53.49,27.74,76.9,52.09,30.46,5.408,2.035,4.264,39.93,4.147,5.229,49.48,.688,4.542,3.526,.987,2.107
101,2017,212,1300,12.28,4.413,4.174,5.549,8.17,5.494,4.896,1.821,-37.1,-4.505,3.353,75,5.623,2.499,3.825,70.4,36.92,8.94,71.3,35.44,17.29,5.087,1.938,4.449,40.77,4.274,6.482,47.68,.755,12.89,3.892,1.059,2.105
101,2017,212,1310,12.28,4.721,2.539,20.21,9.69,4.187,3.614,2.127,-38.84,-3.715,2.8,83.2,5.966,3.591,5.383,82.2,38.07,8.6,80.1,15.85,9.37,6.172,2.388,5.17,48.66,4.398,34.69,54.45,1.023,3.191,5.09,1.226,2.956
101,2017,212,1320,12.28,5.474,2.836,6.639,11.39,4.906,4.112,2.517,-37.87,-3.611,3.388,81.2,6.842,4.415,6.393,82.6,44.49,9.29,78.3,15.26,7.25,7.01,2.743,7.52,51.53,4.974,27.05,51.18,1.231,2.844,6.204,1.36,3.326
101,2017,212,1330,12.28,5.683,2.72,2.427,11.58,5.845,3.859,2.564,-37.63,-3.549,3.417,65.24,6.887,4.256,6.072,68.29,44.46,9.16,63.18,14.58,6.105,7.19,2.737,8.72,45.37,4.983,14.14,37.36,1.149,2.486,6.149,1.223,3.176
101,2017,212,1340,12.28,4.866,2.136,1.842,10.27,4.542,3.308,2.754,-37.59,-3.347,2.926,48.56,7.08,4.018,5.497,52.43,39.48,7.56,46.84,11.6,4.645,6.778,2.395,8.94,37.09,4.042,6.526,25.05,1.005,2.288,5.7,1.043,2.837
101,2017,212,1350,12.28,3.688,1.777,1.595,7.65,3.935,2.985,2.512,-36.65,-3.239,2.693,52.76,12.88,3.554,5.296,58.83,33.99,6.419,51.98,10.29,5.144,5.834,2.157,12.84,39.02,3.851,5.817,34.06,.97,2.28,5.069,.978,2.739
101,2017,212,1400,12.28,2.605,1.196,.92,5.035,2.055,1.571,1.101,-37.57,-4.152,1.367,20.79,2.183,2.092,3.023,23.89,22.41,3.384,20.86,5.047,1.901,3.407,1.179,2.253,19.2,1.962,2.169,11.2,.504,.941,3.099,.571,1.57
101,2017,212,1410,12.28,4.121,1.41,1.149,8.02,2.747,1.89,1.149,-33.43,-3.866,1.667,24.09,1.854,2.704,2.915,25.52,25.33,5.481,23.15,4.915,1.699,4.555,1.642,2.201,21.11,2.151,2.454,9.24,.633,1.127,3.38,.565,1.253
101,2017,212,1420,12.28,3.154,1.188,1.067,6.181,2.903,2.047,1.523,-32.02,-3.71,2.102,25.75,2.298,2.913,3.543,33.23,27.96,4.866,25.23,5.213,3.409,4.684,1.712,2.715,25.42,2.849,2.555,12.36,.797,1.369,3.958,.704,1.595
101,2017,212,1430,12.28,5.101,2.012,1.886,9.97,4.012,4.729,4.009,-31.45,-2.25,4.089,60.76,5.3,4.335,7.06,77.9,39.51,7.71,64.8,11.3,7.08,6.679,2.92,4.717,49.98,4.776,4.65,47.99,1.214,3.024,5.089,1.018,3.335
101,2017,212,1440,12.28,3.054,1.382,1.144,6.642,2.732,2.37,5.517,-31.39,-1.674,24.65,72.5,3.347,9.49,4.803,102.2,22.68,5.785,81.6,7.96,9.49,5.488,17.61,8.18,58.89,3.724,3.035,79.2,1.072,1.871,2.932,.829,2.201
101,2017,212,1450,12.28,1.742,.871,.859,4.109,2.216,2.448,1.798,-31.17,-4.106,2.747,63.63,3.022,1.927,13.2,100.2,23.82,4.277,74.7,6.277,11.56,5.275,16.12,2.397,57.78,52.42,2.62,78.1,1.009,1.556,2.791,.759,2.143
101,2017,212,1500,12.28,1.761,.834,.999,4.09,2.555,5.029,11.87,-30.02,.618,3.577,53.11,3.959,2.394,16.44,87.7,29.22,4.294,63.46,6.403,13.91,4.775,1.776,3.342,51.39,44.31,2.655,62.66,6.125,1.908,3.599,.759,2.748
101,2017,212,1510,12.28,1.63,.737,.767,4.002,2.354,2.212,1.54,-34.22,-4.71,2.181,27.05,2.555,1.989,4.641,39.33,22.03,3.515,28.9,5.105,8.54,3.768,1.416,2.624,25.92,4.101,1.746,14.57,3.837,1.675,3.18,.593,1.962
101,2017,212,1520,12.28,2.119,.903,1.015,4.808,2.818,2.066,1.474,-33.4,-4.607,2.9,25.06,2.443,2.446,4.338,36.83,29.52,3.818,25.99,5.519,6.851,4.287,1.526,2.712,26.77,3.088,2.212,11.42,.871,1.265,4.282,.648,1.677
101,2017,212,1530,12.28,2.811,1.141,1.206,6.063,2.996,7.5,1.692,-29.22,-4.085,32.22,39.51,3.269,2.734,6.241,71.6,54.06,4.894,48.08,7.15,20.44,4.716,1.749,3.002,44.28,4.363,2.738,13.02,1.01,1.675,4.348,.705,2.255
101,2017,212,1540,12.28,1.394,.689,2.136,3.274,1.669,10.97,.925,-26.16,-4.358,39.26,35.92,2.245,1.473,3.166,87.8,67.68,3.234,51.75,11.53,7.94,3.158,.994,1.52,48.6,11.5,1.741,5.023,.545,1.117,1.943,.439,.921
101,2017,212,1550,12.28,1.168,.545,.598,2.743,1.444,1.128,.801,-33.19,-4.5,2.97,29.74,2.036,1.272,2.815,83.2,63.81,2.716,45.75,19.5,5.016,2.769,.901,1.412,21.04,1.751,1.402,4.611,.432,.883,1.637,.402,.836
101,2017,212,1600,12.28,1.221,.573,.521,2.8,1.954,1.004,.791,-33.19,-4.473,1.128,25.41,1.845,1.203,2.475,79.6,60.82,2.612,40.95,9.91,4.797,2.843,.871,1.31,12.15,1.572,1.193,4.344,.394,.679,1.851,.4,.766
101,2017,212,1610,12.28,1.913,.851,.719,4.093,1.979,1.427,1.106,-33.68,-4.574,1.448,25.12,2.195,1.729,2.852,68.27,52.41,3.471,35.57,5.983,5.324,3.632,1.215,2.54,17.17,2.227,1.57,7.2,.467,.826,2.649,.509,1.208
101,2017,212,1620,12.28,1.923,.824,.744,4.07,1.962,1.471,1.05,-34.1,-4.755,1.56,18.86,1.977,1.841,2.92,26.34,22.48,3.165,18.88,4.445,2.836,3.408,1.188,2.005,19.1,2.381,1.702,8.63,.504,.858,2.82,.499,1.424
101,2017,212,1630,12.28,2.021,.719,.675,3.999,1.887,1.221,1.005,-34.08,-4.698,1.179,15.29,1.391,1.83,2.476,22.89,21.28,2.922,15.29,3.146,1.754,3.265,1.102,1.766,17.5,1.803,1.489,7.04,.452,.759,2.845,.503,1.131
101,2017,212,1640,12.28,1.489,.503,.493,3.048,1.525,.938,.761,-32.86,-4.617,.886,12.48,1.024,1.453,1.861,18.06,16.66,2.312,11.84,2.568,1.31,2.689,.896,1.317,13.87,1.367,1.205,5.144,.407,.595,2.196,.421,.794
101,2017,212,1650,12.28,1.168,.436,.432,2.496,1.347,.821,.647,-31.48,-4.547,.799,10.59,.911,1.228,1.649,15,13.66,1.856,9.99,2.178,1.179,2.322,.767,1.123,12.24,1.595,.978,4.42,.347,.504,1.845,.374,.709
101,2017,212,1700,12.28,.915,.409,.372,2.046,1.138,.672,.516,-30.74,-4.627,.647,8.34,.675,1.014,1.317,10.89,10.72,1.448,8,1.716,.861,1.952,.6,.883,9.68,.992,.769,3.557,.28,.424,1.513,.293,.581
101,2017,212,1710,12.28,.865,.354,.347,1.856,1.061,.6,.509,-30.21,-4.651,.56,7.37,.643,.878,1.223,10.52,10.22,1.302,7.26,1.607,.767,1.727,.548,.844,9.34,1.002,.702,3.364,.26,.39,1.551,.308,.531
101,2017,212,1720,12.28,.759,.335,.32,1.68,.968,.536,.452,-29.21,-4.872,.508,6.668,.601,.803,1.089,9.18,9.06,1.193,6.554,1.508,.692,1.54,.474,.769,8.19,.823,.648,3.043,.216,.347,1.308,.255,.486
101,2017,212,1730,12.28,.637,.256,.231,1.364,.697,.412,.345,-28.65,-4.959,.384,4.839,.402,.575,.724,6.599,6.554,.955,4.576,1.039,.464,1.23,.387,.511,5.857,.585,.459,1.94,.163,.253,.938,.196,.315
101,2017,212,1740,12.28,.421,.188,.151,.913,.471,.313,.214,-28.48,-5.08,.256,3.584,.318,.404,.471,4.254,4.021,.658,3.188,.789,.38,.868,.275,.392,3.662,.427,.325,1.364,.112,.178,.493,.132,.216
101,2017,212,1750,12.28,.295,.126,.097,.605,.325,.193,.151,-28.53,-5.082,.171,2.376,.191,.288,.327,2.883,2.919,.462,2.083,.503,.225,.593,.184,.253,2.553,.283,.213,.766,.072,.111,.37,.084,.141
101,2017,212,1800,12.28,.161,.062,.05,.328,.156,.097,.07,-28.43,-5.216,.082,1.185,.095,.144,.151,1.327,1.345,.243,1.024,.261,.119,.313,.089,.119,1.159,.137,.102,.377,.034,.055,.166,.042,.062
101,2017,212,1810,12.27,.055,.018,.018,.109,.054,.032,.023,-29.81,-5.351,.027,.379,.03,.049,.049,.416,.404,.077,.347,.085,.032,.087,.028,.045,.362,.044,.035,.136,.005,.02,.059,.013,.02
101,2017,212,1820,12.27,.003,0,0,.013,.003,0,0,-31.96,-5.415,0,.064,0,.002,.002,.069,.069,.01,.057,.015,0,.013,0,0,.064,0,0,.022,0,0,.003,0,0
101,2017,212,1830,12.27,0,0,0,0,0,0,0,-32.22,-5.309,0,.003,0,0,0,.007,.003,0,0,0,0,0,0,0,0,0,0,0,0,0,0,0,0
101,2017,212,1840,12.27,0,0,0,0,0,0,0,-31.94,-5.373,0,0,0,0,0,0,0,0,0,0,0,0,0,0,0,0,0,0,0,0,0,0,0
101,2017,212,1850,12.27,0,0,0,0,0,0,0,-32.64,-5.49,0,0,0,0,0,0,0,0,0,0,0,0,0,0,0,0,0,0,0,0,0,0,0
101,2017,212,1900,12.27,0,0,0,0,0,0,0,-32.74,-5.644,0,0,0,0,0,0,0,0,0,0,0,0,0,0,0,0,0,0,0,0,0,0,0
101,2017,212,1910,12.27,0,0,0,0,0,0,0,-32.46,-5.953,0,0,0,0,0,0,0,0,0,0,0,0,0,0,0,0,0,0,0,0,0,0,0
101,2017,212,1920,12.27,0,0,0,0,0,0,0,-31.92,-6.119,0,0,0,0,0,0,0,0,0,0,0,0,0,0,0,0,0,0,0,0,0,0,0
101,2017,212,1930,12.27,0,0,0,0,0,0,0,-32.09,-6.451,0,0,0,0,0,0,0,0,0,0,0,0,0,0,0,0,0,0,0,0,0,0,0
101,2017,212,1940,12.27,0,0,0,0,0,0,0,-31.45,-6.343,0,0,0,0,0,0,0,0,0,0,0,0,0,0,0,0,0,0,0,0,0,0,0
101,2017,212,1950,12.27,0,0,0,0,0,0,0,-31,-6.893,0,0,0,0,0,0,0,0,0,0,0,0,0,0,0,0,0,0,0,0,0,0,0
101,2017,212,2000,12.27,0,0,0,0,0,0,0,-29.79,-7.57,0,0,0,0,0,0,0,0,0,0,0,0,0,0,0,0,0,0,0,0,0,0,0
101,2017,212,2010,12.26,0,0,0,0,0,0,0,-29.27,-7.13,0,0,0,0,0,0,0,0,0,0,0,0,0,0,0,0,0,0,0,0,0,0,0
101,2017,212,2020,12.26,0,0,0,0,0,0,0,-28.69,-7.29,0,0,0,0,0,0,0,0,0,0,0,0,0,0,0,0,0,0,0,0,0,0,0
101,2017,212,2030,12.26,0,0,0,0,0,0,0,-29.12,-7.09,0,0,0,0,0,0,0,0,0,0,0,0,0,0,0,0,0,0,0,0,0,0,0
101,2017,212,2040,12.26,0,0,0,0,0,0,0,-29.63,-6.685,0,0,0,0,0,0,0,0,0,0,0,0,0,0,0,0,0,0,0,0,0,0,0
101,2017,212,2050,12.26,0,0,0,0,0,0,0,-29.41,-6.605,0,0,0,0,0,0,0,0,0,0,0,0,0,0,0,0,0,0,0,0,0,0,0
101,2017,212,2100,12.26,0,0,0,0,0,0,0,-28.64,-7.45,0,0,0,0,0,0,0,0,0,0,0,0,0,0,0,0,0,0,0,0,0,0,0
101,2017,212,2110,12.26,0,0,0,0,0,0,0,-27.56,-7.18,0,0,0,0,0,0,0,0,0,0,0,0,0,0,0,0,0,0,0,0,0,0,0
101,2017,212,2120,12.26,0,0,0,0,0,0,0,-26.84,-6.794,0,0,0,0,0,0,0,0,0,0,0,0,0,0,0,0,0,0,0,0,0,0,0
101,2017,212,2130,12.26,0,0,0,0,0,0,0,-26.66,-6.828,0,0,0,0,0,0,0,0,0,0,0,0,0,0,0,0,0,0,0,0,0,0,0
101,2017,212,2140,12.26,0,0,0,0,0,0,0,-27.09,-6.992,0,0,0,0,0,0,0,0,0,0,0,0,0,0,0,0,0,0,0,0,0,0,0
101,2017,212,2150,12.26,0,0,0,0,0,0,0,-26.58,-7.14,0,0,0,0,0,0,0,0,0,0,0,0,0,0,0,0,0,0,0,0,0,0,0
101,2017,212,2200,12.26,0,0,0,0,0,0,0,-25.82,-7.08,0,0,0,0,0,0,0,0,0,0,0,0,0,0,0,0,0,0,0,0,0,0,0
101,2017,212,2210,12.26,0,0,0,0,0,0,0,-24.76,-7.01,0,0,0,0,0,0,0,0,0,0,0,0,0,0,0,0,0,0,0,0,0,0,0
101,2017,212,2220,12.26,0,0,0,0,0,0,0,-23.8,-6.915,0,0,0,0,0,0,0,0,0,0,0,0,0,0,0,0,0,0,0,0,0,0,0
101,2017,212,2230,12.26,0,0,0,0,0,0,0,-23.2,-6.87,0,0,0,0,0,0,0,0,0,0,0,0,0,0,0,0,0,0,0,0,0,0,0
101,2017,212,2240,12.26,0,0,0,0,0,0,0,-22.41,-6.87,0,0,0,0,0,0,0,0,0,0,0,0,0,0,0,0,0,0,0,0,0,0,0
101,2017,212,2250,12.26,0,0,0,0,0,0,0,-22.11,-6.855,0,0,0,0,0,0,0,0,0,0,0,0,0,0,0,0,0,0,0,0,0,0,0
101,2017,212,2300,12.26,0,0,0,0,0,0,0,-21.84,-6.858,0,0,0,0,0,0,0,0,0,0,0,0,0,0,0,0,0,0,0,0,0,0,0
101,2017,212,2310,12.26,0,0,0,0,0,0,0,-21.53,-6.925,0,0,0,0,0,0,0,0,0,0,0,0,0,0,0,0,0,0,0,0,0,0,0
101,2017,212,2320,12.26,0,0,0,0,0,0,0,-21.27,-6.984,0,0,0,0,0,0,0,0,0,0,0,0,0,0,0,0,0,0,0,0,0,0,0
101,2017,212,2330,12.25,0,0,0,0,0,0,0,-21.16,-6.974,0,0,0,0,0,0,0,0,0,0,0,0,0,0,0,0,0,0,0,0,0,0,0
101,2017,212,2340,12.26,0,0,0,0,0,0,0,-20.52,-7,0,0,0,0,0,0,0,0,0,0,0,0,0,0,0,0,0,0,0,0,0,0,0
101,2017,212,2350,12.25,0,0,0,0,0,0,0,-19.79,-7.03,0,0,0,0,0,0,0,0,0,0,0,0,0,0,0,0,0,0,0,0,0,0,0
101,2017,212,2400,12.25,0,0,0,0,0,0,0,-18.96,-6.982,0,0,0,0,0,0,0,0,0,0,0,0,0,0,0,0,0,0,0,0,0,0,0
101,2017,213,10,12.25,0,0,0,0,0,0,0,-18.11,-6.932,0,0,0,0,0,0,0,0,0,0,0,0,0,0,0,0,0,0,0,0,0,0,0
101,2017,213,20,12.25,0,0,0,0,0,0,0,-18.15,-7,0,0,0,0,0,0,0,0,0,0,0,0,0,0,0,0,0,0,0,0,0,0,0
101,2017,213,30,12.25,0,0,0,0,0,0,0,-17.9,-7.04,0,0,0,0,0,0,0,0,0,0,0,0,0,0,0,0,0,0,0,0,0,0,0
101,2017,213,40,12.25,0,0,0,0,0,0,0,-17.5,-7.02,0,0,0,0,0,0,0,0,0,0,0,0,0,0,0,0,0,0,0,0,0,0,0
101,2017,213,50,12.25,0,0,0,0,0,0,0,-16.22,-6.982,0,0,0,0,0,0,0,0,0,0,0,0,0,0,0,0,0,0,0,0,0,0,0
101,2017,213,100,12.25,0,0,0,0,0,0,0,-16.08,-6.833,0,0,0,0,0,0,0,0,0,0,0,0,0,0,0,0,0,0,0,0,0,0,0
101,2017,213,110,12.25,0,0,0,0,0,0,0,-14.85,-6.811,0,0,0,0,0,0,0,0,0,0,0,0,0,0,0,0,0,0,0,0,0,0,0
101,2017,213,120,12.25,0,0,0,0,0,0,0,-14.46,-6.623,0,0,0,0,0,0,0,0,0,0,0,0,0,0,0,0,0,0,0,0,0,0,0
101,2017,213,130,12.25,0,0,0,0,0,0,0,-14.48,-6.664,0,0,0,0,0,0,0,0,0,0,0,0,0,0,0,0,0,0,0,0,0,0,0
101,2017,213,140,12.25,0,0,0,0,0,0,0,-14.09,-6.769,0,0,0,0,0,0,0,0,0,0,0,0,0,0,0,0,0,0,0,0,0,0,0
101,2017,213,150,12.25,0,0,0,0,0,0,0,-13.36,-6.664,0,0,0,0,0,0,0,0,0,0,0,0,0,0,0,0,0,0,0,0,0,0,0
101,2017,213,200,12.25,0,0,0,0,0,0,0,-13.4,-6.58,0,0,0,0,0,0,0,0,0,0,0,0,0,0,0,0,0,0,0,0,0,0,0
101,2017,213,210,12.25,0,0,0,0,0,0,0,-13.65,-6.585,0,0,0,0,0,0,0,0,0,0,0,0,0,0,0,0,0,0,0,0,0,0,0
101,2017,213,220,12.25,0,0,0,0,0,0,0,-13.53,-6.675,0,0,0,0,0,0,0,0,0,0,0,0,0,0,0,0,0,0,0,0,0,0,0
101,2017,213,230,12.25,0,0,0,0,0,0,0,-13.51,-6.669,0,0,0,0,0,0,0,0,0,0,0,0,0,0,0,0,0,0,0,0,0,0,0
101,2017,213,240,12.25,0,0,0,0,0,0,0,-13.44,-6.642,0,0,0,0,0,0,0,0,0,0,0,0,0,0,0,0,0,0,0,0,0,0,0
101,2017,213,250,12.25,0,0,0,0,0,0,0,-13.16,-6.55,0,0,0,0,0,0,0,0,0,0,0,0,0,0,0,0,0,0,0,0,0,0,0
101,2017,213,300,12.25,0,0,0,0,0,0,0,-13.08,-6.345,0,0,0,0,0,0,0,0,0,0,0,0,0,0,0,0,0,0,0,0,0,0,0
101,2017,213,310,12.25,0,0,0,0,0,0,0,-13.29,-6.355,0,0,0,0,0,0,0,0,0,0,0,0,0,0,0,0,0,0,0,0,0,0,0
101,2017,213,320,12.25,0,0,0,0,0,0,0,-13.26,-6.176,0,0,0,0,0,0,0,0,0,0,0,0,0,0,0,0,0,0,0,0,0,0,0
101,2017,213,330,12.25,0,0,0,0,0,0,0,-13.26,-6.151,0,0,0,0,0,0,0,0,0,0,0,0,0,0,0,0,0,0,0,0,0,0,0
101,2017,213,340,12.25,0,0,0,0,0,0,0,-12.56,-6.089,0,0,0,0,0,0,0,0,0,0,0,0,0,0,0,0,0,0,0,0,0,0,0
101,2017,213,350,12.25,0,0,0,0,0,0,0,-12.26,-5.99,0,0,0,0,0,0,0,0,0,0,0,0,0,0,0,0,0,0,0,0,0,0,0
101,2017,213,400,12.25,0,0,0,0,0,0,0,-11.83,-6.056,0,0,0,0,0,0,0,0,0,0,0,0,0,0,0,0,0,0,0,0,0,0,0
101,2017,213,410,12.25,0,0,0,0,0,0,0,-11.6,-6.104,0,0,0,0,0,0,0,0,0,0,0,0,0,0,0,0,0,0,0,0,0,0,0
101,2017,213,420,12.25,0,0,0,0,0,0,0,-11.82,-6.217,0,0,0,0,0,0,0,0,0,0,0,0,0,0,0,0,0,0,0,0,0,0,0
101,2017,213,430,12.25,0,0,0,0,0,0,0,-12.08,-6.276,0,0,0,0,0,0,0,0,0,0,0,0,0,0,0,0,0,0,0,0,0,0,0
101,2017,213,440,12.25,0,0,0,0,0,0,0,-12.34,-6.279,0,0,0,0,0,0,0,0,0,0,0,0,0,0,0,0,0,0,0,0,0,0,0
101,2017,213,450,12.25,0,0,0,0,0,0,0,-12.59,-6.279,0,0,0,0,0,0,0,0,0,0,0,0,0,0,0,0,0,0,0,0,0,0,0
101,2017,213,500,12.25,0,0,0,0,0,0,0,-12.99,-6.165,0,0,0,0,0,0,0,0,0,0,0,0,0,0,0,0,0,0,0,0,0,0,0
101,2017,213,510,12.25,0,0,0,0,0,0,0,-12.96,-7.72,0,0,0,0,0,0,0,0,0,0,0,0,0,0,0,0,0,0,0,0,0,0,0
101,2017,213,520,12.25,0,0,0,0,0,0,0,-13.22,-6.35,0,0,0,0,0,0,0,0,0,0,0,0,0,0,0,0,0,0,0,0,0,0,0
101,2017,213,530,12.25,0,0,0,0,0,0,0,-13.87,-6.325,0,0,0,0,0,0,0,0,0,0,0,0,0,0,0,0,0,0,0,0,0,0,0
101,2017,213,540,12.25,0,0,0,0,0,0,0,-14.27,-6.454,0,0,0,0,0,0,0,0,0,0,0,0,0,0,0,0,0,0,0,0,0,0,0
101,2017,213,550,12.25,0,0,0,0,0,0,0,-13.75,-6.481,0,0,0,0,0,0,0,0,0,0,0,0,0,0,0,0,0,0,0,0,0,0,0
101,2017,213,600,12.25,0,0,0,0,0,0,0,-13.69,-6.414,0,0,0,0,0,0,0,0,0,0,0,0,0,0,0,0,0,0,0,0,0,0,0
101,2017,213,610,12.25,0,0,0,0,0,0,0,-27.45,-10.61,0,0,0,0,0,0,0,0,0,0,0,0,0,0,0,0,0,0,0,0,0,0,0
101,2017,213,620,12.25,0,0,0,0,0,0,0,-6.551,-16.41,0,0,0,0,0,0,0,0,0,0,0,0,0,0,0,0,0,0,0,0,0,0,0
101,2017,213,630,12.25,0,0,0,0,0,0,0,32.65,-16.36,0,0,0,0,0,0,0,0,0,0,0,0,0,0,0,0,0,0,0,0,0,0,0
101,2017,213,640,12.25,0,0,0,0,0,0,0,10.6,-11.49,0,0,0,0,0,0,0,0,0,0,0,0,0,0,0,0,0,0,0,0,0,0,0
101,2017,213,650,12.25,.002,0,0,.005,0,0,0,32.13,-5.018,0,.037,0,0,0,.035,.035,.005,.035,.005,0,.007,0,0,.034,0,0,.013,0,0,0,0,0
101,2017,213,700,12.25,.03,0,0,.034,.027,0,.002,-3.466,.798,0,.106,.002,.023,.017,.109,.109,.034,.106,.034,0,.034,0,.013,.099,.017,.007,.034,0,0,.022,0,0
101,2017,213,710,12.25,.04,.015,.02,.075,.034,.027,.028,52.37,-1.322,.028,.261,.027,.034,.039,.297,.29,.05,.273,.064,.022,.054,.025,.034,.251,.034,.034,.106,0,.027,.049,.008,.018
101,2017,213,720,12.25,.092,.035,.034,.176,.085,.049,.034,44.51,-.746,.045,.555,.044,.089,.079,.622,.622,.126,.575,.136,.035,.136,.045,.049,.545,.05,.057,.218,.025,.034,.092,.027,.034
101,2017,213,730,12.25,.156,.052,.044,.3,.134,.089,.06,23.22,2.893,.07,.91,.075,.141,.129,1.006,1.004,.208,.97,.233,.062,.223,.067,.097,.861,.096,.102,.359,.034,.054,.156,.034,.06
101,2017,213,740,12.25,.142,.047,.035,.275,.111,.069,.037,4.585,3.568,.069,.789,.067,.117,.104,.836,.865,.188,.821,.213,.042,.194,.067,.079,.722,.08,.091,.268,.034,.034,.114,.034,.035
101,2017,213,750,12.25,.29,.096,.097,.553,.283,.168,.119,-4.575,1.976,.144,1.723,.141,.268,.251,1.966,2.021,.382,1.968,.436,.111,.424,.137,.179,1.768,.186,.191,.63,.065,.097,.31,.055,.104
101,2017,213,800,12.25,.645,.23,.22,1.272,.54,.372,.231,-29.45,1.418,.31,3.917,.31,.575,.515,4.249,4.17,.851,4.81,1.009,.243,.877,.292,.374,3.685,.377,.409,1.44,.139,.218,.585,.101,.226
101,2017,213,810,12.25,.268,.096,.087,.474,.231,.156,.097,-20.88,2.072,.124,1.694,.139,.243,.238,1.808,1.777,.357,2.072,.446,.119,.402,.126,.164,1.597,.171,.164,.629,.057,.091,.275,.044,.097
101,2017,213,820,12.25,.325,.122,.109,.625,.322,.198,.132,-19.36,1.466,.159,2.045,.171,.303,.287,2.212,2.241,.436,2.219,.53,.131,.478,.156,.213,1.941,.223,.218,.727,.069,.114,.339,.062,.117
101,2017,213,830,12.25,.34,.132,.126,.657,.357,.233,.156,-21.56,2.053,.183,2.316,.221,.337,.352,2.764,2.839,.469,2.584,.613,.168,.52,.176,.258,2.462,.275,.263,.964,.085,.141,.414,.077,.153
101,2017,213,840,12.25,.672,.253,.194,1.292,.528,.359,.199,-4.29,1.632,.277,3.724,.298,.573,.419,3.62,4.091,.903,3.984,.957,.211,.918,.273,.337,3.117,.337,.37,1.143,.126,.191,.469,.084,.194
101,2017,213,850,12.25,1.604,.566,.441,3.151,1.138,.769,.389,-7.8,1.032,.585,8.47,.627,1.177,.821,7.69,8.59,2.128,8.9,2.318,.404,2.02,.592,.662,6.342,.696,.796,2.263,.253,.379,.903,.173,.374
101,2017,213,900,12.25,2.293,.855,.662,4.409,1.751,1.197,.652,12.62,.23,.945,13.24,1.061,1.954,1.485,13.43,14.07,3.008,14.41,3.729,.756,2.951,.872,1.121,10.82,1.155,1.307,4.574,.421,.649,1.708,.293,.679
101,2017,213,910,12.25,.952,.34,.305,1.812,.712,.521,.312,18.72,-2.082,.447,5.971,.53,.776,.737,6.402,6.285,1.289,6.756,1.624,.447,1.155,.392,.546,4.986,.543,.587,2.311,.179,.3,.801,.142,.37
101,2017,213,920,12.25,.64,.253,.228,1.296,.587,.38,.248,21.36,.535,.318,4.327,.385,.53,.53,4.567,4.403,.905,4.324,1.002,.288,.744,.302,.414,3.727,.389,.432,1.584,.139,.233,.588,.116,.24
101,2017,213,930,12.25,1.091,.399,.344,2.061,.967,.593,.387,9.55,.391,.488,6.595,.523,.913,.846,7.18,7.16,1.456,6.732,1.44,.394,1.237,.464,.605,6.149,.585,.694,2.42,.228,.362,.97,.178,.364
101,2017,213,940,12.25,1.502,.541,.486,2.931,1.373,.843,.577,-12.25,-.731,.712,9.73,.818,1.326,1.373,10.91,10.91,2.071,10.89,2.236,.65,1.777,.674,.932,9.41,.893,1.027,3.92,.344,.52,1.575,.268,.575
101,2017,213,950,12.25,2.147,.779,.68,4.254,1.932,1.247,.774,-11.24,-1.007,1.029,13.99,1.208,1.919,1.855,15.04,14.48,2.96,15.98,3.441,.895,2.598,.947,1.28,12.59,1.217,1.465,5.353,.458,.712,2.043,.35,.778
101,2017,213,1000,12.25,2.519,.885,.722,4.929,2.018,1.319,.766,-25.15,-.776,1.074,14.66,1.158,2.041,1.777,15.02,14.72,3.335,16.79,3.571,.846,2.869,.985,1.284,12.54,1.222,1.458,5.075,.453,.711,1.989,.352,.747
101,2017,213,1010,12.25,1.507,.53,.479,3.087,1.353,.858,.54,1.973,-.925,.697,9.49,.761,1.282,1.168,10.27,10.18,2.061,10.77,2.385,.588,1.76,.642,.893,8.7,.853,.944,3.566,.322,.489,1.473,.261,.513
101,2017,213,1020,12.25,.96,.374,.342,2.018,1.009,.58,.437,28.66,-.721,.493,6.784,.555,.944,.908,7.76,7.64,1.379,6.927,1.604,.464,1.28,.474,.701,6.582,.637,.687,2.671,.255,.385,1.126,.211,.422
101,2017,213,1030,12.25,1.617,.513,.432,3.09,1.264,.754,.491,39.31,-.598,.623,9.02,.711,1.222,1.014,9.33,9.56,2.058,9.33,2.237,.511,1.822,.623,.83,7.76,.799,.865,3.008,.303,.441,1.234,.253,.468
101,2017,213,1040,12.25,1.081,.377,.367,2.204,.987,.607,.451,32.57,-.062,.556,7.37,.711,.944,1.009,8.64,8.16,1.47,8.28,1.959,.563,1.275,.491,.736,7.07,.69,.751,3.184,.253,.409,1.173,.206,.478
101,2017,213,1050,12.25,.918,.355,.308,2.031,.798,.491,.342,17.42,.509,.419,5.908,.525,.712,.669,6.097,5.966,1.279,6.169,1.647,.384,1.084,.411,.511,5.025,.533,.577,2.021,.179,.298,.756,.137,.312
101,2017,213,1100,12.25,1.049,.367,.344,2.009,1.002,.582,.432,12.96,-.097,.494,6.483,.582,.913,.923,7.79,7.55,1.327,7.34,1.614,.441,1.277,.463,.655,6.553,.628,.685,2.728,.235,.375,1.113,.181,.416
101,2017,213,1110,12.25,1.255,.397,.362,2.412,1.064,.637,.434,-5.368,-.684,.506,7.2,.588,.96,.902,8.1,7.79,1.575,7.71,1.678,.451,1.54,.516,.687,6.739,.665,.694,2.553,.225,.369,1.022,.188,.402
101,2017,213,1120,12.25,2.512,.778,.63,4.622,1.839,1.071,.69,7.52,-1.426,.9,12,.999,1.651,1.461,14.12,13.52,2.831,13.09,3.013,.717,2.569,.887,1.091,11.51,1.16,1.247,4.287,.37,.592,1.721,.318,.603
101,2017,213,1130,12.25,3.339,1.006,.927,6.186,2.526,1.567,1.074,1.304,-1.228,1.346,17.41,1.567,2.388,2.363,21.27,19.64,3.928,19.87,4.153,1.279,3.452,1.245,1.728,16.77,1.636,1.803,7.29,.531,.903,2.747,.451,1.054
101,2017,213,1140,12.25,3.853,1.15,1.071,7.09,3.188,1.916,1.346,-8.69,-1.981,1.632,20.48,1.782,3.035,2.881,25.94,24.69,4.456,23.31,4.72,1.332,4.064,1.508,2.068,21.29,1.991,2.269,8.82,.702,1.128,3.682,.556,1.227
101,2017,213,1150,12.25,1.922,.608,.58,3.685,2.13,1.161,.923,4.302,-2.261,.96,11.76,1.019,1.808,1.892,16.1,15.22,2.36,13.13,2.611,.888,2.796,.9,1.304,13.88,1.331,1.165,5.117,.444,.635,2.428,.414,.826
101,2017,213,1200,12.25,1.963,.6,.578,4.012,2.115,1.089,.796,.608,-1.252,.882,11.4,.945,1.637,1.676,15.21,14.86,2.445,12.29,2.522,.719,2.613,.927,1.148,13.6,1.262,1.275,4.5,.409,.577,1.894,.375,.645
101,2017,213,1210,12.25,1.515,.496,.499,3.173,1.818,.923,.746,-34.64,-.566,.789,10.1,.836,1.431,1.557,14.18,13.8,2.006,11.14,2.201,.692,2.201,.823,1.108,12.93,1.217,1.17,4.463,.365,.531,1.929,.374,.575
101,2017,213,1220,12.25,1.232,.446,.453,2.609,1.624,.843,.701,-37.46,-.379,.721,8.75,.759,1.237,1.478,13.03,12.4,1.632,9.97,1.958,.714,1.999,.696,1.047,11.72,1.156,.954,4.275,.339,.479,1.922,.36,.58
101,2017,213,1230,12.25,2.796,.86,.815,5.546,2.75,1.483,1.111,-7.87,.689,1.252,15.62,1.279,2.306,2.358,20.76,20.42,3.337,16.99,3.273,1.007,3.59,1.242,1.654,18.75,1.73,1.686,6.717,.566,.833,2.958,.508,.935
101,2017,213,1240,12.25,3.816,1.306,1.106,7.41,3.315,1.951,1.398,8.96,1.944,1.738,21.86,1.89,3.08,3.047,27.16,25.84,4.634,23.61,4.785,1.601,4.619,1.619,2.18,23.11,2.273,2.318,9.32,.721,1.121,3.587,.608,1.292
101,2017,213,1250,12.25,5.162,1.689,1.58,10.01,4.894,2.678,2.03,.66,3.07,2.363,29.54,2.784,4.72,4.651,36.91,35.93,6.194,32.28,6.079,2.055,6.221,2.174,3.067,31.87,2.925,3.189,13.93,1.068,1.637,5.087,.83,2.071
101,2017,213,1300,12.25,5.192,1.844,1.359,10.31,4.104,2.529,1.443,-.828,5.11,2.02,29.38,2.484,3.999,3.34,29.61,28.98,6.541,29.22,6.825,1.864,6.064,2.048,2.514,24.52,2.44,2.894,10.4,.818,1.329,3.35,.592,1.388
101,2017,213,1310,12.25,4.857,1.567,1.239,9.38,3.804,2.165,1.487,8.54,6.719,1.842,25.83,1.88,3.508,3.007,26.87,27.44,5.896,25.83,5.42,1.44,5.501,1.818,2.204,23.63,2.383,2.604,8.74,.768,1.188,3.66,.605,1.264
101,2017,213,1320,12.25,4.775,1.604,1.099,9,3.305,2.006,1.178,-1.094,8.32,1.639,23.75,1.636,3.258,2.442,22.66,23.59,5.899,22.92,4.974,1.294,5.301,1.699,1.999,19.37,1.969,2.271,7.47,.684,1.086,2.799,.513,1.032
101,2017,213,1330,12.25,1.792,.66,.464,3.702,1.741,.888,.647,-14.35,9.82,.702,10.88,.742,1.415,1.203,11.14,11.81,2.415,10.02,2.48,.647,2.698,.794,1.021,10.26,1.093,.895,3.08,.328,.461,1.552,.34,.456
101,2017,213,1340,12.25,2.492,.83,.687,5.028,2.573,1.275,.964,-10.28,12.15,1.091,15.26,.984,2.242,1.974,16.85,18.15,3.34,14.46,2.801,.815,3.855,1.175,1.396,16.07,1.542,1.557,5.023,.515,.749,2.383,.463,.766
101,2017,213,1350,12.25,4.031,1.472,1.247,7.58,3.617,1.986,1.661,40.22,13.8,1.907,25.04,2.102,3.209,3.588,30.73,30.79,4.854,26.99,5.313,1.989,5.001,1.763,2.638,26.76,2.643,2.732,12.27,.84,1.307,4.493,.779,1.587
101,2017,213,1400,12.25,4.296,1.788,1.448,7.83,3.377,2.487,1.946,60.8,14.7,2.547,29.99,3.488,3.484,5.006,39.68,36.08,5.366,34.97,6.129,3.602,5.246,1.929,3.769,31.56,3.096,3.623,18.21,.913,1.79,4.996,.912,2.39
101,2017,213,1410,12.25,4.297,1.534,1.42,8.02,3.555,2.445,1.627,58.67,13.03,2.289,27.89,2.601,3.952,4.728,33.51,32.79,5.601,30.79,5.482,2.39,5.529,1.956,2.958,27.77,2.713,2.978,14.3,.945,1.575,4.21,.788,2.437
101,2017,213,1420,12.25,4.569,1.822,1.528,8.62,3.808,2.705,1.666,48.67,14.72,2.234,32.71,3.54,3.898,4.267,36.63,33.35,6.131,34.39,7.37,2.522,5.641,2.041,3.536,29.24,2.847,3.657,16.58,.913,1.683,4.297,.845,1.944
101,2017,213,1430,12.25,4.523,1.525,1.336,8.27,3.446,2.378,1.694,51.14,16.25,2.071,26.54,2.16,3.652,4.131,32.87,31.62,5.497,28.53,5.152,2.03,5.164,1.867,2.64,28.1,2.594,2.673,13.59,.872,1.584,4.364,.793,1.998
101,2017,213,1440,12.26,2.953,1.026,1.187,5.78,3.156,1.941,1.641,37.41,13.32,1.909,22.78,2.199,3.176,4.28,31.67,30.6,3.957,25.48,4.255,2.09,4.366,1.686,2.614,27.68,2.551,2.656,13.22,.855,1.381,4.666,.774,1.917
101,2017,213,1450,12.26,2.1,.759,.625,4.374,1.895,1.198,.771,40.43,10.51,.969,15.3,1.073,1.783,1.848,15.6,15.89,3.139,14.27,2.951,.98,3.208,1.123,1.378,13.91,1.351,1.493,5.115,.432,.655,1.983,.407,.742
101,2017,213,1500,12.26,1.396,.553,.464,3.373,1.569,.94,.615,85.9,6.517,.667,12.63,.816,1.406,1.232,10.99,11.37,2.396,10.83,2.773,.649,2.619,.85,1.054,9.83,.91,.999,3.15,.34,.468,1.51,.282,.503
101,2017,213,1510,12.26,1.751,.69,.561,4.047,1.862,1.121,.707,99.3,3.66,.836,13.43,.93,1.587,1.547,13.4,13.73,2.834,12.2,2.822,.772,2.73,.932,1.319,11.85,1.215,1.233,4.132,.384,.553,1.934,.375,.622
101,2017,213,1520,12.26,1.398,.57,.479,3.521,1.587,1.009,.603,98.4,1.751,.684,12.6,.91,1.277,1.292,11.6,11.86,2.411,11.06,3.003,.731,2.453,.846,1.237,10.21,1.082,1.012,3.542,.32,.461,1.577,.322,.521
101,2017,213,1530,12.26,1.567,.694,.528,3.995,1.624,1.017,.543,105.7,.293,.66,12.13,.893,1.227,1.163,11.08,11.41,2.584,10.52,3.253,.716,2.455,.833,1.215,9.53,1.108,.923,3.115,.278,.432,1.369,.315,.464
101,2017,213,1540,12.26,1.932,.679,.53,4.194,1.76,.962,.67,113.7,-1.594,.784,11.83,.751,1.431,1.409,12.77,13.86,2.685,10.44,2.468,.655,2.993,.91,1.096,12.05,1.193,1.076,3.219,.364,.513,1.786,.406,.491
101,2017,213,1550,12.26,1.862,.647,.642,3.898,2.011,1.146,.954,96.9,-2.75,1.031,13.37,1.032,1.848,2.237,17.54,18.33,2.624,13.39,2.616,.992,3.015,1.052,1.508,16.34,1.505,1.396,6.142,.484,.752,2.797,.501,.92
101,2017,213,1600,12.26,2.21,.779,.635,4.396,1.964,1.073,.843,82.2,-6.908,.994,13.19,.938,1.805,1.959,16.13,17.11,2.73,12.73,2.614,.925,2.918,.985,1.334,14.77,1.404,1.331,5.401,.452,.684,2.381,.446,.776
101,2017,213,1610,12.26,1.559,.669,.434,3.29,1.245,.761,.483,79.9,-7.66,.603,9.83,.721,1.054,1.071,10.41,10.92,2.09,8.63,2.324,.692,2.2,.702,.917,9.32,1.064,.868,3.117,.261,.421,1.259,.327,.419
101,2017,213,1620,12.26,1.788,.704,.501,3.54,1.29,.897,.474,84.8,-7.2,.702,12.02,1.031,1.359,1.244,11.37,11.47,2.447,10.67,2.66,.731,2.278,.744,1.027,9.51,.977,1.143,4.121,.335,.535,1.306,.266,.528
101,2017,213,1630,12.26,1.46,.575,.476,2.901,1.183,.843,.476,80.2,-6.853,.716,10.99,1.071,1.205,1.399,11.61,10.67,2.046,10.38,2.418,.855,1.887,.652,1.036,9.26,.959,1.15,4.884,.308,.498,1.277,.25,.649
101,2017,213,1640,12.25,1.247,.456,.416,2.345,.877,.675,.407,85.5,-6.112,.701,8.9,.801,.989,1.29,9.92,9.12,1.663,8.7,1.81,.88,1.465,.536,.773,7.95,.803,.882,4.131,.285,.453,1.091,.199,.64
101,2017,213,1650,12.25,1.19,.451,.327,2.299,.721,.509,.272,89.5,-6.156,.422,7.17,.59,.711,.66,6.768,6.39,1.594,6.416,1.587,.531,1.297,.446,.57,5.36,.578,.685,2.408,.176,.335,.649,.151,.317
101,2017,213,1700,12.26,.871,.377,.256,1.733,.625,.444,.246,25.99,-5.665,.372,5.881,.493,.654,.583,5.643,5.435,1.227,5.12,1.269,.409,1.12,.379,.476,4.577,.476,.546,1.991,.159,.277,.593,.122,.29
101,2017,213,1710,12.25,.456,.209,.169,1.086,.521,.33,.193,7.19,-11.18,.251,3.88,.359,.39,.453,3.949,3.836,.763,3.421,1.019,.308,.804,.283,.392,3.417,.402,.35,1.247,.091,.158,.468,.112,.194
101,2017,213,1720,12.25,.347,.146,.122,.789,.456,.245,.194,58.88,-7.24,.193,2.64,.186,.35,.38,3.127,3.449,.521,2.286,.553,.179,.684,.238,.318,3.211,.357,.25,.786,.087,.127,.473,.119,.132
101,2017,213,1730,12.25,.302,.107,.126,.64,.444,.223,.213,25.63,-5.082,.204,2.38,.189,.342,.431,3.566,3.821,.429,2.346,.473,.203,.617,.233,.313,3.639,.365,.275,1.086,.099,.137,.583,.127,.166
101,2017,213,1740,12.25,.288,.106,.104,.6,.364,.179,.163,-12.37,-6.508,.161,1.927,.154,.288,.342,2.606,3.007,.412,1.862,.392,.163,.516,.194,.256,2.759,.282,.211,.821,.07,.116,.412,.092,.124
101,2017,213,1750,12.25,.248,.089,.067,.476,.213,.119,.084,-29.43,-6.052,.097,1.43,.104,.196,.203,1.58,1.746,.325,1.287,.303,.096,.367,.122,.144,1.534,.159,.149,.479,.04,.075,.218,.04,.074
101,2017,213,1800,12.25,.114,.042,.035,.22,.096,.055,.04,-30.69,-6.679,.047,.659,.057,.085,.101,.784,.809,.141,.622,.141,.052,.164,.055,.072,.739,.075,.07,.288,.03,.035,.104,.034,.039
101,2017,213,1810,12.25,.035,.01,.002,.052,.03,.022,.01,-30.78,-6.538,.022,.179,.008,.028,.034,.23,.238,.039,.169,.04,.017,.045,.022,.023,.218,.027,.022,.077,0,.005,.035,.002,.008
101,2017,213,1820,12.25,0,0,0,.018,0,0,0,-29.2,-7.17,0,.047,0,0,.002,.055,.054,.005,.039,.005,0,.008,0,0,.05,0,0,.02,0,0,.002,0,0
101,2017,213,1830,12.25,0,0,0,0,0,0,0,-27.93,-6.706,0,0,0,0,0,0,0,0,0,0,0,0,0,0,.002,0,0,0,0,0,0,0,0
101,2017,213,1840,12.25,0,0,0,0,0,0,0,4.889,-6.94,0,0,0,0,0,0,0,0,0,0,0,0,0,0,0,0,0,0,0,0,0,0,0
101,2017,213,1850,12.25,0,0,0,0,0,0,0,-29.13,-7.27,0,0,0,0,0,0,0,0,0,0,0,0,0,0,0,0,0,0,0,0,0,0,0
101,2017,213,1900,12.25,0,0,0,0,0,0,0,-28.93,-7.31,0,0,0,0,0,0,0,0,0,0,0,0,0,0,0,0,0,0,0,0,0,0,0
101,2017,213,1910,12.25,0,0,0,0,0,0,0,-28.6,-7.45,0,0,0,0,0,0,0,0,0,0,0,0,0,0,0,0,0,0,0,0,0,0,0
101,2017,213,1920,12.25,0,0,0,0,0,0,0,-28.05,-6.942,0,0,0,0,0,0,0,0,0,0,0,0,0,0,0,0,0,0,0,0,0,0,0
101,2017,213,1930,12.25,0,0,0,0,0,0,0,-25.5,-7.07,0,0,0,0,0,0,0,0,0,0,0,0,0,0,0,0,0,0,0,0,0,0,0
101,2017,213,1940,12.25,0,0,0,0,0,0,0,-23.21,-7.5,0,0,0,0,0,0,0,0,0,0,0,0,0,0,0,0,0,0,0,0,0,0,0
101,2017,213,1950,12.25,0,0,0,0,0,0,0,-24.22,-7.9,0,0,0,0,0,0,0,0,0,0,0,0,0,0,0,0,0,0,0,0,0,0,0
101,2017,213,2000,12.25,0,0,0,0,0,0,0,-23.59,-7.69,0,0,0,0,0,0,0,0,0,0,0,0,0,0,0,0,0,0,0,0,0,0,0
101,2017,213,2010,12.25,0,0,0,0,0,0,0,-23.26,-8.52,0,0,0,0,0,0,0,0,0,0,0,0,0,0,0,0,0,0,0,0,0,0,0
101,2017,213,2020,12.25,0,0,0,0,0,0,0,-22.18,-8.84,0,0,0,0,0,0,0,0,0,0,0,0,0,0,0,0,0,0,0,0,0,0,0
101,2017,213,2030,12.25,0,0,0,0,0,0,0,-26.48,-8.43,0,0,0,0,0,0,0,0,0,0,0,0,0,0,0,0,0,0,0,0,0,0,0
101,2017,213,2040,12.25,0,0,0,0,0,0,0,-28.24,-8.95,0,0,0,0,0,0,0,0,0,0,0,0,0,0,0,0,0,0,0,0,0,0,0
101,2017,213,2050,12.25,0,0,0,0,0,0,0,-28.28,-9.43,0,0,0,0,0,0,0,0,0,0,0,0,0,0,0,0,0,0,0,0,0,0,0
101,2017,213,2100,12.25,0,0,0,0,0,0,0,-28.37,-9.61,0,0,0,0,0,0,0,0,0,0,0,0,0,0,0,0,0,0,0,0,0,0,0
101,2017,213,2110,12.25,0,0,0,0,0,0,0,-29.52,-10.08,0,0,0,0,0,0,0,0,0,0,0,0,0,0,0,0,0,0,0,0,0,0,0
101,2017,213,2120,12.25,0,0,0,0,0,0,0,-29.29,-10.59,0,0,0,0,0,0,0,0,0,0,0,0,0,0,0,0,0,0,0,0,0,0,0
101,2017,213,2130,12.25,0,0,0,0,0,0,0,-26.07,-11.4,0,0,0,0,0,0,0,0,0,0,0,0,0,0,0,0,0,0,0,0,0,0,0
101,2017,213,2140,12.25,0,0,0,0,0,0,0,-24.29,-13.46,0,0,0,0,0,0,0,0,0,0,0,0,0,0,0,0,0,0,0,0,0,0,0
101,2017,213,2150,12.25,0,0,0,0,0,0,0,-18.65,-16.59,0,0,0,0,0,0,0,0,0,0,0,0,0,0,0,0,0,0,0,0,0,0,0
101,2017,213,2200,12.25,0,0,0,0,0,0,0,-16.83,-18.36,0,0,0,0,0,0,0,0,0,0,0,0,0,0,0,0,0,0,0,0,0,0,0
101,2017,213,2210,12.25,0,0,0,0,0,0,0,-10.18,-18.26,0,0,0,0,0,0,0,0,0,0,0,0,0,0,0,0,0,0,0,0,0,0,0
101,2017,213,2220,12.25,0,0,0,0,0,0,0,1.527,-18.11,0,0,0,0,0,0,0,0,0,0,0,0,0,0,0,0,0,0,0,0,0,0,0
101,2017,213,2230,12.25,0,0,0,0,0,0,0,1.701,-18.01,0,0,0,0,0,0,0,0,0,0,0,0,0,0,0,0,0,0,0,0,0,0,0
101,2017,213,2240,12.24,0,0,0,0,0,0,0,-6.377,-17.13,0,0,0,0,0,0,0,0,0,0,0,0,0,0,0,0,0,0,0,0,0,0,0
101,2017,213,2250,12.24,0,0,0,0,0,0,0,-17.52,-16.27,0,0,0,0,0,0,0,0,0,0,0,0,0,0,0,0,0,0,0,0,0,0,0
101,2017,213,2300,12.24,0,0,0,0,0,0,0,-13.96,-16.3,0,0,0,0,0,0,0,0,0,0,0,0,0,0,0,0,0,0,0,0,0,0,0
101,2017,213,2310,12.25,0,0,0,0,0,0,0,-12.78,-16.59,0,0,0,0,0,0,0,0,0,0,0,0,0,0,0,0,0,0,0,0,0,0,0
101,2017,213,2320,12.25,0,0,0,0,0,0,0,-12.02,-17.18,0,0,0,0,0,0,0,0,0,0,0,0,0,0,0,0,0,0,0,0,0,0,0
101,2017,213,2330,12.24,0,0,0,0,0,0,0,-13.55,-17.11,0,0,0,0,0,0,0,0,0,0,0,0,0,0,0,0,0,0,0,0,0,0,0
101,2017,213,2340,12.24,0,0,0,0,0,0,0,-10.85,-16.86,0,0,0,0,0,0,0,0,0,0,0,0,0,0,0,0,0,0,0,0,0,0,0
101,2017,213,2350,12.24,0,0,0,0,0,0,0,-14.01,-16.06,0,0,0,0,0,0,0,0,0,0,0,0,0,0,0,0,0,0,0,0,0,0,0
101,2017,213,2400,12.24,0,0,0,0,0,0,0,-16.61,-15.72,0,0,0,0,0,0,0,0,0,0,0,0,0,0,0,0,0,0,0,0,0,0,0
101,2017,214,10,12.25,0,0,0,0,0,0,0,-11.58,-15.08,0,0,0,0,0,0,0,0,0,0,0,0,0,0,0,0,0,0,0,0,0,0,0
101,2017,214,20,12.24,0,0,0,0,0,0,0,-15.23,-14.85,0,0,0,0,0,0,0,0,0,0,0,0,0,0,0,0,0,0,0,0,0,0,0
101,2017,214,30,12.24,0,0,0,0,0,0,0,-33.88,-15.58,0,0,0,0,0,0,0,0,0,0,0,0,0,0,0,0,0,0,0,0,0,0,0
101,2017,214,40,12.24,0,0,0,0,0,0,0,-37.18,-15.44,0,0,0,0,0,0,0,0,0,0,0,0,0,0,0,0,0,0,0,0,0,0,0
101,2017,214,50,12.24,0,0,0,0,0,0,0,-38.01,-14.99,0,0,0,0,0,0,0,0,0,0,0,0,0,0,0,0,0,0,0,0,0,0,0
101,2017,214,100,12.24,0,0,0,0,0,0,0,-37.43,-14.18,0,0,0,0,0,0,0,0,0,0,0,0,0,0,0,0,0,0,0,0,0,0,0
101,2017,214,110,12.24,0,0,0,0,0,0,0,-37.98,-13.58,0,0,0,0,0,0,0,0,0,0,0,0,0,0,0,0,0,0,0,0,0,0,0
101,2017,214,120,12.24,0,0,0,0,0,0,0,-37.39,-15.01,0,0,0,0,0,0,0,0,0,0,0,0,0,0,0,0,0,0,0,0,0,0,0
101,2017,214,130,12.24,0,0,0,0,0,0,0,-37.46,-14.7,0,0,0,0,0,0,0,0,0,0,0,0,0,0,0,0,0,0,0,0,0,0,0
101,2017,214,140,12.24,0,0,0,0,0,0,0,-38.94,-13.88,0,0,0,0,0,0,0,0,0,0,0,0,0,0,0,0,0,0,0,0,0,0,0
101,2017,214,150,12.24,0,0,0,0,0,0,0,-39.19,-14.12,0,0,0,0,0,0,0,0,0,0,0,0,0,0,0,0,0,0,0,0,0,0,0
101,2017,214,200,12.24,0,0,0,0,0,0,0,-39.24,-14.06,0,0,0,0,0,0,0,0,0,0,0,0,0,0,0,0,0,0,0,0,0,0,0
101,2017,214,210,12.24,0,0,0,0,0,0,0,-39.3,-13.44,0,0,0,0,0,0,0,0,0,0,0,0,0,0,0,0,0,0,0,0,0,0,0
101,2017,214,220,12.24,0,0,0,0,0,0,0,-40.11,-13.27,0,0,0,0,0,0,0,0,0,0,0,0,0,0,0,0,0,0,0,0,0,0,0
101,2017,214,230,12.24,0,0,0,0,0,0,0,-40.4,-13.37,0,0,0,0,0,0,0,0,0,0,0,0,0,0,0,0,0,0,0,0,0,0,0
101,2017,214,240,12.24,0,0,0,0,0,0,0,-40.24,-13.44,0,0,0,0,0,0,0,0,0,0,0,0,0,0,0,0,0,0,0,0,0,0,0
101,2017,214,250,12.24,0,0,0,0,0,0,0,-40.16,-13.41,0,0,0,0,0,0,0,0,0,0,0,0,0,0,0,0,0,0,0,0,0,0,0
101,2017,214,300,12.24,0,0,0,0,0,0,0,-39.19,-13.34,0,0,0,0,0,0,0,0,0,0,0,0,0,0,0,0,0,0,0,0,0,0,0
101,2017,214,310,12.24,0,0,0,0,0,0,0,-39.08,-13.87,0,0,0,0,0,0,0,0,0,0,0,0,0,0,0,0,0,0,0,0,0,0,0
101,2017,214,320,12.24,0,0,0,0,0,0,0,-38.75,-14.25,0,0,0,0,0,0,0,0,0,0,0,0,0,0,0,0,0,0,0,0,0,0,0
101,2017,214,330,12.24,0,0,0,0,0,0,0,-39.12,-17.02,0,0,0,0,0,0,0,0,0,0,0,0,0,0,0,0,0,0,0,0,0,0,0
101,2017,214,340,12.24,0,0,0,0,0,0,0,-37.97,-15.36,0,0,0,0,0,0,0,0,0,0,0,0,0,0,0,0,0,0,0,0,0,0,0
101,2017,214,350,12.24,0,0,0,0,0,0,0,-37.05,-15.81,0,0,0,0,0,0,0,0,0,0,0,0,0,0,0,0,0,0,0,0,0,0,0
101,2017,214,400,12.24,0,0,0,0,0,0,0,-36.29,-15.62,0,0,0,0,0,0,0,0,0,0,0,0,0,0,0,0,0,0,0,0,0,0,0
101,2017,214,410,12.24,0,0,0,0,0,0,0,-36.26,-15.48,0,0,0,0,0,0,0,0,0,0,0,0,0,0,0,0,0,0,0,0,0,0,0
101,2017,214,420,12.24,0,0,0,0,0,0,0,-36.35,-15.61,0,0,0,0,0,0,0,0,0,0,0,0,0,0,0,0,0,0,0,0,0,0,0
101,2017,214,430,12.24,0,0,0,0,0,0,0,-36.69,-15.32,0,0,0,0,0,0,0,0,0,0,0,0,0,0,0,0,0,0,0,0,0,0,0
101,2017,214,440,12.24,0,0,0,0,0,0,0,-36.72,-15.29,0,0,0,0,0,0,0,0,0,0,0,0,0,0,0,0,0,0,0,0,0,0,0
101,2017,214,450,12.24,0,0,0,0,0,0,0,-35.61,-15.24,0,0,0,0,0,0,0,0,0,0,0,0,0,0,0,0,0,0,0,0,0,0,0
101,2017,214,500,12.24,0,0,0,0,0,0,0,-35.18,-15.34,0,0,0,0,0,0,0,0,0,0,0,0,0,0,0,0,0,0,0,0,0,0,0
101,2017,214,510,12.24,0,0,0,0,0,0,0,-35.45,-15.38,0,0,0,0,0,0,0,0,0,0,0,0,0,0,0,0,0,0,0,0,0,0,0
101,2017,214,520,12.24,0,0,0,0,0,0,0,-37.9,-14.88,0,0,0,0,0,0,0,0,0,0,0,0,0,0,0,0,0,0,0,0,0,0,0
101,2017,214,530,12.24,0,0,0,0,0,0,0,-104.9,-15.39,0,0,0,0,0,0,0,0,0,0,0,0,0,0,0,0,0,0,0,0,0,0,0
101,2017,214,540,12.24,0,0,0,0,0,0,0,-105.7,-15.58,0,0,0,0,0,0,0,0,0,0,0,0,0,0,0,0,0,0,0,0,0,0,0
101,2017,214,550,12.24,0,0,0,0,0,0,0,-102.2,-15.55,0,0,0,0,0,0,0,0,0,0,0,0,0,0,0,0,0,0,0,0,0,0,0
101,2017,214,600,12.24,0,0,0,0,0,0,0,-105.2,-15.95,0,0,0,0,0,0,0,0,0,0,0,0,0,0,0,0,0,0,0,0,0,0,0
101,2017,214,610,12.24,0,0,0,0,0,0,0,-108.1,-16,0,0,0,0,0,0,0,0,0,0,0,0,0,0,0,0,0,0,0,0,0,0,0
101,2017,214,620,12.24,0,0,0,0,0,0,0,-109.5,-15.93,0,0,0,0,0,0,0,0,0,0,0,0,0,0,0,0,0,0,0,0,0,0,0
101,2017,214,630,12.24,0,0,0,0,0,0,0,-101,-15.8,0,0,0,0,0,0,0,0,0,0,0,0,0,0,0,0,0,0,0,0,0,0,0
101,2017,214,640,12.24,0,0,0,0,0,0,0,-57.56,-15.67,0,.013,0,0,0,.012,.012,0,.017,0,0,0,0,0,.012,0,0,.002,0,0,0,0,0
101,2017,214,650,12.24,.025,.01,.005,.05,.018,.01,.01,-52.39,-15.17,.013,.139,.01,.023,.02,.141,.142,.032,.122,.034,.01,.039,.01,.015,.126,.013,.018,.05,0,.007,.023,0,.003
101,2017,214,700,12.24,.099,.035,.034,.199,.075,.045,.034,-45.86,-14.59,.037,.58,.044,.074,.064,.555,.55,.141,.511,.131,.04,.139,.04,.05,.468,.054,.054,.186,.023,.034,.07,.025,.034
101,2017,214,710,12.24,.26,.104,.07,.55,.221,.149,.08,-41.79,-13.24,.106,1.989,.134,.225,.169,1.55,1.529,.406,1.584,.406,.106,.432,.137,.166,1.277,.144,.154,.441,.047,.072,.184,.039,.067
101,2017,214,720,12.24,.451,.189,.142,1.051,.459,.313,.184,-40.95,-12.62,.213,4.267,.253,.447,.355,3.335,3.377,.799,3.248,.809,.225,.954,.3,.344,2.883,.308,.302,.836,.091,.142,.427,.089,.153
101,2017,214,730,12.24,.736,.342,.241,1.834,.781,.498,.288,-40.48,-11.86,.367,7.02,.364,.746,.53,5.36,5.467,1.436,5.325,1.299,.352,1.562,.432,.553,4.537,.503,.474,1.336,.151,.238,.687,.151,.233
101,2017,214,740,12.24,.96,.387,.277,2.222,.774,.535,.3,-40.38,-10.43,.419,19.91,.491,.878,.689,7.25,6.555,1.721,6.412,1.498,.419,1.942,.556,.6,5.407,.545,.553,1.565,.191,.303,.685,.164,.287
101,2017,214,750,12.24,.699,.33,.255,1.713,.749,.523,.298,-40.21,-10.21,.392,39.01,.709,.749,.746,7.59,6.092,1.5,6.181,1.52,.427,1.971,.625,.696,5.184,.593,.501,1.539,.164,.245,.674,.171,.287
101,2017,214,800,12.24,.793,.377,.288,1.989,.87,.618,.345,-40.26,-10.06,.441,56.59,1.13,.898,.845,8.35,6.602,1.77,7.8,1.756,.446,4.589,1.415,.945,5.583,.677,.57,1.557,.174,.272,.709,.196,.288
101,2017,214,810,12.24,1.086,.515,.38,2.824,1.245,.888,.439,-40.07,-10.01,.53,55.83,1.166,1.177,.974,9.07,8.1,2.428,10.81,2.246,.484,12.13,1.85,1.284,6.87,.816,.815,1.713,.221,.342,.858,.246,.334
101,2017,214,820,12.24,1.461,.704,.558,4.161,1.929,1.294,.612,-39.72,-10.05,.774,55.96,1.275,1.73,1.257,11.87,11.22,3.312,30.95,3.226,.623,14.49,1.592,2.547,10.33,1.083,1.135,2.395,.323,.458,1.306,.318,.439
101,2017,214,830,12.24,1.865,.885,.721,4.911,2.239,1.547,.694,-39.38,-9.63,.93,70.6,1.589,1.974,1.46,14.38,12.66,3.799,47.98,4.351,.94,19.78,1.894,1.991,10.41,1.354,1.311,3.387,.377,.54,1.388,.36,.667
101,2017,214,840,12.24,2.554,1.059,.858,6.607,2.579,1.837,.846,-42.44,-9.5,1.126,49.52,1.508,2.164,1.75,17.28,16.79,4.574,35.96,5.196,1.031,12.96,1.813,2.516,13.78,1.508,1.587,4.44,.421,.682,1.963,.407,1.575
101,2017,214,850,12.24,3.774,1.493,.959,7.85,2.569,1.725,.747,-44.67,-9.15,1.314,21.67,1.458,2.445,1.847,18.18,17.89,5.579,18.47,4.82,1.165,4.59,1.386,1.79,13.7,1.644,1.911,5.435,.437,.796,1.828,.412,.803
101,2017,214,900,12.24,3.456,1.584,1.064,8.61,2.841,2.087,.712,-43.49,-8.95,1.264,24.16,1.42,2.271,1.577,17.26,16.37,6.052,20.45,5.861,1.234,4.951,1.465,2.263,11.58,1.713,1.884,4.88,.352,.687,1.522,.367,.731
101,2017,214,910,12.24,2.288,1.155,1.032,11.38,3.266,2.77,.734,-42.84,-8.13,1.096,69.58,1.911,1.882,1.565,22.77,22.89,18.75,52.28,7.43,1.312,20.14,27.29,6.791,10.58,1.77,1.532,3.761,.327,.556,1.247,.374,.634
101,2017,214,920,12.24,1.582,.768,.848,23.15,3.122,2.068,.672,-42.84,-8.31,.913,99.8,1.438,2.44,1.584,27.04,30.7,26.78,74.5,4.755,.893,32.62,41.31,2.201,9.86,1.27,1.249,2.499,.397,.509,1.138,.372,.895
101,2017,214,930,12.24,3.225,1.52,1.487,24.01,4.244,3.127,.987,-40.74,-9.63,1.282,70.9,1.716,6.325,1.647,25.92,26.77,7.18,53.87,10.09,1.098,19.15,4.837,3.516,11.76,1.703,1.832,3.295,.414,.67,1.339,.399,.655
101,2017,214,940,12.25,4.264,1.909,1.356,10.57,3.64,2.353,1.002,-44.32,-9.6,1.607,32.52,2.219,2.941,2.361,24.39,22.86,6.659,26.97,8.61,1.634,6.305,1.874,2.549,17.09,2.288,2.434,7.04,.52,1.027,2.383,.494,1.051
101,2017,214,950,12.25,4.386,2.13,1.582,17.48,12.11,7.43,2.65,-45.09,-9.94,1.964,49.7,2.093,3.387,2.904,33.94,32.02,6.818,41.73,7.92,2.07,7.23,2.47,3.478,21.55,2.826,2.829,8.63,.667,1.168,3.288,.637,1.183
101,2017,214,1000,12.25,3.944,1.894,1.901,34.36,33.21,20.85,2.928,-43.44,-8.47,2.088,94.6,2.663,3.915,4.244,50.18,42.75,7.41,76.7,15.37,2.075,11.14,9.76,6.017,24.42,3.142,2.797,7.49,.82,1.299,3.759,.793,1.371
101,2017,214,1010,12.25,4.282,1.902,2.003,31.32,31.3,9.05,2.128,-63.81,-8.53,2.16,84.1,2.628,3.851,4.076,49.48,36.38,7.4,70.5,45.69,2.107,10.83,3.122,29.47,23.94,2.879,2.941,8.9,.823,1.373,3.814,.719,1.726
101,2017,214,1020,12.25,3.039,1.532,1.027,10.31,6.707,1.877,.962,-74.2,-7.7,1.366,29.06,1.5,2.003,1.79,21.55,16.55,4.971,24.76,6.146,1.631,5.866,1.282,1.999,13.01,2.035,2.026,6.033,.374,.737,1.483,.379,.763
101,2017,214,1030,12.25,3.734,1.924,1.637,24.27,25.69,3.117,2.906,-70.2,-5.64,1.647,63.76,2.306,2.196,2.309,38.16,18.53,6.387,53.73,14.29,2.026,14.35,1.879,3.094,15.1,2.631,2.876,6.662,.399,.831,1.735,.478,1.971
101,2017,214,1040,12.25,3.144,1.867,1.601,46.76,65.39,9.1,10.44,-62,-3.459,2.199,117.4,2.663,2.269,3.871,66.5,17.36,6.303,98.7,82.6,3.4,26,2.154,2.651,19.36,3.085,7.34,5.707,.449,.861,1.748,.59,1.314
101,2017,214,1050,12.25,2.284,1.13,1.299,47.03,71.1,16.95,7.65,-52.37,-4.486,13.02,118.3,2.445,1.783,2.516,69.4,12.92,4.862,99.3,92.5,1.999,6.804,1.778,2.154,21.27,2.658,2.43,14.12,.427,.719,1.656,.58,.876
101,2017,214,1100,12.25,3.332,1.798,1.486,35.6,50.23,32.8,1.113,-37.7,-8.14,7.76,91.9,2.407,2.442,3.809,59.23,18.97,6.13,78.5,66.09,2.081,6.118,4.025,2.608,23.85,2.825,3.211,14.62,.543,.97,2.231,.657,1.093
101,2017,214,1110,12.25,4.582,2.234,1.744,32.83,42.79,12.55,1.47,-51.28,-8.02,2.11,94.7,3.256,3.068,8.96,66.41,24.95,7.65,81.1,64.65,2.767,7.35,7.23,3.229,29.97,3.44,3.506,34.66,.766,2.13,2.926,.913,1.326
101,2017,214,1120,12.25,6.068,3.006,2.111,27.2,16.28,9.91,2.596,-55.38,-9.39,2.638,85.2,6.596,3.66,5.686,66.21,32.75,8.6,76.6,53.24,3.465,7.21,2.741,3.638,34.18,3.816,3.997,34.63,.883,1.654,4.047,.932,1.848
101,2017,214,1130,12.25,3.055,1.071,.922,6.151,2.346,1.51,1.025,-65.52,-10.8,1.399,22.96,1.805,2.391,2.54,22.94,21.61,4.439,20.17,5.002,1.592,4.172,1.528,1.835,18.36,1.744,1.962,7.7,.58,.975,2.982,.449,1.128
101,2017,214,1140,12.25,4.293,1.503,1.183,8.57,2.773,2.041,1.047,-60.18,-12.02,1.699,29.86,2.652,2.925,3.125,27.56,25.89,6.119,25.79,6.947,1.905,5.656,2.029,2.324,21.19,2.153,2.507,9.27,.679,1.185,2.798,.523,1.448
101,2017,214,1150,12.25,4.79,1.768,1.344,9.36,3.649,2.27,1.565,-58.59,-12.94,2.032,29.71,2.223,3.517,3.582,31.71,31.12,6.295,27.31,6.107,2.064,6.037,2.091,2.666,26.12,2.661,2.887,10.72,.844,1.392,4.326,.732,1.55
101,2017,214,1200,12.25,5.95,2.212,1.61,11.2,3.084,2.47,1.329,-50.61,-13.84,2.24,34.78,2.877,3.542,3.934,34.09,31.63,7.8,33.03,7.57,2.496,5.923,2.314,2.949,25.07,2.55,3.448,13.66,.786,1.513,3.579,.612,1.895
101,2017,214,1210,12.25,4.917,2.602,3.805,12.95,3.575,3.059,1.304,-46.06,-13.81,2.19,53,4.065,2.816,6.074,46.42,29.53,7.45,48.57,23.24,3.637,6.132,2.175,3.706,26.77,3.368,3.838,23.67,.787,1.416,3.061,.667,1.932
101,2017,214,1220,12.25,6.417,3.242,2.275,13.55,4.582,3.818,1.934,-54.51,-13.51,2.833,116.1,4.837,4.128,16.09,104.8,44.01,9.65,108,84.5,4.963,8.17,2.892,4.234,54.52,4.423,4.691,70.7,1.5,2.071,4.688,1.223,2.545
101,2017,214,1230,12.25,6.013,2.324,1.828,11.55,4.745,3.163,2.069,-48.94,-12.94,2.739,45.68,3.926,4.41,5.521,48.58,43.51,8.56,42.16,13.79,3.505,7.79,2.734,3.805,36.58,3.906,4.035,19.33,1.154,1.927,5.685,1.027,2.364
101,2017,214,1240,12.26,6.568,2.587,2.044,13.01,4.884,3.401,2.138,-51.99,-13.96,3.043,44.38,3.939,4.964,5.633,47.82,45.13,9.05,41.87,9.63,3.386,8.45,2.929,4.169,37.63,3.897,4.661,18.23,1.208,2.118,5.896,1.045,2.57
101,2017,214,1250,12.25,7.82,11.85,2.317,13.41,5.824,4.147,2.471,-50,-17.47,3.398,68.33,6.241,4.904,6.154,71.4,57.41,13.68,65.72,28.88,18.12,8.51,3.022,5.108,47.04,5.207,5.427,36.96,1.312,3.751,6.601,1.24,3.026
101,2017,214,1300,12.26,4.726,1.799,1.461,9.48,3.686,2.428,1.583,-58.53,-15.58,2.163,33.31,2.847,3.646,3.867,35.09,32.73,6.851,30.56,7.73,2.587,5.841,2.124,2.954,27.25,2.914,3.031,12.06,.916,1.521,4.592,.761,1.768
101,2017,214,1310,12.25,5.162,2.354,2.101,10.38,3.694,3.217,1.711,-53.43,-15,2.625,56.38,5.009,3.825,4.906,56.52,35.67,8.15,53.13,12.33,4.932,6.182,2.411,4.403,34.73,3.631,12.73,29.82,1.012,2.377,4.571,.965,2.649
101,2017,214,1320,12.25,6.948,2.511,2.289,12.19,4.807,3.503,2.252,-57.98,-15.35,3.115,58.97,5.194,4.705,5.703,62.62,42.83,8.89,55.92,11.97,4.777,7.94,2.801,5.343,41.76,4.237,12.99,30.92,1.238,2.372,5.829,1.416,2.872
101,2017,214,1330,12.26,4.668,1.711,1.486,9.4,3.86,2.441,1.781,-52.03,-15.02,2.263,32.75,2.729,3.656,4.256,37.17,35.27,6.847,30.59,7.11,2.644,6.474,2.357,3.098,29.98,3.034,3.105,12.59,.888,1.51,5.214,.871,1.883
101,2017,214,1340,12.26,5.447,2.161,1.669,10.66,4.122,2.912,1.758,-47.08,-14.94,2.401,38.09,3.619,3.853,4.676,40.34,36.67,7.75,35.05,8.83,3.18,7.06,2.471,3.629,30.52,3.45,3.609,14.9,.843,1.588,4.611,.921,2.327
101,2017,214,1350,12.25,5.241,2.086,1.791,10.4,3.924,3.019,1.806,-52.93,-14.83,2.659,41.24,4.443,3.818,5.123,44.54,38,7.75,39.48,10.26,3.932,6.37,2.473,4.043,31.71,3.696,3.932,17.89,.891,1.771,5.076,.915,2.664
101,2017,214,1400,12.26,4.182,1.732,1.344,8.09,2.749,2.305,1.268,-58.94,-14.7,1.985,33.27,3.567,2.867,3.912,35.58,28.27,6.226,30.77,7.43,3.356,5.366,1.938,3.051,24.35,2.686,3.249,14.65,.637,2.191,3.296,.618,1.995
101,2017,214,1410,12.26,4.944,1.964,1.553,9.75,3.961,2.79,1.784,-44.28,-14.42,2.486,36.72,3.614,3.915,4.795,41.45,36.5,7.09,34.43,8.23,3.301,6.653,2.297,3.562,31.21,3.394,3.543,15.61,.93,1.692,4.822,.873,2.262
101,2017,214,1420,12.26,3.981,1.511,1.329,8.15,3.502,2.201,1.572,-23.89,-14.53,2.071,29.82,2.55,3.426,3.927,35.11,32.29,6.057,27.98,6.564,2.756,5.876,1.999,2.763,27.54,2.841,2.78,11.48,.848,1.397,4.725,.749,1.716
101,2017,214,1430,12.26,4.447,1.645,1.345,9.05,3.847,2.404,1.649,-40.43,-13.74,2.118,32.85,2.815,3.574,3.713,35.98,32.28,6.852,29.25,7.55,2.997,6.499,2.161,2.914,27.5,3.074,2.86,11.02,.863,1.427,4.604,.782,1.622
101,2017,214,1440,12.26,4.579,1.754,1.577,9.25,3.986,2.78,1.93,-37.81,-14.59,2.88,37.53,3.443,3.857,4.939,45.8,37.34,7.08,35.73,8.5,4.845,6.415,2.599,3.545,32.68,4.075,3.329,16.08,1.054,1.773,5.142,.895,2.235
101,2017,214,1450,12.26,3.363,1.268,1.146,6.935,3.178,2.041,1.474,-42.07,-15.48,1.875,27.25,2.635,2.85,3.549,33.55,29.04,5.415,25.45,6.511,3.078,4.778,1.778,2.619,25.25,2.935,2.466,10.49,.732,1.213,4.199,.736,1.61
101,2017,214,1500,12.26,3.188,1.21,.947,6.435,2.496,1.647,1.039,-46.44,-15.2,1.439,23.07,2.081,2.267,2.547,25.26,21.73,4.881,20.51,5.407,2.071,4.189,1.441,1.949,18.35,2.062,2.059,7.68,.531,.935,2.785,.491,1.116
101,2017,214,1510,12.26,2.826,1.056,.823,5.784,2.347,1.459,.975,-47.16,-13.9,1.069,19.53,1.617,2.156,2.223,21.21,19.59,4.239,17.52,4.334,1.392,3.9,1.283,1.737,16.68,1.766,1.826,6.613,.501,.843,2.694,.469,.932
101,2017,214,1520,12.26,2.756,1.015,.828,5.71,2.233,1.434,.945,-40.9,-13.84,.88,18.73,1.498,2.066,2.245,20.19,19.05,3.982,17.38,4.142,1.387,3.713,1.243,1.726,16.13,1.669,1.763,6.851,.481,.838,2.572,.451,.985
101,2017,214,1530,12.25,2.049,.746,.606,4.163,1.704,1.089,.707,-42.42,-13.8,.935,14.94,1.203,1.59,1.758,16.11,14.8,3.106,13.39,3.254,1.123,2.855,.955,1.31,12.71,1.335,1.37,5.192,.394,.628,2.016,.375,.764
101,2017,214,1540,12.26,1.888,.714,.571,3.984,1.613,1.015,.652,-40.76,-14.43,.871,13.97,1.096,1.488,1.568,14.52,13.51,2.87,12.36,3.111,.933,2.692,.876,1.193,11.55,1.191,1.255,4.72,.369,.583,1.835,.335,.668
101,2017,214,1550,12.26,1.885,.709,.58,3.974,1.635,1.01,.665,-41.63,-14.19,.876,13.51,1.032,1.508,1.593,14.3,13.59,2.78,12.23,2.932,.921,2.667,.878,1.198,11.68,1.19,1.26,4.75,.379,.601,1.883,.343,.672
101,2017,214,1600,12.26,1.694,.618,.503,3.534,1.421,.891,.565,-40.96,-13.93,.769,12.83,1.044,1.31,1.389,13,12.04,2.597,11.2,2.905,.878,2.507,.804,1.062,10.29,1.067,1.101,4.102,.323,.513,1.622,.297,.593
101,2017,214,1610,12.25,1.873,.705,.555,3.948,1.505,1,.588,-36.86,-13.64,.826,14.29,1.267,1.356,1.446,14.34,12.45,2.998,12.45,3.494,1.081,2.676,.865,1.175,10.47,1.163,1.201,4.449,.328,.546,1.607,.3,.637
101,2017,214,1620,12.25,1.795,.659,.556,3.702,1.53,.987,.65,-41.55,-13.73,.907,13.97,1.155,1.389,1.553,18.63,14.93,2.827,12.55,3.274,1.579,2.695,.865,1.18,11.32,1.361,1.186,4.54,.377,.57,1.723,.327,.64
101,2017,214,1630,12.25,1.936,.711,.602,3.955,1.746,1.061,.757,-37.22,-13.57,.942,13.99,1.156,1.604,1.808,16.76,15.4,2.893,12.92,3.047,1.145,2.978,.942,1.312,13.51,1.431,1.321,5.271,.414,.644,2.185,.404,.766
101,2017,214,1640,12.25,1.77,.654,.593,3.645,1.713,1.059,.848,-39.17,-13.45,.98,13.76,1.176,1.565,1.974,22.38,17.53,2.718,13.25,3.147,1.507,2.919,.987,1.483,14.67,2.061,1.277,5.695,.429,.65,2.405,.436,.845
101,2017,214,1650,12.25,1.54,.608,.52,3.191,1.466,.992,.763,-48.62,-13.48,.917,12.9,1.252,1.379,1.914,27.3,15.81,2.4,12.44,3.049,1.513,2.63,.888,1.423,13.86,4.26,1.155,5.519,.364,.583,2.103,.414,.902
101,2017,214,1700,12.25,1.148,.491,.429,2.487,1.192,.791,.623,-49.86,-13.72,.811,10.76,.944,1.036,1.453,38.98,13,1.922,10.09,2.521,1.564,2.227,.754,1.12,23.66,18.41,.945,4.232,.327,.478,1.544,.302,.617
101,2017,214,1710,12.25,.952,.409,.374,2.127,1.126,.694,.56,-49.33,-13.55,.68,8.81,.806,.989,1.443,21.04,11.29,1.601,8.5,2.068,1.121,1.849,.602,.979,20.16,2.315,.769,3.659,.278,.421,1.636,.308,.612
101,2017,214,1720,12.25,.872,.339,.335,1.81,.833,.55,.449,-49.15,-13.31,.593,7.23,.659,.758,1.133,12.78,9.12,1.421,7.2,1.609,1.034,1.354,.484,.739,10.73,1.178,.677,3.072,.226,.354,1.259,.223,.513
101,2017,214,1730,12.25,.526,.213,.176,1.113,.468,.315,.223,-47.38,-12.89,.292,4.113,.33,.441,.501,6.352,4.624,.826,3.747,.885,.38,.826,.292,.396,4.23,.526,.387,1.458,.111,.189,.577,.111,.233
101,2017,214,1740,12.25,.444,.183,.149,.92,.411,.263,.186,-47.3,-12.52,.228,3.565,.303,.389,.417,4.183,3.607,.69,3.131,.781,.298,.711,.245,.335,3.102,.355,.32,1.188,.101,.161,.466,.091,.186
101,2017,214,1750,12.25,.305,.124,.094,.617,.3,.191,.134,-46.95,-11.57,.161,2.516,.204,.285,.29,2.697,2.49,.481,2.157,.526,.221,.491,.164,.238,2.142,.25,.209,.774,.07,.111,.35,.065,.132
101,2017,214,1800,12.25,.151,.055,.05,.308,.126,.085,.052,-43.56,-11.24,.075,1.118,.099,.119,.136,1.244,1.039,.236,1.021,.278,.122,.199,.067,.104,.873,.114,.097,.385,.032,.05,.142,.03,.062
101,2017,214,1810,12.25,.035,.008,.007,.062,.03,.017,.012,-37.5,-11.31,.017,.241,.022,.028,.028,.268,.24,.052,.22,.059,.023,.047,.013,.022,.203,.023,.02,.091,.002,.007,.039,.002,.015
101,2017,214,1820,12.25,.002,0,0,.015,0,0,0,-37.57,-11.74,0,.044,0,0,0,.04,.045,.007,.037,.008,0,.003,0,0,.037,0,0,.018,0,0,0,0,0
101,2017,214,1830,12.25,0,0,0,0,0,0,0,-38.39,-11.5,0,0,0,0,0,0,0,0,0,0,0,0,0,0,0,0,0,0,0,0,0,0,0
101,2017,214,1840,12.25,0,0,0,0,0,0,0,-39.02,-11.38,0,0,0,0,0,0,0,0,0,0,0,0,0,0,0,0,0,0,0,0,0,0,0
101,2017,214,1850,12.25,0,0,0,0,0,0,0,-38.74,-11.31,0,0,0,0,0,0,0,0,0,0,0,0,0,0,0,0,0,0,0,0,0,0,0
101,2017,214,1900,12.25,0,0,0,0,0,0,0,-38.42,-11.51,0,0,0,0,0,0,0,0,0,0,0,0,0,0,0,0,0,0,0,0,0,0,0
101,2017,214,1910,12.25,0,0,0,0,0,0,0,-38.82,-11.12,0,0,0,0,0,0,0,0,0,0,0,0,0,0,0,0,0,0,0,0,0,0,0
101,2017,214,1920,12.24,0,0,0,0,0,0,0,-42.16,-11.21,0,0,0,0,0,0,0,0,0,0,0,0,0,0,0,0,0,0,0,0,0,0,0
101,2017,214,1930,12.24,0,0,0,0,0,0,0,-44,-11.01,0,0,0,0,0,0,0,0,0,0,0,0,0,0,0,0,0,0,0,0,0,0,0
101,2017,214,1940,12.24,0,0,0,0,0,0,0,-41.88,-10.72,0,0,0,0,0,0,0,0,0,0,0,0,0,0,0,0,0,0,0,0,0,0,0
101,2017,214,1950,12.24,0,0,0,0,0,0,0,-41.39,-10.8,0,0,0,0,0,0,0,0,0,0,0,0,0,0,0,0,0,0,0,0,0,0,0
101,2017,214,2000,12.24,0,0,0,0,0,0,0,-42.15,-10.77,0,0,0,0,0,0,0,0,0,0,0,0,0,0,0,0,0,0,0,0,0,0,0
101,2017,214,2010,12.24,0,0,0,0,0,0,0,-41.96,-10.15,0,0,0,0,0,0,0,0,0,0,0,0,0,0,0,0,0,0,0,0,0,0,0
101,2017,214,2020,12.24,0,0,0,0,0,0,0,-42.93,-10.12,0,0,0,0,0,0,0,0,0,0,0,0,0,0,0,0,0,0,0,0,0,0,0
101,2017,214,2030,12.24,0,0,0,0,0,0,0,-41.69,-10.23,0,0,0,0,0,0,0,0,0,0,0,0,0,0,0,0,0,0,0,0,0,0,0
101,2017,214,2040,12.24,0,0,0,0,0,0,0,-40.79,-10.46,0,0,0,0,0,0,0,0,0,0,0,0,0,0,0,0,0,0,0,0,0,0,0
101,2017,214,2050,12.24,0,0,0,0,0,0,0,-40.75,-10.62,0,0,0,0,0,0,0,0,0,0,0,0,0,0,0,0,0,0,0,0,0,0,0
101,2017,214,2100,12.24,0,0,0,0,0,0,0,-40.93,-10.55,0,0,0,0,0,0,0,0,0,0,0,0,0,0,0,0,0,0,0,0,0,0,0
101,2017,214,2110,12.24,0,0,0,0,0,0,0,-41.41,-10.58,0,0,0,0,0,0,0,0,0,0,0,0,0,0,0,0,0,0,0,0,0,0,0
101,2017,214,2120,12.24,0,0,0,0,0,0,0,-41.82,-9.77,0,0,0,0,0,0,0,0,0,0,0,0,0,0,0,0,0,0,0,0,0,0,0
101,2017,214,2130,12.24,0,0,0,0,0,0,0,-42.71,-9.86,0,0,0,0,0,0,0,0,0,0,0,0,0,0,0,0,0,0,0,0,0,0,0
101,2017,214,2140,12.24,0,0,0,0,0,0,0,-42.93,-9.87,0,0,0,0,0,0,0,0,0,0,0,0,0,0,0,0,0,0,0,0,0,0,0
101,2017,214,2150,12.24,0,0,0,0,0,0,0,-43.34,-9.47,0,0,0,0,0,0,0,0,0,0,0,0,0,0,0,0,0,0,0,0,0,0,0
101,2017,214,2200,12.24,0,0,0,0,0,0,0,-43.39,-9.31,0,0,0,0,0,0,0,0,0,0,0,0,0,0,0,0,0,0,0,0,0,0,0
101,2017,214,2210,12.24,0,0,0,0,0,0,0,-43.4,-9.38,0,0,0,0,0,0,0,0,0,0,0,0,0,0,0,0,0,0,0,0,0,0,0
101,2017,214,2220,12.24,0,0,0,0,0,0,0,-43.38,-9.15,0,0,0,0,0,0,0,0,0,0,0,0,0,0,0,0,0,0,0,0,0,0,0
101,2017,214,2230,12.24,0,0,0,0,0,0,0,-43.12,-8.81,0,0,0,0,0,0,0,0,0,0,0,0,0,0,0,0,0,0,0,0,0,0,0
101,2017,214,2240,12.24,0,0,0,0,0,0,0,-43.7,-8.16,0,0,0,0,0,0,0,0,0,0,0,0,0,0,0,0,0,0,0,0,0,0,0
101,2017,214,2250,12.24,0,0,0,0,0,0,0,-43.78,-8.48,0,0,0,0,0,0,0,0,0,0,0,0,0,0,0,0,0,0,0,0,0,0,0
101,2017,214,2300,12.24,0,0,0,0,0,0,0,-43.12,-8.84,0,0,0,0,0,0,0,0,0,0,0,0,0,0,0,0,0,0,0,0,0,0,0
101,2017,214,2310,12.24,0,0,0,0,0,0,0,-42.64,-8.91,0,0,0,0,0,0,0,0,0,0,0,0,0,0,0,0,0,0,0,0,0,0,0
101,2017,214,2320,12.24,0,0,0,0,0,0,0,-42.85,-8.87,0,0,0,0,0,0,0,0,0,0,0,0,0,0,0,0,0,0,0,0,0,0,0
101,2017,214,2330,12.24,0,0,0,0,0,0,0,-42.36,-8.85,0,0,0,0,0,0,0,0,0,0,0,0,0,0,0,0,0,0,0,0,0,0,0
101,2017,214,2340,12.24,0,0,0,0,0,0,0,-43.28,-9.03,0,0,0,0,0,0,0,0,0,0,0,0,0,0,0,0,0,0,0,0,0,0,0
101,2017,214,2350,12.24,0,0,0,0,0,0,0,-43.18,-8.93,0,0,0,0,0,0,0,0,0,0,0,0,0,0,0,0,0,0,0,0,0,0,0
101,2017,214,2400,12.24,0,0,0,0,0,0,0,-43.51,-8.78,0,0,0,0,0,0,0,0,0,0,0,0,0,0,0,0,0,0,0,0,0,0,0
101,2017,215,10,12.24,0,0,0,0,0,0,0,-43.14,-8.53,0,0,0,0,0,0,0,0,0,0,0,0,0,0,0,0,0,0,0,0,0,0,0
101,2017,215,20,12.24,0,0,0,0,0,0,0,-43.02,-7.5,0,0,0,0,0,0,0,0,0,0,0,0,0,0,0,0,0,0,0,0,0,0,0
101,2017,215,30,12.24,0,0,0,0,0,0,0,-43.86,-7.84,0,0,0,0,0,0,0,0,0,0,0,0,0,0,0,0,0,0,0,0,0,0,0
101,2017,215,40,12.24,0,0,0,0,0,0,0,-44.36,-8.77,0,0,0,0,0,0,0,0,0,0,0,0,0,0,0,0,0,0,0,0,0,0,0
101,2017,215,50,12.24,0,0,0,0,0,0,0,-43.76,-8.72,0,0,0,0,0,0,0,0,0,0,0,0,0,0,0,0,0,0,0,0,0,0,0
101,2017,215,100,12.24,0,0,0,0,0,0,0,-43.63,-8.77,0,0,0,0,0,0,0,0,0,0,0,0,0,0,0,0,0,0,0,0,0,0,0
101,2017,215,110,12.24,0,0,0,0,0,0,0,-43.26,-8.41,0,0,0,0,0,0,0,0,0,0,0,0,0,0,0,0,0,0,0,0,0,0,0
101,2017,215,120,12.24,0,0,0,0,0,0,0,-42.16,-8.46,0,0,0,0,0,0,0,0,0,0,0,0,0,0,0,0,0,0,0,0,0,0,0
101,2017,215,130,12.24,0,0,0,0,0,0,0,-42.11,-8.28,0,0,0,0,0,0,0,0,0,0,0,0,0,0,0,0,0,0,0,0,0,0,0
101,2017,215,140,12.24,0,0,0,0,0,0,0,-43.09,-8.07,0,0,0,0,0,0,0,0,0,0,0,0,0,0,0,0,0,0,0,0,0,0,0
101,2017,215,150,12.24,0,0,0,0,0,0,0,-42.27,-7.79,0,0,0,0,0,0,0,0,0,0,0,0,0,0,0,0,0,0,0,0,0,0,0
101,2017,215,200,12.24,0,0,0,0,0,0,0,-43.01,-7.61,0,0,0,0,0,0,0,0,0,0,0,0,0,0,0,0,0,0,0,0,0,0,0
101,2017,215,210,12.24,0,0,0,0,0,0,0,-42.76,-7.73,0,0,0,0,0,0,0,0,0,0,0,0,0,0,0,0,0,0,0,0,0,0,0
101,2017,215,220,12.24,0,0,0,0,0,0,0,-41.72,-7.82,0,0,0,0,0,0,0,0,0,0,0,0,0,0,0,0,0,0,0,0,0,0,0
101,2017,215,230,12.24,0,0,0,0,0,0,0,-42.88,-7.88,0,0,0,0,0,0,0,0,0,0,0,0,0,0,0,0,0,0,0,0,0,0,0
101,2017,215,240,12.24,0,0,0,0,0,0,0,-43.69,-7.27,0,0,0,0,0,0,0,0,0,0,0,0,0,0,0,0,0,0,0,0,0,0,0
101,2017,215,250,12.24,0,0,0,0,0,0,0,-44,-7.11,0,0,0,0,0,0,0,0,0,0,0,0,0,0,0,0,0,0,0,0,0,0,0
101,2017,215,300,12.24,0,0,0,0,0,0,0,-43.87,-6.375,0,0,0,0,0,0,0,0,0,0,0,0,0,0,0,0,0,0,0,0,0,0,0
101,2017,215,310,12.24,0,0,0,0,0,0,0,-43.26,-6.456,0,0,0,0,0,0,0,0,0,0,0,0,0,0,0,0,0,0,0,0,0,0,0
101,2017,215,320,12.24,0,0,0,0,0,0,0,-42.87,-6.56,0,0,0,0,0,0,0,0,0,0,0,0,0,0,0,0,0,0,0,0,0,0,0
101,2017,215,330,12.24,0,0,0,0,0,0,0,-43.01,-7.01,0,0,0,0,0,0,0,0,0,0,0,0,0,0,0,0,0,0,0,0,0,0,0
101,2017,215,340,12.24,0,0,0,0,0,0,0,-43.54,-7.11,0,0,0,0,0,0,0,0,0,0,0,0,0,0,0,0,0,0,0,0,0,0,0
101,2017,215,350,12.24,0,0,0,0,0,0,0,-46.65,-7.32,0,0,0,0,0,0,0,0,0,0,0,0,0,0,0,0,0,0,0,0,0,0,0
101,2017,215,400,12.24,0,0,0,0,0,0,0,-45.34,-7.43,0,0,0,0,0,0,0,0,0,0,0,0,0,0,0,0,0,0,0,0,0,0,0
101,2017,215,410,12.24,0,0,0,0,0,0,0,-43.17,-7.29,0,0,0,0,0,0,0,0,0,0,0,0,0,0,0,0,0,0,0,0,0,0,0
101,2017,215,420,12.24,0,0,0,0,0,0,0,-42.78,-7.31,0,0,0,0,0,0,0,0,0,0,0,0,0,0,0,0,0,0,0,0,0,0,0
101,2017,215,430,12.24,0,0,0,0,0,0,0,-42.68,-7.55,0,0,0,0,0,0,0,0,0,0,0,0,0,0,0,0,0,0,0,0,0,0,0
101,2017,215,440,12.24,0,0,0,0,0,0,0,-42.49,-7.47,0,0,0,0,0,0,0,0,0,0,0,0,0,0,0,0,0,0,0,0,0,0,0
101,2017,215,450,12.24,0,0,0,0,0,0,0,-44.58,-7.46,0,0,0,0,0,0,0,0,0,0,0,0,0,0,0,0,0,0,0,0,0,0,0
101,2017,215,500,12.24,0,0,0,0,0,0,0,-43.87,-7.45,0,0,0,0,0,0,0,0,0,0,0,0,0,0,0,0,0,0,0,0,0,0,0
101,2017,215,510,12.24,0,0,0,0,0,0,0,-42.98,-7.11,0,0,0,0,0,0,0,0,0,0,0,0,0,0,0,0,0,0,0,0,0,0,0
101,2017,215,520,12.24,0,0,0,0,0,0,0,-43.13,-6.918,0,0,0,0,0,0,0,0,0,0,0,0,0,0,0,0,0,0,0,0,0,0,0
101,2017,215,530,12.24,0,0,0,0,0,0,0,-40.15,-6.694,0,0,0,0,0,0,0,0,0,0,0,0,0,0,0,0,0,0,0,0,0,0,0
101,2017,215,540,12.24,0,0,0,0,0,0,0,-39.69,-6.551,0,0,0,0,0,0,0,0,0,0,0,0,0,0,0,0,0,0,0,0,0,0,0
101,2017,215,550,12.24,0,0,0,0,0,0,0,-39.51,-6.64,0,0,0,0,0,0,0,0,0,0,0,0,0,0,0,0,0,0,0,0,0,0,0
101,2017,215,600,12.24,0,0,0,0,0,0,0,-39.4,-6.831,0,0,0,0,0,0,0,0,0,0,0,0,0,0,0,0,0,0,0,0,0,0,0
101,2017,215,610,12.24,0,0,0,0,0,0,0,-40.17,-6.228,0,0,0,0,0,0,0,0,0,0,0,0,0,0,0,0,0,0,0,0,0,0,0
101,2017,215,620,12.24,0,0,0,0,0,0,0,-39.93,-6.945,0,0,0,0,0,0,0,0,0,0,0,0,0,0,0,0,0,0,0,0,0,0,0
101,2017,215,630,12.24,0,0,0,0,0,0,0,-41,-6.861,0,0,0,0,0,0,0,0,0,0,0,0,0,0,0,0,0,0,0,0,0,0,0
101,2017,215,640,12.24,0,0,0,.01,0,0,0,-41.84,-6.628,0,.035,0,0,0,.027,.023,.005,.028,.005,0,.007,0,0,.02,0,0,.007,0,0,0,0,0
101,2017,215,650,12.24,.035,.013,.005,.065,.028,.02,.01,-42.09,-6.533,.015,.26,.02,.028,.025,.199,.199,.052,.204,.055,.013,.059,.02,.023,.168,.022,.022,.059,0,.01,.023,.003,.007
101,2017,215,700,12.24,.109,.034,.034,.233,.104,.06,.037,-40.57,-6.39,.045,.759,.055,.089,.08,.724,.706,.164,.635,.183,.049,.181,.054,.077,.597,.07,.06,.218,.032,.034,.096,.03,.034
101,2017,215,710,12.24,.174,.065,.06,.345,.164,.097,.067,-40.37,-6.395,.094,1.123,.097,.141,.161,1.403,1.404,.236,1.078,.255,.102,.27,.092,.126,1.24,.141,.114,.436,.034,.059,.203,.034,.064
101,2017,215,720,12.24,.272,.101,.08,.536,.245,.139,.104,-40.68,-6.773,.121,1.73,.126,.215,.215,1.927,1.969,.362,1.587,.357,.112,.429,.131,.166,1.723,.181,.168,.561,.045,.082,.26,.05,.084
101,2017,215,730,12.24,.478,.191,.153,1.001,.422,.268,.174,-39.23,-7.25,.215,3.825,.248,.389,.377,3.412,3.421,.672,3.243,.69,.213,.848,.282,.31,2.963,.3,.308,.999,.094,.147,.414,.092,.158
101,2017,215,740,12.24,.9,.364,.253,1.916,.734,.461,.273,-38.71,-7.18,.367,8.48,.424,.672,.58,5.65,5.747,1.334,5.821,1.445,.354,1.637,.476,.511,4.803,.476,.474,1.549,.161,.248,.64,.151,.248
101,2017,215,750,12.24,1.426,.553,.387,3.08,1.089,.702,.357,-37.97,-7.13,.493,9.86,.617,.944,.764,7.59,7.71,2.097,7.98,2.237,.478,1.986,.59,.771,6.211,.685,.706,2.095,.189,.325,.828,.196,.33
101,2017,215,800,12.24,1.094,.458,.354,2.568,1.049,.672,.396,-38.38,-7.31,.486,9.42,.69,.927,.865,8.35,8.15,1.79,7.91,2.236,.558,2.105,.623,.754,6.865,.696,.685,2.366,.225,.355,.967,.201,.382
101,2017,215,810,12.24,1.502,.561,.426,3.047,1.108,.694,.434,-38.93,-7.76,.58,13.32,.831,1.047,1.026,9.72,9.53,2.159,9.02,2.37,.657,2.903,.734,.826,8.1,.835,.811,2.859,.248,.407,1.061,.25,.437
101,2017,215,820,12.23,2.06,.799,.543,4.307,1.503,1.046,.523,-39.01,-7.82,.786,31.24,1.155,1.492,1.317,12.26,11.55,3.203,21.18,3.305,.773,7.41,1.25,1.554,9.95,1.029,1.277,3.535,.31,.496,1.272,.295,.538
101,2017,215,830,12.24,2.593,1.031,.858,5.903,2.273,1.761,.813,-40.21,-7.23,1.113,83.9,2.075,3.122,1.802,17.04,14.65,4.451,57.4,5.303,1.081,23.24,2.35,2.318,12.12,1.326,1.535,4.267,.466,.711,1.716,.385,.949
101,2017,215,840,12.24,3.32,1.346,1.046,7.58,2.978,2.313,1.058,-42.56,-6.213,1.458,97.8,2.061,2.886,2.313,21.03,22.64,5.685,69.7,5.196,1.294,29.44,2.732,2.898,18.53,1.773,2.023,5.38,.55,.872,2.241,.483,3.411
101,2017,215,850,12.24,4.535,2.045,1.475,11.27,4.272,3.407,1.259,-44.12,-3.947,1.837,100.1,2.328,3.571,2.633,26.45,30.33,7.93,74.2,8.92,1.498,30.42,3.184,3.917,19.19,2.261,2.615,6.558,.627,1.078,2.283,.572,1.059
101,2017,215,900,12.24,3.275,1.366,1.183,9.49,3.635,17.17,1.021,-31.92,-1.264,1.446,98.2,1.847,2.816,2.16,23.95,29.33,6.613,72.9,6.044,1.153,31.11,8.32,31.93,14.7,2.757,1.961,4.493,.504,.773,1.72,.471,.825
101,2017,215,910,12.24,1.585,.749,.739,8.35,2.945,3.332,.657,-43.01,.248,.872,94.3,1.512,1.832,1.53,21.21,26.94,9.04,69.34,4.364,.789,31.2,36.9,27.29,9.89,1.411,1.172,2.462,.36,.488,1.115,.367,.494
101,2017,215,920,12.24,3.208,1.356,.95,10.03,2.755,1.88,.828,-46.51,.927,1.141,33.9,1.642,2.615,1.711,19.1,18.83,5.708,26.42,6.535,1.175,7.55,3.647,2.03,13.3,1.565,1.778,4.771,.421,.727,1.775,.399,.716
101,2017,215,930,12.24,3.535,1.649,1.488,35.04,4.21,3.008,1.227,-47.92,1.089,1.651,100.3,2.623,11.07,2.618,38.32,39.47,6.543,78.7,11.86,1.988,28.59,4.919,2.993,16.42,2.323,2.378,6.962,.518,.945,2.137,.538,1.066
101,2017,215,940,12.24,2.32,1.342,1.507,38.5,5.939,4.85,.947,-48.18,.523,1.307,102.5,1.508,4.731,1.989,35.07,38.11,6.794,79.9,11.71,1.207,20.17,3.427,7.19,12.23,1.946,1.75,3.037,.402,.617,1.364,.473,.647
101,2017,215,950,12.24,1.45,.887,1.203,42.53,38.68,14.81,3.13,-37.52,1.927,1.078,112,1.505,2.51,2.227,41.51,41.2,3.943,88.2,5.24,1.252,7.81,3.261,5.612,12.82,2.096,1.344,3.008,.422,.54,1.468,.52,.622
101,2017,215,1000,12.24,1.488,.741,1.052,45.02,54.64,21.48,1.3,-31.9,1.82,1.037,116.6,1.833,1.694,3.646,46.78,34.68,3.393,93.1,17.52,1.272,6.488,20.07,9.56,12.44,1.806,1.367,2.941,.431,.563,1.416,.506,.677
101,2017,215,1010,12.24,2.599,1.146,1.23,48.68,62.29,9.78,5.824,-40.27,1.994,1.26,125.3,2.622,2.237,3.44,54.43,20.87,5.565,100.5,91.3,1.682,14.66,2.674,78.5,13.17,2.098,1.808,3.05,.444,.659,1.573,.536,2.84
101,2017,215,1020,12.24,3.175,1.319,1.873,36.17,43.45,13.85,2.115,-36.8,.886,1.485,97.3,2.915,2.064,2.552,48.87,17.59,6.03,79.2,33.01,2.073,16.06,2.669,23.24,14.93,2.487,2.294,5.435,.444,.767,1.82,.58,.987
101,2017,215,1030,12.24,2.223,1.277,1.456,31.56,41.21,4.433,2.56,-44.88,.039,2.501,84.7,2.418,1.65,2.525,42.57,14.94,4.408,70.1,21.85,2.068,17.45,1.972,3.185,14.88,2.59,3.961,5.888,.399,.717,1.577,.488,2.635
101,2017,215,1040,12.24,1.759,.885,1.139,48.96,74.1,5.035,14.66,-43.06,3.403,1.374,118.5,1.674,1.702,3.865,47.83,11.22,3.845,99.4,82.8,2.195,25.27,1.798,1.778,18.07,2.247,13.45,3.426,.437,.663,1.478,.558,.994
101,2017,215,1050,12.25,3.12,1.215,1.225,52.54,79.2,19.6,2.589,-29.95,1.081,16.22,125.6,1.908,2.537,2.835,70.7,14.7,5.393,105.7,99.3,1.736,9.41,2.012,1.855,23.94,2.501,2.897,9.75,.588,.895,1.828,.613,.859
101,2017,215,1100,12.25,3.051,1.287,1.354,46.73,75.1,53.54,1.042,-1.9,-.57,4.346,119.1,2.044,2.433,4.735,73.4,15.59,5.571,100.9,93.7,1.87,7.75,3.436,2.044,26.78,2.454,6.732,9.41,.622,.947,1.92,.789,.881
101,2017,215,1110,12.25,3.101,1.367,1.257,44.28,68.63,34.89,2.825,-17.88,-.151,1.942,124.3,2.131,2.46,13.44,81.3,15.5,5.251,107.1,101.3,2.111,6.02,7.5,2.014,31.62,2.344,4.137,47.35,.655,1.004,1.972,1.419,.92
101,2017,215,1120,12.25,2.094,1.2,1.305,33.55,10.31,25.73,8.57,-26.43,-2.067,1.51,121.4,18.95,2.021,3.255,83.8,13.13,3.952,106.3,102.6,2.183,5.075,1.57,1.801,33.29,2.205,1.831,59.25,.588,1.615,1.853,.772,.9
101,2017,215,1130,12.25,2.052,1.31,1.082,22.86,2.625,11.58,.925,-38.97,-2.882,1.277,120.4,6.745,1.897,2.843,86.5,12.58,3.867,106.9,83.6,2.31,4.889,1.523,1.783,35.33,2.17,2.262,65.99,.598,.871,1.801,.72,.918
101,2017,215,1140,12.25,2.372,1.392,1.114,22.06,2.398,2.213,.952,-46.27,-3.673,1.35,120.8,2.438,2.026,19.92,89.7,13.08,9.84,108.3,52.6,2.572,5.189,1.577,5.343,37.43,2.195,2.091,68.77,.6,.89,1.979,.791,1.454
101,2017,215,1150,12.25,3.223,1.945,1.662,16.59,2.421,12.07,1.012,-37.03,-3.746,1.528,121.2,16.17,2.083,24.46,94.1,14.62,70.2,110.4,102.8,3.408,5.492,1.603,2.109,39.84,2.704,2.567,72.1,2.332,.992,2.084,.797,1.111
101,2017,215,1200,12.25,2.079,1.406,34.79,15.73,2.252,1.546,.988,-43.65,-3.136,1.28,115.9,3.745,1.667,24.31,94.5,12.71,4.284,106.6,38.08,4.326,4.7,1.409,1.871,40.93,2.171,1.942,74.2,16.19,1.24,2.104,.791,1.082
101,2017,215,1210,12.25,2.074,6.368,14.16,20.01,2.421,1.975,1.196,-42.63,-3.994,1.349,114.3,2.119,1.761,22.58,98.5,15.23,3.676,106.6,87.5,4.609,4.468,1.473,2.17,45.88,2.57,2.062,77,2.64,.978,2.706,.988,1.21
101,2017,215,1220,12.25,2.119,1.67,1.035,4.857,1.841,1.538,.955,-42.74,-4.813,1.241,112.7,2.056,1.655,16.93,98.6,31.82,3.718,106.1,101.6,3.399,3.941,1.379,1.985,45.6,2.2,2.076,79.1,1.091,.983,2.213,.856,1.384
101,2017,215,1230,12.25,3.657,6.063,1.059,4.597,2.609,4.813,1.225,-39.25,-5.326,1.381,112.5,5.375,2.274,9.64,102.5,80.4,60.92,106,93.1,3.708,4.842,1.597,2.088,50.35,2.401,19.16,80.8,.876,1.181,2.761,.913,1.484
101,2017,215,1240,12.25,3.17,6.655,1.056,4.577,2.716,3.398,1.305,-39.69,-5.574,1.424,109.6,52.17,13.49,3.327,103.7,81.4,93.7,104.5,84,36.19,4.894,1.622,2.493,52.93,2.758,46.36,81.9,.846,1.317,3.024,1.039,1.918
101,2017,215,1250,12.25,11.6,18.68,.957,4.08,6.11,1.913,1.181,-40.17,-5.356,1.36,106.3,6.936,2.496,2.91,103.7,56.34,19.77,103.3,70.4,70.6,4.13,1.469,2.217,53.05,2.676,2.488,83.4,.784,16.97,2.862,1.061,1.424
101,2017,215,1300,12.25,1.97,4.001,1.499,3.555,9.2,1.51,1.607,-42.23,-5.286,1.245,102.6,2.228,1.503,2.602,102.9,35.45,3.667,101.8,46.24,47.6,3.111,1.65,2.205,51.71,2.205,2.976,84.8,.652,44.82,2.453,1.154,1.36
101,2017,215,1310,12.25,1.856,8.45,9.54,3.701,1.649,5.138,1.188,-35.83,-5.197,1.238,99.8,2.346,1.508,2.624,103.6,16.59,3.572,100,20.05,12.6,3.161,1.283,2.63,52.8,3.614,37.24,85.3,.675,35.43,2.528,1.505,1.451
101,2017,215,1320,12.26,2.773,1.178,5.98,4.398,1.712,1.417,1.049,-38.58,-4.984,1.248,97,2.414,1.515,2.697,104.5,12.73,3.528,98.7,5.278,4.649,3.053,1.26,37.17,54.27,2.33,37.77,86.1,.714,1.397,2.823,2.139,1.367
101,2017,215,1330,12.26,1.979,1.211,.878,3.564,3.651,1.407,1.096,-39.46,-4.592,1.293,94.2,2.605,1.595,2.773,104.9,17.79,4.351,96.6,5.003,4.316,3.128,1.308,50.28,55.07,2.443,31.94,86.2,.819,1.454,3.034,.967,1.324
101,2017,215,1340,12.26,1.774,1.079,.818,3.498,1.808,1.412,7.86,-37.83,-3.076,1.327,90.3,5.527,1.622,2.91,104.7,13.45,3.542,94.3,5.016,4.175,3.123,1.369,56.33,55.72,2.352,53.52,85.9,.724,1.444,3.28,1.029,1.369
101,2017,215,1350,12.25,1.721,1.685,.757,3.418,1.689,1.381,1.34,-36.76,-4.22,1.33,87,14.47,1.528,3.006,104.9,12.38,3.485,92.1,5.882,4.085,3.121,1.382,29,56.02,2.262,16.76,86.3,.682,5.351,3.218,.908,1.339
101,2017,215,1400,12.26,1.634,1.052,.742,3.409,1.64,1.397,1.049,-36.37,-3.788,1.592,82.9,7.91,1.556,3.197,103.9,15.52,3.384,89.5,6.152,12.8,15.76,1.392,4.574,56.01,2.21,22.91,85.6,.739,28.48,3.279,.886,1.406
101,2017,215,1410,12.25,1.59,.935,.769,3.135,1.697,1.429,1.074,-40.92,-3.27,1.404,79.5,3.403,1.6,3.465,104.5,19.75,3.356,87.1,4.782,10.23,30.62,1.429,3.743,57.03,2.315,2.736,85.5,.796,10.1,3.326,.881,1.456
101,2017,215,1420,12.26,2.186,1.101,1.185,4.076,2.247,5.221,1.463,-40.32,-2.453,21.1,77.6,2.97,3.765,4.284,105.7,16.4,4.065,85.6,5.484,4.5,22.26,1.639,2.897,59.54,2.887,2.843,84.9,.92,3.575,2.982,.98,1.714
101,2017,215,1430,12.25,2.578,1.335,.968,4.929,2.974,13.92,25.05,-27.65,5.045,2.654,73.6,3.252,3.709,7.34,104.9,21.49,4.701,82.2,6.765,6.628,5.767,18.45,2.669,60.82,3.414,3.034,81,1.079,5.681,3.448,1.146,2.059
101,2017,215,1440,12.25,2.754,1.096,1.005,5.453,2.949,1.912,2.282,-42.06,-.342,2.218,72.1,2.362,7.77,13.67,111.2,24.05,4.753,84.5,4.885,8.63,10.36,35.79,2.359,65.56,3.604,2.954,86.7,2.785,1.935,4.105,1.064,1.908
101,2017,215,1450,12.25,2,.875,.782,4.105,2.188,4.257,2.634,-36.76,-.007,25.77,62.53,2.201,2.545,20.01,105.2,27.92,3.765,78.1,4.222,10.26,6.435,4.329,4.472,60.88,62.16,2.454,84.1,2.552,1.476,2.801,.779,1.68
101,2017,215,1500,12.25,1.228,.657,.581,2.793,1.603,1.543,5.973,-27.01,1.201,17.38,54.8,2.067,1.365,24.16,100,31.31,2.783,70,3.669,11.67,3.336,1.136,1.508,56.33,28.88,1.98,82.2,18.5,3.108,1.774,.632,1.406
101,2017,215,1510,12.25,1.173,.601,.57,2.664,2.282,1.25,.923,-22.96,-.787,2.582,48.74,2.009,1.302,36.37,97.2,14.33,2.573,64.79,3.455,57.37,3.177,1.022,1.771,54.35,2.53,1.881,20.74,14.23,3.6,1.575,.506,1.032
101,2017,215,1520,12.25,1.096,.543,.493,2.475,1.319,2.168,.811,-26.68,-1.213,11.47,42.7,1.773,3.223,42.13,94.2,47.32,2.413,59.4,3.354,81.3,2.801,1.305,4.2,52.15,2.454,1.704,3.967,1.451,6.899,1.453,.454,.841
101,2017,215,1530,12.25,1.014,.504,.456,2.334,2.382,9.76,.746,-21.07,-1.319,69.64,37.29,1.655,1.101,27.78,92.3,68.69,2.317,55.7,3.188,72.1,2.6,.834,1.486,50.75,3.296,1.546,3.363,.528,1.126,1.352,.431,.705
101,2017,215,1540,12.25,1.007,.491,.441,2.257,1.59,30.44,.705,2.14,-1.498,30.49,32.27,1.561,1.082,3.993,89.9,70.4,2.156,50.95,6.688,29.84,2.63,.786,1.022,49.18,17.22,1.429,3.086,.434,.95,1.29,.402,.633
101,2017,215,1550,12.25,1.206,.529,.444,2.285,2.227,.88,.734,-26.22,-1.685,.933,27.68,1.478,1.141,2.31,87.5,69.19,2.052,46.1,12.76,15.6,2.805,.791,1,23.93,1.902,1.287,2.93,.392,.774,1.285,.387,.571
101,2017,215,1600,12.25,1.124,.538,.427,2.369,4.681,.851,.747,-25.47,-1.821,.781,23.34,1.376,1.196,2.057,84.4,66.16,1.974,41.07,4.442,9.56,2.852,.814,1.025,14,1.287,1.04,2.843,.39,.622,1.345,.409,.529
101,2017,215,1610,12.25,1.005,.504,.389,2.16,1.238,.774,.694,-27.6,-2.193,.697,19.2,1.22,1.188,1.719,79.6,61.54,1.91,29.36,2.614,3.621,2.63,.736,.94,11.23,1.138,.89,2.723,.354,.523,1.427,.404,.486
101,2017,215,1620,12.25,1.074,.494,.348,2.351,1.139,.734,.653,-27.57,-2.54,.638,15.53,1.037,1.146,2.009,75.7,57.72,1.925,7.99,2.18,1.089,2.609,.714,.888,8.72,1.066,.794,2.57,.323,.464,1.312,.342,.461
101,2017,215,1630,12.25,.876,.447,.32,1.999,1.05,.648,1.667,-25.53,-2.258,.558,11.18,.675,.933,1.287,70.9,53.05,1.635,7.95,1.868,.871,2.389,.658,.96,8.42,1.101,.7,2.409,.293,.414,1.295,.33,.436
101,2017,215,1640,12.25,.774,.399,.27,1.741,.838,.533,.684,-24.55,-2.545,.472,7.92,.585,.73,1.04,64.69,36.24,1.443,6.189,1.635,.779,2.146,.575,.762,7.53,4.626,.61,2.217,.231,.335,1.009,.263,.405
101,2017,215,1650,12.25,.732,.367,.268,1.655,.813,.488,.454,-24.78,-2.639,.451,7.47,.546,.684,.95,57.63,8.35,1.347,5.881,1.521,.73,2.037,.581,1.134,9.23,20.41,.576,2.101,.219,.305,.932,.228,.387
101,2017,215,1700,12.25,.66,.348,.238,1.548,.757,.447,.392,-22.38,-2.639,.431,6.99,.493,.653,.868,50.87,7.45,1.255,5.452,1.401,.64,1.92,.658,.618,29.52,28.56,.558,1.923,.199,.278,.829,.201,.36
101,2017,215,1710,12.25,.65,.328,.231,1.495,.757,.442,.362,-23.42,-2.701,.404,6.615,.452,.67,.828,31.75,7.14,1.2,5.119,1.314,.586,1.686,.489,.586,26.31,3.203,.546,1.768,.199,.271,.766,.181,.332
101,2017,215,1720,12.25,.868,.34,.24,1.907,.819,.484,.354,-27.64,-2.833,.427,6.615,.442,.734,.814,14.92,7.33,1.493,5.266,1.288,.533,1.805,.528,.576,12.35,.91,.556,1.608,.201,.275,.804,.184,.303
101,2017,215,1730,12.25,.655,.278,.243,1.473,.732,.429,.34,-21.94,-2.725,.397,5.625,.436,.65,.751,11.22,6.957,1.129,4.903,1.131,.479,1.444,.441,.56,6.424,.667,.483,1.872,.178,.266,.91,.209,.322
101,2017,215,1740,12.25,.566,.271,.201,1.225,.494,.365,.246,-19.7,-2.743,.332,4.65,.412,.464,.627,5.841,5.541,.868,4.251,1.052,.476,1.059,.355,.461,4.675,.506,.407,1.687,.122,.199,.652,.134,.288
101,2017,215,1750,12.25,.355,.142,.136,.694,.354,.236,.183,-20.44,-2.998,.255,3.169,.298,.34,.461,4.084,3.648,.543,2.954,.694,.402,.66,.228,.318,3.214,.389,.275,1.27,.097,.156,.474,.094,.231
101,2017,215,1800,12.24,.176,.074,.057,.37,.176,.112,.082,-20.86,-3.216,.104,1.416,.117,.163,.179,1.716,1.609,.292,1.232,.328,.171,.339,.107,.142,1.361,.171,.116,.444,.044,.065,.211,.04,.075
101,2017,215,1810,12.24,.057,.023,.023,.119,.059,.037,.028,-20.09,-3.322,.035,.432,.04,.054,.062,.561,.518,.09,.387,.111,.054,.099,.037,.045,.446,.057,.039,.159,.01,.028,.065,.018,.03
101,2017,215,1820,12.24,.015,0,0,.018,.007,0,.002,-20.47,-3.57,0,.085,0,.007,.01,.106,.101,.02,.079,.02,.005,.018,.003,.008,.082,.008,0,.032,0,0,.012,0,0
101,2017,215,1830,12.24,0,0,0,0,0,0,0,-20.25,-3.813,0,.007,0,0,0,.008,.005,0,.002,0,0,0,0,0,0,0,0,0,0,0,0,0,0
101,2017,215,1840,12.24,0,0,0,0,0,0,0,-20.07,-4.036,0,0,0,0,0,0,0,0,0,0,0,0,0,0,0,0,0,0,0,0,0,0,0
101,2017,215,1850,12.24,0,0,0,0,0,0,0,-20.43,-4.148,0,0,0,0,0,0,0,0,0,0,0,0,0,0,0,0,0,0,0,0,0,0,0
101,2017,215,1900,12.24,0,0,0,0,0,0,0,-18.88,-4.252,0,0,0,0,0,0,0,0,0,0,0,0,0,0,0,0,0,0,0,0,0,0,0
101,2017,215,1910,12.24,0,0,0,0,0,0,0,-18.36,-4.554,0,0,0,0,0,0,0,0,0,0,0,0,0,0,0,0,0,0,0,0,0,0,0
101,2017,215,1920,12.24,0,0,0,0,0,0,0,-18.16,-4.673,0,0,0,0,0,0,0,0,0,0,0,0,0,0,0,0,0,0,0,0,0,0,0
101,2017,215,1930,12.24,0,0,0,0,0,0,0,-18.82,-4.86,0,0,0,0,0,0,0,0,0,0,0,0,0,0,0,0,0,0,0,0,0,0,0
101,2017,215,1940,12.24,0,0,0,0,0,0,0,-19.64,-4.904,0,0,0,0,0,0,0,0,0,0,0,0,0,0,0,0,0,0,0,0,0,0,0
101,2017,215,1950,12.24,0,0,0,0,0,0,0,-21.16,-4.973,0,0,0,0,0,0,0,0,0,0,0,0,0,0,0,0,0,0,0,0,0,0,0
101,2017,215,2000,12.24,0,0,0,0,0,0,0,-21.56,-5.051,0,0,0,0,0,0,0,0,0,0,0,0,0,0,0,0,0,0,0,0,0,0,0
101,2017,215,2010,12.24,0,0,0,0,0,0,0,-20.36,-5.165,0,0,0,0,0,0,0,0,0,0,0,0,0,0,0,0,0,0,0,0,0,0,0
101,2017,215,2020,12.24,0,0,0,0,0,0,0,-21.03,-5.418,0,0,0,0,0,0,0,0,0,0,0,0,0,0,0,0,0,0,0,0,0,0,0
101,2017,215,2030,12.24,0,0,0,0,0,0,0,-23.85,-5.511,0,0,0,0,0,0,0,0,0,0,0,0,0,0,0,0,0,0,0,0,0,0,0
101,2017,215,2040,12.24,0,0,0,0,0,0,0,-21.81,-5.531,0,0,0,0,0,0,0,0,0,0,0,0,0,0,0,0,0,0,0,0,0,0,0
101,2017,215,2050,12.24,0,0,0,0,0,0,0,-22.69,-5.609,0,0,0,0,0,0,0,0,0,0,0,0,0,0,0,0,0,0,0,0,0,0,0
101,2017,215,2100,12.24,0,0,0,0,0,0,0,-23.14,-5.427,0,0,0,0,0,0,0,0,0,0,0,0,0,0,0,0,0,0,0,0,0,0,0
101,2017,215,2110,12.24,0,0,0,0,0,0,0,-22.87,-5.15,0,0,0,0,0,0,0,0,0,0,0,0,0,0,0,0,0,0,0,0,0,0,0
101,2017,215,2120,12.24,0,0,0,0,0,0,0,-22.1,-5.179,0,0,0,0,0,0,0,0,0,0,0,0,0,0,0,0,0,0,0,0,0,0,0
101,2017,215,2130,12.24,0,0,0,0,0,0,0,-21.64,-5.147,0,0,0,0,0,0,0,0,0,0,0,0,0,0,0,0,0,0,0,0,0,0,0
101,2017,215,2140,12.24,0,0,0,0,0,0,0,-21.63,-5.284,0,0,0,0,0,0,0,0,0,0,0,0,0,0,0,0,0,0,0,0,0,0,0
101,2017,215,2150,12.24,0,0,0,0,0,0,0,-22.91,-5.485,0,0,0,0,0,0,0,0,0,0,0,0,0,0,0,0,0,0,0,0,0,0,0
101,2017,215,2200,12.24,0,0,0,0,0,0,0,-16.24,-7.98,0,0,0,0,0,0,0,0,0,0,0,0,0,0,0,0,0,0,0,0,0,0,0
101,2017,215,2210,12.24,0,0,0,0,0,0,0,-15.51,-8.88,0,0,0,0,0,0,0,0,0,0,0,0,0,0,0,0,0,0,0,0,0,0,0
101,2017,215,2220,12.23,0,0,0,0,0,0,0,-15.93,-8.67,0,0,0,0,0,0,0,0,0,0,0,0,0,0,0,0,0,0,0,0,0,0,0
101,2017,215,2230,12.23,0,0,0,0,0,0,0,-16.99,-9.15,0,0,0,0,0,0,0,0,0,0,0,0,0,0,0,0,0,0,0,0,0,0,0
101,2017,215,2240,12.23,0,0,0,0,0,0,0,-17.5,-9.21,0,0,0,0,0,0,0,0,0,0,0,0,0,0,0,0,0,0,0,0,0,0,0
101,2017,215,2250,12.23,0,0,0,0,0,0,0,-17.36,-9.05,0,0,0,0,0,0,0,0,0,0,0,0,0,0,0,0,0,0,0,0,0,0,0
101,2017,215,2300,12.23,0,0,0,0,0,0,0,-16.73,-8.23,0,0,0,0,0,0,0,0,0,0,0,0,0,0,0,0,0,0,0,0,0,0,0
101,2017,215,2310,12.23,0,0,0,0,0,0,0,-16.42,-7.8,0,0,0,0,0,0,0,0,0,0,0,0,0,0,0,0,0,0,0,0,0,0,0
101,2017,215,2320,12.23,0,0,0,0,0,0,0,-19.72,-7.59,0,0,0,0,0,0,0,0,0,0,0,0,0,0,0,0,0,0,0,0,0,0,0
101,2017,215,2330,12.23,0,0,0,0,0,0,0,-19.53,-7.11,0,0,0,0,0,0,0,0,0,0,0,0,0,0,0,0,0,0,0,0,0,0,0
101,2017,215,2340,12.23,0,0,0,0,0,0,0,-19.24,-6.949,0,0,0,0,0,0,0,0,0,0,0,0,0,0,0,0,0,0,0,0,0,0,0
101,2017,215,2350,12.23,0,0,0,0,0,0,0,-19.12,-6.851,0,0,0,0,0,0,0,0,0,0,0,0,0,0,0,0,0,0,0,0,0,0,0
101,2017,215,2400,12.23,0,0,0,0,0,0,0,-19.36,-6.912,0,0,0,0,0,0,0,0,0,0,0,0,0,0,0,0,0,0,0,0,0,0,0
101,2017,216,10,12.23,0,0,0,0,0,0,0,-19.72,-6.484,0,0,0,0,0,0,0,0,0,0,0,0,0,0,0,0,0,0,0,0,0,0,0
101,2017,216,20,12.23,0,0,0,0,0,0,0,-17.9,-6.741,0,0,0,0,0,0,0,0,0,0,0,0,0,0,0,0,0,0,0,0,0,0,0
101,2017,216,30,12.23,0,0,0,0,0,0,0,-20.19,-7.35,0,0,0,0,0,0,0,0,0,0,0,0,0,0,0,0,0,0,0,0,0,0,0
101,2017,216,40,12.23,0,0,0,0,0,0,0,-26.03,-6.903,0,0,0,0,0,0,0,0,0,0,0,0,0,0,0,0,0,0,0,0,0,0,0
101,2017,216,50,12.23,0,0,0,0,0,0,0,-29.02,-6.778,0,0,0,0,0,0,0,0,0,0,0,0,0,0,0,0,0,0,0,0,0,0,0
101,2017,216,100,12.23,0,0,0,0,0,0,0,-29.41,-6.796,0,0,0,0,0,0,0,0,0,0,0,0,0,0,0,0,0,0,0,0,0,0,0
101,2017,216,110,12.23,0,0,0,0,0,0,0,-29.96,-6.825,0,0,0,0,0,0,0,0,0,0,0,0,0,0,0,0,0,0,0,0,0,0,0
101,2017,216,120,12.23,0,0,0,0,0,0,0,-30.65,-7.07,0,0,0,0,0,0,0,0,0,0,0,0,0,0,0,0,0,0,0,0,0,0,0
101,2017,216,130,12.23,0,0,0,0,0,0,0,-29.63,-7.12,0,0,0,0,0,0,0,0,0,0,0,0,0,0,0,0,0,0,0,0,0,0,0
101,2017,216,140,12.23,0,0,0,0,0,0,0,-30.67,-6.799,0,0,0,0,0,0,0,0,0,0,0,0,0,0,0,0,0,0,0,0,0,0,0
101,2017,216,150,12.23,0,0,0,0,0,0,0,-32.77,-7.66,0,0,0,0,0,0,0,0,0,0,0,0,0,0,0,0,0,0,0,0,0,0,0
101,2017,216,200,12.23,0,0,0,0,0,0,0,-32.96,-8.15,0,0,0,0,0,0,0,0,0,0,0,0,0,0,0,0,0,0,0,0,0,0,0
101,2017,216,210,12.23,0,0,0,0,0,0,0,-33.47,-7.94,0,0,0,0,0,0,0,0,0,0,0,0,0,0,0,0,0,0,0,0,0,0,0
101,2017,216,220,12.23,0,0,0,0,0,0,0,-29.87,-7.41,0,0,0,0,0,0,0,0,0,0,0,0,0,0,0,0,0,0,0,0,0,0,0
101,2017,216,230,12.23,0,0,0,0,0,0,0,-29.97,-7.04,0,0,0,0,0,0,0,0,0,0,0,0,0,0,0,0,0,0,0,0,0,0,0
101,2017,216,240,12.23,0,0,0,0,0,0,0,-32.35,-7.01,0,0,0,0,0,0,0,0,0,0,0,0,0,0,0,0,0,0,0,0,0,0,0
101,2017,216,250,12.23,0,0,0,0,0,0,0,-31.4,-6.974,0,0,0,0,0,0,0,0,0,0,0,0,0,0,0,0,0,0,0,0,0,0,0
101,2017,216,300,12.23,0,0,0,0,0,0,0,-31.92,-7.09,0,0,0,0,0,0,0,0,0,0,0,0,0,0,0,0,0,0,0,0,0,0,0
101,2017,216,310,12.23,0,0,0,0,0,0,0,-32.33,-7.26,0,0,0,0,0,0,0,0,0,0,0,0,0,0,0,0,0,0,0,0,0,0,0
101,2017,216,320,12.23,0,0,0,0,0,0,0,-32.7,-7.21,0,0,0,0,0,0,0,0,0,0,0,0,0,0,0,0,0,0,0,0,0,0,0
101,2017,216,330,12.23,0,0,0,0,0,0,0,-34.42,-7.15,0,0,0,0,0,0,0,0,0,0,0,0,0,0,0,0,0,0,0,0,0,0,0
101,2017,216,340,12.23,0,0,0,0,0,0,0,-29.87,-7.33,0,0,0,0,0,0,0,0,0,0,0,0,0,0,0,0,0,0,0,0,0,0,0
101,2017,216,350,12.23,0,0,0,0,0,0,0,-32.46,-7.34,0,0,0,0,0,0,0,0,0,0,0,0,0,0,0,0,0,0,0,0,0,0,0
101,2017,216,400,12.23,0,0,0,0,0,0,0,-33.37,-7.5,0,0,0,0,0,0,0,0,0,0,0,0,0,0,0,0,0,0,0,0,0,0,0
101,2017,216,410,12.23,0,0,0,0,0,0,0,-34.03,-7.58,0,0,0,0,0,0,0,0,0,0,0,0,0,0,0,0,0,0,0,0,0,0,0
101,2017,216,420,12.23,0,0,0,0,0,0,0,-26.08,-7.62,0,0,0,0,0,0,0,0,0,0,0,0,0,0,0,0,0,0,0,0,0,0,0
101,2017,216,430,12.23,0,0,0,0,0,0,0,-25.12,-7.53,0,0,0,0,0,0,0,0,0,0,0,0,0,0,0,0,0,0,0,0,0,0,0
101,2017,216,440,12.23,0,0,0,0,0,0,0,-26.87,-7.53,0,0,0,0,0,0,0,0,0,0,0,0,0,0,0,0,0,0,0,0,0,0,0
101,2017,216,450,12.23,0,0,0,0,0,0,0,-26.64,-7.47,0,0,0,0,0,0,0,0,0,0,0,0,0,0,0,0,0,0,0,0,0,0,0
101,2017,216,500,12.23,0,0,0,0,0,0,0,-28.73,-7.45,0,0,0,0,0,0,0,0,0,0,0,0,0,0,0,0,0,0,0,0,0,0,0
101,2017,216,510,12.23,0,0,0,0,0,0,0,-27.88,-7.41,0,0,0,0,0,0,0,0,0,0,0,0,0,0,0,0,0,0,0,0,0,0,0
101,2017,216,520,12.23,0,0,0,0,0,0,0,-27.27,-7.37,0,0,0,0,0,0,0,0,0,0,0,0,0,0,0,0,0,0,0,0,0,0,0
101,2017,216,530,12.23,0,0,0,0,0,0,0,-28.58,-7.42,0,0,0,0,0,0,0,0,0,0,0,0,0,0,0,0,0,0,0,0,0,0,0
101,2017,216,540,12.23,0,0,0,0,0,0,0,-31.71,-7.85,0,0,0,0,0,0,0,0,0,0,0,0,0,0,0,0,0,0,0,0,0,0,0
101,2017,216,550,12.23,0,0,0,0,0,0,0,-35.06,-8.57,0,0,0,0,0,0,0,0,0,0,0,0,0,0,0,0,0,0,0,0,0,0,0
101,2017,216,600,12.23,0,0,0,0,0,0,0,-22.44,-8.64,0,0,0,0,0,0,0,0,0,0,0,0,0,0,0,0,0,0,0,0,0,0,0
101,2017,216,610,12.23,0,0,0,0,0,0,0,-23.71,-8.58,0,0,0,0,0,0,0,0,0,0,0,0,0,0,0,0,0,0,0,0,0,0,0
101,2017,216,620,12.23,0,0,0,0,0,0,0,-26.23,-8.54,0,0,0,0,0,0,0,0,0,0,0,0,0,0,0,0,0,0,0,0,0,0,0
101,2017,216,630,12.23,0,0,0,0,0,0,0,-26.47,-8.58,0,0,0,0,0,0,0,0,0,0,0,0,0,0,0,0,0,0,0,0,0,0,0
101,2017,216,640,12.23,.002,0,0,.01,0,0,0,-26.65,-8.5,0,.037,0,0,0,.027,.025,.008,.027,.008,0,.007,0,0,.02,0,0,.007,0,0,0,0,0
101,2017,216,650,12.23,.039,.013,.01,.08,.035,.025,.017,-26.5,-8.41,.02,.287,.02,.032,.023,.231,.231,.06,.238,.06,.017,.067,.022,.028,.193,.028,.025,.067,0,.01,.028,.005,.01
101,2017,216,700,12.23,.119,.05,.035,.266,.117,.075,.044,-25.91,-8.29,.052,.984,.064,.106,.092,.808,.821,.206,.784,.213,.059,.233,.07,.091,.694,.089,.077,.233,.03,.035,.107,.034,.035
101,2017,216,710,12.23,.243,.111,.075,.518,.255,.161,.099,-26.37,-8.25,.116,2.192,.139,.223,.199,1.85,1.897,.409,1.674,.432,.136,.513,.154,.193,1.604,.196,.158,.463,.049,.08,.233,.05,.082
101,2017,216,720,12.23,.367,.163,.111,.806,.384,.243,.149,-26.11,-8.3,.174,3.595,.221,.334,.313,2.926,3.032,.623,2.628,.682,.215,.82,.246,.295,2.586,.313,.241,.701,.075,.111,.349,.091,.119
101,2017,216,730,12.23,.458,.216,.149,1.081,.478,.323,.188,-27.29,-8.31,.231,4.864,.297,.429,.411,3.915,4.014,.84,3.528,.934,.282,1.079,.328,.391,3.417,.404,.318,.927,.101,.154,.441,.109,.161
101,2017,216,740,12.23,.592,.29,.201,1.411,.672,.424,.278,-27.3,-8.27,.339,18.14,.453,.615,.593,7.56,5.444,1.2,4.701,1.247,.374,1.475,.422,.499,4.701,.52,.446,1.294,.156,.221,.644,.161,.226
101,2017,216,750,12.23,1.413,.582,.396,3.287,1.242,.897,.436,-28.08,-8.2,.612,56.98,.98,1.28,.977,11.2,8.41,2.769,9.08,2.115,.498,2.591,1.242,1.053,6.659,.754,.878,2.053,.263,.387,.989,.238,.362
101,2017,216,800,12.23,2.365,.954,.69,5.77,1.993,1.57,.635,-26.58,-8.31,.969,72.5,1.765,1.946,1.478,15.7,12.28,4.287,21.9,4.032,.858,6.389,2.142,2.026,9.33,1.168,1.381,3.687,.367,.573,1.406,.32,.585
101,2017,216,810,12.23,2.678,1.13,.825,6.531,2.299,1.773,.727,-25.32,-8.86,1.135,81.4,2.117,2.237,1.676,17.15,13.91,4.844,21.78,4.785,1.036,19.18,2.541,2.259,10.57,1.358,1.599,4.242,.399,.655,1.611,.365,.714
101,2017,216,820,12.23,3.075,1.297,.982,7.66,2.703,2.175,.848,-27.87,-8.58,1.316,86,2.077,2.67,1.932,18.39,16.02,5.395,54.96,7.27,1.109,22.93,2.554,10.29,12.85,1.559,2.663,4.75,.458,.756,1.802,.416,.788
101,2017,216,830,12.23,4.017,1.758,1.076,8.95,3.372,2.547,1.104,-28.76,-8.05,1.57,95.7,2.392,3.838,2.274,21.47,19.35,6.871,67.01,6.907,1.316,27.4,2.92,3.121,15.1,1.77,2.159,5.261,.613,.952,2.311,.479,1.339
101,2017,216,840,12.23,2.083,.88,.655,5.097,2.373,1.678,.773,-31.91,-7.63,1.049,94,1.761,2.279,1.644,15.21,17.43,4.307,65.4,4.518,.957,29.76,2.343,2.098,14.69,1.366,1.326,3.003,.421,.585,1.589,.417,1.259
101,2017,216,850,12.23,3.223,1.294,.848,7.37,3.044,2.687,.967,-30.1,-6.741,1.207,88.4,1.634,2.921,1.768,16.86,22.98,5.656,62.33,5.785,.865,27.57,2.73,3.05,14.48,1.431,1.736,3.017,.533,.798,1.594,.439,.625
101,2017,216,900,12.23,2.665,1.141,.93,7.63,3.285,16.07,1.143,-18.91,-6.401,1.202,84.6,2.016,2.462,1.988,20.69,26.4,5.432,61.65,6.432,1.146,26.19,7.31,18.31,14.4,2.063,1.668,3.843,.489,.717,1.916,.491,.734
101,2017,216,910,12.24,4.498,1.88,1.28,21.23,4.649,4.379,.992,-28.56,-6.079,1.621,113.3,1.854,3.489,2.16,26.83,37.28,13.56,84.4,5.874,1.006,37.81,43.04,23.48,15.17,1.828,2.259,3.449,.602,.942,1.751,.511,.712
101,2017,216,920,12.24,4.748,1.944,1.761,31.84,5.558,3.422,1.746,-29.1,-6.035,1.999,95.4,2.159,7.56,2.99,35.56,41.7,45.03,74.3,8.96,1.488,28.7,26.03,3.753,21.46,2.501,2.769,6.813,.766,1.188,3.102,.691,1.145
101,2017,216,930,12.24,1.825,.985,1.029,40.65,3.861,2.47,1.393,-30.72,-6.303,1.202,112.9,1.612,13.08,2.217,33.8,41.97,15.83,86.6,9.97,1.234,35.31,5.507,2.206,14.84,1.919,1.601,4.066,.526,.734,2.041,.566,.724
101,2017,216,940,12.24,5.943,2.742,2.122,41.02,6.969,4.145,1.562,-33.04,-6.08,2.172,109.5,2.484,4.579,3.161,42.8,46.92,9.73,87.2,16.69,1.946,22.4,4.475,12.84,20.19,2.918,3.26,8.37,.742,1.314,2.504,.694,1.282