101,2017,272,830,11.98,2.373,1.282,1.149,58.12,5.253,3.894,.912,-33.29,-20.13,6.382,99.8,1.394,6.543,1.506,18.81,41.38,64.76,80.8,20.83,.873,19.29,2.133,5.318,8.99,1.19,1.577,2.642,.424,.659,1.111,.436,.59
101,2017,272,840,11.98,2.629,30.94,1.248,60.25,9.48,3.971,6.928,-34.39,-18.79,8.44,104.2,1.402,10.16,1.608,23.53,47.72,70.7,85.9,55.7,.92,9.46,2.12,31.58,9.87,1.233,1.6,2.729,.436,.679,1.148,.436,.603
101,2017,272,850,11.98,2.979,53.56,1.419,60.32,27.35,4.038,1.097,-32.38,-18.8,35.35,108.3,1.397,2.925,1.647,28.3,54.1,76.2,90.6,23.46,.965,7.33,2.31,13.13,9.74,1.295,21.21,2.832,.436,.819,1.19,.446,.62
101,2017,272,900,11.98,2.672,8.64,1.429,58.82,17.74,4.644,.875,-31.22,-19.17,29.56,112.2,1.446,2.657,2.53,33.04,60.11,81.3,95.1,4.867,.989,7.48,2.386,14.24,10.87,1.382,2.351,2.909,.436,.737,1.225,.467,.968
101,2017,272,910,11.98,2.816,22.2,1.458,55.22,57.68,31.71,.876,-10.06,-17.73,5.4,114.8,1.503,2.615,1.898,37.56,65.19,85.2,98.6,25.59,1.059,9.33,2.248,2.761,11.18,1.412,1.808,3.021,.508,.782,1.282,.469,.67
101,2017,272,920,11.99,3.597,2.021,1.582,49.99,68.64,57.8,.905,13.47,-17.33,1.655,116.9,1.567,2.572,1.865,42.33,69.81,86.7,101.8,5.073,1.094,23.32,12.1,2.263,12.72,23.04,1.942,3.12,.555,.923,1.789,.503,.754
101,2017,272,930,11.99,3.146,6.76,1.515,44.11,43.77,49.95,.945,12.16,-18.73,11.42,120,1.654,7.87,1.927,47.91,74.9,42.46,105.7,4.902,1.174,47.85,57.29,2.339,15.21,1.545,2.759,3.24,.546,.977,33.55,.508,.828
101,2017,272,940,11.99,3.756,69.65,1.566,38.54,4.478,13.35,1.014,-9.74,-20.6,2.332,121.3,1.717,27.62,2.007,52.82,78.7,84.6,108.2,5.633,1.258,67.76,6.527,3.322,18.97,1.781,92.2,3.527,.536,6.688,2.034,.573,1.077
101,2017,272,950,11.99,4.498,61.35,1.67,32.29,6.756,2.853,1.153,-14.28,-20.44,3.655,123.8,1.813,34.35,2.139,57.99,82.8,94.6,111.6,6.113,1.364,75.1,2.278,2.419,23.52,2.005,89.1,3.823,.536,47.25,1.576,.57,1.779
101,2017,272,1000,11.99,9.89,11.55,1.779,26.79,4.002,2.456,1.137,-24.99,-20.15,13.17,126.8,1.916,26.61,2.469,63.29,87.1,96.3,115.5,16.92,1.446,76.8,2.337,2.585,27.73,2.163,13.12,3.985,.528,5.736,14.96,.57,17.51
101,2017,272,1010,11.99,36.89,63.05,3.682,20.56,4.065,2.114,9.79,-12.16,-18.23,2.382,129,2.027,8.37,19.02,69.36,91.1,96.1,118.7,16.58,1.695,71,2.251,2.355,31.93,8.63,2.456,4.131,.528,39.8,16.52,.606,62.25
101,2017,272,1020,12,75.5,68.71,2.065,16.71,4.119,2.12,1.616,-13.87,-18.68,8.72,130.3,2.32,2.489,12.36,75.7,94.8,104.1,121.2,7.95,1.936,36.07,2.313,2.496,35.97,6.944,2.422,4.919,.546,61.41,10.99,.638,5.216
101,2017,272,1030,12,74.7,73.6,8.84,13.65,3.817,2.537,1.318,-16.7,-19.07,13.58,109.6,2.573,2.494,5.448,68.51,80.4,80,101.8,10.31,2.72,9.75,2.424,3,33.6,14.33,2.841,6.432,.544,35.79,7.14,.6,3.836
101,2017,272,1040,12,83.2,101.5,2.159,14.75,3.864,5.788,4.221,-20.21,-18.39,25.76,135.6,2.656,2.702,2.666,89.6,104,110.3,129.1,8.96,3.675,7.22,14.76,6.849,44.95,6.493,2.872,6.339,.626,1.251,2.005,.7,1.342
101,2017,272,1050,12,32.01,75.2,2.218,16.73,3.968,3.114,1.543,-24.14,-19.31,5.15,116.4,2.75,2.606,5.321,80.5,90.5,86.6,111.4,11.39,5.142,7.64,40.01,12.08,42.16,6.659,3.03,7.5,.6,1.335,2.162,.646,1.445
101,2017,272,1100,12,10.42,15.09,2.46,19.23,3.77,2.822,2.452,-29.36,-19.05,8.58,91.3,3.085,2.462,2.832,67.43,73.7,22.27,89.1,31.63,18.38,7.24,4.137,3.405,37.72,10.91,3.757,10.63,.574,1.573,2.497,.578,1.32
101,2017,272,1110,12,11.49,5.113,2.75,19.7,4.231,3.011,5.564,-30.85,-17.37,3.859,73.8,3.38,3.33,3.755,61.26,65.76,10.79,75.3,16.9,18.59,7.75,3.107,3.668,37.94,6.396,4.728,17.12,.765,2.008,3.738,.643,1.62
101,2017,272,1120,12,21.93,5.624,3.665,39.84,5.102,3.923,10.93,-27.23,-14.87,18.7,120.7,4.487,3.984,4.144,100.8,107.8,11.4,124.7,33.95,36.81,9.84,3.365,5.046,58.45,7.06,4.914,21.26,.868,2.839,3.755,.883,2.055
101,2017,272,1130,12,12.95,6.542,3.596,51.91,4.854,4.147,2.613,-23.86,-15.83,11.84,125.1,5.11,4.556,5.321,115.5,122.7,11.26,140.6,24.51,56.71,9.2,3.534,18.72,69.92,5.988,5.815,60.44,1.099,2.563,4.775,1.048,2.658
101,2017,272,1140,11.99,6.892,9.8,2.176,52.69,3.727,2.876,2.903,-23.95,-15.63,2.795,103,3.941,2.819,4.078,101.5,106.5,7.31,120.6,49.57,17.11,6.941,2.685,7.24,62.21,4.237,4.129,18.68,.816,1.666,5.472,.864,1.683
101,2017,272,1150,12,7.33,3.668,1.871,60.57,3.011,2.658,3.46,-24.91,-15.14,2.455,92.9,3.638,2.908,28.15,105.1,108.6,5.81,120,83.5,4.201,6.447,2.348,19.11,66.82,3.37,4.174,33.61,.904,1.811,4.463,.861,2.01
101,2017,272,1200,12,9.93,3.092,1.846,25.44,2.908,2.939,1.899,-23.23,-14.94,2.383,96.9,3.728,3.417,32.43,118.8,122.8,5.529,132.3,104.5,3.289,6.411,10.3,27.42,77.1,3.125,4.437,28.77,1.037,1.874,5.393,1.002,2.34
101,2017,272,1210,11.99,4.706,8.59,2.363,7.43,2.944,5.093,1.742,-24.3,-14.68,2.219,96.2,23.8,2.782,3.807,119.5,122.8,6.18,133.4,113.6,19.31,6.088,3.358,3.259,76.8,3.437,9.37,103.7,.861,1.606,4.283,.851,1.695
101,2017,272,1220,12,5.319,25.33,1.326,5.435,2.397,58.12,1.611,16.3,-14.35,1.914,86.5,20.68,2.516,3.646,117.2,120.4,4.623,127.4,47.81,3.382,5.15,3.648,2.686,77.1,2.758,87.6,108.4,.75,1.576,3.817,.816,1.539
101,2017,272,1230,12,9.56,3.452,1.715,4.964,7.02,2.635,2.057,-24.91,-13.72,2.395,84.9,3.928,3.176,5.358,126.5,127.5,4.479,130.1,7.77,3.318,6.915,2.236,19.52,85.6,3.107,94.4,113.5,5.411,1.886,5.167,1.084,2.517
101,2017,272,1240,12,35.96,1.677,2.192,4.244,8.61,1.894,1.449,-25.47,-12.87,1.874,81.5,13.48,2.296,3.596,120.7,121.5,4.038,124.1,6.743,2.887,4.763,1.73,2.591,81.5,2.606,62.35,111.5,.868,1.387,3.711,.858,1.831
101,2017,272,1250,12,66.1,1.546,1.157,4.018,2.11,1.78,1.295,-25.75,-11.78,1.635,78.9,5.698,2.253,3.936,120.3,120.7,3.775,121.6,5.927,2.797,4.557,3.507,2.489,82.1,2.338,39.55,112.4,.876,1.419,3.534,.854,1.703
101,2017,272,1300,12,9.82,1.482,1.506,3.902,3.363,1.744,1.266,-23.56,-11.81,11.2,76.6,2.953,2.283,3.157,121,120.1,3.71,119.8,5.571,2.824,5.483,19.41,2.529,83.3,2.345,38.97,113,.871,1.531,3.644,.891,1.72
101,2017,272,1310,12,24.49,1.367,1.095,3.773,2.177,9.63,1.256,-18.33,-11.03,1.598,74.8,26,2.306,3.212,121.6,119.5,3.599,117.6,5.291,2.564,4.251,1.988,2.46,84.3,2.311,64.14,113.4,1.628,1.469,3.564,.908,3.455
101,2017,272,1320,12,56.01,1.286,1.072,4.664,1.966,3.651,1.239,-25.32,-10.03,1.561,70.9,52.57,9.83,3.243,122.4,119.6,3.45,115.8,5.078,2.48,4.127,1.61,2.465,85.7,2.293,78.4,114.4,.896,1.452,3.763,.965,47.62
101,2017,272,1330,12,30.43,1.221,1.074,7.01,1.929,13.89,1.241,-18.99,-9.79,1.543,67.71,65.84,36.82,3.415,122.9,119.6,3.321,113.6,4.926,2.496,4.051,1.553,2.531,86.5,2.248,76.6,114.5,.876,1.474,3.763,.998,2.251
101,2017,272,1340,12,4.45,1.156,4.968,3.403,1.914,16.66,1.328,-19.05,-9.55,1.517,65.2,28.3,29.83,6.852,122.9,119.1,3.182,111.1,4.785,2.43,4.006,1.563,3.447,87.2,2.211,68.27,114.4,.903,1.521,4.093,1.003,9.04
101,2017,272,1350,12,2.055,1.082,5.42,3.301,1.98,44.02,1.243,5.604,-9.02,1.504,61.82,61.78,33.95,29.61,122.9,118.3,3.088,108.8,4.616,2.501,29.55,1.539,7.22,87.9,2.204,46.51,114.3,.874,1.531,4.182,1.117,2.11
101,2017,272,1400,12,1.918,1.002,2.268,3.196,1.883,2.335,1.241,-27.36,-8.54,1.481,59.38,40.82,22.38,69.42,122.9,117.1,3.003,106.1,4.569,2.583,13.55,1.531,6.066,88.6,16.49,36,113.9,.881,1.536,4.691,1.087,1.759
101,2017,272,1410,12,1.807,1.105,1.12,3.083,2.318,1.635,1.275,-28.63,-8.07,6.534,56.7,6.026,29.23,60.13,122.4,115.4,2.929,103.1,4.341,2.375,52.46,1.434,57.93,88.8,34.3,3.206,113,.891,1.527,13.48,1.177,1.829
101,2017,272,1420,12,1.683,.878,1.033,3.011,3.286,1.623,1.325,-30.12,-7.59,13.23,54.39,4.462,27.51,61.04,121.5,113.7,2.874,100,4.219,2.305,5.117,1.422,7.54,88.8,4.117,2.986,111.8,.899,1.516,19.08,1.422,2.122
101,2017,272,1430,12,1.636,.847,1.002,2.941,1.811,1.625,24.71,-30.34,1.479,15.24,50.35,3.261,9.48,58.43,120.2,111.4,2.785,96.3,4.139,2.246,4.201,1.373,2.132,88.5,2.149,2.862,110,.899,1.512,22.27,1.187,18.17
101,2017,272,1440,12,1.561,.804,.933,2.852,2.618,1.496,5.189,-30.22,-5.177,2.824,46.69,2.879,59.58,19.22,118.9,109.5,2.717,92.7,4.065,2.233,3.521,1.348,2.34,84,2.107,2.571,108.1,.891,1.919,27.43,1.161,3.048
101,2017,272,1450,12,1.502,.786,.863,2.805,2.457,1.388,1.311,-29.36,-5.872,4.028,43.02,5.073,2.162,12.87,117.1,107,2.653,88.5,3.959,2.248,3.413,1.313,2.187,87.8,2.125,2.336,105.6,.896,1.393,36.65,1.211,6.043
101,2017,272,1500,12,1.447,.747,.784,2.675,3.665,1.34,2.228,-29.86,-4.641,1.517,39.49,33,2.119,79,115.3,104.7,2.549,84.6,4.33,2.231,3.35,1.296,2.635,87.2,2.151,2.333,27.19,.921,1.325,40.74,1.203,2.489
101,2017,272,1510,12.01,1.372,.712,1.268,2.552,1.648,1.476,1.469,-30.35,-4.326,1.502,35.05,34.43,7.37,79.9,113.3,102.3,2.673,80.3,3.757,2.233,3.201,1.271,12.32,86.4,2.181,2.159,7.49,1.008,1.529,44.4,1.203,2.065
101,2017,272,1520,12.01,1.323,.68,.673,2.47,1.586,1.221,1.415,-30.26,-4.033,1.226,31.33,4.33,1.75,74.9,111,99.5,26.76,75.8,3.685,2.243,3.147,1.254,19.15,85.3,2.308,1.956,5.939,.769,1.167,50.73,1.191,2.336
101,2017,272,1530,12.01,1.256,.636,.636,2.378,1.536,1.142,1.559,-30.64,-3.851,1.677,27.63,2.802,1.532,76.7,108.3,96.6,2.633,70.8,3.539,4.512,3.115,4.201,21.31,84.1,2.283,1.841,5.463,.603,1.037,51.15,1.169,1.787
101,2017,272,1540,12.01,1.194,.618,3.499,2.286,1.502,1.062,1.481,-28.06,-3.971,1.129,24.07,6.344,1.45,31.64,105.1,93.2,11.81,65.35,3.423,67.28,2.995,1.129,2.497,82.5,2.087,1.723,5.137,.509,.899,48.58,1.147,1.641
101,2017,272,1550,12.01,1.109,.571,.623,2.207,1.454,1.012,2.735,-26.7,-3.396,1.052,20.48,2.003,1.378,3.983,101.3,89.2,14.62,59.5,3.314,21.7,3.097,13.31,1.673,80.4,2.06,1.603,4.859,.484,.787,45.47,1.154,1.532
101,2017,272,1600,12.01,1.07,.558,5.954,2.13,1.405,.956,1.182,-29.08,-4.115,1.052,16.5,1.881,1.308,3.023,97.7,85.4,2.191,53.49,3.205,85.9,2.832,1.057,1.49,78.4,2.035,1.536,4.614,.435,.675,40.43,1.174,1.444
101,2017,272,1610,12.01,1.03,.539,2.613,2.057,1.362,.904,1.013,-31.76,-3.862,.951,13,4.743,1.243,1.879,92.9,80.8,9.57,47.34,3.035,14.71,2.845,1.001,1.521,75.8,1.996,1.492,4.317,.41,.61,6.185,1.05,1.377
101,2017,272,1620,12.01,.981,.506,4.845,1.998,1.311,.861,.935,-30.44,-3.589,.899,11.23,7.66,1.197,1.762,88.1,76.2,2.286,36.42,2.718,1.328,2.703,2.236,1.348,73.1,1.958,1.447,4.105,.402,.558,2.566,.963,18.17
101,2017,272,1630,12,.946,.512,.511,1.933,1.258,.817,.831,-28.96,-3.634,.841,10.88,3.16,1.144,1.663,82.4,70.9,1.971,10.05,2.417,1.157,2.64,2.234,1.29,69.61,1.896,1.417,3.881,.353,.509,1.683,.452,1.223
101,2017,272,1640,12,.903,.447,.958,1.866,1.208,.765,.698,-30.15,-3.956,.769,10.81,1.311,1.077,1.566,76.5,65.56,1.894,8.72,2.196,1.053,2.559,.908,1.226,66.01,1.804,1.301,4.249,.33,.459,1.499,.4,1.08
101,2017,272,1650,12,.863,.434,.646,1.782,1.146,.705,.61,-32.05,-4.294,.925,11.05,1.134,1.025,1.467,67.28,59.17,1.784,8.11,2.03,.981,2.482,.836,1.157,61.12,1.563,1.1,3.423,.305,.435,1.38,.367,.829
101,2017,272,1700,12,.811,.41,.549,1.677,1.07,.646,.543,-34.48,-4.671,3.802,10.15,1.097,1.985,1.323,49.88,52.7,1.648,7.59,1.891,.904,2.395,.777,1.064,39.12,1.181,.913,3.211,.276,.41,1.28,.338,.638
101,2017,272,1710,12,.76,.397,.362,1.569,.988,.58,.487,-39.12,-4.851,3.156,8.37,.844,10.24,1.154,27.67,45.31,1.437,7.05,1.757,.834,2.216,.703,.951,9.75,1.032,.702,2.914,.25,.379,1.186,.32,.489
101,2017,272,1720,12,.712,.357,.305,1.446,.901,.523,.441,-40.7,-5.079,.521,8.87,.675,7.21,.998,12.99,28.76,1.266,6.444,1.605,.749,2.05,.618,.812,8.77,.935,.588,2.62,.226,.34,1.062,.295,.427
101,2017,272,1730,11.99,.637,.32,.258,1.293,.799,.459,.412,-44.89,-5.277,.444,6.424,.558,.868,.864,8.98,9.18,1.116,5.742,1.437,.648,1.816,.536,.7,7.69,.826,.506,2.285,.203,.296,.93,.258,.367
101,2017,272,1740,11.99,.546,.268,.214,1.122,.685,.422,.352,-45.98,-5.679,.387,5.592,.444,.586,.725,7.59,7.59,.972,4.944,1.243,.539,1.545,.456,.59,6.55,.704,.442,1.915,.161,.251,.776,.221,.307
101,2017,272,1750,11.99,.459,.221,.181,.916,.555,.35,.288,-44.88,-5.993,.31,4.917,.369,.472,.578,6.055,6.065,.801,4.017,1.017,.434,1.248,.399,.476,5.261,.563,.379,1.52,.129,.201,.618,.181,.243
101,2017,272,1800,11.99,.372,.174,.134,.692,.432,.263,.213,-46.44,-6.236,.231,3.393,.273,.377,.434,4.436,4.451,.605,3.007,.759,.328,.932,.298,.38,3.87,.429,.283,1.104,.092,.151,.457,.134,.176
101,2017,272,1810,11.99,.245,.112,.082,.454,.283,.168,.131,-45.81,-6.633,.147,2.128,.171,.243,.276,2.696,2.719,.404,1.878,.481,.199,.578,.189,.238,2.362,.276,.179,.668,.062,.097,.297,.08,.109
101,2017,272,1820,11.99,.114,.052,.042,.223,.134,.079,.059,-47.18,-6.996,.067,.952,.08,.112,.122,1.174,1.196,.193,.839,.235,.09,.28,.09,.104,1.037,.126,.085,.317,.028,.045,.132,.039,.049
101,2017,272,1830,11.99,.03,.007,.008,.06,.035,.015,.017,-48.34,-7.41,.017,.245,.017,.032,.037,.318,.322,.054,.228,.067,.02,.072,.017,.035,.285,.04,.02,.085,0,.01,.035,.008,.005
101,2017,272,1840,11.99,0,0,0,0,0,0,0,-49.06,-7.76,0,.027,0,0,0,.044,.042,.003,.022,.007,0,.007,0,0,.035,0,0,.008,0,0,0,0,0
101,2017,272,1850,11.99,0,0,0,0,0,0,0,-49.11,-7.89,0,0,0,0,0,0,0,0,0,0,0,0,0,0,0,0,0,0,0,0,0,0,0
101,2017,272,1900,11.99,0,0,0,0,0,0,0,-50.15,-7.99,0,0,0,0,0,0,0,0,0,0,0,0,0,0,0,0,0,0,0,0,0,0,0
101,2017,272,1910,11.99,0,0,0,0,0,0,0,-50.47,-8.19,0,0,0,0,0,0,0,0,0,0,0,0,0,0,0,0,0,0,0,0,0,0,0
101,2017,272,1920,11.99,0,0,0,0,0,0,0,-51.83,-8.43,0,0,0,0,0,0,0,0,0,0,0,0,0,0,0,0,0,0,0,0,0,0,0
101,2017,272,1930,11.98,0,0,0,0,0,0,0,-52.27,-8.57,0,0,0,0,0,0,0,0,0,0,0,0,0,0,0,0,0,0,0,0,0,0,0
101,2017,272,1940,11.98,0,0,0,0,0,0,0,-54.6,-8.92,0,0,0,0,0,0,0,0,0,0,0,0,0,0,0,0,0,0,0,0,0,0,0
101,2017,272,1950,11.98,0,0,0,0,0,0,0,-55.16,-9.44,0,0,0,0,0,0,0,0,0,0,0,0,0,0,0,0,0,0,0,0,0,0,0
101,2017,272,2000,11.98,0,0,0,0,0,0,0,-53.93,-10.06,0,0,0,0,0,0,0,0,0,0,0,0,0,0,0,0,0,0,0,0,0,0,0
101,2017,272,2010,11.98,0,0,0,0,0,0,0,-51.23,-10.53,0,0,0,0,0,0,0,0,0,0,0,0,0,0,0,0,0,0,0,0,0,0,0
101,2017,272,2020,11.98,0,0,0,0,0,0,0,-44.48,-11.38,0,0,0,0,0,0,0,0,0,0,0,0,0,0,0,0,0,0,0,0,0,0,0
101,2017,272,2030,11.98,0,0,0,0,0,0,0,-42.09,-11.44,0,0,0,0,0,0,0,0,0,0,0,0,0,0,0,0,0,0,0,0,0,0,0
101,2017,272,2040,11.98,0,0,0,0,0,0,0,-43.24,-11.38,0,0,0,0,0,0,0,0,0,0,0,0,0,0,0,0,0,0,0,0,0,0,0
101,2017,272,2050,11.98,0,0,0,0,0,0,0,-45.42,-11.54,0,0,0,0,0,0,0,0,0,0,0,0,0,0,0,0,0,0,0,0,0,0,0
101,2017,272,2100,11.98,0,0,0,0,0,0,0,-45.22,-11.87,0,0,0,0,0,0,0,0,0,0,0,0,0,0,0,0,0,0,0,0,0,0,0
101,2017,272,2110,11.98,0,0,0,0,0,0,0,-43.76,-11.62,0,0,0,0,0,0,0,0,0,0,0,0,0,0,0,0,0,0,0,0,0,0,0
101,2017,272,2120,11.98,0,0,0,0,0,0,0,-44.05,-11.35,0,0,0,0,0,0,0,0,0,0,0,0,0,0,0,0,0,0,0,0,0,0,0
101,2017,272,2130,11.98,0,0,0,0,0,0,0,-44.07,-11.38,0,0,0,0,0,0,0,0,0,0,0,0,0,0,0,0,0,0,0,0,0,0,0
101,2017,272,2140,11.97,0,0,0,0,0,0,0,-43.45,-11.21,0,0,0,0,0,0,0,0,0,0,0,0,0,0,0,0,0,0,0,0,0,0,0
101,2017,272,2150,11.97,0,0,0,0,0,0,0,-41.99,-11.37,0,0,0,0,0,0,0,0,0,0,0,0,0,0,0,0,0,0,0,0,0,0,0
101,2017,272,2200,11.97,0,0,0,0,0,0,0,-41.85,-11.34,0,0,0,0,0,0,0,0,0,0,0,0,0,0,0,0,0,0,0,0,0,0,0
101,2017,272,2210,11.97,0,0,0,0,0,0,0,-43.08,-11.3,0,0,0,0,0,0,0,0,0,0,0,0,0,0,0,0,0,0,0,0,0,0,0
101,2017,272,2220,11.97,0,0,0,0,0,0,0,-42.68,-11.47,0,0,0,0,0,0,0,0,0,0,0,0,0,0,0,0,0,0,0,0,0,0,0
101,2017,272,2230,11.97,0,0,0,0,0,0,0,-40.98,-11.46,0,0,0,0,0,0,0,0,0,0,0,0,0,0,0,0,0,0,0,0,0,0,0
101,2017,272,2240,11.97,0,0,0,0,0,0,0,-40.75,-11.44,0,0,0,0,0,0,0,0,0,0,0,0,0,0,0,0,0,0,0,0,0,0,0
101,2017,272,2250,11.97,0,0,0,0,0,0,0,-39.52,-11.5,0,0,0,0,0,0,0,0,0,0,0,0,0,0,0,0,0,0,0,0,0,0,0
101,2017,272,2300,11.97,0,0,0,0,0,0,0,-39.08,-11.54,0,0,0,0,0,0,0,0,0,0,0,0,0,0,0,0,0,0,0,0,0,0,0
101,2017,272,2310,11.97,0,0,0,0,0,0,0,-39.84,-11.66,0,0,0,0,0,0,0,0,0,0,0,0,0,0,0,0,0,0,0,0,0,0,0
101,2017,272,2320,11.97,0,0,0,0,0,0,0,-40.7,-11.77,0,0,0,0,0,0,0,0,0,0,0,0,0,0,0,0,0,0,0,0,0,0,0
101,2017,272,2330,11.97,0,0,0,0,0,0,0,-40.91,-11.8,0,0,0,0,0,0,0,0,0,0,0,0,0,0,0,0,0,0,0,0,0,0,0
101,2017,272,2340,11.97,0,0,0,0,0,0,0,-41.85,-11.81,0,0,0,0,0,0,0,0,0,0,0,0,0,0,0,0,0,0,0,0,0,0,0
101,2017,272,2350,11.97,0,0,0,0,0,0,0,-43.24,-11.78,0,0,0,0,0,0,0,0,0,0,0,0,0,0,0,0,0,0,0,0,0,0,0
101,2017,272,2400,11.97,0,0,0,0,0,0,0,-43.02,-11.68,0,0,0,0,0,0,0,0,0,0,0,0,0,0,0,0,0,0,0,0,0,0,0
101,2017,273,10,11.97,0,0,0,0,0,0,0,-43.51,-11.55,0,0,0,0,0,0,0,0,0,0,0,0,0,0,0,0,0,0,0,0,0,0,0
101,2017,273,20,11.97,0,0,0,0,0,0,0,-45,-11.46,0,0,0,0,0,0,0,0,0,0,0,0,0,0,0,0,0,0,0,0,0,0,0
101,2017,273,30,11.97,0,0,0,0,0,0,0,-45.46,-11.31,0,0,0,0,0,0,0,0,0,0,0,0,0,0,0,0,0,0,0,0,0,0,0
101,2017,273,40,11.97,0,0,0,0,0,0,0,-45.18,-11.36,0,0,0,0,0,0,0,0,0,0,0,0,0,0,0,0,0,0,0,0,0,0,0
101,2017,273,50,11.97,0,0,0,0,0,0,0,-45.19,-11.43,0,0,0,0,0,0,0,0,0,0,0,0,0,0,0,0,0,0,0,0,0,0,0
101,2017,273,100,11.97,0,0,0,0,0,0,0,-43.69,-11.44,0,0,0,0,0,0,0,0,0,0,0,0,0,0,0,0,0,0,0,0,0,0,0
101,2017,273,110,11.97,0,0,0,0,0,0,0,-41.77,-11.62,0,0,0,0,0,0,0,0,0,0,0,0,0,0,0,0,0,0,0,0,0,0,0
101,2017,273,120,11.97,0,0,0,0,0,0,0,-41.02,-11.63,0,0,0,0,0,0,0,0,0,0,0,0,0,0,0,0,0,0,0,0,0,0,0
101,2017,273,130,11.97,0,0,0,0,0,0,0,-41.06,-11.56,0,0,0,0,0,0,0,0,0,0,0,0,0,0,0,0,0,0,0,0,0,0,0
101,2017,273,140,11.97,0,0,0,0,0,0,0,-40.82,-11.7,0,0,0,0,0,0,0,0,0,0,0,0,0,0,0,0,0,0,0,0,0,0,0
101,2017,273,150,11.97,0,0,0,0,0,0,0,-40.2,-11.74,0,0,0,0,0,0,0,0,0,0,0,0,0,0,0,0,0,0,0,0,0,0,0
101,2017,273,200,11.97,0,0,0,0,0,0,0,-42.36,-11.94,0,0,0,0,0,0,0,0,0,0,0,0,0,0,0,0,0,0,0,0,0,0,0
101,2017,273,210,11.97,0,0,0,0,0,0,0,-44.34,-12.06,0,0,0,0,0,0,0,0,0,0,0,0,0,0,0,0,0,0,0,0,0,0,0
101,2017,273,220,11.97,0,0,0,0,0,0,0,-44.32,-12.05,0,0,0,0,0,0,0,0,0,0,0,0,0,0,0,0,0,0,0,0,0,0,0
101,2017,273,230,11.97,0,0,0,0,0,0,0,-43.15,-12.09,0,0,0,0,0,0,0,0,0,0,0,0,0,0,0,0,0,0,0,0,0,0,0
101,2017,273,240,11.97,0,0,0,0,0,0,0,-42.64,-12.19,0,0,0,0,0,0,0,0,0,0,0,0,0,0,0,0,0,0,0,0,0,0,0
101,2017,273,250,11.97,0,0,0,0,0,0,0,-37.61,-12.26,0,0,0,0,0,0,0,0,0,0,0,0,0,0,0,0,0,0,0,0,0,0,0
101,2017,273,300,11.97,0,0,0,0,0,0,0,-38.82,-12.39,0,0,0,0,0,0,0,0,0,0,0,0,0,0,0,0,0,0,0,0,0,0,0
101,2017,273,310,11.97,0,0,0,0,0,0,0,-41.26,-12.4,0,0,0,0,0,0,0,0,0,0,0,0,0,0,0,0,0,0,0,0,0,0,0
101,2017,273,320,11.97,0,0,0,0,0,0,0,-44.07,-12.38,0,0,0,0,0,0,0,0,0,0,0,0,0,0,0,0,0,0,0,0,0,0,0
101,2017,273,330,11.97,0,0,0,0,0,0,0,-45.12,-12.16,0,0,0,0,0,0,0,0,0,0,0,0,0,0,0,0,0,0,0,0,0,0,0
101,2017,273,340,11.97,0,0,0,0,0,0,0,-43.21,-11.95,0,0,0,0,0,0,0,0,0,0,0,0,0,0,0,0,0,0,0,0,0,0,0
101,2017,273,350,11.97,0,0,0,0,0,0,0,-42.68,-11.93,0,0,0,0,0,0,0,0,0,0,0,0,0,0,0,0,0,0,0,0,0,0,0
101,2017,273,400,11.97,0,0,0,0,0,0,0,-39.94,-11.98,0,0,0,0,0,0,0,0,0,0,0,0,0,0,0,0,0,0,0,0,0,0,0
101,2017,273,410,11.97,0,0,0,0,0,0,0,-47.65,-15.47,0,0,0,0,0,0,0,0,0,0,0,0,0,0,0,0,0,0,0,0,0,0,0
101,2017,273,420,11.97,0,0,0,0,0,0,0,-58.05,-30.81,0,0,0,0,0,0,0,0,0,0,0,0,0,0,0,0,0,0,0,0,0,0,0
101,2017,273,430,11.97,0,0,0,0,0,0,0,-79.9,2.253,0,0,0,0,0,0,0,0,0,0,0,0,0,0,0,0,0,0,0,0,0,0,0
101,2017,273,440,11.97,0,0,0,0,0,0,0,-35.91,7.6,0,0,0,0,0,0,0,0,0,0,0,0,0,0,0,0,0,0,0,0,0,0,0
101,2017,273,450,11.97,0,0,0,0,0,0,0,9.94,-9.17,0,0,0,0,0,0,0,0,0,0,0,0,0,0,0,0,0,0,0,0,0,0,0
101,2017,273,500,11.97,0,0,0,0,0,0,0,24.99,-5.888,0,0,0,0,0,0,0,0,0,0,0,0,0,0,0,0,0,0,0,0,0,0,0
101,2017,273,510,11.97,0,0,0,0,0,0,0,-2.286,-6.464,0,0,0,0,0,0,0,0,0,0,0,0,0,0,0,0,0,0,0,0,0,0,0
101,2017,273,520,11.97,0,0,0,0,0,0,0,-11.27,-4.81,0,0,0,0,0,0,0,0,0,0,0,0,0,0,0,0,0,0,0,0,0,0,0
101,2017,273,530,11.97,0,0,0,0,0,0,0,-26.67,-3.275,0,0,0,0,0,0,0,0,0,0,0,0,0,0,0,0,0,0,0,0,0,0,0
101,2017,273,540,11.97,0,0,0,0,0,0,0,-21.27,-4.103,0,0,0,0,0,0,0,0,0,0,0,0,0,0,0,0,0,0,0,0,0,0,0
101,2017,273,550,11.97,0,0,0,0,0,0,0,-17.27,-5.015,0,.007,0,0,0,.007,.007,0,.003,0,0,0,0,0,.002,0,0,0,0,0,0,0,0
101,2017,273,600,11.97,.022,.002,0,.027,.015,.003,.002,-15.44,-5.655,.005,.082,.003,.018,.01,.097,.097,.022,.085,.027,0,.028,0,.01,.084,.007,.005,.039,0,.002,.013,0,0
101,2017,273,610,11.97,.065,.03,.028,.112,.059,.042,.032,-28.84,-5.284,.034,.374,.032,.059,.05,.419,.437,.087,.377,.094,.025,.122,.039,.042,.377,.042,.039,.139,.008,.032,.054,.022,.025
101,2017,273,620,11.97,.149,.069,.045,.256,.166,.091,.074,-30.93,-4.545,.079,.897,.079,.153,.146,1.18,1.264,.188,.883,.216,.062,.33,.092,.107,1.125,.119,.099,.357,.035,.05,.149,.035,.047
101,2017,273,630,11.97,.31,.127,.089,.489,.3,.173,.131,-23.94,-4.949,.142,1.726,.151,.295,.248,2.144,2.294,.359,1.656,.392,.112,.533,.166,.191,1.978,.199,.173,.592,.065,.099,.27,.067,.087
101,2017,273,640,11.97,.399,.194,.153,.803,.453,.335,.198,-15.2,-5.487,.238,3.384,.268,.409,.352,3.295,3.248,.692,3.335,.846,.213,.769,.268,.365,2.656,.303,.302,1.042,.084,.141,.434,.096,.149
101,2017,273,650,11.97,.858,.369,.268,1.614,.667,.582,.258,-16.56,-4.363,.409,6.245,.444,.759,.509,5.021,4.998,1.421,5.992,1.575,.32,1.331,.431,.577,3.707,.441,.508,1.621,.132,.235,.56,.112,.253
101,2017,273,700,11.97,.637,.265,.231,1.151,.572,.432,.258,-21.64,-5.098,.349,5.06,.436,.607,.56,5.11,4.825,1.12,5.497,1.217,.317,1.084,.399,.464,3.907,.404,.446,1.77,.144,.241,.59,.111,.266
101,2017,273,710,11.97,1.622,.657,.38,2.598,1.13,.997,.442,-19.9,-6.474,.652,22.12,.758,1.612,.898,9.75,7.92,3.714,31.38,2.641,.469,3.999,1.654,1.909,6.106,.644,1.049,2.217,.28,.432,.774,.196,.359
101,2017,273,720,11.97,2.583,1.021,.597,4.497,2.009,1.606,.716,-11.7,-10.23,1.037,17,1.131,2.395,1.327,13.15,13.63,3.922,14.83,3.923,.794,4.316,1.294,1.572,10.21,1.118,1.334,3.689,.399,.637,1.426,.342,.553
101,2017,273,730,11.97,3.694,1.396,.699,5.588,2.157,1.579,.719,-11.16,-11.91,1.104,21.14,1.964,2.551,1.208,13.32,14.38,4.601,17.74,3.752,.721,4.885,1.5,1.58,10.08,1.296,1.406,3.054,.374,.634,1.104,.315,.464
101,2017,273,740,11.97,1.368,.592,.392,2.794,1.349,1.019,.434,-23.08,-11.61,.665,11.2,.724,1.354,.925,9.55,9.94,2.412,9.19,2.651,.538,3.151,.866,1.16,8.26,.915,.734,2.194,.216,.347,.799,.31,.35
101,2017,273,750,11.97,2.755,1.135,.702,5.066,2.36,7.56,.712,-22.36,-11.93,1.2,42.83,1.606,2.903,1.334,13.17,13.85,19.24,33.39,4.317,.685,17.49,1.855,5.945,10.2,2.635,1.477,2.779,.396,.62,1.126,.37,.546
101,2017,273,800,11.97,5.801,2.474,1.547,12.12,4.731,18.35,1.475,-22.25,-13.82,2.494,82.5,3.047,6.017,2.827,25.22,26.62,39.85,67.59,8.53,1.525,37.41,4.534,6.551,18.14,3.756,3.092,7.48,.873,1.409,2.68,.603,2.496
101,2017,273,810,11.97,4.029,1.554,.825,11.15,2.854,7.9,.754,-21.41,-16.85,1.495,36.88,1.187,4.415,1.374,14.37,19.06,17.68,30.22,6.209,.831,17.17,1.788,2.093,11.25,1.401,1.399,2.901,.424,.66,1.249,.397,1.54
101,2017,273,820,11.97,3.07,.957,.696,5.237,2.477,1.349,.974,-28.35,-18.62,1.163,15.66,1.108,2.356,1.787,16.93,18.4,3.632,14.26,3.126,.778,4.927,1.389,1.326,15.04,1.314,1.502,4.304,.501,.751,1.939,.447,.627
101,2017,273,830,11.97,4.507,2.013,1.25,19.2,4.007,3.268,1.525,-27.81,-19.3,4.063,45.92,1.976,8.7,2.608,25.31,30.63,19.37,39.74,13.66,1.423,16.01,2.46,12.31,19.12,2.184,2.578,7.23,.595,1.031,2.668,.644,1.143
101,2017,273,840,11.97,4.223,33.1,1.525,50.36,10.41,4.978,5.046,-27.04,-19.42,11.93,93.8,2.388,12.81,2.259,29.84,46.21,55.67,78.4,51.73,1.691,28.58,2.715,41.05,15.82,2.231,4.445,5.698,.531,.98,1.854,.566,1.046
101,2017,273,850,11.97,5.422,24.15,1.347,36.54,16.13,4.998,1.554,-23.88,-20.68,17.71,72.4,1.704,5.351,1.867,24.89,38.59,41.68,59.08,13.19,1.036,12.3,2.551,20.44,13.49,1.842,4.185,3.089,.501,.918,1.659,.494,.774
101,2017,273,900,11.97,3.534,7.98,1.163,32.59,10.48,3.494,.895,-38.07,-21.01,2.594,65.59,1.617,4.076,1.721,23.59,36.63,38.62,53.55,5.968,.913,8.3,2.378,2.695,13.02,1.595,2.036,2.973,.473,.764,1.376,.468,.66
101,2017,273,910,11.97,6.934,7.66,1.493,22.97,16.28,7.98,1.173,-41.76,-20.3,7.76,53.03,1.96,4.899,2.143,27.16,35.37,25.05,43.54,13.32,1.265,9.15,2.614,3.75,16.48,2.797,2.768,4.569,.583,1.165,1.934,.518,.848
101,2017,273,920,11.97,9.28,3.751,1.945,18.18,9,6.804,1.835,-46.67,-20.02,3.091,50.41,2.77,5.891,3.339,36.42,41.7,16.84,44.83,10.25,1.863,11.18,4.083,4.073,26.63,3.844,3.934,8.82,.838,1.83,3.941,.811,1.329
101,2017,273,930,11.97,6.519,4.701,2.3,38.37,30.22,27.21,1.761,-29.71,-19.88,5.48,97.4,3.158,6.394,3.654,52.7,66.67,32.03,88.3,11.29,2.346,17.41,15.33,5.375,28.19,3.773,4.845,10.36,.809,1.791,8.45,.828,1.786
101,2017,273,940,11.97,3.701,1.813,1.089,7.19,3.12,2.158,1.144,-49.77,-21.45,1.617,26.73,1.992,2.838,2.334,23.99,24.5,5.919,24.36,6.842,1.545,5.914,2.024,2.326,18.54,2.141,2.448,7.01,.503,1,2.699,.518,1.015
101,2017,273,950,11.97,4.532,1.739,1.235,7.88,3.188,2.034,1.238,-56.02,-21.13,1.881,27.31,2.116,3.592,2.793,26.72,27.56,5.943,25.69,6.345,1.639,6.244,2.034,2.294,21.01,2.175,2.577,8.65,.699,1.28,2.949,.539,1.19
101,2017,273,1000,11.97,3.845,1.474,1.116,6.983,2.907,1.935,1.186,-56.13,-21.14,1.699,24.24,2.213,3.086,2.728,25.8,25.86,5.395,23.26,6.119,1.751,6.023,1.902,2.272,20.26,2.18,2.357,8.5,.612,1.102,2.61,.55,1.193
101,2017,273,1010,11.97,7.14,5.375,1.893,11.28,4.21,2.877,1.984,-49.43,-20.43,3.952,36.98,2.635,4.596,4.55,34.66,37.5,9.9,37.17,9.59,1.776,9.14,2.681,2.967,27.32,2.957,3.388,10.12,.834,2.22,4.06,.638,2.228
101,2017,273,1020,11.97,11.63,6.822,2.299,11.23,3.775,2.893,1.612,-46.55,-22.17,4.604,40.22,3.287,4.106,3.783,38.3,39.43,12.94,41.47,9.51,2.592,7.75,2.522,3.146,28.17,3.735,3.503,11.8,.764,3.225,4.805,.615,1.969
101,2017,273,1030,11.97,19.35,14.36,3.234,15.76,4.507,3.542,1.687,-45.85,-21.46,3.611,53.39,3.413,5.112,3.77,45.14,49.02,20.52,53.29,11.22,2.95,9.47,3.101,3.533,31.32,4.547,4.302,12.26,.87,2.692,3.351,.566,1.858
101,2017,273,1040,11.97,5.785,2.635,1.706,9.51,3.823,2.692,1.496,-72.7,-21.08,2.399,34.07,2.857,3.989,3.629,33.72,35.2,7.56,34.39,8.35,2.109,7.36,2.493,2.902,26.89,2.887,3.289,11.03,.818,1.551,3.745,.598,1.531
101,2017,273,1050,11.97,6.375,2.505,1.908,11.22,4.767,3.2,2.037,-73.7,-21.33,2.803,36.16,3.43,4.865,4.591,41.98,43.19,8.29,38.88,8.7,2.676,9.02,2.912,3.564,34.29,3.351,4.053,14.31,1.067,1.9,4.865,.881,1.871
101,2017,273,1100,11.97,7.32,2.656,1.625,9.21,3.716,2.589,1.588,-79.7,-21.71,2.431,35.01,2.831,3.678,3.579,35.85,37.08,9.36,36.97,8.4,3.177,7.05,2.351,2.892,27.71,3.54,3.299,11.15,.757,1.491,3.456,.635,1.528
101,2017,273,1110,11.97,2.285,.953,.779,4.442,2.85,1.56,1.223,-76.6,-24.4,1.314,16.34,1.357,2.23,2.434,20.99,21.41,3.269,17.5,3.82,1.094,5.001,1.409,1.915,19.27,1.949,1.69,5.933,.528,.849,3.051,.667,.841
101,2017,273,1120,11.97,3.376,1.416,1.077,6.161,3.326,1.928,1.376,-73.4,-24.3,1.761,21.79,1.925,3.103,3.036,26.44,26.56,4.621,24.14,5.2,1.486,5.861,1.769,2.305,22.95,2.305,2.295,8,.704,1.188,3.433,.702,1.128
101,2017,273,1130,11.97,4.462,1.737,1.456,8.08,4.096,2.49,1.813,-62.1,-22.89,2.369,27.44,2.62,4.07,4.375,35.35,35.3,5.877,32.35,6.496,2.044,7.44,2.329,3.039,30.35,2.857,3.064,12.1,.911,1.642,4.678,.865,1.749
101,2017,273,1140,11.97,5.149,1.92,1.607,9.18,4.614,2.712,1.95,-56.56,-23.1,2.583,31.78,2.582,4.624,4.406,37.31,38.08,6.792,34.91,6.785,2.034,8.26,2.583,3.23,31.94,3.022,3.319,11.95,1.025,1.794,5.073,.95,1.731
101,2017,273,1150,11.97,5.844,2.347,1.835,9.89,4.555,2.96,2.044,-60.02,-23.54,2.78,35.72,3.334,4.468,4.753,42.56,41.69,7.47,40.72,9,2.91,8.07,2.694,3.798,34.26,3.59,3.848,15.54,1.054,1.908,5.18,.965,2.078
101,2017,273,1200,11.97,6.289,2.516,2.032,10.39,5.009,3.301,2.168,-51.51,-23.61,3.029,40.23,3.84,5.194,5.341,46.16,45.68,8.2,44.49,10,3.039,9.05,3.089,4.039,36.74,3.763,4.289,17.11,1.136,2.14,5.418,1.014,2.377
101,2017,273,1210,11.97,4.651,1.809,1.412,8.12,4.245,2.359,1.833,-66.74,-24.21,2.274,28.1,2.324,3.998,3.828,33.79,34.81,5.993,30.25,6.008,1.974,7.6,2.248,2.907,28.79,2.862,2.925,10.86,.91,1.528,4.49,.906,1.545
101,2017,273,1220,11.97,7.07,2.594,2.14,11.16,4.639,3.456,2.066,-76.4,-23.64,3.105,40.72,4.018,5.283,5.69,48.72,48.71,8.86,46.9,9.52,3.083,9.16,3.234,4.1,38.08,3.815,5.453,20.27,1.171,2.295,5.276,.965,2.615
101,2017,273,1230,11.97,11.68,5.497,3.312,15.32,6.187,4.726,2.475,-68.89,-23.25,4.063,73,6.496,6.417,7.44,84.6,83.5,12.14,90.6,16.35,4.8,10.98,4.058,6.618,58.02,5.221,29.78,52.85,5.918,2.922,6.057,1.079,3.239
101,2017,273,1240,11.97,9.32,3.398,2.672,11.82,5.038,3.971,2.253,-64.43,-21.52,3.559,59.51,6.767,4.88,5.755,71.3,68.08,9.8,73.9,14.9,4.545,8.72,3.053,5.164,47.82,4.666,15.52,43.48,1.124,2.357,5.405,.873,2.909
101,2017,273,1250,11.97,20.23,3.409,2.868,11.04,5.023,4.517,2.188,-49.25,-24.67,3.322,74.2,7.26,5.403,5.958,93.3,89.7,8.96,94.5,15.62,4.942,9.84,3.843,7.75,62.57,4.763,15.74,67.43,1.2,2.5,5.301,.963,3.019
101,2017,273,1300,11.97,5.512,2.573,2.977,8.02,3.766,3.421,1.825,-.819,-25.13,2.724,50.12,5.876,4.567,5.792,62.31,57.63,6.64,60.07,12.16,4.235,7.44,4.158,5.985,42.4,3.788,7.78,39.73,1.069,2.28,4.297,.707,3.056
101,2017,273,1310,11.97,5.465,2.002,1.868,8.4,4.026,2.853,1.938,52.8,-24.87,2.508,37.72,4.326,4.497,5.085,44,42.67,6.789,40.25,9.38,2.934,7.47,2.573,3.644,32.56,3.207,5.13,20.09,1.037,1.907,5.013,.742,2.632
101,2017,273,1320,11.97,6.047,2.252,1.977,9.3,4.021,3.034,2.034,65.85,-24.29,2.868,37.05,4.143,4.901,5.775,46.88,45.25,7.5,40.77,8.5,3.353,7.67,2.635,3.793,35.25,3.45,4.431,19.87,1.121,2.163,5.271,.808,2.957
101,2017,273,1330,11.97,8.57,2.949,2.488,10,4.396,4.405,2.178,66.97,-24.34,3.079,55,17.79,9.79,6.75,72.2,67.49,8.25,67.56,12.88,4.398,7.96,2.878,5.509,49.92,4.572,18.96,46.65,1.151,2.439,5.499,.97,3.919
101,2017,273,1340,11.97,7.22,2.647,3.041,10.77,4.678,4.182,2.431,72.9,-23.53,3.505,48.51,9.33,8.07,8.19,64.02,62.47,8.56,58.7,9.58,3.607,8.78,3.401,5.43,47.72,3.897,10.66,36.2,1.421,2.808,6.31,.932,4.579
101,2017,273,1350,11.97,4.837,1.843,1.672,8.35,4.425,2.734,2.148,74.9,-22.52,2.558,33.37,3.096,4.519,4.942,41.54,41.44,6.455,34.44,7.5,2.624,7.46,2.597,3.465,33.47,3.175,3.461,15.19,1.071,1.861,5.737,.952,2.141
101,2017,273,1400,11.97,4.705,1.964,1.585,8.19,3.785,2.597,1.856,-21.59,-22.48,2.317,32.71,3.381,3.709,4.287,37.93,36.7,6.499,33.56,8.49,2.774,6.558,2.391,3.475,28.78,3.212,3.383,14.7,.844,1.644,4.545,.784,1.878
101,2017,273,1410,11.97,5.598,2.2,2.27,9.5,4.601,3.413,2.294,49.72,-22.38,3.073,41.94,4.825,6.145,12.75,56.23,54.36,7.69,48.48,8.97,3.329,13.09,2.922,11.45,42.79,5.738,4.663,28.16,1.176,2.322,6.588,1.146,3.083
101,2017,273,1420,11.97,5.735,2.329,2.315,9.77,5.259,3.711,2.892,76.9,-22.41,3.641,46.65,4.872,6.497,16.8,68.23,64.22,8.09,55.69,10.38,4.214,9.49,3.146,5.869,52,5.051,4.874,34.99,1.34,2.558,9.83,1.431,3.745
101,2017,273,1430,11.97,6.961,2.672,2.65,11.63,6.062,4.504,5.199,89.1,-22.04,5.646,53.6,5.934,6.966,19.64,79.9,74.9,9.32,65.31,11.89,5.035,10.31,3.592,5.914,59.99,5.356,5.671,41.6,1.59,2.929,11.71,1.548,9.75
101,2017,273,1440,11.97,6.025,2.347,2.46,10.51,5.66,4.234,3.173,52.37,-22.61,3.748,48.19,5.608,10.79,10.69,70.8,66.18,8.35,58.74,11.05,4.386,9.54,3.304,5.614,53.49,4.74,5.336,37.09,1.451,2.798,10.21,1.456,5.145
101,2017,273,1450,11.97,4.837,1.883,1.908,8.45,4.827,3.185,2.501,89.6,-23.32,3.329,37.61,3.934,5.031,6.77,55.37,52.63,6.702,44.17,8.41,3.517,8.08,2.776,4.416,43.45,4.071,3.956,25.35,1.27,2.168,8.77,1.288,3.359
101,2017,273,1500,11.97,4.162,1.719,1.334,7.33,3.716,2.322,1.66,85.6,-23.9,2.081,27.81,2.887,3.403,5.561,35.37,35.07,5.696,29.2,6.276,2.138,6.589,2.103,2.954,28.13,2.89,2.734,13.22,.771,1.357,5.727,.819,1.806
101,2017,273,1510,11.97,4.095,1.608,1.33,7.31,3.77,2.359,1.632,77.4,-23.88,2.042,27.78,2.63,3.567,4.16,33.06,33.36,5.685,28.13,6.273,1.873,6.611,2.083,2.981,26.85,2.718,2.801,11.32,.826,1.454,4.599,.863,1.659
101,2017,273,1520,11.97,4.673,1.783,1.51,8.13,3.91,2.568,2.079,10.85,-23.67,2.322,31.41,2.912,3.982,5.871,40.14,39.47,7.09,34.66,6.79,2.411,6.886,2.292,4.086,31.73,2.898,3.115,13.25,.977,1.635,6.986,.826,2.031
101,2017,273,1530,11.97,4.899,1.932,2.036,8.47,4.808,3.212,3.022,-21.28,-23.13,3.45,39.25,4.443,4.875,23.74,74.5,70.1,7,55.28,8.17,5.477,8.08,2.976,5.443,58.86,4.204,4.189,19.71,1.354,2.205,19.56,1.471,3.254
101,2017,273,1540,11.97,3.646,1.558,1.585,6.779,4.237,2.516,2.429,18,-22.81,2.369,29.59,2.987,4.147,5.929,42.78,42.19,5.388,32.9,6.685,3.414,6.978,2.319,3.82,35.65,3.406,3.141,16.02,1.092,1.774,7.05,1.128,2.416
101,2017,273,1550,11.97,3.879,1.613,1.386,6.728,3.729,2.319,1.841,46.12,-22.69,2.054,27.16,2.545,3.466,4.163,34.81,34.3,5.425,28.22,6.449,2.361,6.44,2.059,3.187,28.11,3.056,2.872,13.17,.866,1.506,4.455,.833,1.756
101,2017,273,1600,11.97,3.25,1.282,1.193,5.938,3.353,2.014,1.65,38.14,-22.9,1.925,24.03,2.282,3.232,3.833,33.08,31.96,4.497,25.29,5.544,2.28,5.572,1.843,2.652,26.54,2.634,2.585,11.77,.88,1.409,4.251,.781,1.645
101,2017,273,1610,11.97,2.753,1.107,1.386,4.813,2.555,1.704,1.295,22.12,-23.05,1.68,21.54,2.265,2.659,3.202,32.5,29.94,5.157,25.25,5.247,3.431,4.274,1.506,2.32,24.91,2.153,2.217,10.18,.687,1.158,4.296,.555,1.538
101,2017,273,1620,11.97,2.401,.975,.814,4.282,2.118,1.399,.927,30.41,-23.04,1.211,17.31,1.541,2.111,2.32,19.39,19.13,3.414,17.46,4.197,1.253,3.696,1.186,1.751,15.15,1.617,1.731,7.27,.491,.866,2.429,.436,1.02
101,2017,273,1630,11.97,2.637,1.131,1.017,4.79,2.677,1.645,1.382,29.52,-22.85,1.546,20.39,2.067,2.547,3.141,27.34,26.43,3.74,21.76,4.914,1.98,4.52,1.508,2.342,21.98,2.309,2.109,10.01,.62,1.099,3.425,.593,1.417
101,2017,273,1640,11.97,2.516,.958,.853,4.673,2.664,1.481,1.241,45.99,-22.87,1.36,17.5,1.429,2.312,2.573,23.13,23.22,3.532,17.85,4.065,1.499,4.39,1.417,1.96,19.35,2.041,1.828,7.52,.555,.948,3.059,.605,.97
101,2017,273,1650,11.97,2.032,.821,.647,3.713,1.954,1.161,.861,23.98,-23.11,1.024,14.17,1.129,1.789,1.828,15.94,16.06,2.776,13.92,3.183,.975,3.358,.978,1.397,12.85,1.339,1.399,5.722,.422,.727,2.119,.389,.752
101,2017,273,1700,11.97,2.099,.818,.724,3.941,2.245,1.275,1.126,-8.3,-23.06,1.241,15.21,1.267,1.967,2.312,20.32,19.81,2.924,15.92,3.371,1.392,3.741,1.154,1.629,16.68,1.707,1.53,6.987,.491,.854,2.818,.488,.96
101,2017,273,1710,11.97,2.071,.776,.608,3.733,1.697,1.049,.732,-13.66,-23.04,.977,13.25,1.077,1.727,1.712,15.49,15.89,2.788,13.21,3.012,.916,3.016,.975,1.25,12.33,1.208,1.303,5.033,.394,.674,1.982,.355,.663
101,2017,273,1720,11.97,1.742,.655,.576,3.007,1.478,.932,.668,-8.11,-22.95,.863,11.79,.94,1.533,1.543,13.26,13.47,2.401,11.97,2.448,.806,2.516,.813,1.082,10.56,.987,1.139,4.606,.38,.62,1.843,.292,.652
101,2017,273,1730,11.97,1.19,.479,.457,2.143,1.255,.766,.605,11.47,-22.81,.68,9.37,.813,1.173,1.387,12.39,12.48,1.685,9.56,2.155,.771,2.248,.702,1.052,10.45,.994,.937,4.192,.307,.499,1.68,.355,.526
101,2017,273,1740,11.97,.789,.338,.278,1.558,.875,.493,.41,4.993,-22.82,.447,6.802,.546,.714,.875,8.3,8.35,1.236,6.161,1.57,.585,1.754,.514,.684,7.17,.776,.566,2.471,.194,.32,.895,.231,.342
101,2017,273,1750,11.97,.705,.312,.248,1.424,.754,.461,.359,11.46,-22.66,.432,6.273,.518,.682,.799,7.48,7.3,1.097,5.675,1.438,.518,1.496,.432,.588,6.201,.702,.555,2.269,.169,.295,.789,.203,.337
101,2017,273,1800,11.97,.514,.209,.198,.93,.523,.352,.283,14.74,-22.72,.328,4.405,.387,.511,.65,5.745,5.588,.739,4.299,.915,.402,.99,.343,.471,4.815,.488,.414,1.89,.137,.23,.761,.179,.286
101,2017,273,1810,11.97,.26,.106,.085,.462,.28,.164,.137,4.814,-22.66,.147,1.969,.154,.241,.278,2.47,2.486,.375,1.83,.436,.179,.486,.168,.223,2.135,.243,.181,.715,.057,.097,.317,.08,.107
101,2017,273,1820,11.97,.119,.047,.039,.211,.109,.069,.047,11.1,-22.68,.054,.776,.059,.099,.106,.853,.906,.164,.707,.173,.054,.203,.064,.082,.752,.082,.075,.28,.032,.042,.109,.028,.037
101,2017,273,1830,11.97,.032,.01,.002,.055,.028,.015,.01,38.17,-22.55,.015,.189,.013,.028,.023,.196,.209,.045,.168,.045,.007,.049,.012,.02,.166,.018,.02,.06,0,.003,.02,0,.003
101,2017,273,1840,11.97,0,0,0,.002,0,0,0,41.35,-22.38,0,.022,0,0,0,.023,.023,.002,.017,.002,0,.002,0,0,.018,0,0,.005,0,0,0,0,0
101,2017,273,1850,11.97,0,0,0,0,0,0,0,27.42,-22.45,0,0,0,0,0,0,0,0,0,0,0,0,0,0,0,0,0,0,0,0,0,0,0
101,2017,273,1900,11.97,0,0,0,0,0,0,0,20.65,-22.36,0,0,0,0,0,0,0,0,0,0,0,0,0,0,0,0,0,0,0,0,0,0,0
101,2017,273,1910,11.96,0,0,0,0,0,0,0,27.41,-22.33,0,0,0,0,0,0,0,0,0,0,0,0,0,0,0,0,0,0,0,0,0,0,0
101,2017,273,1920,11.96,0,0,0,0,0,0,0,28.39,-22.71,0,0,0,0,0,0,0,0,0,0,0,0,0,0,0,0,0,0,0,0,0,0,0
101,2017,273,1930,11.96,0,0,0,0,0,0,0,42.71,-22.38,0,0,0,0,0,0,0,0,0,0,0,0,0,0,0,0,0,0,0,0,0,0,0
101,2017,273,1940,11.97,0,0,0,0,0,0,0,60.97,-22.28,0,0,0,0,0,0,0,0,0,0,0,0,0,0,0,0,0,0,0,0,0,0,0
101,2017,273,1950,11.96,0,0,0,0,0,0,0,70.2,-22.39,0,0,0,0,0,0,0,0,0,0,0,0,0,0,0,0,0,0,0,0,0,0,0
101,2017,273,2000,11.96,0,0,0,0,0,0,0,56.02,-22.7,0,0,0,0,0,0,0,0,0,0,0,0,0,0,0,0,0,0,0,0,0,0,0
101,2017,273,2010,11.96,0,0,0,0,0,0,0,35.41,-22.94,0,0,0,0,0,0,0,0,0,0,0,0,0,0,0,0,0,0,0,0,0,0,0
101,2017,273,2020,11.96,0,0,0,0,0,0,0,21.79,-22.8,0,0,0,0,0,0,0,0,0,0,0,0,0,0,0,0,0,0,0,0,0,0,0
101,2017,273,2030,11.96,0,0,0,0,0,0,0,24.46,-22.56,0,0,0,0,0,0,0,0,0,0,0,0,0,0,0,0,0,0,0,0,0,0,0
101,2017,273,2040,11.96,0,0,0,0,0,0,0,25.34,-22.42,0,0,0,0,0,0,0,0,0,0,0,0,0,0,0,0,0,0,0,0,0,0,0
101,2017,273,2050,11.96,0,0,0,0,0,0,0,42.69,-22.53,0,0,0,0,0,0,0,0,0,0,0,0,0,0,0,0,0,0,0,0,0,0,0
101,2017,273,2100,11.96,0,0,0,0,0,0,0,55.98,-22.32,0,0,0,0,0,0,0,0,0,0,0,0,0,0,0,0,0,0,0,0,0,0,0
101,2017,273,2110,11.96,0,0,0,0,0,0,0,53.5,-22.54,0,0,0,0,0,0,0,0,0,0,0,0,0,0,0,0,0,0,0,0,0,0,0
101,2017,273,2120,11.96,0,0,0,0,0,0,0,48.63,-22.35,0,0,0,0,0,0,0,0,0,0,0,0,0,0,0,0,0,0,0,0,0,0,0
101,2017,273,2130,11.96,0,0,0,0,0,0,0,34.21,-22.75,0,0,0,0,0,0,0,0,0,0,0,0,0,0,0,0,0,0,0,0,0,0,0
101,2017,273,2140,11.96,0,0,0,0,0,0,0,29.29,-22.74,0,0,0,0,0,0,0,0,0,0,0,0,0,0,0,0,0,0,0,0,0,0,0
101,2017,273,2150,11.96,0,0,0,0,0,0,0,34.13,-22.54,0,0,0,0,0,0,0,0,0,0,0,0,0,0,0,0,0,0,0,0,0,0,0
101,2017,273,2200,11.96,0,0,0,0,0,0,0,56.09,-22.28,0,0,0,0,0,0,0,0,0,0,0,0,0,0,0,0,0,0,0,0,0,0,0
101,2017,273,2210,11.96,0,0,0,0,0,0,0,60.5,-22.2,0,0,0,0,0,0,0,0,0,0,0,0,0,0,0,0,0,0,0,0,0,0,0
101,2017,273,2220,11.96,0,0,0,0,0,0,0,54.89,-22.16,0,0,0,0,0,0,0,0,0,0,0,0,0,0,0,0,0,0,0,0,0,0,0
101,2017,273,2230,11.96,0,0,0,0,0,0,0,49.72,-22.3,0,0,0,0,0,0,0,0,0,0,0,0,0,0,0,0,0,0,0,0,0,0,0
101,2017,273,2240,11.96,0,0,0,0,0,0,0,59.47,-22.23,0,0,0,0,0,0,0,0,0,0,0,0,0,0,0,0,0,0,0,0,0,0,0
101,2017,273,2250,11.96,0,0,0,0,0,0,0,58.13,-22.24,0,0,0,0,0,0,0,0,0,0,0,0,0,0,0,0,0,0,0,0,0,0,0
101,2017,273,2300,11.96,0,0,0,0,0,0,0,57,-22.44,0,0,0,0,0,0,0,0,0,0,0,0,0,0,0,0,0,0,0,0,0,0,0
101,2017,273,2310,11.96,0,0,0,0,0,0,0,41.9,-22.49,0,0,0,0,0,0,0,0,0,0,0,0,0,0,0,0,0,0,0,0,0,0,0
101,2017,273,2320,11.96,0,0,0,0,0,0,0,33.52,-23.09,0,0,0,0,0,0,0,0,0,0,0,0,0,0,0,0,0,0,0,0,0,0,0
101,2017,273,2330,11.96,0,0,0,0,0,0,0,28.25,-23.72,0,0,0,0,0,0,0,0,0,0,0,0,0,0,0,0,0,0,0,0,0,0,0
101,2017,273,2340,11.96,0,0,0,0,0,0,0,30.04,-23.83,0,0,0,0,0,0,0,0,0,0,0,0,0,0,0,0,0,0,0,0,0,0,0
101,2017,273,2350,11.96,0,0,0,0,0,0,0,34.47,-23.93,0,0,0,0,0,0,0,0,0,0,0,0,0,0,0,0,0,0,0,0,0,0,0
101,2017,273,2400,11.96,0,0,0,0,0,0,0,21.09,-24.2,0,0,0,0,0,0,0,0,0,0,0,0,0,0,0,0,0,0,0,0,0,0,0
101,2017,274,10,11.96,0,0,0,0,0,0,0,17.59,-24.55,0,0,0,0,0,0,0,0,0,0,0,0,0,0,0,0,0,0,0,0,0,0,0
101,2017,274,20,11.96,0,0,0,0,0,0,0,23.18,-24.52,0,0,0,0,0,0,0,0,0,0,0,0,0,0,0,0,0,0,0,0,0,0,0
101,2017,274,30,11.96,0,0,0,0,0,0,0,13.08,-24.49,0,0,0,0,0,0,0,0,0,0,0,0,0,0,0,0,0,0,0,0,0,0,0
101,2017,274,40,11.96,0,0,0,0,0,0,0,9.62,-24.82,0,0,0,0,0,0,0,0,0,0,0,0,0,0,0,0,0,0,0,0,0,0,0
101,2017,274,50,11.96,0,0,0,0,0,0,0,9.13,-25.17,0,0,0,0,0,0,0,0,0,0,0,0,0,0,0,0,0,0,0,0,0,0,0
101,2017,274,100,11.96,0,0,0,0,0,0,0,3.52,-25.51,0,0,0,0,0,0,0,0,0,0,0,0,0,0,0,0,0,0,0,0,0,0,0
101,2017,274,110,11.96,0,0,0,0,0,0,0,-2.978,-25.43,0,0,0,0,0,0,0,0,0,0,0,0,0,0,0,0,0,0,0,0,0,0,0
101,2017,274,120,11.96,0,0,0,0,0,0,0,2.837,-24.74,0,0,0,0,0,0,0,0,0,0,0,0,0,0,0,0,0,0,0,0,0,0,0
101,2017,274,130,11.96,0,0,0,0,0,0,0,15.39,-23.97,0,0,0,0,0,0,0,0,0,0,0,0,0,0,0,0,0,0,0,0,0,0,0
101,2017,274,140,11.96,0,0,0,0,0,0,0,22.9,-24.08,0,0,0,0,0,0,0,0,0,0,0,0,0,0,0,0,0,0,0,0,0,0,0
101,2017,274,150,11.96,0,0,0,0,0,0,0,25.66,-24.27,0,0,0,0,0,0,0,0,0,0,0,0,0,0,0,0,0,0,0,0,0,0,0
101,2017,274,200,11.96,0,0,0,0,0,0,0,22.66,-24.72,0,0,0,0,0,0,0,0,0,0,0,0,0,0,0,0,0,0,0,0,0,0,0
101,2017,274,210,11.96,0,0,0,0,0,0,0,23.06,-25.06,0,0,0,0,0,0,0,0,0,0,0,0,0,0,0,0,0,0,0,0,0,0,0
101,2017,274,220,11.96,0,0,0,0,0,0,0,29.53,-24.75,0,0,0,0,0,0,0,0,0,0,0,0,0,0,0,0,0,0,0,0,0,0,0
101,2017,274,230,11.96,0,0,0,0,0,0,0,38.74,-24.84,0,0,0,0,0,0,0,0,0,0,0,0,0,0,0,0,0,0,0,0,0,0,0
101,2017,274,240,11.96,0,0,0,0,0,0,0,21.39,-24.8,0,0,0,0,0,0,0,0,0,0,0,0,0,0,0,0,0,0,0,0,0,0,0
101,2017,274,250,11.96,0,0,0,0,0,0,0,25.37,-24.85,0,0,0,0,0,0,0,0,0,0,0,0,0,0,0,0,0,0,0,0,0,0,0
101,2017,274,300,11.96,0,0,0,0,0,0,0,35.15,-24.71,0,0,0,0,0,0,0,0,0,0,0,0,0,0,0,0,0,0,0,0,0,0,0
101,2017,274,310,11.96,0,0,0,0,0,0,0,32.01,-24.38,0,0,0,0,0,0,0,0,0,0,0,0,0,0,0,0,0,0,0,0,0,0,0
101,2017,274,320,11.96,0,0,0,0,0,0,0,32.96,-24.53,0,0,0,0,0,0,0,0,0,0,0,0,0,0,0,0,0,0,0,0,0,0,0
101,2017,274,330,11.96,0,0,0,0,0,0,0,30.63,-24.77,0,0,0,0,0,0,0,0,0,0,0,0,0,0,0,0,0,0,0,0,0,0,0
101,2017,274,340,11.96,0,0,0,0,0,0,0,28.2,-24.77,0,0,0,0,0,0,0,0,0,0,0,0,0,0,0,0,0,0,0,0,0,0,0
101,2017,274,350,11.96,0,0,0,0,0,0,0,31.24,-24.85,0,0,0,0,0,0,0,0,0,0,0,0,0,0,0,0,0,0,0,0,0,0,0
101,2017,274,400,11.96,0,0,0,0,0,0,0,32.68,-24.6,0,0,0,0,0,0,0,0,0,0,0,0,0,0,0,0,0,0,0,0,0,0,0
101,2017,274,410,11.96,0,0,0,0,0,0,0,30.65,-24.39,0,0,0,0,0,0,0,0,0,0,0,0,0,0,0,0,0,0,0,0,0,0,0
101,2017,274,420,11.96,0,0,0,0,0,0,0,28.09,-24.24,0,0,0,0,0,0,0,0,0,0,0,0,0,0,0,0,0,0,0,0,0,0,0
101,2017,274,430,11.96,0,0,0,0,0,0,0,35.1,-23.86,0,0,0,0,0,0,0,0,0,0,0,0,0,0,0,0,0,0,0,0,0,0,0
101,2017,274,440,11.96,0,0,0,0,0,0,0,37.93,-23.54,0,0,0,0,0,0,0,0,0,0,0,0,0,0,0,0,0,0,0,0,0,0,0
101,2017,274,450,11.96,0,0,0,0,0,0,0,39.02,-23.58,0,0,0,0,0,0,0,0,0,0,0,0,0,0,0,0,0,0,0,0,0,0,0
101,2017,274,500,11.96,0,0,0,0,0,0,0,37.89,-23.32,0,0,0,0,0,0,0,0,0,0,0,0,0,0,0,0,0,0,0,0,0,0,0
101,2017,274,510,11.96,0,0,0,0,0,0,0,35.64,-23.16,0,0,0,0,0,0,0,0,0,0,0,0,0,0,0,0,0,0,0,0,0,0,0
101,2017,274,520,11.96,0,0,0,0,0,0,0,39.22,-22.99,0,0,0,0,0,0,0,0,0,0,0,0,0,0,0,0,0,0,0,0,0,0,0
101,2017,274,530,11.96,0,0,0,0,0,0,0,37.41,-22.82,0,0,0,0,0,0,0,0,0,0,0,0,0,0,0,0,0,0,0,0,0,0,0
101,2017,274,540,11.96,0,0,0,0,0,0,0,42.87,-22.72,0,0,0,0,0,0,0,0,0,0,0,0,0,0,0,0,0,0,0,0,0,0,0
101,2017,274,550,11.95,0,0,0,0,0,0,0,48.69,-22.51,0,.018,0,0,0,.017,.017,0,.015,0,0,.002,0,0,.013,0,0,0,0,0,0,0,0
101,2017,274,600,11.96,.025,.007,0,.042,.02,.012,.007,55.2,-22.28,.01,.183,.01,.027,.018,.142,.161,.04,.179,.035,.007,.052,.013,.017,.129,.018,.017,.045,0,.003,.02,0,0
101,2017,274,610,11.95,.104,.042,.03,.183,.087,.055,.037,58.21,-22.28,.045,.793,.045,.101,.067,.6,.67,.168,.773,.134,.034,.203,.06,.059,.55,.055,.065,.171,.022,.037,.072,.023,.025
101,2017,274,620,11.95,.302,.131,.089,.525,.263,.184,.099,61.63,-22.27,.141,2.437,.154,.308,.216,1.807,1.999,.463,2.531,.429,.114,.526,.171,.203,1.554,.168,.199,.598,.057,.097,.213,.045,.091
101,2017,274,630,11.95,.501,.208,.142,.96,.447,.313,.174,61.54,-22.13,.24,4.354,.256,.513,.391,3.23,3.541,.83,4.423,.699,.193,1.027,.318,.332,2.821,.277,.323,.937,.104,.169,.38,.079,.161
101,2017,274,640,11.95,.744,.342,.209,1.465,.635,.504,.241,57.92,-22.13,.36,7.03,.362,.778,.444,4.228,4.879,1.525,6.954,1.227,.258,1.584,.484,.541,3.697,.404,.489,1.094,.142,.23,.446,.119,.178
101,2017,274,650,11.95,.895,.427,.258,1.921,.811,.664,.305,68.01,-22.14,.441,8.61,.456,.955,.58,5.76,6.513,1.798,8.65,1.671,.389,1.998,.556,.714,4.994,.515,.56,1.493,.176,.285,.58,.153,.245
101,2017,274,700,11.95,1.597,.637,.372,2.93,1.185,.808,.382,70.1,-22.27,.585,10.31,.592,1.289,.761,7.86,8.73,2.294,10.58,2.127,.478,2.405,.669,.786,6.508,.716,.709,1.916,.225,.372,.759,.188,.31
101,2017,274,710,11.95,1.218,.446,.38,2.271,.989,.639,.421,82.7,-22.37,.535,9.5,.704,.972,.923,8.87,8.98,1.82,10.73,2.211,.563,1.971,.612,.744,7.33,.739,.747,2.712,.218,.375,1.004,.209,.384
101,2017,274,720,11.95,1.074,.523,.385,1.889,.942,.64,.427,88.1,-22.76,.531,10.82,.801,1.108,.97,8.66,8.91,1.788,10.97,2.226,.561,2.418,.697,.781,7.15,.726,.808,2.821,.255,.417,.925,.188,.414
101,2017,274,730,11.96,3.305,1.284,.687,5.698,2.11,1.547,.716,89.9,-22.54,1.187,20.89,1.344,2.856,1.539,14.16,15.98,4.959,21.36,3.585,.734,5.045,1.421,1.532,11.39,1.165,1.518,4.009,.454,.764,1.477,.31,.608
101,2017,274,740,11.95,3.68,1.456,.846,6.63,2.506,1.745,.825,101.7,-22.57,1.359,21.28,1.185,2.819,1.716,16.87,18.66,5.167,22.4,4.113,.964,5.16,1.371,1.745,13.41,1.493,1.601,4.691,.449,.801,1.73,.369,.684
101,2017,274,750,11.96,2.336,1.099,.841,4.686,2.293,1.528,.825,84.2,-23.02,1.14,22.09,1.465,2.061,1.84,17.44,18.03,3.826,23.46,4.989,1.123,4.5,1.388,1.84,13.73,1.632,1.649,5.539,.436,.753,1.875,.392,.726
101,2017,274,800,11.96,3.258,1.239,.804,6.09,2.666,2.387,.932,96.2,-23.17,1.364,29.02,1.725,3.117,2.016,19.04,20.08,7.14,28.93,5.113,1.146,7.35,1.875,1.736,15.27,1.545,1.973,5.115,.605,.98,2.113,.437,.83
101,2017,274,810,11.96,5.383,2.187,1.646,42.23,4.336,15.43,1.336,136.5,-23.06,2.534,94,2.861,22.37,2.968,26.88,41.41,51.96,102.8,22.23,1.701,44.54,3.25,3.617,18.86,2.318,2.915,7.89,.724,1.344,2.812,.605,8.68
101,2017,274,820,11.96,2.268,1.168,1.331,60.93,3.469,4.406,1.272,138.8,-23.43,2.407,103,2.015,3.292,2.152,21.66,42.53,67.5,111.7,51.85,1.416,48.4,2.407,5.824,12.46,1.699,1.909,4.973,.498,.813,1.694,.521,.892
101,2017,274,830,11.96,2.229,1.297,1.191,63.55,3.444,3.712,2.326,137.3,-23.44,3.539,103.3,1.513,15.38,1.661,21.95,44.27,72.4,108.8,57.83,1.024,51.12,2.105,40.63,10.37,1.351,3.998,2.993,.436,1.339,1.223,.436,.628
101,2017,274,840,11.96,4.501,32.49,1.253,58.63,8.16,3.81,3.122,125.4,-23.88,8.66,97.7,1.52,19.53,1.681,24.87,45.82,67.36,99.1,59.38,.969,32.11,2.183,4.715,10.21,1.342,4.05,2.971,.424,.705,1.227,.427,.664
101,2017,274,850,11.96,15,44.81,1.619,68.62,28.51,4.014,3.906,119.8,-22.26,46.65,116.1,2.597,5.6,2.006,33.76,59.02,82,114.9,10.07,1.188,11.91,2.495,13.47,11.86,1.573,2.543,3.671,.498,.856,1.438,.478,.767
101,2017,274,900,11.96,2.95,20.79,1.424,65.35,24.48,3.48,.896,89.2,-21.24,28.25,117.8,3.011,2.733,5.242,37.09,62.27,83.5,112.8,6.134,1.28,6.569,2.537,12.31,12.11,1.558,1.912,3.237,.509,1.154,1.392,.493,.784
101,2017,274,910,11.96,4.272,19,1.865,57.38,49.48,13.79,1.061,77.2,-17.65,19.32,115.7,3.282,3.817,2.475,41.17,64.23,77.7,108.9,15.57,1.553,8.37,3.079,14.13,13.75,4.21,2.749,4.425,.607,2.453,1.582,.508,2.156
101,2017,274,920,11.96,8.22,7.38,2.349,33.05,29.42,20.2,1.334,47.14,-18.85,3.336,83.4,2.592,5.343,2.682,38.61,51.82,44.07,78.7,12.16,1.806,11.04,4.743,6.752,18.13,5.512,3.711,7.45,.617,2.954,5.856,.479,1.268
101,2017,274,930,11.96,8.44,6.593,2.888,45.27,41,29.47,2.042,35.11,-17.65,6.253,121.8,3.654,6.063,3.946,60.63,79.6,64.96,115.7,13.98,2.895,19.45,5.705,6.021,26.5,4.106,6.479,12.16,.875,2.592,5.286,.663,2.005
101,2017,274,940,11.96,5.231,57.67,2.166,38.94,6.584,9.02,1.456,22.26,-20.91,3.781,121.4,3.363,15,3.435,62.77,81.4,16.22,113.5,11.43,2.697,18.38,2.915,5.125,27.36,3.662,83.3,10.23,.704,2.429,2.939,.655,8.77
101,2017,274,950,11.97,6.837,48.33,2.094,34.24,5.569,3.936,1.379,28.64,-21.03,4.981,116.8,2.91,23.29,2.867,60.43,79.4,42.36,106.8,13.05,2.084,23.48,2.8,3.703,27.97,3.108,80.2,7.6,.608,2.364,2.263,.608,1.927
101,2017,274,1000,11.97,6.822,10.12,1.823,27.52,3.922,2.86,1.201,-11.5,-21.55,4.612,124.8,2.607,38.6,2.562,64.46,85,60.2,113.7,16.55,1.737,45.38,2.585,3.026,30.47,2.401,21.21,4.664,.606,7.4,4.353,.615,9.21
101,2017,274,1010,11.97,11.61,33.55,2.541,21.08,5.014,3.659,1.523,-6.244,-21.23,14.27,99.1,2.605,14.37,10.78,56.4,69.81,32.01,87.7,36.09,2.009,39.03,2.731,3.734,29.04,3.957,3.977,6.999,.729,20.89,15.29,.591,18.89
101,2017,274,1020,11.97,28.38,21.83,3.942,17.85,5.717,4.148,1.97,-8.4,-21.68,11.78,76.8,3.498,5.887,6.986,54.12,61.79,29.02,71.6,14.77,2.528,17.12,3.52,4.309,33.99,7.74,4.915,13.34,.967,10.35,4.29,.652,4.185
101,2017,274,1030,11.97,58.29,52.58,9.83,18.63,5.608,3.581,2.127,-10.81,-22,5.808,100.3,3.37,4.68,5.414,71.5,81.5,61.94,94.2,12.08,2.888,12.52,3.585,3.808,43.02,5.565,4.3,10.72,.918,3.886,3.851,.871,2.432
101,2017,274,1040,11.97,57.31,63.48,3.864,17.66,4.484,3.627,1.596,-26.2,-23.75,5.906,104.7,2.945,3.511,3.23,72.1,81.6,73.1,99.6,10.94,2.956,9.86,4.68,3.804,41.04,4.044,3.817,7.6,.677,1.64,2.559,.737,1.58
101,2017,274,1050,11.97,54.63,81.1,2.275,17.81,4.37,3.283,1.628,-25.86,-25.4,14.56,134.5,3.315,3.658,3.735,94.4,106.3,105.9,130.4,11.42,4.838,12.6,45.35,4.936,52.35,4.173,3.374,8.36,.737,1.551,2.434,.774,1.814
101,2017,274,1100,11.97,22.95,14.28,2.628,24.12,4.583,3.626,2.057,-30.83,-26.22,21.76,140,3.532,4.75,4.573,103.2,115.5,66.15,137,46.6,31.06,10.95,3.965,3.945,60.24,4.191,4.276,10.13,.953,1.946,3.074,.834,1.956
101,2017,274,1110,11.97,20.98,5.338,2.871,21.17,5.095,3.537,3.869,-40.27,-26.27,15.98,85.3,3.345,4.402,3.273,65.52,71.4,13.28,82.3,15.85,20.32,9.51,3.487,3.943,39.75,5.338,4.738,11.78,.896,1.981,3.011,.628,1.42
101,2017,274,1120,11.97,17.01,5.005,3.35,39.82,5.813,6.639,3.876,-51.17,-26,19.41,131.4,4.021,5.092,5.534,110.1,119.6,12.82,135.6,17.66,49.97,11.67,3.904,5.525,67.68,5.221,4.988,13.69,1.189,2.306,3.83,.975,2.03
101,2017,274,1130,11.97,13.31,3.993,2.909,50.57,5.075,4.241,2.373,-48.98,-26.22,9.79,128.6,5.137,4.932,5.646,120.4,126.4,10.99,143.2,24.01,66.17,10.63,3.651,7.66,75,4.134,5.626,49.77,1.243,2.445,4.735,1.248,2.574
101,2017,274,1140,11.97,30.12,8.67,2.434,62.1,4.008,3.757,2.174,-46.62,-28.42,5.592,122,4.693,4.088,5.266,124.5,129.6,8.04,144.9,62.18,39.41,8.93,2.809,15.64,77.7,4.144,5.13,19.06,1.09,2.346,4.643,1.04,2.511
101,2017,274,1150,11.97,8.39,12.29,2.075,28.59,3.67,4.112,2.445,-49.21,-29,3.197,71.2,4.058,4.271,6.597,66.58,67.31,9.07,73.5,24.58,8.9,8.42,2.725,11.99,43.5,3.665,4.618,17.45,.955,2.022,3.904,.692,2.077
101,2017,274,1200,11.97,8.31,3.71,2.218,13.91,4.525,7.97,2.017,-53.75,-30.23,3.062,59.21,4.638,4.852,10.36,58.5,58.52,9.9,62.32,21.71,3.968,9.4,4.529,5.117,39.22,4.045,5.237,21.94,1.045,2.154,3.973,.787,2.305
101,2017,274,1210,11.97,10.15,4.363,2.882,16.65,5.966,4.758,2.405,-46.92,-30.33,3.782,56.96,4.778,6.013,6.235,58.43,59.04,12.28,58.81,15.72,4,11.44,3.984,4.939,41.21,4.596,6.569,24.85,1.414,2.556,5.164,.816,2.722
101,2017,274,1220,11.97,7.03,2.377,2.13,11.78,5.21,3.306,2.286,-36.63,-30.39,3.04,42.16,4.217,5.418,5.644,47.91,47.31,9.11,42.57,9.57,2.916,9.68,3.222,3.896,37.03,3.477,4.808,16.99,1.209,2.179,5.47,.876,2.487
101,2017,274,1230,11.97,7.02,2.854,2.494,12,5.798,4.135,2.569,-40.96,-29.36,3.442,53.65,5.443,5.378,6.232,60.22,57.09,9.45,56.36,15.13,4.308,9.63,3.219,5.254,43.14,4.606,8.52,27.12,1.551,2.611,6.651,1.079,2.656
101,2017,274,1240,11.97,9.61,2.993,2.68,12.59,5.983,4.45,2.643,-44.29,-28.43,3.557,54,6.086,5.877,6.735,62.27,59.67,10.16,58.34,14.76,4.062,9.94,3.417,5.602,44.61,4.646,7.78,27.82,1.385,2.566,7.38,1.243,3.062
101,2017,274,1250,11.97,21.33,3.588,4.078,12.07,5.612,4.412,2.73,-61.31,-27.01,4.599,79.6,7.11,5.534,7.62,105.8,104.3,10.04,105.2,16.43,4.465,9.55,3.705,7.05,74.2,5.214,21.18,76.8,1.519,3.109,7.7,1.335,3.596
101,2017,274,1300,11.97,9.51,3.338,9.45,11.97,5.314,4.847,2.621,-66.03,-25.63,3.874,83.9,7.82,6.093,8.04,114.5,112.7,9.56,113.5,14.73,4.448,9.75,6.497,11.33,79.7,4.788,31.09,88.1,1.514,3.075,7.28,1.238,4.077
101,2017,274,1310,11.97,12.68,3.33,3.083,12.5,5.581,8.02,2.762,-55.86,-24.83,4.04,71.8,17.44,6.664,8.22,96.5,94.4,10.35,93.1,13.53,4.403,10.29,4.266,6.014,69.37,4.797,32.38,67.08,3.164,3.16,7.51,1.214,8.27
101,2017,274,1320,11.97,29.01,3.966,3.248,13.31,6.658,5.624,3.4,-55.87,-23.4,4.633,88.3,35.03,15.36,9.71,131.8,129.2,10.28,123.2,15.03,5.418,11.36,4.098,7.52,95.3,6.016,47.04,99.7,2.233,3.646,9.31,1.75,32.96
101,2017,274,1330,11.97,13.35,2.909,2.67,11.66,6.009,4.494,3.08,-59.92,-23.57,3.794,60.55,22.09,10.16,7.98,89.6,90.3,8.79,79.1,9.42,3.465,10.57,3.454,5.79,68.2,4.38,24.39,58.24,1.717,2.906,7.96,1.489,5.428
101,2017,274,1340,11.98,5.1,1.934,2.405,7.76,4.14,2.991,2.055,-67.72,-24.02,2.46,33.03,5.343,5.316,5.172,44.65,45.64,6.661,36.41,5.828,2.424,7.82,2.524,3.502,36.67,2.891,6.239,19.2,1.085,1.802,5.13,1.048,2.465
101,2017,274,1350,11.98,3.799,1.693,1.991,6.818,4.222,3.048,2.067,-66.59,-24.5,2.583,34.39,4.177,4.944,5.834,45.14,42.72,5.832,36.7,8.66,3.422,7.77,2.532,3.747,35.57,3.583,4.36,18.91,1.184,2.075,5.09,.971,2.678
101,2017,274,1400,11.98,5.276,2.571,10.36,8.89,5.452,4.341,2.943,-62.3,-24.1,3.494,64.39,19.59,21.51,45.09,106.8,101,7.38,90,10.9,4.589,13.03,3.157,11.97,78.9,7.55,18.39,76.7,1.646,2.859,7.67,1.683,4.376
101,2017,274,1410,11.98,7.19,2.913,3.497,12.07,10.02,5.333,3.152,-63.92,-23.72,4.112,79.7,9.62,12.6,68.81,136,129.2,9.92,117.1,13.34,5.031,41.29,3.77,80.8,99.3,17.89,7.43,103.6,1.859,3.179,14.98,2.01,5.979
101,2017,274,1420,11.98,6.912,2.671,2.755,11.86,5.83,4.688,2.859,-66.45,-23.73,3.837,48.63,5.725,7.44,11.45,62.9,59.81,9.35,54.72,11.46,4.435,10.59,3.4,7.48,47.04,4.403,5.671,28.44,1.534,2.697,7.23,1.236,4.457
101,2017,274,1430,11.98,5.611,2.358,1.812,9.31,4.594,2.975,2.012,-63.75,-24.12,2.626,36.78,3.527,4.316,4.469,40.74,40.42,7.52,36.1,9.36,2.683,8.18,2.633,3.567,31.38,3.502,3.966,13.95,1.109,1.862,4.896,.804,1.837
101,2017,274,1440,11.98,6.693,2.43,2.315,11.23,5.388,3.37,2.269,-66.73,-24.3,3.127,41.58,3.916,5.468,6.04,48.22,48.54,8.77,43.05,10.24,2.77,9.37,3.092,4.137,37.93,3.7,4.77,18.9,1.256,2.405,5.844,1.089,2.474
101,2017,274,1450,11.98,6.229,2.37,2.231,10.59,5.416,3.711,2.492,-61.24,-24.47,3.274,42.04,4.46,5.502,6.966,52.67,50.04,8.37,45.15,9.98,3.614,9.07,3.04,4.554,40.1,4.162,4.428,20.69,1.373,2.398,6.371,1.087,3.172
101,2017,274,1500,11.98,5.815,2.229,2.197,10.44,5.286,3.668,2.557,-60.04,-24.37,3.326,42.6,6.177,5.334,8.34,57.83,54.17,8.44,48.21,10.4,3.844,9.01,3.047,4.897,43.95,3.961,4.527,23.02,1.387,2.373,8.77,1.167,3.782
101,2017,274,1510,11.98,4.805,2.129,1.934,8.15,4.634,2.799,2.31,-62.96,-24.36,2.728,33.35,3.072,4.525,5.204,47.8,46.87,6.162,36.6,8.23,3.206,7.71,2.631,3.757,38.09,3.891,3.876,17.21,1.301,2.055,5.867,1.037,2.149
101,2017,274,1520,11.98,4.561,1.839,1.65,7.43,3.671,2.43,1.702,-64.64,-24.58,2.382,29.01,2.606,3.7,4.581,38.49,38.95,5.561,31.85,6.381,2.301,7.02,2.306,3.164,31.5,2.975,3.472,14.11,.956,1.685,4.664,.861,1.794
101,2017,274,1530,11.99,3.316,1.353,1.105,6.07,3.236,1.958,1.34,-58,-24.79,1.707,23.72,2.112,2.809,2.903,28.37,27.45,4.912,22.7,5.696,2.167,6.14,1.829,2.358,22.38,2.377,2.387,8.03,.663,1.097,3.162,.618,1.12
101,2017,274,1540,11.98,3.537,1.534,1.196,6.715,3.695,2.392,1.665,-62.9,-24.8,1.963,26.9,2.425,3.187,3.546,33.29,31.85,5.093,26.57,7.01,2.563,6.338,2.003,2.886,25.92,2.929,2.698,10.62,.695,1.265,3.651,.76,1.425
101,2017,274,1550,11.98,4.018,1.576,1.737,6.991,3.712,2.702,2.65,-60.46,-24.64,2.521,32.52,3.611,3.839,5.671,60.99,55.78,6.154,43.34,7.93,10.05,6.769,2.546,3.668,47.48,3.499,3.32,14.9,.938,1.725,14.1,1.059,2.584
101,2017,274,1600,11.98,3.137,1.288,1.345,5.727,3.089,2.107,1.526,-58.03,-24.86,2.498,24.59,2.626,3.104,4.023,38.15,36.09,4.888,28.26,5.727,7.29,5.933,1.831,2.764,30.88,2.456,2.414,10.07,.744,1.286,6.838,.784,1.776
101,2017,274,1610,11.98,3.576,1.369,1.704,6.638,3.533,2.266,1.807,-57.64,-24.79,2.384,25.2,2.998,3.536,4.364,51.78,48.5,9.86,35.61,5.916,5.04,6.114,1.962,3.008,42.45,2.739,2.538,11.94,.858,1.479,7,.819,2.193
101,2017,274,1620,11.98,3.054,1.188,1.057,5.091,2.722,1.685,1.298,-61.25,-24.95,1.67,20.11,1.916,2.941,3.25,27.69,27.44,4.003,21.49,4.243,1.925,4.864,1.538,2.142,22.76,2.171,2.159,9.53,.667,1.201,3.402,.603,1.472
101,2017,274,1630,11.98,2.121,.853,.881,3.9,2.42,1.303,1.256,-64.51,-24.99,1.31,16.94,1.697,2.181,2.588,41.24,37.95,3.28,17.44,3.858,1.487,4.271,1.449,1.861,35.15,1.956,1.737,7.41,.598,.965,3.097,.487,1.238
101,2017,274,1640,11.98,2.347,.827,.737,4.405,2.578,1.25,1.106,-63.73,-25.02,1.24,16.2,1.146,2.042,2.286,23.89,24.02,3.459,15.18,3.348,1.248,4.345,1.451,1.608,20.6,1.807,1.677,5.328,.516,.858,2.699,.596,.687
101,2017,274,1650,11.98,1.791,.692,.595,3.392,2.092,1.109,.881,-65.87,-25.14,1.025,13.94,1.069,1.735,1.891,17.74,17.41,2.615,12.9,2.786,1.312,3.853,1.151,1.382,15.08,1.563,1.36,4.797,.437,.675,2.032,.452,.667
101,2017,274,1700,11.98,1.554,.637,.573,2.861,1.752,1.022,.998,-69.78,-25.17,1.04,13.22,1.198,1.568,2.003,19.7,18.4,2.416,14.16,2.993,1.747,3.07,1.094,1.503,15.99,1.554,1.323,6.206,.447,.729,2.508,.425,.91
101,2017,274,1710,11.98,1.389,.536,.482,2.556,1.422,.848,.717,-73.6,-25.25,.781,11.08,.95,1.265,1.503,14.43,13.76,2.114,11.06,2.565,1.045,2.633,.873,1.171,11.66,1.152,1.091,4.612,.345,.558,1.73,.317,.603
101,2017,274,1720,11.98,1.218,.447,.419,2.31,1.263,.745,.538,-71.5,-25.35,.64,8.89,.68,1.102,1.186,10.98,10.87,1.826,8.52,1.955,.635,2.307,.704,.945,9.15,.915,.836,3.245,.28,.444,1.38,.35,.452
101,2017,274,1730,11.98,1.131,.417,.4,1.992,.998,.591,.456,-68.97,-25.44,.571,7.8,.647,.948,1.127,10,9.72,1.551,8.07,1.757,.72,1.927,.588,.792,7.88,.762,.727,3.242,.233,.419,1.045,.199,.482
101,2017,274,1740,11.98,.635,.275,.266,1.191,.61,.447,.337,-67.3,-25.56,.41,5.656,.611,.583,.851,7.47,6.745,1.019,5.912,1.478,.64,1.29,.42,.56,5.679,.514,.551,2.57,.159,.305,.776,.142,.41
101,2017,274,1750,11.98,.407,.178,.147,.69,.402,.261,.191,-65.72,-25.49,.246,3.491,.33,.374,.402,4.233,3.805,.632,3.183,.779,.399,.875,.281,.322,3.227,.365,.303,1.121,.094,.164,.379,.079,.181
101,2017,274,1800,11.98,.355,.147,.119,.585,.318,.198,.137,-66.32,-25.46,.178,2.65,.206,.31,.292,2.838,2.766,.501,2.297,.528,.211,.694,.214,.228,2.25,.248,.231,.724,.067,.121,.281,.067,.114
101,2017,274,1810,11.98,.231,.092,.07,.4,.224,.127,.097,-62.9,-25.47,.116,1.69,.126,.201,.189,1.778,1.791,.343,1.469,.365,.126,.472,.139,.157,1.479,.169,.152,.503,.05,.077,.194,.037,.075
101,2017,274,1820,11.98,.109,.047,.037,.204,.114,.064,.052,-64.72,-25.5,.054,.787,.059,.099,.099,.858,.886,.164,.694,.179,.054,.241,.065,.079,.747,.095,.072,.268,.025,.044,.104,.027,.035
101,2017,274,1830,11.98,.028,.008,.003,.054,.037,.017,.008,-66.43,-25.62,.013,.223,.017,.027,.03,.26,.27,.047,.204,.055,.015,.067,.017,.02,.233,.022,.02,.077,0,.005,.032,0,.005
101,2017,274,1840,11.98,0,0,0,.003,0,0,0,-68.37,-25.76,0,.025,0,0,0,.032,.035,0,.025,.002,0,.005,0,0,.032,0,0,.008,0,0,0,0,0
101,2017,274,1850,11.98,0,0,0,0,0,0,0,-68.98,-25.9,0,0,0,0,0,0,0,0,0,0,0,0,0,0,0,0,0,0,0,0,0,0,0
101,2017,274,1900,11.98,0,0,0,0,0,0,0,-69.37,-25.96,0,0,0,0,0,0,0,0,0,0,0,0,0,0,0,0,0,0,0,0,0,0,0
101,2017,274,1910,11.98,0,0,0,0,0,0,0,-71.6,-26.06,0,0,0,0,0,0,0,0,0,0,0,0,0,0,0,0,0,0,0,0,0,0,0
101,2017,274,1920,11.97,0,0,0,0,0,0,0,-73.3,-26.18,0,0,0,0,0,0,0,0,0,0,0,0,0,0,0,0,0,0,0,0,0,0,0
101,2017,274,1930,11.97,0,0,0,0,0,0,0,-76.8,-26.35,0,0,0,0,0,0,0,0,0,0,0,0,0,0,0,0,0,0,0,0,0,0,0
101,2017,274,1940,11.97,0,0,0,0,0,0,0,-74.8,-26.37,0,0,0,0,0,0,0,0,0,0,0,0,0,0,0,0,0,0,0,0,0,0,0
101,2017,274,1950,11.97,0,0,0,0,0,0,0,-72.2,-26.3,0,0,0,0,0,0,0,0,0,0,0,0,0,0,0,0,0,0,0,0,0,0,0
101,2017,274,2000,11.97,0,0,0,0,0,0,0,-67.04,-26.29,0,0,0,0,0,0,0,0,0,0,0,0,0,0,0,0,0,0,0,0,0,0,0
101,2017,274,2010,11.97,0,0,0,0,0,0,0,-61.89,-26.38,0,0,0,0,0,0,0,0,0,0,0,0,0,0,0,0,0,0,0,0,0,0,0
101,2017,274,2020,11.97,0,0,0,0,0,0,0,-51.06,-26.37,0,0,0,0,0,0,0,0,0,0,0,0,0,0,0,0,0,0,0,0,0,0,0
101,2017,274,2030,11.97,0,0,0,0,0,0,0,-43.57,-26.34,0,0,0,0,0,0,0,0,0,0,0,0,0,0,0,0,0,0,0,0,0,0,0
101,2017,274,2040,11.97,0,0,0,0,0,0,0,-38.71,-26.35,0,0,0,0,0,0,0,0,0,0,0,0,0,0,0,0,0,0,0,0,0,0,0
101,2017,274,2050,11.97,0,0,0,0,0,0,0,-34.56,-26.39,0,0,0,0,0,0,0,0,0,0,0,0,0,0,0,0,0,0,0,0,0,0,0
101,2017,274,2100,11.97,0,0,0,0,0,0,0,-29.14,-26.46,0,0,0,0,0,0,0,0,0,0,0,0,0,0,0,0,0,0,0,0,0,0,0
101,2017,274,2110,11.97,0,0,0,0,0,0,0,-29.18,-26.48,0,0,0,0,0,0,0,0,0,0,0,0,0,0,0,0,0,0,0,0,0,0,0
101,2017,274,2120,11.97,0,0,0,0,0,0,0,-18.38,-26.42,0,0,0,0,0,0,0,0,0,0,0,0,0,0,0,0,0,0,0,0,0,0,0
101,2017,274,2130,11.97,0,0,0,0,0,0,0,-9.23,-26.37,0,0,0,0,0,0,0,0,0,0,0,0,0,0,0,0,0,0,0,0,0,0,0
101,2017,274,2140,11.97,0,0,0,0,0,0,0,6.059,-26.35,0,0,0,0,0,0,0,0,0,0,0,0,0,0,0,0,0,0,0,0,0,0,0
101,2017,274,2150,11.97,0,0,0,0,0,0,0,11.04,-26.4,0,0,0,0,0,0,0,0,0,0,0,0,0,0,0,0,0,0,0,0,0,0,0
101,2017,274,2200,11.96,0,0,0,0,0,0,0,14.32,-26.44,0,0,0,0,0,0,0,0,0,0,0,0,0,0,0,0,0,0,0,0,0,0,0
101,2017,274,2210,11.96,0,0,0,0,0,0,0,18.88,-26.46,0,0,0,0,0,0,0,0,0,0,0,0,0,0,0,0,0,0,0,0,0,0,0
101,2017,274,2220,11.96,0,0,0,0,0,0,0,19.3,-26.52,0,0,0,0,0,0,0,0,0,0,0,0,0,0,0,0,0,0,0,0,0,0,0
101,2017,274,2230,11.96,0,0,0,0,0,0,0,18.97,-26.5,0,0,0,0,0,0,0,0,0,0,0,0,0,0,0,0,0,0,0,0,0,0,0
101,2017,274,2240,11.96,0,0,0,0,0,0,0,18.25,-26.52,0,0,0,0,0,0,0,0,0,0,0,0,0,0,0,0,0,0,0,0,0,0,0
101,2017,274,2250,11.96,0,0,0,0,0,0,0,21.71,-26.53,0,0,0,0,0,0,0,0,0,0,0,0,0,0,0,0,0,0,0,0,0,0,0
101,2017,274,2300,11.96,0,0,0,0,0,0,0,30.66,-26.48,0,0,0,0,0,0,0,0,0,0,0,0,0,0,0,0,0,0,0,0,0,0,0
101,2017,274,2310,11.96,0,0,0,0,0,0,0,39.56,-26.42,0,0,0,0,0,0,0,0,0,0,0,0,0,0,0,0,0,0,0,0,0,0,0
101,2017,274,2320,11.96,0,0,0,0,0,0,0,36.58,-26.33,0,0,0,0,0,0,0,0,0,0,0,0,0,0,0,0,0,0,0,0,0,0,0
101,2017,274,2330,11.96,0,0,0,0,0,0,0,31.92,-26.43,0,0,0,0,0,0,0,0,0,0,0,0,0,0,0,0,0,0,0,0,0,0,0
101,2017,274,2340,11.96,0,0,0,0,0,0,0,33.9,-26.45,0,0,0,0,0,0,0,0,0,0,0,0,0,0,0,0,0,0,0,0,0,0,0
101,2017,274,2350,11.96,0,0,0,0,0,0,0,39.44,-26.45,0,0,0,0,0,0,0,0,0,0,0,0,0,0,0,0,0,0,0,0,0,0,0
101,2017,274,2400,11.96,0,0,0,0,0,0,0,46.94,-26.41,0,0,0,0,0,0,0,0,0,0,0,0,0,0,0,0,0,0,0,0,0,0,0
101,2017,275,10,11.96,0,0,0,0,0,0,0,49.58,-26.44,0,0,0,0,0,0,0,0,0,0,0,0,0,0,0,0,0,0,0,0,0,0,0
101,2017,275,20,11.96,0,0,0,0,0,0,0,50.87,-26.37,0,0,0,0,0,0,0,0,0,0,0,0,0,0,0,0,0,0,0,0,0,0,0
101,2017,275,30,11.96,0,0,0,0,0,0,0,47.74,-26.3,0,0,0,0,0,0,0,0,0,0,0,0,0,0,0,0,0,0,0,0,0,0,0
101,2017,275,40,11.96,0,0,0,0,0,0,0,51.64,-26.25,0,0,0,0,0,0,0,0,0,0,0,0,0,0,0,0,0,0,0,0,0,0,0
101,2017,275,50,11.96,0,0,0,0,0,0,0,50.48,-26.22,0,0,0,0,0,0,0,0,0,0,0,0,0,0,0,0,0,0,0,0,0,0,0
101,2017,275,100,11.96,0,0,0,0,0,0,0,48.11,-26.2,0,0,0,0,0,0,0,0,0,0,0,0,0,0,0,0,0,0,0,0,0,0,0
101,2017,275,110,11.96,0,0,0,0,0,0,0,44.81,-26.16,0,0,0,0,0,0,0,0,0,0,0,0,0,0,0,0,0,0,0,0,0,0,0
101,2017,275,120,11.96,0,0,0,0,0,0,0,43.94,-26.09,0,0,0,0,0,0,0,0,0,0,0,0,0,0,0,0,0,0,0,0,0,0,0
101,2017,275,130,11.96,0,0,0,0,0,0,0,45.99,-26.08,0,0,0,0,0,0,0,0,0,0,0,0,0,0,0,0,0,0,0,0,0,0,0
101,2017,275,140,11.96,0,0,0,0,0,0,0,50.31,-26.06,0,0,0,0,0,0,0,0,0,0,0,0,0,0,0,0,0,0,0,0,0,0,0
101,2017,275,150,11.96,0,0,0,0,0,0,0,51.69,-26,0,0,0,0,0,0,0,0,0,0,0,0,0,0,0,0,0,0,0,0,0,0,0
101,2017,275,200,11.96,0,0,0,0,0,0,0,50.77,-25.95,0,0,0,0,0,0,0,0,0,0,0,0,0,0,0,0,0,0,0,0,0,0,0
101,2017,275,210,11.96,0,0,0,0,0,0,0,53.89,-25.88,0,0,0,0,0,0,0,0,0,0,0,0,0,0,0,0,0,0,0,0,0,0,0
101,2017,275,220,11.96,0,0,0,0,0,0,0,54.12,-25.83,0,0,0,0,0,0,0,0,0,0,0,0,0,0,0,0,0,0,0,0,0,0,0
101,2017,275,230,11.96,0,0,0,0,0,0,0,51.88,-25.81,0,0,0,0,0,0,0,0,0,0,0,0,0,0,0,0,0,0,0,0,0,0,0
101,2017,275,240,11.96,0,0,0,0,0,0,0,46.76,-25.75,0,0,0,0,0,0,0,0,0,0,0,0,0,0,0,0,0,0,0,0,0,0,0
101,2017,275,250,11.96,0,0,0,0,0,0,0,39.7,-25.71,0,0,0,0,0,0,0,0,0,0,0,0,0,0,0,0,0,0,0,0,0,0,0
101,2017,275,300,11.96,0,0,0,0,0,0,0,42.12,-25.56,0,0,0,0,0,0,0,0,0,0,0,0,0,0,0,0,0,0,0,0,0,0,0
101,2017,275,310,11.96,0,0,0,0,0,0,0,55.9,-25.45,0,0,0,0,0,0,0,0,0,0,0,0,0,0,0,0,0,0,0,0,0,0,0
101,2017,275,320,11.96,0,0,0,0,0,0,0,57.46,-25.48,0,0,0,0,0,0,0,0,0,0,0,0,0,0,0,0,0,0,0,0,0,0,0
101,2017,275,330,11.96,0,0,0,0,0,0,0,61.39,-25.44,0,0,0,0,0,0,0,0,0,0,0,0,0,0,0,0,0,0,0,0,0,0,0
101,2017,275,340,11.96,0,0,0,0,0,0,0,60.19,-25.45,0,0,0,0,0,0,0,0,0,0,0,0,0,0,0,0,0,0,0,0,0,0,0
101,2017,275,350,11.96,0,0,0,0,0,0,0,60.78,-25.42,0,0,0,0,0,0,0,0,0,0,0,0,0,0,0,0,0,0,0,0,0,0,0
101,2017,275,400,11.96,0,0,0,0,0,0,0,57.48,-25.42,0,0,0,0,0,0,0,0,0,0,0,0,0,0,0,0,0,0,0,0,0,0,0
101,2017,275,410,11.96,0,0,0,0,0,0,0,57.76,-25.4,0,0,0,0,0,0,0,0,0,0,0,0,0,0,0,0,0,0,0,0,0,0,0
101,2017,275,420,11.96,0,0,0,0,0,0,0,57.41,-25.36,0,0,0,0,0,0,0,0,0,0,0,0,0,0,0,0,0,0,0,0,0,0,0
101,2017,275,430,11.95,0,0,0,0,0,0,0,58.34,-25.43,0,0,0,0,0,0,0,0,0,0,0,0,0,0,0,0,0,0,0,0,0,0,0
101,2017,275,440,11.96,0,0,0,0,0,0,0,55.57,-25.36,0,0,0,0,0,0,0,0,0,0,0,0,0,0,0,0,0,0,0,0,0,0,0
101,2017,275,450,11.95,0,0,0,0,0,0,0,56.92,-25.31,0,0,0,0,0,0,0,0,0,0,0,0,0,0,0,0,0,0,0,0,0,0,0
101,2017,275,500,11.96,0,0,0,0,0,0,0,56.25,-25.27,0,0,0,0,0,0,0,0,0,0,0,0,0,0,0,0,0,0,0,0,0,0,0
101,2017,275,510,11.96,0,0,0,0,0,0,0,57.09,-25.24,0,0,0,0,0,0,0,0,0,0,0,0,0,0,0,0,0,0,0,0,0,0,0
101,2017,275,520,11.95,0,0,0,0,0,0,0,57.65,-25.14,0,0,0,0,0,0,0,0,0,0,0,0,0,0,0,0,0,0,0,0,0,0,0
101,2017,275,530,11.95,0,0,0,0,0,0,0,57.92,-25.12,0,0,0,0,0,0,0,0,0,0,0,0,0,0,0,0,0,0,0,0,0,0,0
101,2017,275,540,11.95,0,0,0,0,0,0,0,58.73,-25.14,0,0,0,0,0,0,0,0,0,0,0,0,0,0,0,0,0,0,0,0,0,0,0
101,2017,275,550,11.95,0,0,0,.005,0,0,0,59.46,-25.13,0,.034,0,0,0,.022,.023,.002,.02,.007,0,.01,0,0,.017,0,0,.002,0,0,0,0,0
101,2017,275,600,11.95,.034,.013,.008,.057,.027,.02,.013,60.19,-25.04,.018,.275,.02,.032,.022,.203,.216,.057,.203,.057,.013,.07,.023,.023,.164,.022,.023,.055,0,.013,.022,.002,.005
101,2017,275,610,11.95,.126,.052,.037,.235,.116,.072,.047,59.19,-25.04,.06,1.098,.069,.119,.091,.846,.898,.221,.809,.22,.059,.293,.08,.089,.702,.085,.077,.221,.034,.04,.087,.034,.034
101,2017,275,620,11.95,.29,.126,.082,.515,.263,.174,.104,60.22,-25.05,.137,2.569,.156,.277,.208,1.999,2.117,.484,1.889,.476,.139,.644,.191,.198,1.664,.188,.186,.476,.05,.091,.203,.049,.082
101,2017,275,630,11.95,.454,.213,.131,.861,.422,.288,.166,59.36,-25.01,.225,4.314,.256,.432,.347,3.29,3.499,.821,3.146,.784,.226,1.086,.323,.337,2.75,.31,.298,.766,.094,.153,.334,.091,.122
101,2017,275,640,11.95,.608,.283,.179,1.182,.551,.401,.225,55.88,-24.97,.305,5.858,.34,.572,.494,4.604,4.907,4.285,4.255,1.076,.298,1.492,.453,.471,3.714,.414,.409,1.026,.121,.196,.437,.117,.171
101,2017,275,650,11.95,.754,.354,.22,1.463,.689,.473,.285,63.71,-24.86,.379,7.37,.414,.706,.652,6.702,5.854,11.57,5.42,1.339,.37,1.904,.739,.711,4.569,.511,.491,1.254,.158,.238,.513,.156,.215
101,2017,275,700,11.95,.895,.411,.256,1.723,.825,.588,.342,66.8,-24.78,.441,8.5,.449,.826,.873,9.91,6.766,13.02,13.13,1.594,.432,4.046,1.242,1.011,5.546,.6,.597,1.505,.174,.287,.608,.181,.253
101,2017,275,710,11.95,1.019,.442,.322,1.989,.996,.741,.407,66.52,-24.65,.525,42.83,.764,1.041,.903,11,7.52,3.479,38.06,8.22,.494,9.53,3.334,1.413,8.68,.716,.749,1.699,.221,.339,.68,.211,.317
101,2017,275,720,11.95,1.153,.486,.411,2.259,1.212,.918,.483,69.45,-24.51,.664,64.2,1.683,1.579,.999,11.35,8.51,3.256,45.27,30.75,.561,4.646,5.68,3.972,6.556,.749,1.205,1.865,.263,.401,.758,.245,.389
101,2017,275,730,11.95,1.277,.55,.486,2.569,1.43,1.109,1.175,64.77,-24.13,.793,71.3,12.62,4.55,1.086,11.12,8.73,3.969,51.62,4.497,.62,4.669,8.9,7.93,6.977,.825,1.172,2.004,.3,.436,.816,.282,.436
101,2017,275,740,11.95,1.42,.612,.58,2.874,1.716,1.847,1.756,55.1,-23.86,.912,77.4,15.54,3.98,1.177,10.96,9.29,23.66,57.66,3.122,.667,7.88,3.119,8.47,7.23,.898,1.084,2.139,.342,.459,.883,.313,.525
101,2017,275,750,11.96,1.594,.69,.682,3.322,2.15,9.76,.67,46.79,-23.52,1.036,82.8,11.08,2.142,1.262,11.24,9.86,45.83,63.11,3.404,.732,23.36,2.494,3.994,7.37,1.019,1.163,2.263,.369,.503,.944,.337,.506
101,2017,275,800,11.96,1.768,.776,.818,6.22,2.576,20.56,.675,4.141,-22.83,1.156,88.5,7.64,2.378,1.346,11.66,10.75,51.9,68.92,3.739,.776,42.41,4.423,2.879,7.73,1.017,1.2,2.383,.396,.568,1.006,.369,1.245
101,2017,275,810,11.96,1.931,.89,.93,47.76,2.794,19.09,.706,-20.84,-22.04,1.282,93.5,1.777,23.57,1.42,13.04,31.16,57.39,74.3,20.52,.875,48.17,2.187,2.038,8.12,1.064,1.817,2.482,.402,.778,1.047,.401,13.39
101,2017,275,820,11.96,2.113,1.104,1.074,58.84,2.995,3.772,1.321,-26.87,-21.43,3.147,98.2,1.419,3.397,1.476,16.27,38.49,62.83,79.5,55.87,.865,38.98,2.142,4.756,8.55,1.116,1.364,2.576,.414,.623,1.094,.436,.57
101,2017,275,830,11.96,2.43,1.434,1.181,61.29,3.375,3.72,4.648,-28.76,-20.77,3.45,102.5,1.439,17.02,1.555,20.94,44.64,67.96,84.4,69.41,.885,25.43,2.079,17.2,9.47,1.181,5.812,2.683,.436,.704,1.133,.452,.612
101,2017,275,840,11.96,4.001,46.06,1.278,62.25,9.77,3.862,5.631,-33.93,-19.85,11.78,106.3,1.446,26.83,1.657,25.84,51.02,73.1,89.1,48.88,.938,12.9,2.083,17.42,9.59,1.25,4.003,2.791,.436,.705,1.176,.437,1.322
101,2017,275,850,11.96,5.125,35.06,1.461,61.69,28.4,3.766,9.12,-40.71,-17.83,43.34,110.5,3.822,9.15,1.791,31.01,57.53,77.5,93.8,5.819,1.01,12.05,2.232,9.05,10.37,1.486,2.61,2.967,.471,.767,1.238,.469,.638
101,2017,275,900,11.96,3.135,10.81,1.627,58.77,25.89,3.758,.915,-40.54,-18.62,31.14,113.5,8.11,3.183,5.217,35.86,62.98,81.1,97.6,5.696,1.071,6.906,2.419,45.63,11.36,1.55,4.014,3.074,.491,.967,1.293,.471,.955
101,2017,275,910,11.96,3.153,52.25,1.54,54.97,56.96,8.73,.905,-39.66,-16.28,30.3,115.3,4.46,2.893,2.036,39.98,67.26,85.1,100.3,11.1,1.106,6.464,2.136,63.61,12.22,1.63,2.16,3.156,.576,1.191,1.345,.491,1.613
101,2017,275,920,11.97,3.252,8.89,1.694,49.44,69.9,41.64,.935,-20.43,-15.36,1.779,117.7,1.724,2.756,1.897,45.1,72,88.7,103.6,5.098,1.144,8.26,2.123,14.23,14.64,7.12,2.217,3.249,.536,4.147,10.21,.509,.833
101,2017,275,930,11.97,3.523,2.779,1.595,43.49,48.76,38.33,2.719,-23.82,-16.18,11.01,121.3,1.722,2.868,2.009,50.72,77.2,75.2,108.1,5.262,1.223,18.52,2.268,2.459,17.92,1.565,2.57,3.416,.548,1.004,3.733,.543,.891
101,2017,275,940,11.97,3.688,59.55,1.525,36.93,3.87,5.782,1.002,-45.81,-19.17,12.93,122.9,1.736,6.505,2.044,55.68,81.2,11.21,110.7,6.242,1.285,15.54,2.133,3.817,22.34,1.644,82.9,3.557,.56,8.73,2.483,.575,3.083
101,2017,275,950,11.97,8.42,49.72,1.59,30.33,3.855,2.231,1.039,-50.66,-18.65,6.592,124.3,1.793,20.6,2.116,60.66,85.2,24.06,113.3,9.67,1.335,22.41,2.044,2.215,26.74,1.69,107,3.85,.536,1.215,1.548,.58,1.236
101,2017,275,1000,11.97,7.31,16.99,1.658,24.42,3.293,2.107,1.08,-57.67,-18.12,2.201,126.1,1.89,37.47,2.303,66.04,89.2,48.24,116.2,14.68,1.454,49.62,2.044,2.25,30.91,1.9,19.9,3.888,.536,4.093,2.762,.583,9.37
101,2017,275,1010,11.97,37.14,71.6,2.111,19.7,3.156,2.159,1.147,-59.65,-16.89,17.63,127.6,1.958,22.26,12.78,71.7,92.7,26.71,118.6,75.5,1.652,56.2,2.077,2.355,34.93,5.435,2.395,4.132,.538,39.63,8.29,.618,40.04
101,2017,275,1020,11.97,99.7,76.9,10.21,16.06,3.141,2.097,1.198,-62.11,-14.82,21.99,128.9,1.943,2.554,11.48,77.7,96.5,58.66,121.1,17.91,1.787,22.92,2.062,2.474,39.09,19.65,2.323,4.434,.569,13.77,1.842,.636,9.88
101,2017,275,1030,11.97,102.5,101,15.48,13.14,3.013,1.995,1.244,-63.39,-15.16,13.24,129.3,2.033,2.412,5.263,82.8,99.5,106.6,122.8,6.231,2.055,7.47,2.027,2.316,43.11,2.382,2.276,4.611,.569,7.12,1.78,.705,1.144
101,2017,275,1040,11.97,101.9,102.2,2.913,12.62,3.042,2.028,1.271,-62.75,-17.31,20.84,129.9,2.179,2.408,2.506,87.6,102.4,108.7,124.6,6.668,2.651,11.23,2.764,2.472,47.03,2.563,2.281,4.867,.573,1.154,1.881,.663,1.4
101,2017,275,1050,11.97,45.85,85,1.764,14.94,2.79,1.953,1.323,-64.51,-25.23,8.44,129.7,2.043,2.358,2.673,91.6,104.9,110.5,126.1,6.224,4.338,18.06,40.86,2.882,51.05,2.537,2.258,4.963,.593,1.105,1.829,.663,1.273
101,2017,275,1100,11.98,13.96,5.932,1.739,21.58,2.872,2.099,1.467,-67.24,-26.27,5.939,129.4,2.144,2.363,4.05,95.7,107.8,77.3,128.1,35.47,48.95,9.57,2.7,2.487,55.12,2.747,7.81,5.395,.608,1.164,1.929,.682,1.469
101,2017,275,1110,11.97,17.64,2.609,1.75,31.01,2.983,2.161,9.33,-67.58,-24.82,15.02,126.6,2.288,2.387,2.686,99.4,110.1,6.475,129.2,7.88,54.03,6.505,2.457,2.584,58.81,3.633,4.671,10.16,.638,1.191,2.065,.703,1.388
101,2017,275,1120,11.98,21.02,2.702,2.36,41.9,3.127,2.36,1.553,-65.81,-24.68,2.986,123.4,2.482,2.554,2.869,103.5,113.2,5.922,131.2,8.75,56.88,6.715,2.296,8.93,62.75,4.423,2.678,9.64,.653,1.246,2.234,.742,1.397
101,2017,275,1130,11.98,10.98,3.504,3.986,53.02,3.884,3.085,1.643,-62.18,-23.79,3.331,119.6,3.08,2.981,3.331,106.2,114.6,7.59,132.3,29.83,66.52,7.74,2.601,4.214,64.61,3.929,3.39,39.39,.707,1.452,5.349,.764,1.499
101,2017,275,1140,11.98,8.1,6.085,2.437,56.39,3.383,3.104,1.975,-61.5,-23.61,2.604,107.6,3.571,3.018,3.876,104.6,111.1,7.75,126.6,40.64,38.53,7.03,2.576,15.41,65.33,3.241,3.884,13.37,.734,1.596,4.676,.899,1.569
101,2017,275,1150,11.98,8.05,24.82,1.842,72.9,3.194,2.785,4.837,-61.1,-22.85,2.293,106.3,3.425,3.001,14.62,115.5,121.8,6.308,135.3,31.51,10.08,6.835,2.358,34.96,73.8,3.09,3.604,12.48,.789,1.516,4.331,.814,1.775
101,2017,275,1200,11.98,4.477,3.189,1.494,25.62,2.625,4.864,1.628,-68.77,-23.01,1.985,97.2,3.189,2.598,40.04,114.1,118.9,5.666,130.5,39.26,4.221,6.148,19.7,25.34,74.5,2.616,4.777,30.89,.759,1.395,3.475,1.452,1.538
101,2017,275,1210,11.98,4.078,2.216,1.476,6.373,2.77,18.94,1.672,-61.51,-22.26,1.976,93,5.686,2.596,23.54,116.4,120.2,5.75,129.9,67.78,14.78,6.024,5.061,3.023,76.7,2.758,6.401,104.9,.791,3.36,3.78,.832,1.651
101,2017,275,1220,11.98,11.01,2.44,1.442,5.813,7.84,14.25,1.693,-62.75,-21.64,1.97,89.5,13.07,2.653,11.06,117.9,121.1,5.587,129.3,40.96,2.882,5.823,11.63,3.167,79.1,2.685,74.6,108,.816,1.733,3.378,.775,1.713
101,2017,275,1230,11.98,6.403,3.067,1.424,5.639,2.681,2.362,1.589,-69.97,-21.74,1.968,87.7,3.663,2.693,9.04,119.4,121.4,5.425,127.7,10.05,2.851,5.927,2.233,3.087,80.8,2.641,94.4,109,1.226,1.522,3.603,.792,1.904
101,2017,275,1240,11.98,27.62,2.809,4.375,7.48,3.45,2.834,1.633,-69.78,-20.89,2.305,82.3,5.06,3.098,5.339,110.7,111,5.989,116,12.84,3.428,6.582,2.218,3.794,74.9,3.438,58.68,96.6,.953,1.762,3.976,.797,2.219
101,2017,275,1250,11.98,5.319,1.782,18.91,5.13,3.474,2.362,1.477,-70.5,-21.13,2.167,83.4,4.293,3.06,4.182,121.7,121.2,4.797,123.8,9.16,5.966,5.499,2.092,4.798,83.8,2.825,35.11,111.3,.943,1.621,3.767,.834,2.042
101,2017,275,1300,11.98,5.939,1.715,17.29,4.613,2.393,2.318,1.41,-71.1,-21.27,1.864,81.5,6.246,4.321,3.847,123.5,121.8,4.569,122.6,7.9,3.227,9.83,17.1,4.127,86,2.68,65.53,113.1,.953,1.606,4.011,.888,3.209
101,2017,275,1310,11.98,4.857,1.506,1.311,4.33,2.35,2.137,1.454,-72.3,-21.92,1.906,77.7,36.88,2.762,4.05,124.3,120.8,4.465,119.7,6.905,3.098,5.17,4.403,3.003,86.9,2.675,75.4,113.2,2.581,1.672,4.051,.901,18.82
101,2017,275,1320,11.98,24.8,1.482,1.357,4.661,2.437,2.164,1.455,-72.3,-21.31,1.906,75.2,43.64,20.89,4.252,124.7,120.9,4.348,118.2,7.23,3.127,4.926,2.052,3.107,88,2.748,55.77,113.8,1,1.695,4.239,.955,64.69
101,2017,275,1330,11.98,10.39,1.368,1.487,4.051,2.345,2.43,1.504,-71.1,-21.6,1.934,71.6,53.39,6.267,4.77,125.9,120.8,4.196,115.9,6.663,3.363,4.715,1.829,3.42,89.3,2.735,48.92,114.2,1.053,1.797,4.304,.988,13.46
101,2017,275,1340,11.99,2.658,1.273,4.393,4.112,2.338,2.375,1.548,-72.6,-21.35,1.983,68.31,27.35,19.11,5.125,126.8,120.9,4.015,113.9,6.302,3.524,4.68,1.864,3.274,90.5,2.854,41.29,114.2,1.065,1.779,4.961,1.035,2.507
101,2017,275,1350,11.98,2.385,1.243,28.74,3.894,2.382,2.519,1.653,-72.5,-20.52,3.1,67.05,46.6,10.14,23.19,129.6,122,4.055,112.8,6.524,4.254,18.05,1.938,3.5,92.6,7.61,16.55,113.7,1.105,1.847,5.212,4.296,2.601
101,2017,275,1400,11.98,2.266,1.147,38.12,3.839,2.405,2.331,1.673,-73,-20.02,5.527,63.74,24.61,44.56,58.29,128.3,119.9,4.02,108.9,8.16,4.04,29.78,1.909,35.06,92.5,3.459,15.24,111.9,1.069,1.881,5.827,1.308,3.053
101,2017,275,1410,11.98,2.204,1.109,2.244,3.77,2.445,2.383,1.794,-73.5,-21.01,2.129,60.75,6.637,42.58,80.9,126.2,117.2,3.892,105,6.413,3.599,47.43,1.824,99.1,91.7,12.92,4.021,110,1.104,1.919,12.15,1.236,5.909
101,2017,275,1420,11.99,2.14,1.015,1.469,3.668,2.527,2.846,2.038,-74.6,-21.15,2.484,49.88,5.035,14.22,60.41,101.5,92.9,3.613,82.4,6.217,3.298,7.66,1.683,24.98,74.1,3.067,3.504,80,1.015,1.816,25.05,1.672,27.17
101,2017,275,1430,11.99,2.012,.998,1.414,3.651,11.09,2.519,3.646,-75.3,-20.53,2.13,54.58,4.536,15.95,45.78,122.5,111.9,3.777,97.2,6.42,3.743,5.433,1.762,3.454,90.2,2.953,3.531,104.7,1.12,1.936,35.33,1.219,74.3
101,2017,275,1440,11.99,2.474,1.144,1.727,4.144,3.055,2.926,2.425,-77.2,-20.74,14.79,48.58,5.221,12.36,8.18,107.1,96.3,4.333,83.3,7.31,4.445,5.14,1.976,7.23,79.4,3.422,3.765,84.7,1.321,2.259,30.7,1.244,14.18
101,2017,275,1450,11.99,3.32,1.28,1.804,5.716,3.594,2.77,2.291,-78.6,-20.44,2.938,32.61,4.998,4.241,8.51,54.54,48.83,5.291,42.53,7.95,4.52,5.969,2.444,4.366,41.24,3.459,3.747,24.49,1.193,2.112,8.56,.985,5.02
101,2017,275,1500,11.99,3.025,1.144,1.603,5.671,4.155,2.614,2.584,-78.4,-19.96,2.564,30.35,3.923,4.048,6.442,50.15,46.56,4.931,36.6,7.6,3.832,6.525,2.4,4.37,40.11,3.586,3.527,19.93,1.196,2.073,7.17,1.082,3.028
101,2017,275,1510,11.99,2.99,1.306,1.521,5.896,4.167,3.033,2.35,-74.9,-19.38,2.591,31.39,4.234,4.05,7.16,49.21,45.74,4.966,36.37,7.83,3.572,7.16,2.655,4.388,39.43,3.514,3.624,19.32,1.176,1.996,7.08,1.142,3.15
101,2017,275,1520,11.99,3.15,1.62,1.903,6.048,4.576,3.164,3.48,-76.3,-18.9,2.929,37.28,5.21,4.725,13.09,73.8,68.37,5.266,54.67,8.66,4.236,7.34,10.58,7.73,58.16,4.145,3.926,22.62,1.397,2.229,20.06,1.231,4.102
101,2017,275,1530,11.98,3.789,1.625,1.593,6.637,4.04,2.388,2.239,-77.3,-19.74,2.328,29.22,3.067,3.616,5.227,42.68,41.57,5.293,32.64,7.45,3.092,6.771,2.323,3.554,34.64,3.341,3.284,15.87,1.022,1.707,6.262,1.03,2.129
101,2017,275,1540,11.98,2.879,1.353,1.268,5.324,3.117,2.04,1.452,-75.2,-19.81,1.852,25.53,2.552,2.785,3.661,32.32,30.94,4.494,26.2,6.766,2.484,5.571,1.812,2.596,25.42,2.713,2.837,11.57,.77,1.347,3.76,.729,1.414
101,2017,275,1550,11.98,3.11,1.407,1.348,5.609,3.181,2.207,2.325,-73.5,-19.09,2.164,28.12,3.06,2.904,4.891,46.32,42,4.986,35.23,7.36,12.78,5.567,1.934,2.956,35.36,2.941,2.934,12.48,.822,1.45,9.75,.754,1.968
101,2017,275,1600,11.98,3.43,1.487,2.333,5.957,3.392,2.417,2.29,-72.3,-19.44,2.67,29.14,3.631,3.598,5.666,55.13,49.92,5.138,40.38,7.33,13.69,5.778,2.201,3.593,42.87,3.271,3.129,17.3,1.067,1.774,12.07,.858,2.954
101,2017,275,1610,11.98,3.062,1.198,1.191,5.231,3.015,1.916,1.829,-75,-20.33,1.97,22.64,2.467,3.035,4.242,32.78,31.18,4.266,26.16,5.14,2.593,5.046,1.805,2.815,26.5,2.546,2.437,13.19,.809,1.358,5.003,.75,2.117
101,2017,275,1620,11.97,3.067,1.126,1.075,5.571,2.959,1.811,1.538,-74.3,-20.58,1.69,21.33,2.184,2.71,3.579,29.21,28.4,4.271,23.05,5.105,2.038,5.221,1.697,2.516,24.1,2.286,2.211,10.78,.673,1.191,3.929,.673,1.596
101,2017,275,1630,11.97,2.889,1.152,1.06,5.127,2.827,1.727,1.526,-71.4,-20.49,1.678,20.68,2.171,2.628,3.425,30.85,29.59,4.095,22.76,5.231,2.119,5.033,1.702,2.568,25.36,2.387,2.213,11.09,.668,1.188,3.675,.658,1.648
101,2017,275,1640,11.97,2.285,.913,.849,4.211,2.466,1.446,1.196,-72.2,-20.62,1.417,17.14,1.591,2.251,2.74,28.53,27.62,3.34,18.05,4.097,1.693,4.536,1.518,2.121,24.08,2.112,1.871,7.99,.553,.913,2.861,.637,1.194
101,2017,275,1650,11.97,1.637,.67,.59,2.866,1.683,1.017,.717,-71.1,-20.89,.943,12.58,1.015,1.544,1.737,16.77,16.82,2.362,12.56,2.866,1.147,3.38,1.022,1.343,14.41,1.364,1.256,4.761,.427,.623,1.968,.437,.635
101,2017,275,1700,11.97,1.186,.504,.471,2.191,1.387,.836,.761,-72.6,-20.9,.816,10.05,.886,1.298,1.596,14.29,14.27,1.856,10.6,2.278,1.132,2.722,.844,1.136,12.42,1.181,.987,4.186,.34,.506,1.915,.367,.628
101,2017,275,1710,11.97,.977,.436,.402,1.928,1.184,.665,.616,-70.8,-20.93,.632,8.58,.744,1.079,1.384,11.42,11.44,1.56,8.76,1.989,.776,2.329,.712,1.032,10.09,.963,.804,4.465,.3,.461,1.553,.337,.623
101,2017,275,1720,11.97,.985,.432,.375,1.821,1.057,.63,.509,-67.72,-20.94,.556,7.82,.655,.903,1.174,9.88,10.16,1.401,7.75,1.853,.571,2.019,.628,.846,8.64,.868,.767,3.327,.24,.412,1.297,.333,.415
101,2017,275,1730,11.97,.828,.357,.312,1.568,.848,.471,.399,-67.89,-20.89,.461,6.227,.462,.687,.843,7.64,8.05,1.21,6.095,1.391,.476,1.711,.556,.613,6.929,.682,.612,2.077,.184,.327,.854,.198,.313
101,2017,275,1740,11.97,.591,.231,.213,1.245,.663,.372,.298,-67.39,-20.94,.347,4.617,.359,.493,.628,5.591,5.956,.955,4.277,1.029,.33,1.382,.432,.474,5.373,.514,.444,1.449,.136,.228,.623,.193,.194
101,2017,275,1750,11.96,.426,.191,.151,.848,.491,.293,.23,-68.05,-21.1,.25,3.548,.303,.382,.459,4.172,4.307,.655,3.249,.863,.268,.98,.3,.395,3.868,.431,.352,1.201,.094,.164,.483,.149,.161
101,2017,275,1800,11.96,.347,.141,.121,.633,.365,.233,.161,-67.68,-21.14,.189,2.816,.26,.285,.352,3.073,3.032,.536,2.597,.69,.223,.667,.225,.303,2.605,.318,.255,.972,.067,.127,.362,.102,.136
101,2017,275,1810,11.96,.256,.101,.082,.447,.235,.159,.092,-65.15,-21.23,.131,1.93,.171,.221,.223,1.98,1.974,.397,1.776,.464,.147,.436,.141,.191,1.597,.186,.183,.627,.047,.09,.225,.049,.089
101,2017,275,1820,11.96,.121,.05,.04,.218,.107,.069,.047,-63.18,-21.31,.057,.828,.07,.109,.104,.875,.905,.181,.756,.204,.057,.211,.064,.087,.727,.079,.082,.281,.025,.045,.104,.03,.042
101,2017,275,1830,11.96,.032,.005,.002,.059,.028,.013,.003,-60.7,-21.43,.013,.213,.015,.027,.02,.223,.24,.047,.188,.052,.01,.055,.013,.02,.193,.023,.017,.067,0,.005,.023,0,.002
101,2017,275,1840,11.96,0,0,0,.003,0,0,0,-65.51,-21.51,0,.025,0,0,0,.028,.032,0,.022,0,0,.005,0,0,.03,0,0,.005,0,0,0,0,0
101,2017,275,1850,11.96,0,0,0,0,0,0,0,-70,-21.67,0,0,0,0,0,0,0,0,0,0,0,0,0,0,0,0,0,0,0,0,0,0,0
101,2017,275,1900,11.96,0,0,0,0,0,0,0,-75.2,-21.8,0,0,0,0,0,0,0,0,0,0,0,0,0,0,0,0,0,0,0,0,0,0,0
101,2017,275,1910,11.96,0,0,0,0,0,0,0,-81.9,-21.88,0,0,0,0,0,0,0,0,0,0,0,0,0,0,0,0,0,0,0,0,0,0,0
101,2017,275,1920,11.96,0,0,0,0,0,0,0,-81.9,-21.81,0,0,0,0,0,0,0,0,0,0,0,0,0,0,0,0,0,0,0,0,0,0,0
101,2017,275,1930,11.96,0,0,0,0,0,0,0,-74,-21.77,0,0,0,0,0,0,0,0,0,0,0,0,0,0,0,0,0,0,0,0,0,0,0
101,2017,275,1940,11.96,0,0,0,0,0,0,0,-71.4,-22.04,0,0,0,0,0,0,0,0,0,0,0,0,0,0,0,0,0,0,0,0,0,0,0
101,2017,275,1950,11.96,0,0,0,0,0,0,0,-66.91,-22.09,0,0,0,0,0,0,0,0,0,0,0,0,0,0,0,0,0,0,0,0,0,0,0
101,2017,275,2000,11.96,0,0,0,0,0,0,0,-66.46,-22.13,0,0,0,0,0,0,0,0,0,0,0,0,0,0,0,0,0,0,0,0,0,0,0
101,2017,275,2010,11.96,0,0,0,0,0,0,0,-63.96,-22.05,0,0,0,0,0,0,0,0,0,0,0,0,0,0,0,0,0,0,0,0,0,0,0
101,2017,275,2020,11.96,0,0,0,0,0,0,0,-58.09,-21.95,0,0,0,0,0,0,0,0,0,0,0,0,0,0,0,0,0,0,0,0,0,0,0
101,2017,275,2030,11.96,0,0,0,0,0,0,0,-51.48,-21.84,0,0,0,0,0,0,0,0,0,0,0,0,0,0,0,0,0,0,0,0,0,0,0
101,2017,275,2040,11.96,0,0,0,0,0,0,0,-45.51,-21.98,0,0,0,0,0,0,0,0,0,0,0,0,0,0,0,0,0,0,0,0,0,0,0
101,2017,275,2050,11.95,0,0,0,0,0,0,0,-37.2,-22.09,0,0,0,0,0,0,0,0,0,0,0,0,0,0,0,0,0,0,0,0,0,0,0
101,2017,275,2100,11.95,0,0,0,0,0,0,0,-30.64,-22.18,0,0,0,0,0,0,0,0,0,0,0,0,0,0,0,0,0,0,0,0,0,0,0
101,2017,275,2110,11.95,0,0,0,0,0,0,0,-27.26,-22.36,0,0,0,0,0,0,0,0,0,0,0,0,0,0,0,0,0,0,0,0,0,0,0
101,2017,275,2120,11.95,0,0,0,0,0,0,0,-13.13,-22.39,0,0,0,0,0,0,0,0,0,0,0,0,0,0,0,0,0,0,0,0,0,0,0
101,2017,275,2130,11.95,0,0,0,0,0,0,0,-8,-22.47,0,0,0,0,0,0,0,0,0,0,0,0,0,0,0,0,0,0,0,0,0,0,0
101,2017,275,2140,11.95,0,0,0,0,0,0,0,-8.32,-22.62,0,0,0,0,0,0,0,0,0,0,0,0,0,0,0,0,0,0,0,0,0,0,0
101,2017,275,2150,11.95,0,0,0,0,0,0,0,1.74,-22.68,0,0,0,0,0,0,0,0,0,0,0,0,0,0,0,0,0,0,0,0,0,0,0
101,2017,275,2200,11.95,0,0,0,0,0,0,0,6.546,-22.64,0,0,0,0,0,0,0,0,0,0,0,0,0,0,0,0,0,0,0,0,0,0,0
101,2017,275,2210,11.95,0,0,0,0,0,0,0,17.21,-22.62,0,0,0,0,0,0,0,0,0,0,0,0,0,0,0,0,0,0,0,0,0,0,0
101,2017,275,2220,11.95,0,0,0,0,0,0,0,29.44,-22.73,0,0,0,0,0,0,0,0,0,0,0,0,0,0,0,0,0,0,0,0,0,0,0
101,2017,275,2230,11.95,0,0,0,0,0,0,0,31.13,-22.82,0,0,0,0,0,0,0,0,0,0,0,0,0,0,0,0,0,0,0,0,0,0,0
101,2017,275,2240,11.95,0,0,0,0,0,0,0,33.16,-22.96,0,0,0,0,0,0,0,0,0,0,0,0,0,0,0,0,0,0,0,0,0,0,0
101,2017,275,2250,11.95,0,0,0,0,0,0,0,33.25,-23.14,0,0,0,0,0,0,0,0,0,0,0,0,0,0,0,0,0,0,0,0,0,0,0
101,2017,275,2300,11.95,0,0,0,0,0,0,0,32.13,-23.09,0,0,0,0,0,0,0,0,0,0,0,0,0,0,0,0,0,0,0,0,0,0,0
101,2017,275,2310,11.94,0,0,0,0,0,0,0,33.52,-23.13,0,0,0,0,0,0,0,0,0,0,0,0,0,0,0,0,0,0,0,0,0,0,0
101,2017,275,2320,11.94,0,0,0,0,0,0,0,34.97,-23.13,0,0,0,0,0,0,0,0,0,0,0,0,0,0,0,0,0,0,0,0,0,0,0
101,2017,275,2330,11.94,0,0,0,0,0,0,0,39.3,-23.08,0,0,0,0,0,0,0,0,0,0,0,0,0,0,0,0,0,0,0,0,0,0,0
101,2017,275,2340,11.95,0,0,0,0,0,0,0,41.88,-23,0,0,0,0,0,0,0,0,0,0,0,0,0,0,0,0,0,0,0,0,0,0,0
101,2017,275,2350,11.94,0,0,0,0,0,0,0,42.21,-22.9,0,0,0,0,0,0,0,0,0,0,0,0,0,0,0,0,0,0,0,0,0,0,0
101,2017,275,2400,11.94,0,0,0,0,0,0,0,39.14,-22.94,0,0,0,0,0,0,0,0,0,0,0,0,0,0,0,0,0,0,0,0,0,0,0
101,2017,276,10,11.94,0,0,0,0,0,0,0,39.86,-22.87,0,0,0,0,0,0,0,0,0,0,0,0,0,0,0,0,0,0,0,0,0,0,0
101,2017,276,20,11.94,0,0,0,0,0,0,0,39.39,-22.93,0,0,0,0,0,0,0,0,0,0,0,0,0,0,0,0,0,0,0,0,0,0,0
101,2017,276,30,11.94,0,0,0,0,0,0,0,42.93,-22.98,0,0,0,0,0,0,0,0,0,0,0,0,0,0,0,0,0,0,0,0,0,0,0
101,2017,276,40,11.94,0,0,0,0,0,0,0,43.84,-23.22,0,0,0,0,0,0,0,0,0,0,0,0,0,0,0,0,0,0,0,0,0,0,0
101,2017,276,50,11.94,0,0,0,0,0,0,0,44.12,-23.3,0,0,0,0,0,0,0,0,0,0,0,0,0,0,0,0,0,0,0,0,0,0,0
101,2017,276,100,11.94,0,0,0,0,0,0,0,44.28,-23.34,0,0,0,0,0,0,0,0,0,0,0,0,0,0,0,0,0,0,0,0,0,0,0
101,2017,276,110,11.94,0,0,0,0,0,0,0,45,-23.34,0,0,0,0,0,0,0,0,0,0,0,0,0,0,0,0,0,0,0,0,0,0,0
101,2017,276,120,11.94,0,0,0,0,0,0,0,44.83,-23.37,0,0,0,0,0,0,0,0,0,0,0,0,0,0,0,0,0,0,0,0,0,0,0
101,2017,276,130,11.94,0,0,0,0,0,0,0,44.89,-23.21,0,0,0,0,0,0,0,0,0,0,0,0,0,0,0,0,0,0,0,0,0,0,0
101,2017,276,140,11.94,0,0,0,0,0,0,0,45.69,-23.16,0,0,0,0,0,0,0,0,0,0,0,0,0,0,0,0,0,0,0,0,0,0,0
101,2017,276,150,11.94,0,0,0,0,0,0,0,45.27,-23.06,0,0,0,0,0,0,0,0,0,0,0,0,0,0,0,0,0,0,0,0,0,0,0
101,2017,276,200,11.94,0,0,0,0,0,0,0,45.68,-22.98,0,0,0,0,0,0,0,0,0,0,0,0,0,0,0,0,0,0,0,0,0,0,0
101,2017,276,210,11.94,0,0,0,0,0,0,0,46.15,-22.93,0,0,0,0,0,0,0,0,0,0,0,0,0,0,0,0,0,0,0,0,0,0,0
101,2017,276,220,11.94,0,0,0,0,0,0,0,46.66,-22.83,0,0,0,0,0,0,0,0,0,0,0,0,0,0,0,0,0,0,0,0,0,0,0
101,2017,276,230,11.94,0,0,0,0,0,0,0,47.37,-22.88,0,0,0,0,0,0,0,0,0,0,0,0,0,0,0,0,0,0,0,0,0,0,0
101,2017,276,240,11.94,0,0,0,0,0,0,0,48.08,-22.9,0,0,0,0,0,0,0,0,0,0,0,0,0,0,0,0,0,0,0,0,0,0,0
101,2017,276,250,11.94,0,0,0,0,0,0,0,47.58,-22.92,0,0,0,0,0,0,0,0,0,0,0,0,0,0,0,0,0,0,0,0,0,0,0
101,2017,276,300,11.94,0,0,0,0,0,0,0,49.58,-22.9,0,0,0,0,0,0,0,0,0,0,0,0,0,0,0,0,0,0,0,0,0,0,0
101,2017,276,310,11.94,0,0,0,0,0,0,0,49.8,-22.94,0,0,0,0,0,0,0,0,0,0,0,0,0,0,0,0,0,0,0,0,0,0,0
101,2017,276,320,11.94,0,0,0,0,0,0,0,49.95,-22.9,0,0,0,0,0,0,0,0,0,0,0,0,0,0,0,0,0,0,0,0,0,0,0
101,2017,276,330,11.94,0,0,0,0,0,0,0,50.58,-22.88,0,0,0,0,0,0,0,0,0,0,0,0,0,0,0,0,0,0,0,0,0,0,0
101,2017,276,340,11.94,0,0,0,0,0,0,0,51.58,-22.87,0,0,0,0,0,0,0,0,0,0,0,0,0,0,0,0,0,0,0,0,0,0,0
101,2017,276,350,11.94,0,0,0,0,0,0,0,50.75,-22.86,0,0,0,0,0,0,0,0,0,0,0,0,0,0,0,0,0,0,0,0,0,0,0
101,2017,276,400,11.94,0,0,0,0,0,0,0,51.31,-22.87,0,0,0,0,0,0,0,0,0,0,0,0,0,0,0,0,0,0,0,0,0,0,0
101,2017,276,410,11.94,0,0,0,0,0,0,0,51.84,-22.83,0,0,0,0,0,0,0,0,0,0,0,0,0,0,0,0,0,0,0,0,0,0,0
101,2017,276,420,11.94,0,0,0,0,0,0,0,51.16,-22.77,0,0,0,0,0,0,0,0,0,0,0,0,0,0,0,0,0,0,0,0,0,0,0
101,2017,276,430,11.94,0,0,0,0,0,0,0,51.59,-22.76,0,0,0,0,0,0,0,0,0,0,0,0,0,0,0,0,0,0,0,0,0,0,0
101,2017,276,440,11.94,0,0,0,0,0,0,0,52.2,-22.73,0,0,0,0,0,0,0,0,0,0,0,0,0,0,0,0,0,0,0,0,0,0,0
101,2017,276,450,11.94,0,0,0,0,0,0,0,51.79,-22.63,0,0,0,0,0,0,0,0,0,0,0,0,0,0,0,0,0,0,0,0,0,0,0
101,2017,276,500,11.94,0,0,0,0,0,0,0,50.69,-22.56,0,0,0,0,0,0,0,0,0,0,0,0,0,0,0,0,0,0,0,0,0,0,0
101,2017,276,510,11.94,0,0,0,0,0,0,0,46.69,-22.55,0,0,0,0,0,0,0,0,0,0,0,0,0,0,0,0,0,0,0,0,0,0,0
101,2017,276,520,11.94,0,0,0,0,0,0,0,43.14,-22.49,0,0,0,0,0,0,0,0,0,0,0,0,0,0,0,0,0,0,0,0,0,0,0
101,2017,276,530,11.94,0,0,0,0,0,0,0,36.2,-22.4,0,0,0,0,0,0,0,0,0,0,0,0,0,0,0,0,0,0,0,0,0,0,0
101,2017,276,540,11.94,0,0,0,0,0,0,0,32.76,-22.31,0,0,0,0,0,0,0,0,0,0,0,0,0,0,0,0,0,0,0,0,0,0,0
101,2017,276,550,11.94,.002,0,0,.007,0,0,0,32.82,-22.21,0,.037,0,.003,0,.027,.027,.008,.028,.007,0,.012,0,0,.017,0,0,.007,0,0,0,0,0
101,2017,276,600,11.94,.039,.017,.013,.064,.035,.02,.013,28.1,-22.16,.02,.302,.02,.04,.022,.23,.243,.064,.226,.06,.017,.08,.022,.03,.189,.025,.022,.062,.002,.015,.022,.005,.008
101,2017,276,610,11.94,.139,.057,.04,.253,.122,.077,.047,30.8,-22.03,.062,1.165,.072,.129,.101,.898,.947,.24,.86,.233,.062,.312,.089,.092,.737,.089,.085,.236,.034,.044,.094,.034,.039
101,2017,276,620,11.94,.313,.137,.085,.55,.278,.186,.109,39.68,-22.12,.147,2.734,.164,.292,.218,2.083,2.197,.525,1.996,.503,.141,.687,.203,.211,1.709,.196,.191,.488,.057,.099,.206,.05,.082
101,2017,276,630,11.94,.489,.231,.139,.93,.434,.307,.176,41.77,-22.19,.238,4.617,.266,.464,.362,3.431,3.615,.908,3.344,.83,.226,1.166,.337,.357,2.807,.322,.318,.778,.096,.159,.339,.094,.127
101,2017,276,640,11.94,.67,.312,.186,1.289,.585,.419,.238,48.8,-22.24,.327,6.379,.354,.622,.501,4.813,5.199,4.805,4.59,1.151,.307,1.622,.476,.489,3.804,.426,.432,1.046,.134,.216,.441,.124,.176
101,2017,276,650,11.94,.846,.39,.235,1.616,.736,.515,.297,51.76,-22.44,.406,8.08,.427,.779,.665,6.992,6.149,10.24,5.777,1.45,.377,2.112,.751,.742,4.656,.52,.53,1.289,.164,.26,.53,.163,.221
101,2017,276,700,11.94,1.006,.439,.283,1.922,.883,.645,.355,46.85,-22.67,.463,12.05,.483,.927,.809,9.91,7.11,8.5,11.8,1.728,.442,5.263,1.324,1.022,5.403,.627,.664,1.532,.193,.312,.623,.186,.263
101,2017,276,710,11.94,1.151,.488,.347,2.216,1.066,.806,.424,38.39,-22.97,.573,51.34,.892,1.203,.92,11.01,7.9,3.188,36.32,13.55,.501,11.63,5.856,1.301,6.404,.727,.848,1.738,.238,.37,.704,.223,.325
101,2017,276,720,11.94,1.287,.551,.427,2.499,1.277,.984,.508,36.58,-23.31,.707,61.4,1.51,1.934,1.029,11.4,9.05,3.699,43.42,28.78,.578,5.333,8.99,3.449,6.54,.776,1.104,1.907,.285,.424,.778,.25,.391
101,2017,276,730,11.94,1.421,.61,.511,2.797,1.51,1.182,1.066,34.87,-23.61,.843,69.41,12.32,8.43,1.115,11.3,9.41,5.593,50.41,3.442,.632,4.932,13.21,7.66,8.06,.86,1.12,2.061,.312,.446,.846,.293,.461
101,2017,276,740,11.94,1.55,.67,.612,3.121,1.805,2.653,.831,35.51,-23.99,.96,76.5,17.38,4.346,1.212,11.26,9.74,31.76,57.03,3.655,.687,6.761,2.821,11.12,7.63,.932,4.019,2.192,.364,.483,.903,.33,.52
101,2017,276,750,11.94,1.696,.737,.711,3.664,2.239,10.87,.712,33.47,-24.4,1.074,82.7,14.49,2.247,1.296,11.52,10.23,46.01,63.17,4.096,.734,21.35,2.259,2.229,7.56,1.011,3.349,2.304,.379,.642,.957,.344,.917