101,2017,191,1110,12.68,1.717,.928,.985,27,3.1,8.91,.801,1.692,1.176,1.128,116.2,2.108,1.685,26.83,62.18,45.4,4.777,100.4,93.4,3.16,15.39,1.506,1.652,27.89,2.604,1.618,43.55,.476,.7,1.592,.715,.816
101,2017,191,1120,12.73,1.622,.903,.995,21.33,9.13,7.74,.774,1.607,1.133,1.124,115.4,1.938,1.567,12.14,66.25,67.77,3.652,101.2,94.6,2.46,8.17,1.429,1.64,30.58,3.947,1.563,54.94,.503,.702,1.61,.662,.848
101,2017,191,1130,12.74,1.68,.952,.985,15.46,5.299,2.476,.808,1.64,1.139,1.148,114.8,2.114,1.56,2.922,70.6,72.2,3.827,101.9,95.2,2.466,4.004,1.429,1.744,33.39,2.136,1.64,58.54,.503,.73,1.724,.658,.9
101,2017,191,1140,12.74,1.819,1.061,1.04,9.23,2.218,24.94,.844,1.737,1.188,1.231,114.6,6.908,1.583,15.64,74.6,73.6,6.911,102.7,95.2,2.563,3.696,1.466,7.37,36.02,2.3,1.808,61.25,.581,.838,1.922,.71,1.376
101,2017,191,1150,12.74,1.89,1.3,1.382,7.28,2.771,5.447,.918,1.866,1.267,1.27,115.7,33.34,1.655,11.73,78.5,76.8,10.8,104.5,96,2.903,3.941,1.68,7.56,38.77,2.357,8.86,64.61,.62,.893,1.972,.766,1.429
101,2017,191,1200,12.74,2.116,1.521,4.075,14.92,3.976,5.133,.911,1.925,1.275,1.379,114.9,2.924,1.652,11.79,80.9,69.6,4.726,104.5,95,3.188,3.801,1.773,2.183,39.77,2.585,20.13,66.64,.633,1.01,2.081,.792,1.252
101,2017,191,1210,12.75,1.828,1.307,2.146,8.56,10.6,22.85,.769,1.645,1.047,1.622,78.2,3.895,1.401,8.65,56.69,48.42,4.74,70.3,60.79,2.955,3.332,1.374,3.076,29.19,2.431,12.8,43.46,.506,2.314,1.94,.6,1.355
101,2017,191,1220,12.75,1.898,1.444,1.065,6.882,5.212,81.1,.871,1.767,1.218,1.255,103.2,3.853,1.551,10.36,77.6,68.76,4.6,94.4,85.4,4.213,3.563,1.605,3.546,38.94,4.021,6.281,63.05,.601,34.33,3.062,.737,1.486
101,2017,191,1230,12.75,3.759,2.37,1.576,11.1,3.605,14.55,1.079,3.784,1.684,1.776,79.3,4.446,2.047,5.769,59.52,48.97,7.17,71.2,53.64,12.8,4.454,1.943,2.707,32.22,8.45,3.069,41.3,.601,13.2,2.848,.683,2.69
101,2017,191,1240,12.75,4.543,2.233,1.735,8.67,5.669,3.265,1.57,7.06,2.169,2.119,103.1,5.141,3.307,5.163,86.8,45.68,9.03,97.1,61.02,32.71,5.161,2.255,3.843,48.96,45.85,4.24,66.34,.967,1.947,3.99,1.025,2.769
101,2017,191,1250,12.75,4.742,2.245,1.643,8.03,6.322,2.952,4.019,4.781,10.18,1.93,78.5,4.672,2.469,3.932,66.75,41.33,25.64,72.7,23.96,18.8,4.789,1.94,3.476,37.37,23.95,4.273,46.78,.707,2.003,3.052,.861,2.648
101,2017,191,1300,12.76,4.536,2.305,1.63,8.39,3.2,3.2,1.402,3.26,2.074,2.313,47.86,4.039,2.782,4.603,45.55,32.98,13.22,46.01,10.21,6.377,4.756,2.012,3.692,30.77,3.543,4.402,26.23,.777,5.178,3.545,.71,2.196
101,2017,191,1310,12.76,3.089,1.204,1.008,6.275,2.07,1.568,.946,2.07,1.31,1.496,26.65,2.94,2.034,3.057,25.32,23.09,4.784,23.59,6.597,2.645,3.814,1.625,2.034,19.51,2.183,2.292,9.65,.533,.972,2.677,.474,1.352
101,2017,191,1320,12.76,2.697,1.213,1.07,5.568,2.457,1.757,1.092,2.189,1.377,1.553,28.04,3.372,2.256,3.411,29.22,23.79,4.709,25.08,7.05,3.104,3.687,1.431,2.424,21.29,2.473,2.271,10.84,.627,1.082,3.476,.521,1.581
101,2017,191,1330,12.75,2.786,1.137,1.213,5.816,2.757,2.097,1.459,2.95,1.509,2.092,30.4,3.394,2.396,4.342,36,25.88,5.093,30.11,6.853,4.568,3.659,1.751,2.933,25.36,2.952,2.323,14.29,.745,1.325,4.049,.621,2.273
101,2017,191,1340,12.76,3.828,1.829,1.509,8.47,3.419,2.381,1.643,3.175,1.863,2.139,31.88,3.429,3.017,4.441,36.49,30.34,5.75,33.61,7.9,3.665,4.426,1.937,3.22,27.46,2.871,2.948,15,.752,1.419,4.212,.692,2.012
101,2017,191,1350,12.75,4.167,1.979,1.726,9.22,3.843,2.644,1.664,3.3,2.017,2.337,34.99,3.654,3.324,4.783,37.95,33.92,6.284,36.95,8.82,3.649,4.676,2.067,3.359,29.82,3.277,3.491,15.71,.883,1.588,5.08,.787,2.139
101,2017,191,1400,12.76,4.105,2.037,1.83,8.89,3.88,3.011,1.902,3.513,2.099,2.798,38.85,5.128,3.736,5.829,44.39,37.58,6.371,42,9.73,5.406,5.048,2.218,4.188,34.22,3.806,3.803,19.04,.999,1.893,5.743,.995,2.781
101,2017,191,1410,12.75,4.907,2.354,3.342,9.91,4.334,3.533,2.161,4.125,2.587,4.773,60.49,11.11,3.979,6.517,67.85,38.72,7.71,66.35,11.45,17.8,5.596,3.215,5.4,46.68,5.051,4.689,40.1,1.176,2.573,5.665,1.049,3.552
101,2017,191,1420,12.75,4.418,1.895,2.108,9.96,4.485,3.406,2.619,3.962,4.679,4.237,69.93,6.236,4.063,7.24,83.9,37.43,7.53,75.4,14.56,8.43,6.058,2.887,5.45,55.34,6.397,4.329,53.44,1.258,2.376,5.824,1.059,3.699
101,2017,191,1430,12.76,4.254,1.977,1.763,9.89,4.237,2.853,2.039,3.371,2.074,3.029,40.8,3.897,3.267,5.328,44.42,33.3,6.745,39.25,10.39,5.257,5.288,2.434,4.123,32.39,5.371,3.347,18.82,.933,1.613,4.696,.808,2.238
101,2017,191,1440,12.76,4.47,1.98,1.84,9.46,3.808,2.905,2.401,3.75,2.15,3.136,42.25,3.996,3.736,6.085,51.68,38.22,7.12,44.54,8.44,6.424,5.045,2.754,4.195,38.29,5.093,3.58,24.5,1.076,1.873,5.187,.853,2.907
101,2017,191,1450,12.76,3.669,1.536,1.793,8.22,4.009,3.19,3.979,7.76,2.238,3.426,53.8,4.607,4.374,8.06,74.6,44.13,6.459,62.62,8.64,8.37,5.13,3.304,5.727,54.16,11.95,3.545,45.15,1.635,2.344,6.692,1.059,3.8
101,2017,191,1500,12.76,3.631,1.642,1.461,8.48,3.825,2.572,1.913,3.404,1.987,2.366,33.71,3.401,3.237,4.991,40.2,32.86,5.887,34.89,8.23,4.604,4.624,2.233,3.347,32.83,5.457,3.048,15.68,1.149,1.622,5.105,.848,2.178
101,2017,191,1510,12.76,4.122,1.957,1.732,8.86,3.798,3.076,1.881,3.438,1.905,4.178,38.17,3.778,3.48,6.075,47.96,36.48,5.797,42.06,8.83,12.48,4.767,2.339,3.671,36.64,3.884,3.644,23.23,3.054,1.855,4.798,.848,2.552
101,2017,191,1520,12.76,3.731,1.637,1.843,7.98,3.724,3.356,2.057,3.453,1.938,16.62,45.38,4.044,3.967,10.31,69.6,47.48,5.618,54.56,8.38,33.17,4.839,2.486,3.815,46.96,4.095,3.594,27.35,8.11,2.047,5.655,.967,3.146
101,2017,191,1530,12.76,3.217,1.53,1.499,7.03,3.616,2.647,1.964,3.175,1.736,4.333,33.15,3.627,3.547,6.842,44.09,37.03,4.899,36.56,7.8,7.59,4.306,2.114,3.562,34.13,3.748,3.036,18.03,1.37,1.749,5.789,.903,2.875
101,2017,191,1540,12.76,2.605,1.292,2.141,5.634,3.332,2.376,1.672,2.758,1.489,13.59,32.76,3.416,3.163,7.41,53.34,40.48,4.204,38.53,9.96,23.34,4.06,1.764,3.115,28.7,3.16,2.748,14.69,.96,1.567,4.942,.838,2.314
101,2017,191,1550,12.76,1.878,1.047,1.625,4.316,2.444,1.677,1.161,2.114,1.062,3.18,22.41,1.989,2.042,4.341,29.94,23.71,3.146,22.19,6.797,6.656,3.363,1.404,2.148,19.73,2.364,1.88,8.58,.642,.91,3.158,.558,1.216
101,2017,191,1600,12.76,2.604,1.104,9.73,5.465,2.468,1.754,1.121,2.258,1.241,1.955,31.67,2.228,2.116,12.83,76.7,50.08,4.217,43.63,27.26,18.71,3.825,1.558,1.992,18.83,2.175,1.821,7.5,.7,1.015,2.825,.509,1.31
101,2017,191,1610,12.76,2.562,1.196,1.024,5.802,2.686,1.707,1.091,2.218,1.25,1.848,27.64,1.858,2.18,3.52,68.4,38.57,3.848,38.88,23.41,37.69,3.807,1.453,1.933,18.88,2.458,1.749,7.65,.68,.987,2.728,.483,1.329
101,2017,191,1620,12.76,2.82,1.206,.965,6.194,2.892,1.726,1.253,2.23,1.35,1.573,26.26,1.843,2.324,3.257,72.8,26.69,4.252,39.88,10.76,3.785,3.858,1.54,2.029,19.84,2.207,1.925,7.62,.595,.994,3.27,.57,1.319
101,2017,191,1630,12.76,2.525,.995,.905,5.537,2.664,1.68,1.161,2.079,1.193,1.449,21.91,1.997,2.255,3.242,48.19,22.79,3.807,21.27,4.852,2.957,3.869,1.397,2.176,20.03,2.274,1.813,8.56,.556,.93,3.208,.516,1.459
101,2017,191,1640,12.76,2.803,.955,.873,5.998,2.418,1.372,1.035,1.848,1.181,1.218,18.04,1.374,1.962,2.468,24.36,20.28,3.957,16.49,3.842,1.979,3.641,1.364,1.672,17.72,1.969,1.483,6.238,.503,.829,2.552,.441,1.079
101,2017,191,1650,12.76,2.322,.866,.72,4.942,2.185,1.181,.901,1.583,1.045,1.005,15.3,1.213,1.806,2.233,20.21,18.13,3.254,14.09,3.244,1.525,2.924,1.185,1.434,16.03,1.746,1.456,5.631,.432,.715,2.23,.407,.871
101,2017,191,1700,12.76,1.533,.566,.491,3.299,1.679,.89,.662,1.277,.725,.724,11.46,.9,1.377,1.62,15.14,13.72,2.339,10.16,2.31,1.215,2.329,.875,1.134,12.16,1.349,1.005,4.046,.359,.506,1.726,.327,.628
101,2017,191,1710,12.76,1.285,.457,.365,2.706,1.27,.685,.472,1.059,.601,.578,8.92,.586,1.072,1.173,11.3,10.65,1.932,7.47,1.622,1.112,2.126,.67,.794,9.32,.992,.663,2.403,.29,.395,1.22,.223,.451
101,2017,191,1720,12.76,1.054,.384,.293,2.173,.96,.531,.407,.814,.498,.484,7.23,.483,.819,.967,8.85,8.68,1.543,6.011,1.267,.836,1.816,.541,.637,7.56,.73,.553,1.923,.225,.315,1.119,.211,.36
101,2017,191,1730,12.76,.64,.25,.193,1.354,.635,.372,.298,.553,.354,.333,4.944,.369,.533,.61,6.006,5.859,1.014,4.098,.896,.534,1.225,.404,.432,5.207,.534,.402,1.404,.161,.225,.732,.142,.268
101,2017,191,1740,12.76,.389,.166,.119,.797,.405,.241,.193,.377,.226,.218,3.26,.245,.379,.409,3.941,3.786,.628,2.734,.6,.38,.715,.253,.31,3.373,.369,.265,.982,.114,.144,.467,.092,.188
101,2017,191,1750,12.75,.206,.084,.06,.412,.213,.124,.089,.191,.106,.106,1.613,.124,.189,.206,1.905,1.783,.328,1.339,.33,.203,.347,.124,.151,1.58,.183,.127,.454,.054,.07,.216,.044,.084
101,2017,191,1800,12.75,.074,.025,.02,.157,.077,.047,.034,.062,.042,.044,.558,.049,.065,.075,.652,.605,.121,.488,.127,.065,.109,.044,.055,.546,.064,.047,.179,.012,.025,.085,.015,.034
101,2017,191,1810,12.75,.012,0,0,.028,.012,.003,0,.012,0,.003,.126,.008,.01,.015,.147,.131,.022,.107,.027,.012,.018,.003,.007,.116,.008,.003,.044,0,0,.015,0,0
101,2017,191,1820,12.75,0,0,0,0,0,0,0,0,0,0,.008,0,0,0,.012,.012,0,.007,0,0,0,0,0,.008,0,0,0,0,0,0,0,0
101,2017,191,1830,12.76,0,0,0,0,0,0,0,0,0,0,0,0,0,0,0,0,0,0,0,0,0,0,0,0,0,0,0,0,0,0,0,0
101,2017,191,1840,12.75,0,0,0,0,0,0,0,0,0,0,0,0,0,0,0,0,0,0,0,0,0,0,0,0,0,0,0,0,0,0,0,0
101,2017,191,1850,12.75,0,0,0,0,0,0,0,0,0,0,0,0,0,0,0,0,0,0,0,0,0,0,0,0,0,0,0,0,0,0,0,0
101,2017,191,1900,12.75,0,0,0,0,0,0,0,0,0,0,0,0,0,0,0,0,0,0,0,0,0,0,0,0,0,0,0,0,0,0,0,0
101,2017,191,1910,12.75,0,0,0,0,0,0,0,0,0,0,0,0,0,0,0,0,0,0,0,0,0,0,0,0,0,0,0,0,0,0,0,0
101,2017,191,1920,12.75,0,0,0,0,0,0,0,0,0,0,0,0,0,0,0,0,0,0,0,0,0,0,0,0,0,0,0,0,0,0,0,0
101,2017,191,1930,12.75,0,0,0,0,0,0,0,0,0,0,0,0,0,0,0,0,0,0,0,0,0,0,0,0,0,0,0,0,0,0,0,0
101,2017,191,1940,12.74,0,0,0,0,0,0,0,0,0,0,0,0,0,0,0,0,0,0,0,0,0,0,0,0,0,0,0,0,0,0,0,0
101,2017,191,1950,12.74,0,0,0,0,0,0,0,0,0,0,0,0,0,0,0,0,0,0,0,0,0,0,0,0,0,0,0,0,0,0,0,0
101,2017,191,2000,12.75,0,0,0,0,0,0,0,0,0,0,0,0,0,0,0,0,0,0,0,0,0,0,0,0,0,0,0,0,0,0,0,0
101,2017,191,2010,12.76,0,0,0,0,0,0,0,0,0,0,0,0,0,0,0,0,0,0,0,0,0,0,0,0,0,0,0,0,0,0,0,0
101,2017,191,2020,12.76,0,0,0,0,0,0,0,0,0,0,0,0,0,0,0,0,0,0,0,0,0,0,0,0,0,0,0,0,0,0,0,0
101,2017,191,2030,12.76,0,0,0,0,0,0,0,0,0,0,0,0,0,0,0,0,0,0,0,0,0,0,0,0,0,0,0,0,0,0,0,0
101,2017,191,2040,12.76,0,0,0,0,0,0,0,0,0,0,0,0,0,0,0,0,0,0,0,0,0,0,0,0,0,0,0,0,0,0,0,0
101,2017,191,2050,12.75,0,0,0,0,0,0,0,0,0,0,0,0,0,0,0,0,0,0,0,0,0,0,0,0,0,0,0,0,0,0,0,0
101,2017,191,2100,12.75,0,0,0,0,0,0,0,0,0,0,0,0,0,0,0,0,0,0,0,0,0,0,0,0,0,0,0,0,0,0,0,0
101,2017,191,2110,12.75,0,0,0,0,0,0,0,0,0,0,0,0,0,0,0,0,0,0,0,0,0,0,0,0,0,0,0,0,0,0,0,0
101,2017,191,2120,12.75,0,0,0,0,0,0,0,0,0,0,0,0,0,0,0,0,0,0,0,0,0,0,0,0,0,0,0,0,0,0,0,0
101,2017,191,2130,12.75,0,0,0,0,0,0,0,0,0,0,0,0,0,0,0,0,0,0,0,0,0,0,0,0,0,0,0,0,0,0,0,0
101,2017,191,2140,12.75,0,0,0,0,0,0,0,0,0,0,0,0,0,0,0,0,0,0,0,0,0,0,0,0,0,0,0,0,0,0,0,0
101,2017,191,2150,12.74,0,0,0,0,0,0,0,0,0,0,0,0,0,0,0,0,0,0,0,0,0,0,0,0,0,0,0,0,0,0,0,0
101,2017,191,2200,12.74,0,0,0,0,0,0,0,0,0,0,0,0,0,0,0,0,0,0,0,0,0,0,0,0,0,0,0,0,0,0,0,0
101,2017,191,2210,12.75,0,0,0,0,0,0,0,0,0,0,0,0,0,0,0,0,0,0,0,0,0,0,0,0,0,0,0,0,0,0,0,0
101,2017,191,2220,12.74,0,0,0,0,0,0,0,0,0,0,0,0,0,0,0,0,0,0,0,0,0,0,0,0,0,0,0,0,0,0,0,0
101,2017,191,2230,12.74,0,0,0,0,0,0,0,0,0,0,0,0,0,0,0,0,0,0,0,0,0,0,0,0,0,0,0,0,0,0,0,0
101,2017,191,2240,12.74,0,0,0,0,0,0,0,0,0,0,0,0,0,0,0,0,0,0,0,0,0,0,0,0,0,0,0,0,0,0,0,0
101,2017,191,2250,12.74,0,0,0,0,0,0,0,0,0,0,0,0,0,0,0,0,0,0,0,0,0,0,0,0,0,0,0,0,0,0,0,0
101,2017,191,2300,12.74,0,0,0,0,0,0,0,0,0,0,0,0,0,0,0,0,0,0,0,0,0,0,0,0,0,0,0,0,0,0,0,0
101,2017,191,2310,12.74,0,0,0,0,0,0,0,0,0,0,0,0,0,0,0,0,0,0,0,0,0,0,0,0,0,0,0,0,0,0,0,0
101,2017,191,2320,12.74,0,0,0,0,0,0,0,0,0,0,0,0,0,0,0,0,0,0,0,0,0,0,0,0,0,0,0,0,0,0,0,0
101,2017,191,2330,12.74,0,0,0,0,0,0,0,0,0,0,0,0,0,0,0,0,0,0,0,0,0,0,0,0,0,0,0,0,0,0,0,0
101,2017,191,2340,12.74,0,0,0,0,0,0,0,0,0,0,0,0,0,0,0,0,0,0,0,0,0,0,0,0,0,0,0,0,0,0,0,0
101,2017,191,2350,12.74,0,0,0,0,0,0,0,0,0,0,0,0,0,0,0,0,0,0,0,0,0,0,0,0,0,0,0,0,0,0,0,0
101,2017,191,2400,12.74,0,0,0,0,0,0,0,0,0,0,0,0,0,0,0,0,0,0,0,0,0,0,0,0,0,0,0,0,0,0,0,0
101,2017,192,10,12.74,0,0,0,0,0,0,0,0,0,0,0,0,0,0,0,0,0,0,0,0,0,0,0,0,0,0,0,0,0,0,0,0
101,2017,192,20,12.74,0,0,0,0,0,0,0,0,0,0,0,0,0,0,0,0,0,0,0,0,0,0,0,0,0,0,0,0,0,0,0,0
101,2017,192,30,12.74,0,0,0,0,0,0,0,0,0,0,0,0,0,0,0,0,0,0,0,0,0,0,0,0,0,0,0,0,0,0,0,0
101,2017,192,40,12.74,0,0,0,0,0,0,0,0,0,0,0,0,0,0,0,0,0,0,0,0,0,0,0,0,0,0,0,0,0,0,0,0
101,2017,192,50,12.74,0,0,0,0,0,0,0,0,0,0,0,0,0,0,0,0,0,0,0,0,0,0,0,0,0,0,0,0,0,0,0,0
101,2017,192,100,12.74,0,0,0,0,0,0,0,0,0,0,0,0,0,0,0,0,0,0,0,0,0,0,0,0,0,0,0,0,0,0,0,0
101,2017,192,110,12.74,0,0,0,0,0,0,0,0,0,0,0,0,0,0,0,0,0,0,0,0,0,0,0,0,0,0,0,0,0,0,0,0
101,2017,192,120,12.74,0,0,0,0,0,0,0,0,0,0,0,0,0,0,0,0,0,0,0,0,0,0,0,0,0,0,0,0,0,0,0,0
101,2017,192,130,12.74,0,0,0,0,0,0,0,0,0,0,0,0,0,0,0,0,0,0,0,0,0,0,0,0,0,0,0,0,0,0,0,0
101,2017,192,140,12.74,0,0,0,0,0,0,0,0,0,0,0,0,0,0,0,0,0,0,0,0,0,0,0,0,0,0,0,0,0,0,0,0
101,2017,192,150,12.74,0,0,0,0,0,0,0,0,0,0,0,0,0,0,0,0,0,0,0,0,0,0,0,0,0,0,0,0,0,0,0,0
101,2017,192,200,12.74,0,0,0,0,0,0,0,0,0,0,0,0,0,0,0,0,0,0,0,0,0,0,0,0,0,0,0,0,0,0,0,0
101,2017,192,210,12.74,0,0,0,0,0,0,0,0,0,0,0,0,0,0,0,0,0,0,0,0,0,0,0,0,0,0,0,0,0,0,0,0
101,2017,192,220,12.74,0,0,0,0,0,0,0,0,0,0,0,0,0,0,0,0,0,0,0,0,0,0,0,0,0,0,0,0,0,0,0,0
101,2017,192,230,12.74,0,0,0,0,0,0,0,0,0,0,0,0,0,0,0,0,0,0,0,0,0,0,0,0,0,0,0,0,0,0,0,0
101,2017,192,240,12.74,0,0,0,0,0,0,0,0,0,0,0,0,0,0,0,0,0,0,0,0,0,0,0,0,0,0,0,0,0,0,0,0
101,2017,192,250,12.74,0,0,0,0,0,0,0,0,0,0,0,0,0,0,0,0,0,0,0,0,0,0,0,0,0,0,0,0,0,0,0,0
101,2017,192,300,12.74,0,0,0,0,0,0,0,0,0,0,0,0,0,0,0,0,0,0,0,0,0,0,0,0,0,0,0,0,0,0,0,0
101,2017,192,310,12.74,0,0,0,0,0,0,0,0,0,0,0,0,0,0,0,0,0,0,0,0,0,0,0,0,0,0,0,0,0,0,0,0
101,2017,192,320,12.74,0,0,0,0,0,0,0,0,0,0,0,0,0,0,0,0,0,0,0,0,0,0,0,0,0,0,0,0,0,0,0,0
101,2017,192,330,12.73,0,0,0,0,0,0,0,0,0,0,0,0,0,0,0,0,0,0,0,0,0,0,0,0,0,0,0,0,0,0,0,0
101,2017,192,340,12.74,0,0,0,0,0,0,0,0,0,0,0,0,0,0,0,0,0,0,0,0,0,0,0,0,0,0,0,0,0,0,0,0
101,2017,192,350,12.74,0,0,0,0,0,0,0,0,0,0,0,0,0,0,0,0,0,0,0,0,0,0,0,0,0,0,0,0,0,0,0,0
101,2017,192,400,12.74,0,0,0,0,0,0,0,0,0,0,0,0,0,0,0,0,0,0,0,0,0,0,0,0,0,0,0,0,0,0,0,0
101,2017,192,410,12.73,0,0,0,0,0,0,0,0,0,0,0,0,0,0,0,0,0,0,0,0,0,0,0,0,0,0,0,0,0,0,0,0
101,2017,192,420,12.73,0,0,0,0,0,0,0,0,0,0,0,0,0,0,0,0,0,0,0,0,0,0,0,0,0,0,0,0,0,0,0,0
101,2017,192,430,12.73,0,0,0,0,0,0,0,0,0,0,0,0,0,0,0,0,0,0,0,0,0,0,0,0,0,0,0,0,0,0,0,0
101,2017,192,440,12.73,0,0,0,0,0,0,0,0,0,0,0,0,0,0,0,0,0,0,0,0,0,0,0,0,0,0,0,0,0,0,0,0
101,2017,192,450,12.73,0,0,0,0,0,0,0,0,0,0,0,0,0,0,0,0,0,0,0,0,0,0,0,0,0,0,0,0,0,0,0,0
101,2017,192,500,12.73,0,0,0,0,0,0,0,0,0,0,0,0,0,0,0,0,0,0,0,0,0,0,0,0,0,0,0,0,0,0,0,0
101,2017,192,510,12.73,0,0,0,0,0,0,0,0,0,0,0,0,0,0,0,0,0,0,0,0,0,0,0,0,0,0,0,0,0,0,0,0
101,2017,192,520,12.73,0,0,0,0,0,0,0,0,0,0,0,0,0,0,0,0,0,0,0,0,0,0,0,0,0,0,0,0,0,0,0,0
101,2017,192,530,12.73,0,0,0,0,0,0,0,0,0,0,0,0,0,0,0,0,0,0,0,0,0,0,0,0,0,0,0,0,0,0,0,0
101,2017,192,540,12.73,0,0,0,0,0,0,0,0,0,0,0,0,0,0,0,0,0,0,0,0,0,0,0,0,0,0,0,0,0,0,0,0
101,2017,192,550,12.73,0,0,0,0,0,0,0,0,0,0,0,0,0,0,0,0,0,0,0,0,0,0,0,0,0,0,0,0,0,0,0,0
101,2017,192,600,12.73,0,0,0,0,0,0,0,0,0,0,0,0,0,0,0,0,0,0,0,0,0,0,0,0,0,0,0,0,0,0,0,0
101,2017,192,610,12.72,0,0,0,0,0,0,0,0,0,0,0,0,0,0,0,0,0,0,0,0,0,0,0,0,0,0,0,0,0,0,0,0
101,2017,192,620,12.71,0,0,0,0,0,0,0,0,0,0,0,0,0,0,0,0,0,0,0,0,0,0,0,0,0,0,0,0,0,0,0,0
101,2017,192,630,12.71,0,0,0,0,0,0,0,0,0,0,0,0,0,0,0,0,0,0,0,0,0,0,0,0,0,0,0,0,0,0,0,0
101,2017,192,640,12.72,0,0,0,0,0,0,0,0,0,0,.002,0,0,0,0,0,0,0,0,0,0,0,0,0,0,0,0,0,0,0,0,0
101,2017,192,650,12.73,.003,0,0,.015,.005,0,0,.003,0,0,.084,0,.003,.002,.057,.06,.013,.065,.017,0,.013,0,0,.047,.002,0,.013,0,0,0,0,0
101,2017,192,700,12.73,.047,.02,.012,.106,.049,.032,.018,.044,.027,.023,.451,.028,.045,.042,.328,.369,.089,.374,.094,.025,.084,.035,.04,.305,.04,.035,.084,.003,.012,.042,.005,.015
101,2017,192,710,12.72,.144,.054,.044,.318,.153,.092,.057,.124,.075,.062,1.296,.084,.127,.127,1.059,1.19,.253,1.091,.273,.082,.251,.096,.106,1.016,.112,.092,.282,.034,.045,.147,.034,.047
101,2017,192,720,12.72,.261,.107,.074,.555,.282,.169,.104,.225,.136,.122,2.387,.159,.235,.23,2.036,2.256,.449,2.035,.478,.159,.426,.171,.203,1.89,.206,.166,.503,.057,.082,.265,.059,.089
101,2017,192,730,12.72,.384,.158,.114,.843,.406,.253,.146,.334,.198,.179,3.551,.235,.344,.345,3.02,3.414,.652,2.993,.709,.233,.65,.258,.29,2.891,.307,.245,.729,.075,.112,.374,.085,.124
101,2017,192,740,12.72,.484,.22,.153,1.16,.543,.347,.204,.441,.275,.241,5.078,.315,.444,.458,4.75,4.726,.908,4.083,.982,.32,.947,.362,.404,4.031,.419,.34,.982,.106,.153,.486,.121,.174
101,2017,192,750,12.72,.665,.295,.204,1.564,.734,.454,.288,.593,.399,.35,29.1,.637,.602,.68,9.37,6.169,1.319,5.462,1.347,.412,1.287,.504,.558,5.284,.556,.453,1.334,.149,.209,.66,.161,.24
101,2017,192,800,12.73,.707,.313,.241,1.691,.811,.509,.315,.667,.442,.394,47.58,1.047,.734,.789,10.35,6.873,2.578,7.2,1.465,.436,1.698,.917,.774,5.797,.625,.496,1.451,.174,.24,.707,.173,.263
101,2017,192,810,12.73,1.554,.618,.404,3.665,1.415,1.006,.422,1.289,.761,.585,60.19,1.282,1.347,1.046,12.22,9.68,2.911,10.67,2.375,.52,5.206,1.756,1.304,8.16,.83,.868,1.8,.248,.37,.882,.233,.357
101,2017,192,820,12.73,2.298,.887,.63,5.492,1.951,1.403,.572,1.637,1.069,.85,69.02,1.8,1.751,1.51,15.25,13.62,4.011,44.71,4.314,.804,9.87,2.246,1.678,10.45,1.155,1.26,3.044,.337,.515,1.24,.3,.508
101,2017,192,830,12.73,2.216,.959,.642,5.507,1.998,1.312,.488,1.515,.895,.784,26.46,1.156,1.505,1.347,11.92,12.79,3.702,20.53,4.267,.861,4.153,1.317,1.433,9.62,1.123,1.136,3.183,.273,.464,1.063,.26,.493
101,2017,192,840,12.73,2.797,1.225,.749,6.828,2.45,1.653,.57,1.958,1.198,.915,40.28,1.528,1.929,1.456,13.21,15.09,4.849,30.19,5.608,.872,7.12,2.541,1.664,10.39,1.319,1.42,2.953,.317,.531,1.101,.288,.494
101,2017,192,850,12.74,1.828,.897,.724,5.841,2.311,1.812,.784,1.647,1.054,.831,76.7,1.971,1.634,1.59,13.65,27.6,4.16,56.47,6.134,.94,16.09,26.4,2.038,11.07,1.322,1.215,2.794,.288,.444,1.098,.31,.506
101,2017,192,900,12.74,1.202,.536,.525,3.662,1.924,3.558,1.004,1.306,.846,.687,87,1.82,1.379,1.49,12.58,33.1,2.941,63.33,5.68,.865,22.21,42.66,1.604,10.62,1.116,.95,2.378,.3,.419,1.074,.305,.481
101,2017,192,910,12.74,1.409,.625,.58,4.096,2.227,2.598,.573,1.438,.92,.749,93.9,1.641,1.498,1.574,12.93,36.92,3.348,68.72,13.79,.838,26.06,49.81,1.445,10.33,1.218,1.017,2.356,.513,.439,1.098,.33,.489
101,2017,192,920,12.74,1.3,.583,.603,7.15,2.606,2.121,.588,1.424,.905,.779,97.7,1.449,1.508,1.662,14.87,39.69,4.622,73.1,4.275,.893,28.54,38.59,1.475,10.48,1.257,1.049,2.509,.338,.437,1.156,.354,.486
101,2017,192,930,12.74,1.242,.573,.63,27.2,2.632,1.838,.583,1.402,.898,.796,101.4,1.459,1.722,1.699,17.93,40.59,3.948,77.3,6.087,1.139,27.62,5.05,1.469,10.06,1.218,1.067,2.438,.337,.436,1.133,.347,.498
101,2017,192,940,12.74,1.399,.709,.791,36.53,3.061,2.996,.963,1.511,1,.982,108,1.711,1.731,1.977,24.32,42.49,3.631,84.1,6.427,1.322,20.78,2.565,1.764,11.01,1.404,1.243,3.068,.375,.481,1.268,.402,.573
101,2017,192,950,12.74,1.995,1.019,.947,29.37,3.542,7.67,.777,1.949,1.139,1.126,91.9,2.411,1.629,2.26,27.65,29.69,4.463,72.4,23.49,1.893,14.45,2.322,2.113,12.61,1.928,1.595,4.512,.432,.596,1.511,.409,1.002
101,2017,192,1000,12.74,1.898,.997,.999,25.61,3.864,4.894,1.104,1.999,1.134,1.141,83.3,2.875,1.642,2.585,30.42,16.95,4.547,66.51,11.8,2.153,18.39,11.29,2.501,13.47,2.155,1.704,5.323,.407,.643,1.655,.446,.989
101,2017,192,1010,12.74,1.354,.699,.958,37.53,3.13,39.85,3.785,2.612,1.032,.95,115.1,2.016,1.515,4.405,37.14,10.46,3.555,92.8,66.6,1.682,33.04,2.716,45.47,11.68,1.654,1.386,2.981,.402,.519,1.407,.499,1.402
101,2017,192,1020,12.74,1.565,.888,.925,37.47,3.694,22.56,7.59,1.607,1.23,1.114,112.6,1.659,1.53,14.58,40.53,11.05,3.493,92.4,83.9,1.639,25.31,3.358,60.62,13.1,2.066,1.644,3.56,.4,.558,1.396,.481,.725
101,2017,192,1030,12.74,1.992,1.384,1.176,15.77,5.274,2.691,1.907,1.654,1.104,1.133,52,2.186,1.439,5.797,25.17,15.9,6.219,42.98,24.61,1.922,7.27,1.955,14.49,13.36,2.223,1.764,5.986,.328,.625,1.563,.397,1.034
101,2017,192,1040,12.74,1.66,.786,.916,30.23,35.47,2.426,1.082,1.615,.995,.988,93.5,2.858,1.35,16.54,42.94,12.57,6.846,78.6,69.78,2.761,6.222,1.65,37.11,16.29,2.287,1.613,5.055,.395,.6,1.634,.471,2.16
101,2017,192,1050,12.74,1.382,.695,.92,36.88,59.31,2.567,2.027,1.508,1.022,.999,114.8,1.709,1.434,25.77,53.82,10.95,4.011,98.1,92.4,5.978,3.892,1.461,1.602,19.92,2.017,1.615,6.901,.436,.57,1.426,.645,.72
101,2017,192,1100,12.75,1.422,.746,.955,30.93,57.41,9.17,1.355,1.526,1.049,1.027,115,1.719,1.446,27.71,58.33,16.81,7.02,99.4,93.7,3.879,4.378,1.448,1.528,23.52,2.222,1.513,12.49,.436,.591,1.516,8.53,.751
101,2017,192,1110,12.75,1.461,.779,.94,24.68,2.843,7.06,.752,1.513,1.072,1.049,115.8,1.9,1.429,28.86,62.98,38.6,3.827,101.2,95.4,1.985,4.896,1.367,1.526,27.31,2.746,1.474,43.04,.442,.637,1.54,.751,.799
101,2017,192,1120,12.75,1.486,.806,.967,19.19,11.91,6.599,.754,1.51,1.072,1.074,115.4,1.823,1.434,9.55,67.41,62.37,3.371,101.9,96.3,2.163,4.912,1.362,1.612,30.25,3.106,1.481,55.35,.479,.653,1.59,.813,.818
101,2017,192,1130,12.75,1.528,.843,.92,14.2,6.931,2.367,.766,1.526,1.062,1.096,114.4,1.851,1.463,2.629,70.7,72.1,3.506,101.9,96.2,2.226,3.309,1.35,1.59,32.65,1.99,1.483,58.67,.484,.682,1.623,.633,.838
101,2017,192,1140,12.75,1.742,1.032,.97,9.35,1.987,21.4,.801,1.643,1.134,1.153,113.8,9.09,1.474,20.47,74.3,73.8,4.942,102.1,95.3,2.437,3.412,1.404,3.845,35.25,2.144,1.754,61.02,.57,.767,1.779,.689,3.843
101,2017,192,1150,12.75,3.412,2.112,1.601,10.26,3.029,7.18,1.022,2.462,1.578,1.628,97.1,24.1,1.908,12.67,65.95,60.04,9.83,86.3,70.7,3.518,4.329,1.833,3.798,33.57,3.267,7.3,48.94,.596,1.312,2.401,.724,1.539
101,2017,192,1200,12.75,4.002,1.988,4.146,18.72,4.208,6.19,1.102,2.62,1.71,1.734,107.2,4.305,2.248,8.01,75.2,71,6.984,97.5,82.6,3.344,4.618,2.159,2.695,38.26,2.987,14.09,57.62,.69,1.31,2.417,.801,1.369
101,2017,192,1210,12.75,2.937,1.784,1.781,12.11,7.8,35.62,1.039,2.256,1.477,2.4,95.6,3.633,1.823,4.109,71,64.78,5.518,87.5,74.7,3.094,3.963,1.637,3.121,36.18,2.925,10.65,54.5,.657,1.551,2.312,.737,1.451
101,2017,192,1220,12.75,3.261,1.921,1.372,9.74,3.811,40.51,1.017,2.57,1.581,1.665,72,4.598,2.139,4.025,55.23,47.66,6.355,65.18,48.36,4.645,4.081,1.667,4.518,30.01,3.871,4.491,37.9,.591,13.04,2.591,.628,1.873
101,2017,192,1230,12.75,2.952,1.879,1.333,13.61,3.355,16.24,1.075,2.618,1.544,1.605,86.8,4.062,1.992,6.036,70.3,50.44,5.699,80.1,65.77,26.63,3.838,1.608,2.583,37.56,7.9,2.804,52.31,.657,11.79,5.771,.774,2.565
101,2017,192,1240,12.75,2.469,1.558,1.126,7.47,4.687,2.174,1.005,5.65,1.561,1.374,108.4,4.112,1.69,3.471,88.7,49.02,9.69,100.8,83.7,41,3.674,1.521,2.116,45.17,46.51,2.533,71.1,.67,1.178,2.905,.879,1.566
101,2017,192,1250,12.75,3.171,1.452,1.117,4.798,8.32,2.034,3.623,4.54,7.35,1.479,109.8,3.99,1.891,3.256,96,59.41,53.22,104,19.13,31.47,3.62,1.623,2.533,50.42,38.18,3.102,77.1,.817,2.695,2.791,1.055,2.273
101,2017,192,1300,12.74,2.521,1.551,1.328,5.074,2.928,18.44,1.317,2.91,1.632,1.92,102.4,4.394,2.114,3.757,93.3,40.03,50.07,98.7,9.67,15.51,3.746,1.673,3.139,50.36,3.618,3.781,74.5,.864,23.17,3.024,.962,2.186
101,2017,192,1310,12.74,2.886,1.838,1.395,6.25,2.992,3.95,1.91,3.055,1.652,1.853,83.9,4.322,2.235,3.878,79,24.65,11.79,80.4,9.65,9.76,4.096,1.724,3.178,44.54,3.397,4.168,58.44,.802,1.722,3.506,.866,1.988
101,2017,192,1320,12.74,4.508,2.261,3.459,9.52,4.009,3.022,2.099,3.918,2.112,2.57,65.67,5.402,3.003,4.741,62.98,34.12,7.79,62.03,12.54,6.632,5.553,2.364,4.35,39.65,3.977,7.67,37.78,.941,1.96,4.106,.878,2.251
101,2017,192,1330,12.74,5.654,2.588,2.174,11.7,4.803,3.602,3.533,4.873,2.576,3.114,75.7,6.64,3.853,5.803,74.8,39.92,9.19,72.5,21.61,6.883,6.538,2.868,5.938,47.65,4.679,5.662,45.06,1.173,2.231,5.004,1.064,2.844
101,2017,192,1340,12.74,4.476,1.796,1.516,9.19,3.911,2.702,1.678,3.761,2.069,2.591,38.07,3.876,3.417,4.933,40.82,34.52,6.811,35.28,8.41,4.194,5.429,2.253,3.585,31.12,3.327,3.489,15.71,.938,1.596,4.707,.839,2.322
101,2017,192,1350,12.74,4.312,2.124,1.886,9.13,13.68,2.809,1.673,4.344,2.337,3.699,51.98,9.43,3.188,4.918,56.59,31.64,6.927,50.94,10.77,7.15,5.32,2.137,6.648,37.17,3.684,3.869,22.79,.955,2.945,4.27,.859,2.437
101,2017,192,1400,12.74,4.422,2.139,2.452,9.12,9.18,3.372,1.762,4.139,2.409,3.663,59.01,13.09,3.457,5.965,64.27,33.83,8.07,58.66,11.72,13.2,5.947,2.303,5.834,39.79,4.253,4.307,27.56,1.005,3.898,4.64,.893,3.184
101,2017,192,1410,12.74,4.136,1.826,1.742,8.73,4.097,2.766,1.911,3.411,2.213,2.749,51.01,16.11,3.251,4.999,57.46,33.14,6.974,49.54,9.54,17.04,5.245,2.171,4.669,38.04,3.789,3.643,28.87,1.015,2.829,5.022,.895,2.379
101,2017,192,1420,12.74,1.988,.915,.843,4.674,2.097,1.498,.983,1.94,1.116,1.457,21.56,1.898,1.952,3.106,23.07,20.59,3.484,20.21,4.714,2.568,3.089,1.303,2.019,17.9,1.925,1.789,8.46,.554,.858,3.064,.469,1.481
101,2017,192,1430,12.74,1.667,.777,.873,4.22,2.29,1.936,3.38,2.256,1.194,14.25,37.18,3.32,2.139,3.937,44.39,21.13,3.916,37.42,7.71,5.174,3.459,3.942,14.89,27.3,14.33,2.025,26.69,.822,1.139,2.926,.539,2.054
101,2017,192,1440,12.74,2.776,1.323,1.183,5.975,2.784,2.447,9.19,4.533,1.714,7.13,58.12,3.943,2.72,5.04,76.7,30.72,5.67,61.28,8.24,8.32,5.094,6.942,4.846,44.3,11.53,3.015,50.86,1.188,1.548,3.412,.7,2.411
101,2017,192,1450,12.74,3.724,1.678,1.432,8.29,3.736,2.66,5.945,7.2,2.069,2.586,54.37,3.741,3.595,5.238,71.6,37.21,6.541,56.54,8.9,7.52,6.092,2.454,5.451,44.7,6.644,3.367,42.99,1.156,1.684,4.325,.819,2.213
101,2017,192,1500,12.74,2.091,.787,.683,4.533,2.077,1.214,.812,1.568,1.06,1.065,16.65,1.461,1.812,2.245,17.46,17.06,3.065,14.91,3.491,1.32,2.797,1.091,1.424,15.15,1.422,1.514,5.958,.476,.727,2.379,.407,.967
101,2017,192,1510,12.73,1.486,.546,.479,3.285,1.712,.884,.662,1.163,.782,.754,10.93,.774,1.29,1.561,12.78,13.21,2.149,9.76,2.174,.833,2.087,.784,1.079,12,1.206,1.032,3.774,.36,.503,2.029,.369,.566
101,2017,192,1520,12.73,1.712,.647,.521,3.672,1.709,.953,.683,1.241,.814,.779,12.75,.941,1.298,1.645,14.12,14.43,2.483,11.21,2.598,.933,2.367,.928,1.213,12.85,1.26,1.156,4.339,.355,.529,1.987,.397,.623
101,2017,192,1530,12.74,2.478,1.045,.988,5.188,2.476,1.818,1.168,2.277,1.384,4.924,25.73,2.317,2.376,4.039,33.22,27.23,4.125,25.03,5.391,8.11,3.686,1.488,2.121,23.43,2.572,2.181,9.71,1.047,1.238,3.367,.528,1.6
101,2017,192,1540,12.73,2.218,.977,1.285,4.751,2.458,1.801,1.045,2.255,1.205,28.36,33.23,2.118,2.119,9.52,63.07,43.84,4.029,39.61,9.48,43.89,3.847,1.427,1.935,20.54,2.371,1.672,7.54,.868,1.33,2.681,.498,1.442
101,2017,192,1550,12.73,1.729,.811,1.883,3.728,2.005,1.454,.94,1.985,1.052,3.252,21.34,1.861,1.873,4.957,28.97,22.28,3.413,20.26,6.765,8.99,3.518,1.198,1.784,16.36,1.923,1.471,6.916,.623,.856,2.553,.452,1.297
101,2017,192,1600,12.73,2.486,.957,.766,5.522,2.501,1.511,.985,2.049,1.23,1.275,19.17,1.563,2.118,2.488,19.74,18.96,3.919,16.95,4.09,1.779,3.316,1.25,1.742,16.43,1.694,1.615,6.422,.545,.809,2.786,.464,1.089
101,2017,192,1610,12.74,1.637,.623,.555,3.543,1.88,1,.836,1.28,.863,.906,12.66,1.044,1.481,1.93,15.99,15.89,2.319,11.87,2.64,1.112,2.248,.895,1.339,14.71,1.422,1.211,5.341,.432,.61,2.712,.464,.769
101,2017,192,1620,12.73,1.349,.486,.424,2.875,1.295,.729,.55,.957,.652,.679,9.63,.717,1.089,1.401,11.79,11.74,1.893,8.89,1.897,.88,1.717,.679,.916,10.72,1.024,.896,3.656,.317,.451,1.64,.31,.57
101,2017,192,1630,12.73,.868,.374,.307,1.97,.965,.526,.38,.727,.472,.447,7.53,.491,.826,.913,7.55,7.79,1.359,6.321,1.432,.484,1.332,.469,.61,6.784,.618,.638,2.347,.225,.325,1.042,.193,.38
101,2017,192,1640,12.73,1.092,.441,.36,2.456,1.074,.66,.41,.895,.555,.558,9.54,.766,1.004,1.109,9.08,8.77,1.716,8.24,1.969,.756,1.55,.558,.752,7.54,.71,.824,3.232,.276,.409,1.178,.201,.469
101,2017,192,1650,12.72,.797,.377,.266,1.652,.848,.524,.377,.816,.444,.456,8.16,.618,.816,.871,8.24,7.54,1.476,6.494,1.568,.963,1.469,.486,.633,6.44,.652,.573,2.314,.266,.338,1.012,.198,.41
101,2017,192,1700,12.73,1.072,.427,.348,2.223,.916,.605,.414,.848,.483,.556,8.82,.771,.823,1.141,9.95,9.06,1.65,7.92,1.9,1.069,1.496,.553,.754,7.76,.799,.697,3.029,.235,.362,1.161,.208,.511
101,2017,192,1710,12.72,.722,.35,.263,1.563,.717,.488,.325,.633,.384,.457,6.68,.628,.627,.927,7.81,7.04,1.096,6.033,1.493,.844,1.134,.412,.608,6.164,.699,.545,2.583,.186,.28,.871,.168,.424
101,2017,192,1720,12.72,.546,.263,.196,1.196,.571,.375,.288,.489,.302,.369,4.589,.39,.506,.73,5.814,5.641,.787,4.302,.916,.539,.906,.333,.471,5.095,.496,.392,1.952,.144,.23,.786,.149,.374
101,2017,192,1730,12.72,.405,.173,.129,.834,.422,.25,.186,.369,.221,.236,3.274,.268,.355,.434,3.993,3.86,.591,2.857,.663,.41,.643,.243,.313,3.428,.369,.266,1.045,.111,.146,.488,.092,.191
101,2017,192,1740,12.73,.3,.122,.082,.598,.308,.179,.122,.258,.147,.154,2.285,.191,.253,.292,2.605,2.471,.439,1.932,.471,.278,.419,.157,.209,2.133,.241,.181,.685,.067,.101,.32,.064,.127
101,2017,192,1750,12.73,.168,.06,.05,.345,.151,.094,.064,.129,.077,.079,1.22,.104,.131,.154,1.287,1.181,.26,1.067,.28,.137,.204,.077,.107,1.012,.114,.094,.4,.035,.054,.163,.034,.069
101,2017,192,1800,12.73,.075,.023,.018,.151,.069,.042,.028,.055,.039,.04,.514,.047,.059,.069,.583,.545,.106,.456,.117,.059,.099,.04,.049,.481,.054,.047,.186,.012,.023,.079,.007,.032
101,2017,192,1810,12.73,.012,0,0,.03,.012,0,0,.007,0,.002,.101,.002,.01,.015,.152,.142,.017,.099,.02,.01,.017,0,.008,.134,.012,.003,.047,0,0,.017,0,0
101,2017,192,1820,12.73,0,0,0,0,0,0,0,0,0,0,.01,0,0,0,.012,.012,0,.008,0,0,0,0,0,.01,0,0,0,0,0,0,0,0
101,2017,192,1830,12.73,0,0,0,0,0,0,0,0,0,0,0,0,0,0,0,0,0,0,0,0,0,0,0,0,0,0,0,0,0,0,0,0
101,2017,192,1840,12.73,0,0,0,0,0,0,0,0,0,0,0,0,0,0,0,0,0,0,0,0,0,0,0,0,0,0,0,0,0,0,0,0
101,2017,192,1850,12.73,0,0,0,0,0,0,0,0,0,0,0,0,0,0,0,0,0,0,0,0,0,0,0,0,0,0,0,0,0,0,0,0
101,2017,192,1900,12.73,0,0,0,0,0,0,0,0,0,0,0,0,0,0,0,0,0,0,0,0,0,0,0,0,0,0,0,0,0,0,0,0
101,2017,192,1910,12.73,0,0,0,0,0,0,0,0,0,0,0,0,0,0,0,0,0,0,0,0,0,0,0,0,0,0,0,0,0,0,0,0
101,2017,192,1920,12.73,0,0,0,0,0,0,0,0,0,0,0,0,0,0,0,0,0,0,0,0,0,0,0,0,0,0,0,0,0,0,0,0
101,2017,192,1930,12.73,0,0,0,0,0,0,0,0,0,0,0,0,0,0,0,0,0,0,0,0,0,0,0,0,0,0,0,0,0,0,0,0
101,2017,192,1940,12.73,0,0,0,0,0,0,0,0,0,0,0,0,0,0,0,0,0,0,0,0,0,0,0,0,0,0,0,0,0,0,0,0
101,2017,192,1950,12.73,0,0,0,0,0,0,0,0,0,0,0,0,0,0,0,0,0,0,0,0,0,0,0,0,0,0,0,0,0,0,0,0
101,2017,192,2000,12.73,0,0,0,0,0,0,0,0,0,0,0,0,0,0,0,0,0,0,0,0,0,0,0,0,0,0,0,0,0,0,0,0
101,2017,192,2010,12.73,0,0,0,0,0,0,0,0,0,0,0,0,0,0,0,0,0,0,0,0,0,0,0,0,0,0,0,0,0,0,0,0
101,2017,192,2020,12.73,0,0,0,0,0,0,0,0,0,0,0,0,0,0,0,0,0,0,0,0,0,0,0,0,0,0,0,0,0,0,0,0
101,2017,192,2030,12.72,0,0,0,0,0,0,0,0,0,0,0,0,0,0,0,0,0,0,0,0,0,0,0,0,0,0,0,0,0,0,0,0
101,2017,192,2040,12.73,0,0,0,0,0,0,0,0,0,0,0,0,0,0,0,0,0,0,0,0,0,0,0,0,0,0,0,0,0,0,0,0
101,2017,192,2050,12.73,0,0,0,0,0,0,0,0,0,0,0,0,0,0,0,0,0,0,0,0,0,0,0,0,0,0,0,0,0,0,0,0
101,2017,192,2100,12.73,0,0,0,0,0,0,0,0,0,0,0,0,0,0,0,0,0,0,0,0,0,0,0,0,0,0,0,0,0,0,0,0
101,2017,192,2110,12.73,0,0,0,0,0,0,0,0,0,0,0,0,0,0,0,0,0,0,0,0,0,0,0,0,0,0,0,0,0,0,0,0
101,2017,192,2120,12.74,0,0,0,0,0,0,0,0,0,0,0,0,0,0,0,0,0,0,0,0,0,0,0,0,0,0,0,0,0,0,0,0
101,2017,192,2130,12.74,0,0,0,0,0,0,0,0,0,0,0,0,0,0,0,0,0,0,0,0,0,0,0,0,0,0,0,0,0,0,0,0
101,2017,192,2140,12.73,0,0,0,0,0,0,0,0,0,0,0,0,0,0,0,0,0,0,0,0,0,0,0,0,0,0,0,0,0,0,0,0
101,2017,192,2150,12.74,0,0,0,0,0,0,0,0,0,0,0,0,0,0,0,0,0,0,0,0,0,0,0,0,0,0,0,0,0,0,0,0
101,2017,192,2200,12.74,0,0,0,0,0,0,0,0,0,0,0,0,0,0,0,0,0,0,0,0,0,0,0,0,0,0,0,0,0,0,0,0
101,2017,192,2210,12.73,0,0,0,0,0,0,0,0,0,0,0,0,0,0,0,0,0,0,0,0,0,0,0,0,0,0,0,0,0,0,0,0
101,2017,192,2220,12.74,0,0,0,0,0,0,0,0,0,0,0,0,0,0,0,0,0,0,0,0,0,0,0,0,0,0,0,0,0,0,0,0
101,2017,192,2230,12.74,0,0,0,0,0,0,0,0,0,0,0,0,0,0,0,0,0,0,0,0,0,0,0,0,0,0,0,0,0,0,0,0
101,2017,192,2240,12.74,0,0,0,0,0,0,0,0,0,0,0,0,0,0,0,0,0,0,0,0,0,0,0,0,0,0,0,0,0,0,0,0
101,2017,192,2250,12.74,0,0,0,0,0,0,0,0,0,0,0,0,0,0,0,0,0,0,0,0,0,0,0,0,0,0,0,0,0,0,0,0
101,2017,192,2300,12.74,0,0,0,0,0,0,0,0,0,0,0,0,0,0,0,0,0,0,0,0,0,0,0,0,0,0,0,0,0,0,0,0
101,2017,192,2310,12.74,0,0,0,0,0,0,0,0,0,0,0,0,0,0,0,0,0,0,0,0,0,0,0,0,0,0,0,0,0,0,0,0
101,2017,192,2320,12.74,0,0,0,0,0,0,0,0,0,0,0,0,0,0,0,0,0,0,0,0,0,0,0,0,0,0,0,0,0,0,0,0
101,2017,192,2330,12.74,0,0,0,0,0,0,0,0,0,0,0,0,0,0,0,0,0,0,0,0,0,0,0,0,0,0,0,0,0,0,0,0
101,2017,192,2340,12.74,0,0,0,0,0,0,0,0,0,0,0,0,0,0,0,0,0,0,0,0,0,0,0,0,0,0,0,0,0,0,0,0
101,2017,192,2350,12.74,0,0,0,0,0,0,0,0,0,0,0,0,0,0,0,0,0,0,0,0,0,0,0,0,0,0,0,0,0,0,0,0
101,2017,192,2400,12.74,0,0,0,0,0,0,0,0,0,0,0,0,0,0,0,0,0,0,0,0,0,0,0,0,0,0,0,0,0,0,0,0
101,2017,193,10,12.73,0,0,0,0,0,0,0,0,0,0,0,0,0,0,0,0,0,0,0,0,0,0,0,0,0,0,0,0,0,0,0,0
101,2017,193,20,12.73,0,0,0,0,0,0,0,0,0,0,0,0,0,0,0,0,0,0,0,0,0,0,0,0,0,0,0,0,0,0,0,0
101,2017,193,30,12.73,0,0,0,0,0,0,0,0,0,0,0,0,0,0,0,0,0,0,0,0,0,0,0,0,0,0,0,0,0,0,0,0
101,2017,193,40,12.73,0,0,0,0,0,0,0,0,0,0,0,0,0,0,0,0,0,0,0,0,0,0,0,0,0,0,0,0,0,0,0,0
101,2017,193,50,12.73,0,0,0,0,0,0,0,0,0,0,0,0,0,0,0,0,0,0,0,0,0,0,0,0,0,0,0,0,0,0,0,0
101,2017,193,100,12.74,0,0,0,0,0,0,0,0,0,0,0,0,0,0,0,0,0,0,0,0,0,0,0,0,0,0,0,0,0,0,0,0
101,2017,193,110,12.74,0,0,0,0,0,0,0,0,0,0,0,0,0,0,0,0,0,0,0,0,0,0,0,0,0,0,0,0,0,0,0,0
101,2017,193,120,12.74,0,0,0,0,0,0,0,0,0,0,0,0,0,0,0,0,0,0,0,0,0,0,0,0,0,0,0,0,0,0,0,0
101,2017,193,130,12.74,0,0,0,0,0,0,0,0,0,0,0,0,0,0,0,0,0,0,0,0,0,0,0,0,0,0,0,0,0,0,0,0
101,2017,193,140,12.73,0,0,0,0,0,0,0,0,0,0,0,0,0,0,0,0,0,0,0,0,0,0,0,0,0,0,0,0,0,0,0,0
101,2017,193,150,12.73,0,0,0,0,0,0,0,0,0,0,0,0,0,0,0,0,0,0,0,0,0,0,0,0,0,0,0,0,0,0,0,0
101,2017,193,200,12.73,0,0,0,0,0,0,0,0,0,0,0,0,0,0,0,0,0,0,0,0,0,0,0,0,0,0,0,0,0,0,0,0
101,2017,193,210,12.73,0,0,0,0,0,0,0,0,0,0,0,0,0,0,0,0,0,0,0,0,0,0,0,0,0,0,0,0,0,0,0,0
101,2017,193,220,12.73,0,0,0,0,0,0,0,0,0,0,0,0,0,0,0,0,0,0,0,0,0,0,0,0,0,0,0,0,0,0,0,0
101,2017,193,230,12.73,0,0,0,0,0,0,0,0,0,0,0,0,0,0,0,0,0,0,0,0,0,0,0,0,0,0,0,0,0,0,0,0
101,2017,193,240,12.74,0,0,0,0,0,0,0,0,0,0,0,0,0,0,0,0,0,0,0,0,0,0,0,0,0,0,0,0,0,0,0,0
101,2017,193,250,12.73,0,0,0,0,0,0,0,0,0,0,0,0,0,0,0,0,0,0,0,0,0,0,0,0,0,0,0,0,0,0,0,0
101,2017,193,300,12.72,0,0,0,0,0,0,0,0,0,0,0,0,0,0,0,0,0,0,0,0,0,0,0,0,0,0,0,0,0,0,0,0
101,2017,193,310,12.72,0,0,0,0,0,0,0,0,0,0,0,0,0,0,0,0,0,0,0,0,0,0,0,0,0,0,0,0,0,0,0,0
101,2017,193,320,12.73,0,0,0,0,0,0,0,0,0,0,0,0,0,0,0,0,0,0,0,0,0,0,0,0,0,0,0,0,0,0,0,0
101,2017,193,330,12.72,0,0,0,0,0,0,0,0,0,0,0,0,0,0,0,0,0,0,0,0,0,0,0,0,0,0,0,0,0,0,0,0
101,2017,193,340,12.72,0,0,0,0,0,0,0,0,0,0,0,0,0,0,0,0,0,0,0,0,0,0,0,0,0,0,0,0,0,0,0,0
101,2017,193,350,12.72,0,0,0,0,0,0,0,0,0,0,0,0,0,0,0,0,0,0,0,0,0,0,0,0,0,0,0,0,0,0,0,0
101,2017,193,400,12.72,0,0,0,0,0,0,0,0,0,0,0,0,0,0,0,0,0,0,0,0,0,0,0,0,0,0,0,0,0,0,0,0
101,2017,193,410,12.72,0,0,0,0,0,0,0,0,0,0,0,0,0,0,0,0,0,0,0,0,0,0,0,0,0,0,0,0,0,0,0,0
101,2017,193,420,12.72,0,0,0,0,0,0,0,0,0,0,0,0,0,0,0,0,0,0,0,0,0,0,0,0,0,0,0,0,0,0,0,0
101,2017,193,430,12.72,0,0,0,0,0,0,0,0,0,0,0,0,0,0,0,0,0,0,0,0,0,0,0,0,0,0,0,0,0,0,0,0
101,2017,193,440,12.72,0,0,0,0,0,0,0,0,0,0,0,0,0,0,0,0,0,0,0,0,0,0,0,0,0,0,0,0,0,0,0,0
101,2017,193,450,12.72,0,0,0,0,0,0,0,0,0,0,0,0,0,0,0,0,0,0,0,0,0,0,0,0,0,0,0,0,0,0,0,0
101,2017,193,500,12.72,0,0,0,0,0,0,0,0,0,0,0,0,0,0,0,0,0,0,0,0,0,0,0,0,0,0,0,0,0,0,0,0
101,2017,193,510,12.72,0,0,0,0,0,0,0,0,0,0,0,0,0,0,0,0,0,0,0,0,0,0,0,0,0,0,0,0,0,0,0,0
101,2017,193,520,12.72,0,0,0,0,0,0,0,0,0,0,0,0,0,0,0,0,0,0,0,0,0,0,0,0,0,0,0,0,0,0,0,0
101,2017,193,530,12.72,0,0,0,0,0,0,0,0,0,0,0,0,0,0,0,0,0,0,0,0,0,0,0,0,0,0,0,0,0,0,0,0
101,2017,193,540,12.72,0,0,0,0,0,0,0,0,0,0,0,0,0,0,0,0,0,0,0,0,0,0,0,0,0,0,0,0,0,0,0,0
101,2017,193,550,12.72,0,0,0,0,0,0,0,0,0,0,0,0,0,0,0,0,0,0,0,0,0,0,0,0,0,0,0,0,0,0,0,0
101,2017,193,600,12.72,0,0,0,0,0,0,0,0,0,0,0,0,0,0,0,0,0,0,0,0,0,0,0,0,0,0,0,0,0,0,0,0
101,2017,193,610,12.72,0,0,0,0,0,0,0,0,0,0,0,0,0,0,0,0,0,0,0,0,0,0,0,0,0,0,0,0,0,0,0,0
101,2017,193,620,12.72,0,0,0,0,0,0,0,0,0,0,0,0,0,0,0,0,0,0,0,0,0,0,0,0,0,0,0,0,0,0,0,0
101,2017,193,630,12.72,0,0,0,0,0,0,0,0,0,0,0,0,0,0,0,0,0,0,0,0,0,0,0,0,0,0,0,0,0,0,0,0
101,2017,193,640,12.72,0,0,0,0,0,0,0,0,0,0,0,0,0,0,0,0,0,0,0,0,0,0,0,0,0,0,0,0,0,0,0,0
101,2017,193,650,12.72,0,0,0,.008,0,0,0,0,0,0,.04,0,0,0,.04,.047,.005,.045,.008,0,.007,0,0,.04,0,0,.013,0,0,0,0,0
101,2017,193,700,12.72,.04,.017,.005,.07,.037,.025,.015,.027,.025,.015,.221,.018,.035,.03,.246,.283,.055,.275,.059,.013,.044,.015,.023,.236,.025,.022,.077,0,.003,.035,0,.01
101,2017,193,710,12.72,.112,.042,.034,.213,.092,.062,.039,.072,.05,.042,.602,.049,.097,.087,.687,.809,.154,.742,.153,.04,.122,.044,.052,.659,.052,.062,.223,.025,.034,.102,.022,.035
101,2017,193,720,12.72,.208,.082,.064,.399,.169,.121,.075,.131,.092,.084,1.197,.099,.169,.183,1.383,1.597,.28,1.549,.318,.089,.209,.077,.111,1.316,.104,.121,.473,.034,.059,.204,.034,.075
101,2017,193,730,12.72,.275,.104,.092,.501,.243,.178,.117,.184,.136,.141,1.823,.166,.248,.305,2.259,2.469,.365,2.413,.473,.164,.29,.121,.176,2.102,.171,.186,.793,.065,.092,.337,.045,.126
101,2017,193,740,12.73,.302,.109,.084,.533,.251,.188,.107,.213,.141,.134,2.043,.189,.258,.28,2.276,2.484,.419,2.544,.536,.171,.35,.139,.183,2.073,.173,.186,.734,.067,.096,.322,.045,.117
101,2017,193,750,12.73,.566,.225,.163,1.148,.484,.35,.208,.384,.28,.228,3.489,.25,.499,.439,3.645,4.411,.816,4.156,.821,.191,.659,.25,.297,3.53,.277,.32,1.037,.112,.154,.541,.084,.168
101,2017,193,800,12.73,1.381,.523,.365,2.801,1.006,.761,.362,.838,.556,.459,7.76,.516,1.024,.872,7.2,8.84,1.986,9.42,2.015,.404,1.472,.525,.632,6.734,.53,.662,2.266,.203,.308,.89,.146,.349
101,2017,193,810,12.73,2.02,.818,.535,4.29,1.585,1.183,.483,1.275,.831,.687,11.71,.808,1.537,1.284,10.74,13.17,2.966,14.05,3.288,.625,2.132,.732,.959,9.88,.83,.98,3.231,.293,.416,1.252,.233,.459
101,2017,193,820,12.72,1.701,.659,.427,3.94,1.537,1.193,.434,1.109,.764,.563,11.05,.717,1.415,1.071,9.32,12.19,2.834,12.56,2.998,.503,2.403,.821,.892,8.77,.724,.798,2.204,.246,.345,1.029,.203,.365
101,2017,193,830,12.72,1.182,.558,.36,2.785,1.183,.979,.429,.928,.595,.498,11.79,.858,1.073,1.044,9.54,11.62,2.182,13.22,3.374,.696,2.113,.742,.877,8.8,.82,.737,2.75,.228,.328,1.036,.213,.396
101,2017,193,840,12.72,2.135,.937,.655,5.125,2.162,1.788,.912,1.634,1.066,.848,50.31,1.663,1.998,1.775,15.07,18.2,3.902,57.26,5.953,1.002,14.73,10.68,1.797,12.42,1.252,1.2,3.682,.372,.486,1.534,.32,.585
101,2017,193,850,12.72,2.626,1.202,.804,7.03,2.75,2.485,.959,2.026,1.302,.93,39.3,1.698,2.383,1.768,15.07,24.34,5.293,43.34,7.82,.95,9.54,8.22,2.045,12.85,1.307,1.393,3.305,.364,.498,1.461,.315,.556
101,2017,193,900,12.72,1.413,.655,.563,4.093,2.001,3.917,1.684,1.391,.91,.687,70.4,1.701,1.76,1.56,13.36,44.38,3.258,78.7,8.38,.751,25.25,35.89,1.535,11.53,1.021,.937,2.44,.33,.401,1.163,.282,.823
101,2017,193,910,12.72,1.559,.737,.652,4.932,2.489,2.785,.771,1.456,1.017,.759,76.2,1.745,1.854,1.753,16.12,48.77,3.84,84.7,18.07,.825,27.31,34.65,1.565,12.1,1.207,1.069,2.69,.359,.431,1.242,.3,.515
101,2017,193,920,12.72,4.376,1.999,1.324,12.27,4.242,3.871,1.101,2.971,2.006,1.48,60.56,2.345,3.489,2.797,23.64,41.13,8.78,66.82,12.04,1.446,15.48,11.21,2.864,19.1,1.981,2.202,5.677,.511,.808,2.08,.424,.93
101,2017,193,930,12.72,4.728,2.263,1.59,17.8,4.832,3.947,1.215,3.181,2.152,1.721,52.9,2.752,3.628,3.131,26.65,37.96,9.09,57.93,13.25,1.812,9.89,2.874,3.221,21.95,2.387,2.509,6.895,.538,.878,2.514,.478,1.036
101,2017,193,940,12.72,2.636,1.346,.98,16.02,3.449,2.75,.779,1.937,1.311,1.063,48.53,1.843,2.283,2.076,18.74,30.83,5.477,52.37,10.21,1.153,9.14,2.252,2.2,14.77,1.602,1.51,3.781,.335,.516,1.456,.325,.633
101,2017,193,950,12.72,1.394,.67,.739,34.37,5.101,8.66,.771,2.282,1.012,.813,91.9,1.666,1.818,2.046,27.82,45.78,3.432,99.7,23.17,1.282,17.57,1.986,1.731,18.59,1.267,1.133,2.819,.528,.441,1.341,.367,1.081
101,2017,193,1000,12.72,1.403,.67,.741,37.84,3.184,8.19,1.778,2.192,1.039,.87,103.7,1.51,1.838,2.105,32.52,26.06,3.177,112.1,6.693,1.309,28.69,14.35,1.669,22.09,1.351,1.16,2.824,.407,.469,1.336,.409,.642
101,2017,193,1010,12.72,1.397,.685,.898,36.91,3.162,47,6.821,2.312,1.039,.875,105.9,1.503,1.843,7.33,35.58,12.79,3.117,113.6,78,1.299,32.95,3.073,44.81,24.76,1.449,1.252,2.889,.417,.473,1.361,.488,1.094
101,2017,193,1020,12.71,1.424,.726,.824,37.45,3.554,27.38,14.27,1.451,1.24,.906,107.5,1.52,1.83,19.91,39.75,12.07,3.288,114.3,91.7,1.377,23.44,4.033,52.75,27.7,1.585,1.379,2.993,.436,.501,1.399,.466,.65
101,2017,193,1030,12.72,1.439,.704,.839,38.42,8.38,1.659,8.56,1.629,1.052,.938,108.8,1.575,1.788,21.48,44.1,11.91,12.38,114.8,55.61,1.898,13.04,2.024,34.2,30.69,1.917,1.369,3.125,.436,.511,1.426,.436,1.297
101,2017,193,1040,12.71,2.781,.717,.883,39.07,46.64,4.626,.799,1.898,1.039,.968,110.4,1.588,1.742,23.52,49.1,11.89,5.831,115.1,94.3,2.669,5.294,1.582,53.45,33.69,1.96,1.401,3.232,.436,.536,1.464,.447,3.957
101,2017,193,1050,12.72,1.448,.746,.916,36.3,61.14,2.326,1.833,1.476,1.042,.985,112.5,1.612,1.742,27.57,54.03,12.34,3.862,115.2,95,1.754,3.58,1.454,1.515,36.57,1.985,1.583,7.43,.436,.561,1.491,.565,.715
101,2017,193,1100,12.72,1.491,.794,.963,29.92,53.96,9.97,1.057,1.508,1.072,1.017,115.4,1.786,1.752,28.43,58.88,16.63,4.56,115,93.9,1.791,3.696,1.587,1.501,39.16,2.267,1.528,13.25,.447,.59,1.969,3.309,.759
101,2017,193,1110,12.72,1.399,.717,.891,17.98,4.329,4.018,.854,1.362,.972,.925,87.5,2.476,1.515,19.51,48.76,30.33,4.214,86.3,68.73,1.895,4.698,1.31,1.689,32.04,2.949,1.354,33.36,.412,.59,1.652,.615,.826
101,2017,193,1120,12.72,1.51,.828,1.972,18.83,14.14,5.815,.833,1.515,1.111,1.107,116.6,3.111,1.706,10.18,68.67,64.93,3.946,114.2,96.4,2.406,4.457,1.439,1.759,42.4,3.217,1.526,60.82,.513,.707,1.91,.868,.968
101,2017,193,1130,12.72,1.436,.875,1.069,10.96,6.883,3.197,.883,1.513,1.047,1.114,83.6,4.566,1.518,3.704,52.31,49.8,4.946,80.2,62.95,2.766,3.425,1.556,2.084,31.55,2.741,1.759,39.23,.456,.808,2.089,.499,1.141
101,2017,193,1140,12.72,1.469,1.012,1.017,8.23,2.748,9.11,.861,1.577,1.027,1.116,86.5,14.97,1.52,15,56.59,54.12,5.536,83.2,67.23,2.754,3.255,1.466,2.424,33.12,2.351,1.853,44.58,.496,.796,2.103,.545,6.759
101,2017,193,1150,12.72,1.555,.942,1.211,6.031,1.949,10.18,.838,1.53,1.092,1.149,110.3,35.29,1.634,26.39,76.3,75.9,5.035,106.1,93.8,2.816,3.111,1.458,2.16,41.2,2.118,9.07,63.58,.595,.846,1.897,.677,1.407
101,2017,193,1200,12.73,1.625,.96,2.141,16.33,2.341,2.585,.831,1.55,1.087,1.124,113.6,2.285,1.625,25.93,82.1,78.7,3.433,109.2,99.4,2.661,2.925,1.59,1.696,41.14,2.153,17.81,68.35,.635,.809,1.814,.72,1.027
101,2017,193,1210,12.72,1.61,1.012,2.049,9.82,15.5,46.46,.831,1.533,1.089,1.779,112.4,2.346,1.535,21.85,84.3,77,3.421,108.2,99.9,2.6,2.893,1.24,4.028,40.54,1.942,18.14,70.6,.655,.938,1.747,.727,1.104
101,2017,193,1220,12.72,1.99,1.293,.826,8.05,5.763,100.8,.811,1.541,1.107,1.087,112.2,2.86,1.568,18.37,86.8,79.6,3.483,107.8,100.4,3.721,2.895,1.27,10.59,41.94,12.36,14.31,72.7,.668,27.63,2.149,.742,1.146
101,2017,193,1230,12.72,2.458,1.29,.853,10.2,2.99,33.81,.834,1.772,1.181,1.101,110.5,2.883,1.566,13.17,89.1,64.91,3.634,104.9,99.8,36.92,2.901,1.27,1.913,43.85,30.67,1.761,74.7,.601,11.26,3.513,.807,15.56
101,2017,193,1240,12.71,1.717,1.153,.856,5.019,3.583,1.491,.846,3.95,1.322,1.092,107.8,3.032,1.478,2.881,91.3,51.92,8.07,103.5,96.5,45.97,2.764,1.211,1.704,45.62,41.28,1.891,76.7,.627,.962,2.414,.833,1.29
101,2017,193,1250,12.71,1.757,1.101,.764,3.176,9.28,1.395,2.138,3.35,2.364,1.072,103.6,2.509,1.432,2.395,92.3,59.76,59.96,101.1,30.99,33.72,2.622,1.116,1.618,47.06,43.28,2.474,78,.663,3.799,2.014,.931,3.737
101,2017,193,1300,12.71,1.62,1.037,.794,3.049,2.179,22.43,.91,1.985,1.276,1.101,97.7,2.092,1.399,2.285,90.8,32.48,58.96,96.7,5.097,16.08,2.516,1.096,1.613,47.25,2.576,2.789,77.3,.663,30.17,1.955,.819,1.414
101,2017,193,1310,12.71,1.514,.997,.727,3.035,1.799,2.248,2.89,2.65,1.034,1.044,94.3,1.998,1.348,2.302,91.2,19.69,8.05,94.3,4.319,11.01,2.479,1.087,1.635,47.94,2.178,7.58,77.4,.648,1.216,2.303,.807,1.168
101,2017,193,1320,12.7,1.466,.94,15.01,2.992,1.508,1.141,13.99,3.878,1.082,1.158,93.8,1.985,1.325,2.265,94.4,18.68,2.933,95.1,4.174,7.3,2.496,1.124,1.606,50.05,2.312,18.62,80.7,.685,1.147,2.136,.843,1.176
101,2017,193,1330,12.71,1.449,.898,.767,2.926,1.521,1.102,6.781,4.344,1.106,1.079,90.7,2.312,1.293,2.258,95.1,14.77,2.89,93.4,24.62,5.861,2.513,1.142,5.194,50.72,2.369,3.065,81.2,.72,1.152,2.253,.843,1.209
101,2017,193,1340,12.68,1.395,.836,1.496,3.143,2.04,1.072,.876,43.88,1.084,1.853,87.3,14.8,1.271,2.288,95.4,10.59,2.95,91.1,7.86,5.322,2.469,1.146,2.005,51.14,2.189,2.342,81.5,.734,1.667,2.531,.822,1.211
101,2017,193,1350,12.71,1.35,.802,.714,4.469,21.31,1.072,.848,10.47,1.353,6.583,83.7,39.13,1.243,2.39,95.5,9.83,3.027,88.7,27.55,5.711,2.462,1.102,20.04,51.36,2.015,2.323,52.23,.72,2.203,2.699,.804,1.144
101,2017,193,1400,12.71,1.308,.719,7.51,2.712,14.51,1.069,.834,1.417,1.05,1.923,79.7,44.68,1.233,2.545,95.4,9.56,2.776,86.3,3.808,32.3,7.92,1.054,2.725,51.35,1.967,2.266,48.32,.761,2.225,1.995,.896,1.208
101,2017,193,1410,12.73,1.276,.643,5.201,2.623,1.34,1.039,.819,1.345,1.01,7.71,75.8,50.54,1.201,2.705,95.2,9.45,2.652,83.6,3.628,64.05,2.539,1.298,2.462,51.21,2.158,2.129,79.2,.688,2.173,1.742,.791,1.201
101,2017,193,1420,12.73,1.178,.603,1.077,2.556,1.3,2.417,1.017,1.359,12.73,4.253,71.6,2.042,1.173,2.823,94.6,9.48,2.575,80.7,10.12,17.27,2.576,1.126,1.317,50.88,3.225,2.017,80.6,.637,1.034,1.608,.59,1.292
101,2017,193,1430,12.71,1.157,.561,.506,2.484,1.248,2.086,27.38,1.295,.963,32.6,67.12,1.752,1.186,2.885,93.9,10.73,2.477,77.3,30.77,4.578,2.548,6.225,34.87,50.3,29.85,1.866,79.9,.71,.903,1.491,.529,1.68
101,2017,193,1440,12.71,1.102,.519,1.134,2.432,1.24,.965,17.46,6.804,.936,15.91,62.41,1.591,1.106,2.791,92.8,16.4,2.466,73.1,3.303,5.908,2.806,12.24,2.998,49.54,22.26,1.784,78.8,.829,.93,1.402,.477,1.116
101,2017,193,1450,12.72,1.09,.498,.66,2.372,1.426,.931,4.089,7.94,.879,.993,57.49,1.514,1.536,3.402,91.7,19.33,2.402,69.04,3.132,8.11,3.367,1.065,10.47,48.58,37.92,1.786,77.6,1.08,1.008,1.342,.436,.879
101,2017,193,1500,12.72,1.251,.472,.441,2.31,1.164,1.853,9.27,8.77,.826,7.98,52.02,1.503,1.072,3.553,90.2,9.41,2.325,64.62,3.022,14.22,2.38,1.131,1.338,47.44,86.9,1.823,76.1,16.1,1.235,1.307,.436,.781
101,2017,193,1510,12.7,1.029,.461,.436,2.253,1.141,9.41,10.85,1.173,.767,1.166,46.52,1.431,1.032,2.853,88.5,10.48,2.173,60.01,2.952,61.43,2.322,.869,1.057,46.14,27.2,1.57,73.3,22.72,1.081,1.26,.409,.697
101,2017,193,1520,12.7,1.004,.436,1.246,2.193,1.107,1.017,.648,1.122,.717,51.28,41.06,1.355,1.044,10.9,86.2,41.52,2.082,55.5,2.908,84.1,2.138,.958,1.414,44.44,1.427,1.352,16.36,24.94,1.015,1.245,.385,.613
101,2017,193,1530,12.69,.972,.436,.436,2.128,3.048,5.735,.601,1.069,.672,66.89,35.65,1.307,.985,20.01,83.8,55.94,1.975,50.81,2.937,80.9,2.056,.856,1.139,29.09,1.154,1.035,3.083,2.935,4.492,1.225,.352,.558
101,2017,193,1540,12.7,.94,.436,.963,2.071,4.577,.866,.578,1.014,.632,58.61,30.6,1.203,.947,19.44,81.6,53.18,1.892,46.32,8.77,75.6,2.026,.732,.921,11.81,1.007,.88,2.952,.449,1.055,1.246,.338,.531
101,2017,193,1550,12.7,.905,.429,8.56,1.975,1.007,.68,.513,.943,.576,21.02,25.62,1.111,.896,28.83,78.1,49.51,1.814,41.29,33.12,59.78,1.947,1.071,.853,7.84,.913,.741,2.677,.374,.739,1.139,.293,.488
101,2017,193,1600,12.71,.88,.404,12.72,1.9,.95,.623,.484,.893,.524,.725,21.08,1.059,.848,16.32,75.1,46.02,1.66,36.6,29.74,17.54,1.892,.665,.806,7.74,.883,.665,2.552,.32,.548,1.107,.268,.452
101,2017,193,1610,12.73,.868,.404,.34,1.818,.895,.571,.459,.831,.484,.573,17.03,.928,.791,1.476,70.9,39.91,1.484,33.5,26.96,51.9,1.825,.69,.746,7.2,.833,.593,2.403,.27,.434,1.047,.241,.436
101,2017,193,1620,12.73,.813,.367,.28,1.734,.849,.519,.434,.782,.442,.506,13.11,.839,.715,1.208,63.99,15.48,1.357,29.89,5.938,1.942,1.742,.546,.692,6.985,.774,.553,2.295,.243,.374,.995,.23,.426
101,2017,193,1630,12.73,.767,.347,.268,1.674,.829,.498,.432,.742,.441,.472,10.28,.667,.674,1.074,57.23,8.24,1.283,14.07,1.756,.995,1.662,.524,.662,7.04,.831,.536,2.225,.235,.33,.982,.206,.407
101,2017,193,1640,12.72,.734,.333,.261,1.57,.803,.472,.462,.719,.427,.471,8.16,.571,.653,1.03,41.28,8.3,1.2,6.296,1.508,1.015,1.595,.491,.653,7.23,.843,.506,2.279,.231,.32,1.081,.206,.421
101,2017,193,1650,12.72,.67,.303,.218,1.449,.725,.439,.387,.635,.397,.416,6.673,.493,.59,.829,7.96,7.11,1.106,5.358,1.324,.781,1.461,.457,.561,6.189,.739,.454,1.93,.201,.268,.843,.184,.348
101,2017,193,1700,12.72,.596,.268,.201,1.315,.65,.407,.328,.57,.36,.369,6.12,.444,.541,.73,6.832,6.308,1.024,4.808,1.161,.645,1.317,.432,.488,5.779,.628,.436,1.679,.169,.235,.717,.156,.308
101,2017,193,1710,12.72,.533,.241,.183,1.176,.58,.362,.266,.504,.325,.325,5.474,.417,.489,.643,6.021,5.641,.923,4.292,1.034,.556,1.169,.389,.442,4.919,.531,.397,1.478,.152,.203,.637,.134,.273
101,2017,193,1720,12.72,.461,.204,.147,1.019,.498,.318,.216,.441,.278,.28,4.706,.359,.437,.536,5.15,4.875,.801,3.691,.88,.467,.995,.338,.4,4.225,.447,.345,1.253,.134,.184,.539,.121,.226
101,2017,193,1730,12.73,.407,.174,.129,.836,.424,.256,.183,.379,.225,.223,3.813,.286,.374,.439,4.15,3.956,.653,2.991,.709,.399,.786,.273,.322,3.421,.384,.276,1,.101,.146,.442,.095,.186
101,2017,193,1740,12.73,.308,.124,.09,.615,.325,.191,.131,.28,.168,.168,2.778,.208,.28,.337,3.017,2.882,.481,2.185,.514,.292,.563,.201,.235,2.498,.283,.206,.719,.075,.109,.34,.067,.132
101,2017,193,1750,12.73,.186,.075,.059,.385,.198,.114,.079,.171,.101,.099,1.639,.126,.171,.203,1.806,1.716,.31,1.305,.332,.176,.352,.126,.142,1.494,.174,.127,.436,.047,.064,.208,.042,.079
101,2017,193,1800,12.72,.077,.032,.023,.161,.082,.049,.037,.069,.044,.044,.652,.05,.07,.085,.749,.704,.127,.539,.137,.074,.139,.05,.055,.618,.072,.049,.194,.02,.028,.087,.018,.037
101,2017,193,1810,12.72,.015,0,0,.035,.015,.005,.002,.015,.003,.007,.144,.012,.013,.02,.188,.168,.03,.126,.032,.022,.028,.007,.012,.154,.015,.008,.049,0,0,.018,0,.002
101,2017,193,1820,12.73,0,0,0,0,0,0,0,0,0,0,.013,0,0,0,.018,.017,0,.012,0,0,0,0,0,.015,0,0,0,0,0,0,0,0
101,2017,193,1830,12.73,0,0,0,0,0,0,0,0,0,0,0,0,0,0,0,0,0,0,0,0,0,0,0,0,0,0,0,0,0,0,0,0
101,2017,193,1840,12.71,0,0,0,0,0,0,0,0,0,0,0,0,0,0,0,0,0,0,0,0,0,0,0,0,0,0,0,0,0,0,0,0
101,2017,193,1850,12.71,0,0,0,0,0,0,0,0,0,0,0,0,0,0,0,0,0,0,0,0,0,0,0,0,0,0,0,0,0,0,0,0
101,2017,193,1900,12.71,0,0,0,0,0,0,0,0,0,0,0,0,0,0,0,0,0,0,0,0,0,0,0,0,0,0,0,0,0,0,0,0
101,2017,193,1910,12.7,0,0,0,0,0,0,0,0,0,0,0,0,0,0,0,0,0,0,0,0,0,0,0,0,0,0,0,0,0,0,0,0
101,2017,193,1920,12.71,0,0,0,0,0,0,0,0,0,0,0,0,0,0,0,0,0,0,0,0,0,0,0,0,0,0,0,0,0,0,0,0
101,2017,193,1930,12.71,0,0,0,0,0,0,0,0,0,0,0,0,0,0,0,0,0,0,0,0,0,0,0,0,0,0,0,0,0,0,0,0
101,2017,193,1940,12.71,0,0,0,0,0,0,0,0,0,0,0,0,0,0,0,0,0,0,0,0,0,0,0,0,0,0,0,0,0,0,0,0
101,2017,193,1950,12.71,0,0,0,0,0,0,0,0,0,0,0,0,0,0,0,0,0,0,0,0,0,0,0,0,0,0,0,0,0,0,0,0
101,2017,193,2000,12.71,0,0,0,0,0,0,0,0,0,0,0,0,0,0,0,0,0,0,0,0,0,0,0,0,0,0,0,0,0,0,0,0
101,2017,193,2010,12.71,0,0,0,0,0,0,0,0,0,0,0,0,0,0,0,0,0,0,0,0,0,0,0,0,0,0,0,0,0,0,0,0
101,2017,193,2020,12.71,0,0,0,0,0,0,0,0,0,0,0,0,0,0,0,0,0,0,0,0,0,0,0,0,0,0,0,0,0,0,0,0
101,2017,193,2030,12.7,0,0,0,0,0,0,0,0,0,0,0,0,0,0,0,0,0,0,0,0,0,0,0,0,0,0,0,0,0,0,0,0
101,2017,193,2040,12.7,0,0,0,0,0,0,0,0,0,0,0,0,0,0,0,0,0,0,0,0,0,0,0,0,0,0,0,0,0,0,0,0
101,2017,193,2050,12.7,0,0,0,0,0,0,0,0,0,0,0,0,0,0,0,0,0,0,0,0,0,0,0,0,0,0,0,0,0,0,0,0
101,2017,193,2100,12.7,0,0,0,0,0,0,0,0,0,0,0,0,0,0,0,0,0,0,0,0,0,0,0,0,0,0,0,0,0,0,0,0
101,2017,193,2110,12.7,0,0,0,0,0,0,0,0,0,0,0,0,0,0,0,0,0,0,0,0,0,0,0,0,0,0,0,0,0,0,0,0
101,2017,193,2120,12.72,0,0,0,0,0,0,0,0,0,0,0,0,0,0,0,0,0,0,0,0,0,0,0,0,0,0,0,0,0,0,0,0
101,2017,193,2130,12.72,0,0,0,0,0,0,0,0,0,0,0,0,0,0,0,0,0,0,0,0,0,0,0,0,0,0,0,0,0,0,0,0
101,2017,193,2140,12.72,0,0,0,0,0,0,0,0,0,0,0,0,0,0,0,0,0,0,0,0,0,0,0,0,0,0,0,0,0,0,0,0
101,2017,193,2150,12.72,0,0,0,0,0,0,0,0,0,0,0,0,0,0,0,0,0,0,0,0,0,0,0,0,0,0,0,0,0,0,0,0
101,2017,193,2200,12.72,0,0,0,0,0,0,0,0,0,0,0,0,0,0,0,0,0,0,0,0,0,0,0,0,0,0,0,0,0,0,0,0
101,2017,193,2210,12.72,0,0,0,0,0,0,0,0,0,0,0,0,0,0,0,0,0,0,0,0,0,0,0,0,0,0,0,0,0,0,0,0
101,2017,193,2220,12.72,0,0,0,0,0,0,0,0,0,0,0,0,0,0,0,0,0,0,0,0,0,0,0,0,0,0,0,0,0,0,0,0
101,2017,193,2230,12.72,0,0,0,0,0,0,0,0,0,0,0,0,0,0,0,0,0,0,0,0,0,0,0,0,0,0,0,0,0,0,0,0
101,2017,193,2240,12.72,0,0,0,0,0,0,0,0,0,0,0,0,0,0,0,0,0,0,0,0,0,0,0,0,0,0,0,0,0,0,0,0
101,2017,193,2250,12.71,0,0,0,0,0,0,0,0,0,0,0,0,0,0,0,0,0,0,0,0,0,0,0,0,0,0,0,0,0,0,0,0
101,2017,193,2300,12.71,0,0,0,0,0,0,0,0,0,0,0,0,0,0,0,0,0,0,0,0,0,0,0,0,0,0,0,0,0,0,0,0
101,2017,193,2310,12.71,0,0,0,0,0,0,0,0,0,0,0,0,0,0,0,0,0,0,0,0,0,0,0,0,0,0,0,0,0,0,0,0
101,2017,193,2320,12.71,0,0,0,0,0,0,0,0,0,0,0,0,0,0,0,0,0,0,0,0,0,0,0,0,0,0,0,0,0,0,0,0
101,2017,193,2330,12.72,0,0,0,0,0,0,0,0,0,0,0,0,0,0,0,0,0,0,0,0,0,0,0,0,0,0,0,0,0,0,0,0
101,2017,193,2340,12.71,0,0,0,0,0,0,0,0,0,0,0,0,0,0,0,0,0,0,0,0,0,0,0,0,0,0,0,0,0,0,0,0
101,2017,193,2350,12.71,0,0,0,0,0,0,0,0,0,0,0,0,0,0,0,0,0,0,0,0,0,0,0,0,0,0,0,0,0,0,0,0
101,2017,193,2400,12.71,0,0,0,0,0,0,0,0,0,0,0,0,0,0,0,0,0,0,0,0,0,0,0,0,0,0,0,0,0,0,0,0
101,2017,194,10,12.71,0,0,0,0,0,0,0,0,0,0,0,0,0,0,0,0,0,0,0,0,0,0,0,0,0,0,0,0,0,0,0,0
101,2017,194,20,12.71,0,0,0,0,0,0,0,0,0,0,0,0,0,0,0,0,0,0,0,0,0,0,0,0,0,0,0,0,0,0,0,0
101,2017,194,30,12.71,0,0,0,0,0,0,0,0,0,0,0,0,0,0,0,0,0,0,0,0,0,0,0,0,0,0,0,0,0,0,0,0
101,2017,194,40,12.71,0,0,0,0,0,0,0,0,0,0,0,0,0,0,0,0,0,0,0,0,0,0,0,0,0,0,0,0,0,0,0,0
101,2017,194,50,12.7,0,0,0,0,0,0,0,0,0,0,0,0,0,0,0,0,0,0,0,0,0,0,0,0,0,0,0,0,0,0,0,0
101,2017,194,100,12.7,0,0,0,0,0,0,0,0,0,0,0,0,0,0,0,0,0,0,0,0,0,0,0,0,0,0,0,0,0,0,0,0
101,2017,194,110,12.71,0,0,0,0,0,0,0,0,0,0,0,0,0,0,0,0,0,0,0,0,0,0,0,0,0,0,0,0,0,0,0,0
101,2017,194,120,12.71,0,0,0,0,0,0,0,0,0,0,0,0,0,0,0,0,0,0,0,0,0,0,0,0,0,0,0,0,0,0,0,0
101,2017,194,130,12.71,0,0,0,0,0,0,0,0,0,0,0,0,0,0,0,0,0,0,0,0,0,0,0,0,0,0,0,0,0,0,0,0
101,2017,194,140,12.71,0,0,0,0,0,0,0,0,0,0,0,0,0,0,0,0,0,0,0,0,0,0,0,0,0,0,0,0,0,0,0,0
101,2017,194,150,12.71,0,0,0,0,0,0,0,0,0,0,0,0,0,0,0,0,0,0,0,0,0,0,0,0,0,0,0,0,0,0,0,0
101,2017,194,200,12.7,0,0,0,0,0,0,0,0,0,0,0,0,0,0,0,0,0,0,0,0,0,0,0,0,0,0,0,0,0,0,0,0
101,2017,194,210,12.7,0,0,0,0,0,0,0,0,0,0,0,0,0,0,0,0,0,0,0,0,0,0,0,0,0,0,0,0,0,0,0,0
101,2017,194,220,12.7,0,0,0,0,0,0,0,0,0,0,0,0,0,0,0,0,0,0,0,0,0,0,0,0,0,0,0,0,0,0,0,0
101,2017,194,230,12.7,0,0,0,0,0,0,0,0,0,0,0,0,0,0,0,0,0,0,0,0,0,0,0,0,0,0,0,0,0,0,0,0
101,2017,194,240,12.71,0,0,0,0,0,0,0,0,0,0,0,0,0,0,0,0,0,0,0,0,0,0,0,0,0,0,0,0,0,0,0,0
101,2017,194,250,12.71,0,0,0,0,0,0,0,0,0,0,0,0,0,0,0,0,0,0,0,0,0,0,0,0,0,0,0,0,0,0,0,0
101,2017,194,300,12.72,0,0,0,0,0,0,0,0,0,0,0,0,0,0,0,0,0,0,0,0,0,0,0,0,0,0,0,0,0,0,0,0
101,2017,194,310,12.72,0,0,0,0,0,0,0,0,0,0,0,0,0,0,0,0,0,0,0,0,0,0,0,0,0,0,0,0,0,0,0,0
101,2017,194,320,12.72,0,0,0,0,0,0,0,0,0,0,0,0,0,0,0,0,0,0,0,0,0,0,0,0,0,0,0,0,0,0,0,0
101,2017,194,330,12.72,0,0,0,0,0,0,0,0,0,0,0,0,0,0,0,0,0,0,0,0,0,0,0,0,0,0,0,0,0,0,0,0
101,2017,194,340,12.72,0,0,0,0,0,0,0,0,0,0,0,0,0,0,0,0,0,0,0,0,0,0,0,0,0,0,0,0,0,0,0,0
101,2017,194,350,12.72,0,0,0,0,0,0,0,0,0,0,0,0,0,0,0,0,0,0,0,0,0,0,0,0,0,0,0,0,0,0,0,0
101,2017,194,400,12.73,0,0,0,0,0,0,0,0,0,0,0,0,0,0,0,0,0,0,0,0,0,0,0,0,0,0,0,0,0,0,0,0
101,2017,194,410,12.73,0,0,0,0,0,0,0,0,0,0,0,0,0,0,0,0,0,0,0,0,0,0,0,0,0,0,0,0,0,0,0,0
101,2017,194,420,12.73,0,0,0,0,0,0,0,0,0,0,0,0,0,0,0,0,0,0,0,0,0,0,0,0,0,0,0,0,0,0,0,0
101,2017,194,430,12.73,0,0,0,0,0,0,0,0,0,0,0,0,0,0,0,0,0,0,0,0,0,0,0,0,0,0,0,0,0,0,0,0
101,2017,194,440,12.73,0,0,0,0,0,0,0,0,0,0,0,0,0,0,0,0,0,0,0,0,0,0,0,0,0,0,0,0,0,0,0,0
101,2017,194,450,12.73,0,0,0,0,0,0,0,0,0,0,0,0,0,0,0,0,0,0,0,0,0,0,0,0,0,0,0,0,0,0,0,0
101,2017,194,500,12.73,0,0,0,0,0,0,0,0,0,0,0,0,0,0,0,0,0,0,0,0,0,0,0,0,0,0,0,0,0,0,0,0
101,2017,194,510,12.74,0,0,0,0,0,0,0,0,0,0,0,0,0,0,0,0,0,0,0,0,0,0,0,0,0,0,0,0,0,0,0,0
101,2017,194,520,12.74,0,0,0,0,0,0,0,0,0,0,0,0,0,0,0,0,0,0,0,0,0,0,0,0,0,0,0,0,0,0,0,0
101,2017,194,530,12.74,0,0,0,0,0,0,0,0,0,0,0,0,0,0,0,0,0,0,0,0,0,0,0,0,0,0,0,0,0,0,0,0
101,2017,194,540,12.74,0,0,0,0,0,0,0,0,0,0,0,0,0,0,0,0,0,0,0,0,0,0,0,0,0,0,0,0,0,0,0,0
101,2017,194,550,12.74,0,0,0,0,0,0,0,0,0,0,0,0,0,0,0,0,0,0,0,0,0,0,0,0,0,0,0,0,0,0,0,0
101,2017,194,600,12.74,0,0,0,0,0,0,0,0,0,0,0,0,0,0,0,0,0,0,0,0,0,0,0,0,0,0,0,0,0,0,0,0
101,2017,194,610,12.74,0,0,0,0,0,0,0,0,0,0,0,0,0,0,0,0,0,0,0,0,0,0,0,0,0,0,0,0,0,0,0,0
101,2017,194,620,12.74,0,0,0,0,0,0,0,0,0,0,0,0,0,0,0,0,0,0,0,0,0,0,0,0,0,0,0,0,0,0,0,0
101,2017,194,630,12.74,0,0,0,0,0,0,0,0,0,0,0,0,0,0,0,0,0,0,0,0,0,0,0,0,0,0,0,0,0,0,0,0
101,2017,194,640,12.74,0,0,0,0,0,0,0,0,0,0,.008,0,0,0,.003,0,0,.002,0,0,0,0,0,0,0,0,0,0,0,0,0,0
101,2017,194,650,12.74,.007,0,0,.018,.007,0,0,.003,0,0,.091,0,.002,.005,.057,.055,.017,.065,.018,0,.015,0,.003,.042,0,0,.017,0,0,.003,0,0
101,2017,194,700,12.74,.047,.02,.015,.109,.044,.03,.018,.035,.027,.025,.397,.03,.034,.035,.28,.27,.077,.317,.085,.032,.055,.032,.034,.215,.03,.03,.084,.003,.017,.032,0,.013
101,2017,194,710,12.74,.077,.034,.034,.174,.067,.034,.034,.057,.034,.034,.706,.055,.057,.065,.489,.459,.136,.543,.164,.034,.101,.035,.039,.39,.035,.04,.169,.02,.034,.054,.015,.034
101,2017,194,720,12.74,.144,.054,.042,.31,.127,.08,.049,.102,.06,.055,1.123,.084,.107,.119,.934,.877,.218,.91,.253,.075,.161,.074,.092,.754,.084,.087,.325,.034,.04,.132,.032,.05
101,2017,194,730,12.73,.218,.077,.067,.444,.176,.111,.067,.144,.097,.089,1.681,.121,.158,.164,1.317,1.312,.332,1.393,.35,.101,.256,.109,.131,1.044,.107,.127,.426,.034,.062,.169,.034,.069
101,2017,194,740,12.74,.235,.089,.067,.483,.189,.142,.067,.173,.104,.102,1.896,.126,.179,.193,1.535,1.423,.375,1.773,.411,.129,.29,.139,.166,1.228,.136,.151,.464,.034,.067,.201,.034,.072
101,2017,194,750,12.74,.231,.094,.08,.459,.243,.168,.119,.208,.119,.144,1.805,.153,.243,.278,2.202,2.023,.344,2.018,.399,.199,.308,.134,.215,1.835,.179,.173,.729,.057,.096,.352,.057,.122
101,2017,194,800,12.74,.815,.293,.199,1.579,.541,.369,.184,.508,.318,.307,4.787,.278,.53,.454,4.009,3.873,1.141,4.188,.835,.305,.726,.302,.396,3.124,.339,.379,1.027,.102,.188,.453,.085,.191
101,2017,194,810,12.73,1.123,.459,.315,2.903,1.297,.887,.417,.92,.54,.488,8.31,.504,1.014,.82,7.52,7.53,1.959,8.12,1.939,.471,1.731,.603,.939,6.188,.684,.649,1.859,.206,.32,1.069,.221,.318
101,2017,194,820,12.73,1.327,.504,.397,3.37,1.461,1.006,.476,1.079,.603,.572,11.44,.709,1.123,1.039,9.64,9.57,2.383,11.13,2.745,.704,2.249,.893,1.168,8.16,.87,.709,2.139,.235,.377,1.14,.277,.391
101,2017,194,830,12.74,1.834,.851,.592,4.659,2.033,1.534,.57,1.661,.915,.821,35.8,1.18,1.793,1.465,12.59,11.88,3.335,31.15,4.012,.835,6.702,1.825,1.748,9.52,1.166,1.089,2.856,.327,.513,1.218,.328,.498
101,2017,194,840,12.74,1.678,.781,.59,4.304,2.02,1.699,.709,1.748,.987,.902,63.12,1.642,1.959,1.728,14.43,12.95,3.523,53.09,4.322,.965,13.11,4.361,2.038,10.73,1.23,1.239,3.345,.382,.538,1.317,.352,.649
101,2017,194,850,12.74,1.634,.806,.635,4.926,2.383,1.946,.94,1.798,1.044,.912,74.1,1.823,1.902,1.73,14.87,21.83,3.742,61.16,5.415,.934,17.46,30.47,2.152,12.01,1.388,1.302,2.859,.375,.526,1.316,.372,.528
101,2017,194,900,12.73,2.11,.949,.719,5.608,2.512,3.521,.967,2.013,1.148,1.022,81.1,1.931,2.219,1.889,16.07,27.43,4.146,66.84,6.303,.974,21.3,37.91,2.271,13.04,1.48,1.366,3.436,.426,.642,1.483,.429,.639
101,2017,194,910,12.74,1.984,.835,.739,6.235,2.697,2.836,.697,1.979,1.21,1.017,83.8,1.835,2.038,1.845,15.5,29.53,4.585,68.33,14.54,.994,22.99,40.65,2.18,12.08,1.473,1.403,2.948,.506,.603,1.311,.412,.577
101,2017,194,920,12.74,1.907,.949,.789,8.03,3.347,2.685,.783,2.04,1.207,1.031,92.3,1.698,2.316,1.983,17.86,34.93,4.497,74,6.344,1.047,26.52,32.67,2.247,12.99,1.602,1.408,2.874,.456,.625,1.376,.422,.582
101,2017,194,930,12.74,2.713,1.14,1.012,28.58,4.453,3.912,1.173,2.789,1.699,1.435,96.9,1.922,3.297,2.68,25.74,42.1,5.859,76.6,7.99,1.408,25.46,5.422,2.609,17.8,1.914,1.964,3.873,.645,.92,2.705,.575,.771
101,2017,194,940,12.74,4.825,2.132,1.704,39.27,5.011,3.253,1.259,3.662,2.229,2.293,113.1,2.499,4.006,3.416,35.24,50.58,8.25,91.2,9.83,2.028,20.55,3.828,3.613,20.12,2.315,2.797,7.32,.669,1.16,2.769,.603,1.195
101,2017,194,950,12.74,3.764,1.453,1.265,20.06,4.101,2.787,.877,3.406,1.621,1.326,59.59,2.103,2.636,2.293,22.86,27.47,6.664,46.74,9.86,1.465,9.3,2.566,2.819,13.92,1.671,1.896,4.242,.478,.769,1.663,.404,.771
101,2017,194,1000,12.74,2.626,1.24,.908,6.985,2.41,1.785,.709,1.721,1.078,1.083,26.56,2.08,1.649,2.18,18.06,16.64,4.255,22.43,7.79,1.577,3.415,1.666,1.83,13.42,1.696,1.714,6.403,.357,.669,1.941,.372,.878
101,2017,194,1010,12.74,1.116,.454,.421,2.559,1.419,.838,.578,1.022,.623,.665,13.73,1.428,1.094,1.493,12.96,11.3,2.225,10.96,3.432,1.176,2.024,.798,1.093,10.42,1.136,.955,3.891,.322,.454,1.644,.33,.607
101,2017,194,1020,12.74,3.132,1.265,1.113,10.4,3.775,2.178,2.624,2.708,1.64,1.553,36.15,2.275,2.998,4.286,26.49,23.76,5.449,30.01,13.2,1.759,6.236,1.91,8.95,19.91,2.128,2.215,7.6,.687,1.02,3.115,.56,1.257
101,2017,194,1030,12.74,4.031,1.838,1.562,34.56,9.71,3.715,8.27,3.207,2.223,2.004,104.8,3.175,3.245,14.97,49.41,25.53,12.2,86.6,40.19,3.172,16.9,3.287,34.02,23.65,3.21,2.843,7.31,.689,1.136,3.08,.757,1.511
101,2017,194,1040,12.74,4.716,2.277,1.845,33.49,37.04,4.84,1.55,3.214,1.977,1.962,100,3.098,2.878,16.26,49.51,24.61,8.39,85.2,65.14,3.448,9.47,2.686,38.46,23.39,3.284,3.105,9.22,.58,1.094,2.351,.652,2.739
101,2017,194,1050,12.74,3.55,1.635,1.555,37.98,60.68,2.723,2.912,2.563,1.791,1.704,118.3,2.419,2.48,25,59.79,20.65,6.796,101.9,88.1,2.996,7.54,2.253,2.84,25.91,2.925,2.625,10.03,.608,1.027,2.483,.841,1.22
101,2017,194,1100,12.74,2.158,1.196,1.201,30.63,44.97,8.7,1.379,1.984,1.339,1.322,115.7,2.336,1.887,26.67,60.03,16.67,5.877,99.5,90.6,2.227,6.64,1.888,2.059,25.12,2.771,2.019,12.11,.489,.751,3.634,1.427,.92
101,2017,194,1110,12.74,1.873,1.02,1.096,23.93,3.609,2.361,.853,1.759,1.233,1.208,115.2,2.332,1.642,27.02,63.51,26.31,4.437,100,92.6,2.188,8.96,1.55,1.871,27.42,2.547,1.768,43.14,.476,.736,1.714,.684,.905
101,2017,194,1120,12.74,1.828,1.03,4.065,18.71,13.98,2.532,.834,1.729,1.201,1.218,114.3,2.398,1.58,11.06,67.59,48.71,4.122,100.7,93.4,2.336,8.14,1.483,1.912,30.13,3.232,1.768,53.36,.499,.737,1.754,.794,.932
101,2017,194,1130,12.74,1.778,1.032,1.044,13.93,11.91,2.436,.804,1.675,1.151,1.206,113.5,2.3,1.568,2.986,71.4,66.95,4.063,101.4,94.6,2.314,3.493,1.427,1.809,32.57,2.235,1.714,57.42,.511,.762,1.756,.643,.942
101,2017,194,1140,12.74,1.804,1.05,1.014,9.37,2.175,9.4,.829,1.679,1.159,1.201,112.7,12.19,1.523,20.98,75,73,4.46,101.8,95.1,2.471,3.341,1.387,1.902,34.81,2.181,1.818,60.69,.588,.789,1.83,.682,11.17
101,2017,194,1150,12.74,1.803,1.107,1.049,6.328,2.024,9.29,.838,1.685,1.171,1.21,111.5,40.9,1.508,26.95,78,74.6,5.452,101.7,94.8,2.883,3.332,1.404,1.838,36.7,2.203,8.61,63.38,.612,.846,1.908,.719,1.928
101,2017,194,1200,12.74,1.836,1.141,1.134,14.19,2.129,2.148,.893,1.736,1.173,1.263,110.9,2.825,1.511,25.17,81.2,76.2,4.182,102.1,94.9,2.862,3.224,1.541,1.892,38.35,2.389,21.54,66.04,.645,.921,2.047,.747,1.198
101,2017,194,1210,12.74,1.82,1.215,1.421,11.32,16.51,34.95,.873,1.702,1.173,3.391,109.6,2.773,1.441,21.36,83.5,76.8,3.946,101.7,95.1,2.868,3.101,1.298,6.997,39.71,2.329,18.61,68.4,.677,1.149,1.935,.752,1.283
101,2017,194,1220,12.74,1.887,1.449,.97,10.4,4.678,93.7,.868,1.742,1.191,1.228,108.6,2.92,1.456,18.17,86.1,76.2,3.936,101.7,95.3,3.679,3.043,1.287,12.85,41.58,12.72,21.21,70.8,.655,14.03,1.999,.771,1.36
101,2017,194,1230,12.74,2.771,1.407,.963,10.5,3.064,36.63,.881,2.004,1.243,1.206,106.1,2.649,1.441,13.24,87.8,60.36,3.88,100.6,94.3,34.72,2.915,1.25,3.18,43.42,31.29,2.046,72.7,.628,7.42,2.113,.818,19.91
101,2017,194,1240,12.74,2.475,1.329,.952,4.009,3.353,1.68,.908,4.175,1.33,1.2,103.8,2.506,1.409,3.205,89.4,48.48,9.63,99.6,92.3,46.34,2.845,1.215,2.213,45.05,34.25,2.103,74.3,.635,1.106,2.166,.849,1.427
101,2017,194,1250,12.74,1.908,1.241,.858,3.637,9.85,1.525,.973,2.719,1.22,1.174,101.8,2.456,1.389,2.57,91.2,57.98,59.91,98.8,34.89,34.56,2.8,1.206,1.826,46.62,48.53,4.798,76.1,.677,5.048,2.141,.885,3.589
101,2017,194,1300,12.74,2.223,1.138,.841,3.406,3.632,14.98,.955,1.927,1.635,1.174,99.1,2.441,1.384,2.518,92.3,34.09,53.15,97.4,6.157,16.97,2.709,1.188,1.833,47.89,2.88,4.115,77.2,.699,29.93,2.168,.918,1.808
101,2017,194,1310,12.74,1.674,1.091,.804,3.347,2.22,1.739,1.851,2.441,1.118,1.176,96.8,2.322,1.387,2.53,93.5,18.71,6.621,96.1,5.266,11.47,2.679,1.179,4.954,49.05,2.399,8.71,78.5,.699,1.25,2.404,.843,1.308
101,2017,194,1320,12.75,1.618,1.02,19.1,3.299,1.972,1.305,15.84,4.45,1.169,1.945,93.8,2.352,1.315,2.471,94.3,17.38,3.373,94.4,5.241,7.53,2.664,1.208,2.185,49.86,2.493,20.37,79.1,.72,1.243,2.325,.868,1.295
101,2017,194,1330,12.75,1.582,.995,.953,3.203,2.104,1.252,10.52,4.47,1.196,1.647,90.4,2.744,1.303,2.47,94.8,14.36,3.285,92.5,23.2,6.016,2.682,1.228,8.49,50.54,2.528,3.456,79.5,.759,1.273,2.449,.861,1.339
101,2017,194,1340,12.75,1.531,.925,3.309,3.554,1.866,1.235,.953,41.91,1.241,1.409,87,15.71,1.297,2.506,94.9,13.41,3.341,90,10.61,5.569,2.654,1.247,7.66,50.93,2.374,2.614,79.4,.746,2.981,2.691,.838,1.347
101,2017,194,1350,12.75,1.478,.876,.734,4.884,21.87,1.211,.932,7.86,2.806,6.558,83.7,40.18,1.275,2.592,95.2,11.49,3.436,88,24.81,5.728,2.642,1.203,22.98,51.23,2.188,2.53,65.18,.747,2.423,2.843,.838,1.26
101,2017,194,1400,12.75,1.436,.791,11.45,2.971,15.36,1.2,.91,2.309,1.469,1.61,80.2,43.41,1.273,2.758,95.4,10.82,3.131,85.9,4.354,29.89,3.622,1.171,2.396,51.53,2.143,2.438,60.18,.781,1.89,2.207,.888,1.324
101,2017,194,1410,12.75,1.394,.714,5.846,2.895,1.513,1.193,.91,1.521,1.123,8.19,76.3,49.8,1.33,2.96,95.2,10.92,3.002,83.3,4.254,62.81,2.754,2.835,2.478,51.34,2.374,2.294,79.4,.746,2.185,1.954,.859,1.352
101,2017,194,1420,12.75,1.344,.68,1.62,2.84,1.449,3.748,1.071,1.506,10.06,8.11,72,2.356,1.277,3.064,94.6,11.5,2.937,80.3,10.39,16.54,2.795,2.056,1.684,50.92,3.409,2.158,79.1,.689,1.178,1.83,.63,1.453
101,2017,194,1430,12.75,1.293,.638,.571,2.785,1.417,3.393,27.66,1.493,1.069,24.4,67.87,2.046,1.528,3.133,94.1,13.33,2.907,77.4,29.61,5.073,2.811,6.408,27.63,50.45,25.69,2.016,78.6,.751,1.061,1.719,.568,1.595
101,2017,194,1440,12.75,1.247,.593,1.429,2.761,1.422,1.143,18.83,4.994,1.04,12.76,63.39,1.875,1.267,3.173,92.9,17.98,2.912,73.4,3.939,6.231,3.482,12.13,3.096,49.6,19.04,1.952,77.3,.87,1.042,1.625,.514,1.308
101,2017,194,1450,12.75,1.215,.573,.885,2.689,2.002,1.118,2.617,5.361,.982,1.23,58.67,1.776,1.536,3.331,91.9,24.15,2.855,69.37,3.75,8.43,3.931,1.369,11.06,48.79,35.11,1.942,76.1,1.716,1.131,1.575,.476,1.064