101,2017,241,1530,12.07,2.792,1.065,.792,5.184,2.134,1.365,.851,-43.72,-5.88,1.186,18.24,1.352,1.968,1.962,18.44,18.89,3.947,16.66,4.06,1.154,4.091,1.36,1.62,15.17,1.506,1.638,5.828,.419,.792,2.116,.441,.821
101,2017,241,1540,12.14,3.362,1.343,.997,6.119,2.786,1.759,1.119,-40,-5.278,1.541,22.04,1.725,2.62,2.597,23.2,23.57,4.582,20.95,4.746,1.36,4.845,1.588,2.017,19.05,1.911,2.235,7.8,.539,1.057,2.873,.561,1.107
101,2017,241,1550,12.15,3.258,1.302,1.037,5.947,2.9,1.762,1.144,-38.44,-5.62,1.58,21.85,1.739,2.781,2.823,23.78,23.8,4.392,21.23,4.523,1.379,4.848,1.54,2.01,19.57,1.87,2.282,8.61,.588,1.111,2.878,.528,1.271
101,2017,241,1600,12.15,2.821,1.146,.851,4.927,2.498,1.463,1.081,-38.89,-6.06,1.401,18.21,1.429,2.324,2.454,21.12,21.07,3.61,17.49,3.644,1.329,4.2,1.308,1.722,17.64,1.692,1.88,7.34,.524,.96,2.925,.555,1.069
101,2017,241,1610,12.15,2.064,.849,.719,3.689,2.163,1.196,1.044,-38.04,-6.552,1.183,15.83,1.374,1.902,2.195,19.19,18.67,2.841,15.41,3.59,1.221,3.552,1.112,1.588,15.99,1.595,1.518,6.913,.454,.844,2.786,.514,.997
101,2017,241,1620,12.15,2.039,.828,.687,3.778,1.972,1.191,.933,-37.85,-6.949,1.141,16.09,1.464,1.637,1.977,19.04,17.45,3.041,15.33,3.904,1.399,3.249,1.107,1.533,14.75,1.568,1.572,6.705,.402,.767,2.335,.466,.829
101,2017,241,1630,12.15,1.813,.707,.61,3.306,1.585,1.066,.694,-37.23,-7.37,.999,14.6,1.37,1.506,1.811,16.64,15.13,2.751,13.84,3.166,1.188,2.805,.962,1.37,12.77,1.258,1.453,6.095,.369,.695,1.95,.405,.826
101,2017,241,1640,12.15,1.246,.469,.516,2.304,1.402,.92,.724,-37.09,-7.36,.975,12.19,1.129,1.449,1.819,16.28,14.28,2.084,12.09,2.325,1.376,2.508,.818,1.275,12.73,1.223,1.154,5.633,.359,.642,2.084,.421,.881
101,2017,241,1650,12.15,.797,.385,.367,1.623,1.111,.712,.605,-37.62,-7.6,.814,9.6,.883,.942,1.364,13.07,10.87,1.54,9.2,1.995,1.37,2.041,.64,1.009,9.93,1.129,.752,4.173,.246,.471,1.597,.343,.697
101,2017,241,1700,12.15,.962,.417,.364,1.798,.948,.6,.456,-38.01,-7.89,.575,8.65,.754,.896,1.05,10.12,9.43,1.513,8.02,1.845,.771,1.804,.568,.863,8,.787,.796,3.408,.219,.407,1.208,.266,.491
101,2017,241,1710,12.15,.97,.41,.354,1.846,.928,.583,.416,-37.36,-7.88,.519,8.11,.657,.921,.983,8.58,8.34,1.459,7.43,1.682,.563,1.699,.523,.752,7.02,.647,.751,3.135,.216,.397,1.047,.223,.454
101,2017,241,1720,12.15,1.014,.4,.352,1.855,1.02,.59,.464,-37.49,-7.84,.543,7.45,.578,.92,1.04,9.16,9.18,1.402,7.19,1.451,.528,1.776,.57,.771,7.98,.73,.747,3.11,.23,.404,1.233,.275,.446
101,2017,241,1730,12.15,.717,.297,.266,1.374,.749,.442,.352,-37.42,-7.94,.41,5.435,.412,.653,.759,6.878,6.976,1.012,5.276,1.104,.395,1.302,.431,.563,6.023,.56,.529,2.2,.166,.292,.905,.206,.34
101,2017,241,1740,12.15,.477,.209,.184,.99,.57,.342,.266,-37.35,-8.35,.308,3.964,.305,.449,.481,5.921,5.755,.774,3.714,.853,.382,.98,.337,.421,4.902,.491,.39,1.245,.117,.201,.642,.147,.209
101,2017,241,1750,12.15,.409,.183,.132,.786,.432,.265,.199,-37.28,-8.36,.235,2.984,.241,.385,.404,3.825,3.946,.6,2.788,.628,.271,.742,.243,.338,3.371,.352,.286,1.087,.089,.154,.494,.119,.179
101,2017,241,1800,12.14,.281,.111,.08,.489,.261,.152,.106,-36.95,-8.75,.134,1.687,.136,.218,.225,2.062,2.136,.37,1.553,.38,.152,.439,.141,.188,1.809,.199,.161,.56,.044,.085,.248,.062,.094
101,2017,241,1810,12.15,.106,.042,.04,.204,.116,.064,.049,-37.34,-9.48,.064,.724,.067,.09,.111,.985,.972,.159,.695,.178,.082,.194,.06,.089,.858,.099,.072,.298,.018,.039,.122,.034,.049
101,2017,241,1820,12.15,.034,.007,.005,.06,.037,.017,.015,-38.09,-10.32,.018,.235,.02,.025,.032,.298,.288,.047,.223,.057,.022,.057,.015,.027,.26,.034,.018,.09,0,.007,.035,.005,.01
101,2017,241,1830,12.15,0,0,0,.003,0,0,0,-38.51,-10.96,0,.035,0,0,0,.045,.042,.002,.028,.003,0,.005,0,0,.035,0,0,.01,0,0,0,0,0
101,2017,241,1840,12.15,0,0,0,0,0,0,0,-40.14,-11.33,0,0,0,0,0,0,0,0,0,0,0,0,0,0,0,0,0,0,0,0,0,0,0
101,2017,241,1850,12.14,0,0,0,0,0,0,0,-40.98,-11.6,0,0,0,0,0,0,0,0,0,0,0,0,0,0,0,0,0,0,0,0,0,0,0
101,2017,241,1900,12.14,0,0,0,0,0,0,0,-40.17,-11.94,0,0,0,0,0,0,0,0,0,0,0,0,0,0,0,0,0,0,0,0,0,0,0
101,2017,241,1910,12.14,0,0,0,0,0,0,0,-39.39,-12.16,0,0,0,0,0,0,0,0,0,0,0,0,0,0,0,0,0,0,0,0,0,0,0
101,2017,241,1920,12.14,0,0,0,0,0,0,0,-38.2,-12.35,0,0,0,0,0,0,0,0,0,0,0,0,0,0,0,0,0,0,0,0,0,0,0
101,2017,241,1930,12.14,0,0,0,0,0,0,0,-37.63,-12.39,0,0,0,0,0,0,0,0,0,0,0,0,0,0,0,0,0,0,0,0,0,0,0
101,2017,241,1940,12.14,0,0,0,0,0,0,0,-36.48,-12.25,0,0,0,0,0,0,0,0,0,0,0,0,0,0,0,0,0,0,0,0,0,0,0
101,2017,241,1950,12.14,0,0,0,0,0,0,0,-35.9,-12.22,0,0,0,0,0,0,0,0,0,0,0,0,0,0,0,0,0,0,0,0,0,0,0
101,2017,241,2000,12.14,0,0,0,0,0,0,0,-35.34,-12.11,0,0,0,0,0,0,0,0,0,0,0,0,0,0,0,0,0,0,0,0,0,0,0
101,2017,241,2010,12.14,0,0,0,0,0,0,0,-34.97,-12.13,0,0,0,0,0,0,0,0,0,0,0,0,0,0,0,0,0,0,0,0,0,0,0
101,2017,241,2020,12.14,0,0,0,0,0,0,0,-34.99,-12.05,0,0,0,0,0,0,0,0,0,0,0,0,0,0,0,0,0,0,0,0,0,0,0
101,2017,241,2030,12.13,0,0,0,0,0,0,0,-34.91,-12.31,0,0,0,0,0,0,0,0,0,0,0,0,0,0,0,0,0,0,0,0,0,0,0
101,2017,241,2040,12.13,0,0,0,0,0,0,0,-35.02,-12.28,0,0,0,0,0,0,0,0,0,0,0,0,0,0,0,0,0,0,0,0,0,0,0
101,2017,241,2050,12.13,0,0,0,0,0,0,0,-34.57,-12.54,0,0,0,0,0,0,0,0,0,0,0,0,0,0,0,0,0,0,0,0,0,0,0
101,2017,241,2100,12.13,0,0,0,0,0,0,0,-34.58,-12.8,0,0,0,0,0,0,0,0,0,0,0,0,0,0,0,0,0,0,0,0,0,0,0
101,2017,241,2110,12.13,0,0,0,0,0,0,0,-34.47,-12.99,0,0,0,0,0,0,0,0,0,0,0,0,0,0,0,0,0,0,0,0,0,0,0
101,2017,241,2120,12.13,0,0,0,0,0,0,0,-34.56,-12.89,0,0,0,0,0,0,0,0,0,0,0,0,0,0,0,0,0,0,0,0,0,0,0
101,2017,241,2130,12.13,0,0,0,0,0,0,0,-34.74,-12.76,0,0,0,0,0,0,0,0,0,0,0,0,0,0,0,0,0,0,0,0,0,0,0
101,2017,241,2140,12.12,0,0,0,0,0,0,0,-34.67,-12.58,0,0,0,0,0,0,0,0,0,0,0,0,0,0,0,0,0,0,0,0,0,0,0
101,2017,241,2150,12.14,0,0,0,0,0,0,0,-33.7,-12.8,0,0,0,0,0,0,0,0,0,0,0,0,0,0,0,0,0,0,0,0,0,0,0
101,2017,241,2200,12.14,0,0,0,0,0,0,0,-33.41,-12.72,0,0,0,0,0,0,0,0,0,0,0,0,0,0,0,0,0,0,0,0,0,0,0
101,2017,241,2210,12.15,0,0,0,0,0,0,0,-33.13,-12.67,0,0,0,0,0,0,0,0,0,0,0,0,0,0,0,0,0,0,0,0,0,0,0
101,2017,241,2220,12.15,0,0,0,0,0,0,0,-32.77,-12.81,0,0,0,0,0,0,0,0,0,0,0,0,0,0,0,0,0,0,0,0,0,0,0
101,2017,241,2230,12.15,0,0,0,0,0,0,0,-32.72,-12.6,0,0,0,0,0,0,0,0,0,0,0,0,0,0,0,0,0,0,0,0,0,0,0
101,2017,241,2240,12.15,0,0,0,0,0,0,0,-32.88,-12.61,0,0,0,0,0,0,0,0,0,0,0,0,0,0,0,0,0,0,0,0,0,0,0
101,2017,241,2250,12.15,0,0,0,0,0,0,0,-32.84,-12.78,0,0,0,0,0,0,0,0,0,0,0,0,0,0,0,0,0,0,0,0,0,0,0
101,2017,241,2300,12.15,0,0,0,0,0,0,0,-32.55,-12.6,0,0,0,0,0,0,0,0,0,0,0,0,0,0,0,0,0,0,0,0,0,0,0
101,2017,241,2310,12.14,0,0,0,0,0,0,0,-32.28,-12.87,0,0,0,0,0,0,0,0,0,0,0,0,0,0,0,0,0,0,0,0,0,0,0
101,2017,241,2320,12.14,0,0,0,0,0,0,0,-25.01,-14.65,0,0,0,0,0,0,0,0,0,0,0,0,0,0,0,0,0,0,0,0,0,0,0
101,2017,241,2330,12.12,0,0,0,0,0,0,0,-27.79,-15.02,0,0,0,0,0,0,0,0,0,0,0,0,0,0,0,0,0,0,0,0,0,0,0
101,2017,241,2340,12.11,0,0,0,0,0,0,0,-30.52,-14.76,0,0,0,0,0,0,0,0,0,0,0,0,0,0,0,0,0,0,0,0,0,0,0
101,2017,241,2350,12.14,0,0,0,0,0,0,0,-33.18,-15.23,0,0,0,0,0,0,0,0,0,0,0,0,0,0,0,0,0,0,0,0,0,0,0
101,2017,241,2400,12.14,0,0,0,0,0,0,0,-22.13,-37.36,0,0,0,0,0,0,0,0,0,0,0,0,0,0,0,0,0,0,0,0,0,0,0
102,2017,241,2400,12,5266
101,2017,242,10,12.15,0,0,0,0,0,0,0,-21.44,-48.45,0,0,0,0,0,0,0,0,0,0,0,0,0,0,0,0,0,0,0,0,0,0,0
101,2017,242,20,12.16,0,0,0,0,0,0,0,-52.04,-37.05,0,0,0,0,0,0,0,0,0,0,0,0,0,0,0,0,0,0,0,0,0,0,0
101,2017,242,30,12.15,0,0,0,0,0,0,0,-28.87,-16.48,0,0,0,0,0,0,0,0,0,0,0,0,0,0,0,0,0,0,0,0,0,0,0
101,2017,242,40,12.15,0,0,0,0,0,0,0,-44.22,-8.9,0,0,0,0,0,0,0,0,0,0,0,0,0,0,0,0,0,0,0,0,0,0,0
101,2017,242,50,12.16,0,0,0,0,0,0,0,-56.22,-7.75,0,0,0,0,0,0,0,0,0,0,0,0,0,0,0,0,0,0,0,0,0,0,0
101,2017,242,100,12.16,0,0,0,0,0,0,0,-38.73,-4.704,0,0,0,0,0,0,0,0,0,0,0,0,0,0,0,0,0,0,0,0,0,0,0
101,2017,242,110,12.16,0,0,0,0,0,0,0,6.221,-4.711,0,0,0,0,0,0,0,0,0,0,0,0,0,0,0,0,0,0,0,0,0,0,0
101,2017,242,120,12.17,0,0,0,0,0,0,0,-25.96,-5.247,0,0,0,0,0,0,0,0,0,0,0,0,0,0,0,0,0,0,0,0,0,0,0
101,2017,242,130,12.16,0,0,0,0,0,0,0,-14.64,-7.87,0,0,0,0,0,0,0,0,0,0,0,0,0,0,0,0,0,0,0,0,0,0,0
101,2017,242,140,12.16,0,0,0,0,0,0,0,-47.3,-6.741,0,0,0,0,0,0,0,0,0,0,0,0,0,0,0,0,0,0,0,0,0,0,0
101,2017,242,150,12.16,0,0,0,0,0,0,0,-72,-7.19,0,0,0,0,0,0,0,0,0,0,0,0,0,0,0,0,0,0,0,0,0,0,0
101,2017,242,200,12.16,0,0,0,0,0,0,0,-71.1,-7.06,0,0,0,0,0,0,0,0,0,0,0,0,0,0,0,0,0,0,0,0,0,0,0
101,2017,242,210,12.16,0,0,0,0,0,0,0,-79.1,-7.64,0,0,0,0,0,0,0,0,0,0,0,0,0,0,0,0,0,0,0,0,0,0,0
101,2017,242,220,12.16,0,0,0,0,0,0,0,-85.7,-7.6,0,0,0,0,0,0,0,0,0,0,0,0,0,0,0,0,0,0,0,0,0,0,0
101,2017,242,230,12.16,0,0,0,0,0,0,0,-79.3,-7.74,0,0,0,0,0,0,0,0,0,0,0,0,0,0,0,0,0,0,0,0,0,0,0
101,2017,242,240,12.15,0,0,0,0,0,0,0,-59.88,-8.26,0,0,0,0,0,0,0,0,0,0,0,0,0,0,0,0,0,0,0,0,0,0,0
101,2017,242,250,12.15,0,0,0,0,0,0,0,-89.1,-8.84,0,0,0,0,0,0,0,0,0,0,0,0,0,0,0,0,0,0,0,0,0,0,0
101,2017,242,300,12.16,0,0,0,0,0,0,0,-75.6,-9.07,0,0,0,0,0,0,0,0,0,0,0,0,0,0,0,0,0,0,0,0,0,0,0
101,2017,242,310,12.16,0,0,0,0,0,0,0,-70.5,-7.72,0,0,0,0,0,0,0,0,0,0,0,0,0,0,0,0,0,0,0,0,0,0,0
101,2017,242,320,12.16,0,0,0,0,0,0,0,-97.2,-7.34,0,0,0,0,0,0,0,0,0,0,0,0,0,0,0,0,0,0,0,0,0,0,0
101,2017,242,330,12.16,0,0,0,0,0,0,0,-113.5,-8.45,0,0,0,0,0,0,0,0,0,0,0,0,0,0,0,0,0,0,0,0,0,0,0
101,2017,242,340,12.16,0,0,0,0,0,0,0,-120.2,-10.07,0,0,0,0,0,0,0,0,0,0,0,0,0,0,0,0,0,0,0,0,0,0,0
101,2017,242,350,12.16,0,0,0,0,0,0,0,-121.8,-10.96,0,0,0,0,0,0,0,0,0,0,0,0,0,0,0,0,0,0,0,0,0,0,0
101,2017,242,400,12.16,0,0,0,0,0,0,0,-122.3,-11.72,0,0,0,0,0,0,0,0,0,0,0,0,0,0,0,0,0,0,0,0,0,0,0
101,2017,242,410,12.16,0,0,0,0,0,0,0,-120.4,-12.17,0,0,0,0,0,0,0,0,0,0,0,0,0,0,0,0,0,0,0,0,0,0,0
101,2017,242,420,12.16,0,0,0,0,0,0,0,-118.8,-12.58,0,0,0,0,0,0,0,0,0,0,0,0,0,0,0,0,0,0,0,0,0,0,0
101,2017,242,430,12.16,0,0,0,0,0,0,0,-115.1,-12.91,0,0,0,0,0,0,0,0,0,0,0,0,0,0,0,0,0,0,0,0,0,0,0
101,2017,242,440,12.16,0,0,0,0,0,0,0,-112.2,-13.05,0,0,0,0,0,0,0,0,0,0,0,0,0,0,0,0,0,0,0,0,0,0,0
101,2017,242,450,12.17,0,0,0,0,0,0,0,-111.8,-13.37,0,0,0,0,0,0,0,0,0,0,0,0,0,0,0,0,0,0,0,0,0,0,0
101,2017,242,500,12.17,0,0,0,0,0,0,0,-112.5,-13.99,0,0,0,0,0,0,0,0,0,0,0,0,0,0,0,0,0,0,0,0,0,0,0
101,2017,242,510,12.17,0,0,0,0,0,0,0,-113.6,-14.38,0,0,0,0,0,0,0,0,0,0,0,0,0,0,0,0,0,0,0,0,0,0,0
101,2017,242,520,12.16,0,0,0,0,0,0,0,-112.4,-14.58,0,0,0,0,0,0,0,0,0,0,0,0,0,0,0,0,0,0,0,0,0,0,0
101,2017,242,530,12.17,0,0,0,0,0,0,0,-111,-14.65,0,0,0,0,0,0,0,0,0,0,0,0,0,0,0,0,0,0,0,0,0,0,0
101,2017,242,540,12.17,0,0,0,0,0,0,0,-109.7,-14.64,0,0,0,0,0,0,0,0,0,0,0,0,0,0,0,0,0,0,0,0,0,0,0
101,2017,242,550,12.17,0,0,0,0,0,0,0,-110.7,-14.62,0,0,0,0,0,0,0,0,0,0,0,0,0,0,0,0,0,0,0,0,0,0,0
101,2017,242,600,12.17,0,0,0,0,0,0,0,-109.2,-14.76,0,0,0,0,0,0,0,0,0,0,0,0,0,0,0,0,0,0,0,0,0,0,0
101,2017,242,610,12.17,0,0,0,0,0,0,0,-106.5,-14.93,0,0,0,0,0,0,0,0,0,0,0,0,0,0,0,0,0,0,0,0,0,0,0
101,2017,242,620,12.17,0,0,0,0,0,0,0,-104.3,-15.26,0,.017,0,0,0,.012,.008,0,.012,0,0,0,0,0,.007,0,0,.002,0,0,0,0,0
101,2017,242,630,12.17,.028,.003,0,.032,.018,.008,.005,-101.2,-15.72,.003,.129,.005,.018,.01,.109,.111,.032,.109,.03,0,.034,.003,.013,.092,.007,.01,.039,0,0,.015,0,0
101,2017,242,640,12.17,.094,.039,.03,.159,.082,.055,.037,-100.4,-15.97,.042,.56,.047,.075,.062,.55,.558,.132,.52,.131,.035,.134,.044,.052,.458,.052,.054,.174,.02,.034,.075,.023,.034
101,2017,242,650,12.17,.221,.087,.059,.374,.208,.127,.082,-101.8,-16.43,.099,1.388,.116,.181,.164,1.448,1.448,.312,1.304,.34,.087,.334,.104,.134,1.215,.134,.131,.422,.039,.064,.199,.04,.077
101,2017,242,700,12.17,.416,.181,.124,.763,.402,.273,.144,-96.4,-16.56,.194,2.903,.243,.357,.307,2.799,2.757,.613,2.68,.719,.183,.649,.211,.282,2.273,.261,.238,.793,.072,.122,.352,.08,.153
101,2017,242,710,12.17,.739,.349,.226,1.473,.746,.536,.255,-109,-16.4,.337,6.023,.416,.654,.451,4.56,4.564,1.296,5.169,1.515,.275,1.364,.397,.523,3.504,.432,.441,1.227,.121,.199,.52,.129,.233
101,2017,242,720,12.17,1.456,.572,.357,2.749,1.153,.88,.342,-97.3,-16.39,.491,8.88,.528,1.123,.583,6.208,6.494,2.301,7.36,2.018,.354,2.253,.575,.788,4.59,.56,.56,1.373,.176,.297,.635,.168,.313
101,2017,242,730,12.17,1.592,.66,.387,2.975,1.354,.985,.375,-85.9,-16.27,.535,10.14,.602,1.408,.682,7.21,7.59,2.489,8.11,2.147,.431,2.73,.706,.902,5.442,.613,.612,1.559,.215,.364,.726,.191,.35
101,2017,242,740,12.17,2.182,.825,.486,3.96,1.689,1.301,.449,-77.6,-16.48,.716,13.47,.815,1.709,.877,9.09,9.53,3.392,11.19,2.953,.521,3.354,.9,1.16,6.687,.788,.885,2.05,.253,.412,.915,.225,.431
101,2017,242,750,12.17,2.836,1.198,.62,5.05,2.046,1.602,.59,-64.52,-16.95,.925,17.73,1.058,2.045,1.049,11.57,12.09,4.324,14.75,4.006,.716,4.094,1.13,1.43,8.36,1.098,1.264,2.858,.322,.528,1.158,.283,.486
101,2017,242,800,12.17,3.489,1.316,.712,6.209,2.485,1.872,.704,-56.25,-17.16,1.13,21.91,1.168,2.544,1.302,13.71,14.67,5.43,17.87,4.755,.758,5.112,1.436,1.609,10.38,1.292,1.517,2.878,.396,.632,1.525,.359,.572
101,2017,242,810,12.17,3.263,1.409,.721,6.183,2.683,2.139,.675,-44.86,-16.77,1.113,22.06,1.267,2.697,1.227,13.17,13.99,5.511,17.12,4.507,.803,5.393,1.403,1.877,9.65,1.259,1.383,2.75,.382,.618,1.279,.337,.612
101,2017,242,820,12.17,1.984,.985,.628,3.6,1.964,1.906,.835,-51.16,-16.47,1.029,44.98,1.678,2.224,1.704,15.23,14.69,3.85,34.3,5.175,1.049,5.065,1.663,1.879,12.81,1.353,1.508,4.835,.417,.685,1.688,.421,.801
101,2017,242,830,12.17,1.438,.702,.572,4.193,2.278,2.395,.917,-40.97,-16.19,.95,27.67,1.686,1.885,1.495,14.66,14.52,4.091,22.02,5.97,1.079,4.535,1.483,2.417,11.18,1.334,1.237,4.017,.34,.525,1.823,.402,.779
101,2017,242,840,12.16,3.129,1.718,1.104,8.75,3.908,6.742,1.074,-33.01,-14.9,1.587,42.83,2.219,3.017,1.946,19.3,20.61,7.27,34.57,9.61,1.326,6.803,2.112,7.23,13.06,2.224,2.009,5.214,.434,.806,1.971,1.011,1.019
101,2017,242,850,12.16,6.685,3.06,1.731,21.44,5.452,17.56,2.308,-4.327,-13.03,2.283,75.5,2.935,4.632,2.646,27.33,33.31,10.32,60.78,12.66,1.713,9.96,2.983,14.6,17.94,6.412,3.169,7.23,.588,1.16,2.645,1.198,1.399
101,2017,242,900,12.16,7.86,3.365,2.087,18.53,6.481,8.94,2.127,14,-12.13,2.816,61.21,2.983,6.387,3.002,31.35,34.49,12.46,49.49,11.98,1.834,11.3,3.36,9.12,20.92,3.35,3.736,8,.732,1.44,2.868,.68,1.609
101,2017,242,910,12.17,8.14,3.511,2.028,17.56,6.013,6.087,1.761,32.94,-11.88,2.963,57.75,3.147,5.923,3.131,32.51,34.79,12.88,47.12,11.82,2.016,11.21,3.27,7.86,21.81,3.151,3.877,8.94,.749,1.527,2.94,.687,1.631
101,2017,242,920,12.17,7.8,3.127,1.932,14.85,5.319,4.052,1.936,62.44,-10.19,2.74,51.41,3.333,5.443,3.37,34.51,35.3,11.61,42.73,11.08,2.192,10.05,3.201,5.34,24.25,3.189,3.875,10.25,.808,1.609,3.545,.786,1.674
101,2017,242,930,12.17,8.48,3.606,2.703,16.03,6.473,4.265,1.894,32.79,-9.24,3.095,55.19,3.591,5.708,3.983,39.97,40.19,12.2,46.78,12.87,2.445,10.75,3.375,4.516,28.03,3.931,4.32,11.92,.932,1.853,4.173,.898,1.971
101,2017,242,940,12.17,9.12,3.851,4.506,18.72,6.987,5.415,1.87,-3.778,-9.82,3.145,62.43,3.904,5.89,3.859,41.32,42.94,13.35,51.9,14.35,2.497,11.53,3.631,4.789,27.48,3.844,4.465,11.11,.912,1.783,3.881,.93,1.862
101,2017,242,950,12.17,9.85,4.251,4.021,19.53,7.2,6.42,1.783,-73.7,-11.66,3.309,65.47,3.946,5.821,3.579,40.45,42.03,14.56,54.04,16.53,2.491,12.39,4.036,5.224,26.2,4.402,4.696,10.52,.844,1.794,3.401,.861,1.686
101,2017,242,1000,12.17,9.22,4.641,17.99,22.03,8.01,6.476,1.61,-71.9,-15.04,3.26,83.6,3.771,6.663,3.358,43.34,47.9,14.41,68.75,18.06,2.418,12.65,4.048,5.608,22.88,4.889,4.447,8.89,.736,1.603,2.763,.782,1.55
101,2017,242,1010,12.17,8.7,6.656,16.04,19.92,6.933,5.929,1.496,-61.8,-14.46,3.168,77,3.805,6.432,3.021,42.02,44.76,13.72,64.36,17.23,2.51,12.35,3.386,5.284,21.52,5.296,4.494,9.18,.578,1.498,2.56,.752,1.541
101,2017,242,1020,12.17,10.08,5.802,2.882,18.8,6.065,4.594,1.605,-60.39,-13.8,3.533,63.78,4.465,5.246,3.426,41.31,40.73,14.53,54.28,17.61,2.699,11.56,3.408,4.626,25.02,4.145,5.061,12.58,.73,1.798,3.234,.821,1.786
101,2017,242,1030,12.17,11.41,18.42,3.299,23.88,8.27,5.336,1.99,-68.79,-12.32,14.89,88.5,5.04,6.142,4.162,54.8,55.59,16.21,75.1,21.32,3.364,20.95,4.021,5.45,30.84,5.381,5.755,14.48,.92,2.185,3.639,.96,2.178
101,2017,242,1040,12.17,11.25,14,3.195,23.58,8.65,5.236,2.054,-109.5,-10.02,16.26,87.9,5.303,5.743,4.296,56.41,56.29,15.72,75.6,21.31,3.43,20.23,4.068,5.48,32.11,6.807,5.941,15.94,.921,2.248,4.036,1.049,2.196
101,2017,242,1050,12.17,11.56,5.815,3.455,29.67,15.34,5.4,2.796,-127.3,-7.12,27.61,103.6,5.695,6.033,5.097,66.81,67.56,15.67,91.1,22.62,3.741,25.33,4.133,5.775,36.71,28.65,6.625,17.13,.977,2.329,3.981,1.092,2.364
101,2017,242,1100,12.18,10.88,5.267,3.203,31.78,11.64,4.902,2.15,-127.6,-3.636,16.44,97.6,4.688,5.309,3.786,61.4,63.34,14.98,85.4,27.01,3.106,22.22,3.89,6.747,33.41,31.81,6.122,13.29,.853,2.014,3.321,.967,1.798
101,2017,242,1110,12.18,9.54,4.597,2.94,45.23,6.832,4.202,1.664,-89.2,-3.512,3.669,117.2,3.652,4.309,3.019,73,76.5,12.52,103.1,75.2,2.803,27.16,3.321,4.078,34.8,50.55,4.331,13.29,.679,1.769,2.317,.881,1.386
101,2017,242,1120,12.18,26.1,3.812,3.229,50.5,6.078,9.15,1.317,-38.37,-3.322,2.681,118,4.622,3.416,2.903,77.6,78.9,9.9,105.8,55.26,3.964,18.58,2.651,3.476,35.78,33.84,11.04,51.58,.586,1.357,2.233,.9,1.381
101,2017,242,1130,12.18,14.6,3.567,33.25,62.37,4.944,59.58,1.32,-2.724,-1.593,2.438,124.5,2.624,2.919,2.783,88.7,90.6,8.2,114.7,52.63,7.26,19.55,2.458,3.083,42.59,7.99,20.38,69.17,.586,1.298,2.243,.913,1.303
101,2017,242,1140,12.18,6.511,38.16,18.41,69.32,3.351,8.91,1.267,-37.96,-3.156,2.424,130.6,3.163,2.538,2.813,97.2,96.9,6.368,121.1,11.83,8.24,43.4,2.134,3.106,46.85,3.368,2.838,80.2,.596,2.632,16.34,.89,1.352
101,2017,242,1150,12.18,5.562,46.29,14.49,70.1,4.038,3.148,1.446,-41.44,-2.97,28.28,131.9,6.69,3.084,3.257,100.9,100.1,8.42,123.9,15.37,6.276,25.88,2.463,3.689,50.36,3.416,3.599,81.7,.657,1.432,12.15,.97,1.528
101,2017,242,1200,12.18,5.076,4.952,1.873,54.29,3.845,3.082,1.437,-47.29,-2.714,2.451,127.4,11.3,2.964,3.536,102.5,100,8.02,121,87.9,3.994,7.29,2.374,10.1,53.28,3.208,3.535,83,.712,2.669,21.32,.992,1.635
101,2017,242,1210,12.18,5.248,10.12,3.841,45.76,3.759,3.263,1.643,-49.93,-1.323,2.523,124.6,5.543,2.843,4.235,106.6,101.2,7.7,121.2,59.76,19.22,6.872,2.288,9.56,57.08,4.041,5.771,85.7,.761,1.824,14.8,1.164,2.012
101,2017,242,1220,12.18,3.92,49.28,2.593,14.25,2.836,3.571,1.464,-48.54,-1.543,2.042,115.6,4.345,2.553,4.541,103.3,98.8,5.732,113.3,13.85,3.955,5.456,1.953,3.484,56.89,2.958,4.766,85.5,.739,1.56,6.096,1.072,1.819
101,2017,242,1230,12.18,3.524,10.42,1.771,7.15,2.839,30.44,1.352,-34.95,-2.003,2.219,118.4,3.832,2.559,4.645,108.2,103.3,5.791,117.4,11.5,3.481,5.318,1.915,2.94,60.02,2.859,4.727,91.1,.714,2.983,4.633,1.039,1.724
101,2017,242,1240,12.18,3.708,28.9,1.429,6.673,2.852,2.571,1.357,-53.65,-5.913,1.958,116.4,4.303,4.877,3.648,110.3,96.5,6.058,116.9,11.51,20.77,5.288,2.028,3.074,62.27,2.876,10.51,92.7,.75,2.166,4.335,1.281,1.909
101,2017,242,1250,12.18,4.234,2.345,1.481,7.35,2.745,2.412,1.442,-55.07,-9.78,4.175,116.1,4.762,50.18,15.63,114,99.7,5.983,118.3,44.35,10.27,5.433,4.991,3.06,65.66,4.732,36.29,95.6,.775,1.563,4.093,22.19,2.072
101,2017,242,1300,12.18,19.83,10.1,1.489,6.534,2.638,4.325,1.506,-55.49,-11.58,7.82,112.2,5.899,2.564,9.39,114.5,95.5,5.979,115.8,99.3,4.683,5.045,7.01,13.05,66.71,3.331,81.9,95.7,.797,1.625,4.139,26.65,2.186
101,2017,242,1310,12.18,3.572,14.48,1.512,6.142,2.656,3.586,1.506,-58.7,-13.39,2.948,107.8,77.5,2.469,3.827,113.7,105.1,5.75,112.6,95.7,6.308,4.927,2.375,37.36,66.87,3.104,78,94.4,.816,1.675,4.199,2.686,2.209
101,2017,242,1320,12.18,2.613,1.569,1.234,4.973,2.338,4.311,1.407,-58.09,-15.54,1.817,102.4,36.63,2.313,3.681,113.8,106.1,4.914,109,91.5,7.36,4.432,1.975,80.5,67.99,2.603,34.11,96,.802,1.588,4.045,1.534,1.894
101,2017,242,1330,12.18,2.4,1.42,1.107,4.149,2.174,19.1,1.388,-51.1,-18.61,1.73,98.4,4.695,2.161,5.713,114.5,106.2,4.477,107,39.77,5.108,4.182,1.72,10.49,69.23,2.494,35.75,97.4,.78,1.596,3.958,1.44,1.851
101,2017,242,1340,12.18,2.449,1.395,1.105,4.144,6.351,2.005,1.333,-64.89,-18.99,1.821,95,14.09,2.216,17.95,114.6,99.4,4.554,104.9,8.17,4.112,4.164,1.76,23.63,69.96,2.501,36.66,96.8,.78,2.055,4.072,1.358,1.919
101,2017,242,1350,12.18,2.47,1.41,1.196,4.628,19.22,2.202,1.387,-65.23,-17.16,2.005,93.5,69.04,2.392,31.51,117.2,70.1,4.961,105,8.98,4.187,7.76,1.822,92.1,71.6,2.653,6.158,98,.807,1.764,4.256,1.338,2.181
101,2017,242,1400,12.17,2.348,1.254,1.288,4.455,4.157,2.407,1.439,-66.51,-18.33,2.189,82.7,71.3,15.6,31.75,108.7,35.62,4.879,94.1,8.99,4.556,21.2,1.77,13.98,66.24,2.896,4.048,88,.752,1.963,4.234,1.311,10.15
101,2017,242,1410,12.17,2.388,1.3,4.84,4.782,5.499,3.117,1.703,-68.26,-18,2.499,78.6,65.12,5.988,34.91,107.2,25.72,5.088,90.7,9.12,5.442,6.592,1.914,4.194,64.97,3.303,3.799,84.3,.76,3.07,4.368,1.285,33.12
101,2017,242,1420,12.16,2.671,1.548,5.093,5.505,3.112,5.847,1.966,-67.58,-18.26,3.452,75.5,51.56,4.785,39.61,106.2,27.46,5.401,88.7,9.51,4.949,5.507,1.993,3.705,65.08,3.383,3.648,82.7,.755,23.93,4.532,1.439,60.44
101,2017,242,1430,12.15,7.01,2.258,1.784,8.34,5.489,24.43,6.678,-55.66,-17.85,3.043,84.9,14.16,3.214,48.96,121.5,42.36,7.43,101.7,11.4,10.39,5.961,2.387,4.221,75,3.964,4.777,94.4,.909,3.293,5.18,1.74,62.04
101,2017,242,1440,12.14,3.15,1.306,1.35,5.567,3.675,3.415,5.837,-67.35,-18.14,3.078,67.14,4.991,2.819,36.21,108.2,56.91,5.365,84.3,7.82,29.3,5.329,1.943,3.015,68.32,3.423,3.44,81.8,.888,26.77,4.639,1.41,73.5
101,2017,242,1450,12.13,1.767,.899,1.323,3.494,2.171,12.8,1.442,-62.73,-18.91,13.99,59.29,3.722,2.13,30.85,106.8,69.76,3.75,79.8,5.926,4.876,26.85,1.469,2.36,68.03,3.388,2.613,77.3,.786,35.7,3.311,1.228,5.934
101,2017,242,1500,12.12,1.695,.873,1.472,4.175,2.474,3.345,2.777,-68.34,-19.39,19.89,57.64,3.827,2.174,15.81,110.8,85.9,3.896,80.8,6.617,4.673,23.42,1.551,2.563,70.6,22.06,2.67,13.94,.797,2.062,3.155,1.157,75.7
101,2017,242,1510,12.13,1.799,.976,1.249,4.326,7.34,5.567,1.953,-65.99,-20.57,6.599,50.98,3.494,1.943,4.787,107.1,88.4,3.887,74.2,6.438,4.232,4.015,1.425,2.809,68.36,45.3,2.583,9.59,.67,1.576,3.134,.966,61.62
101,2017,242,1520,12.15,1.561,.737,.956,3.124,3.534,2.568,1.223,-70.6,-21.93,22.76,34.47,2.614,3.085,3.591,75.1,61.8,3.167,49.79,5.001,3.857,3.499,1.241,2.231,48.93,8.86,1.963,8.23,.499,1.152,2.72,.735,3.031
101,2017,242,1530,12.16,1.926,.894,1.05,3.72,2.152,1.924,1.466,-75.7,-21.63,2.452,32.58,3.243,2.266,4.122,68.19,56.44,3.722,45.33,5.679,4.777,3.784,1.435,3.003,44.86,2.966,2.34,10.72,.506,1.176,3.415,.809,2.596
101,2017,242,1540,12.16,3.604,1.407,2.017,6.381,3.238,2.46,2.279,-76.5,-22.21,2.668,32.79,3.521,3.264,5.008,58.49,51.32,5.331,40.86,6.895,13.71,5.19,2.001,11.63,41.84,3.472,3.038,14.27,.713,1.566,4.996,1.045,2.799
101,2017,242,1550,12.16,3.452,1.387,1.213,6.083,3.13,2.278,1.926,-75.4,-24.98,2.075,27.02,2.676,2.926,3.934,45.51,41.55,4.884,30.72,6.274,3.584,5.209,1.921,3.425,34.24,3.063,2.536,11.49,.688,1.31,5.075,.971,2.015
101,2017,242,1600,12.15,3.197,1.141,1.159,5.689,2.998,1.993,1.638,-77.3,-29.05,1.983,23.81,2.377,2.753,3.872,35.22,33.75,4.554,25.28,5.04,2.41,5.048,1.821,2.769,28.8,2.685,2.477,11.23,.662,1.305,4.457,.858,1.923
101,2017,242,1610,12.15,2.599,1.062,1.089,4.862,2.82,1.826,1.332,-78.4,-31.48,1.64,22.24,2.368,2.784,3.673,29,27.39,3.872,22.22,5.105,2.028,4.479,1.554,2.485,23.31,2.179,2.32,10.69,.574,1.223,3.504,.73,1.707
101,2017,242,1620,12.15,1.822,.769,.866,3.42,2.169,1.491,1.196,-77.4,-31.15,1.558,19.61,2.206,2.191,3.191,31.01,27.28,2.978,19.93,4.363,2.403,3.835,1.315,2.33,23.46,2.197,2.012,9.93,.477,1.005,3.186,.641,1.603
101,2017,242,1630,12.15,1.819,.847,.757,3.433,2.035,1.445,1.214,-77.8,-29.21,1.462,18.73,2.139,1.764,2.653,48.95,40.91,3.037,18.8,4.599,2.457,3.38,1.293,2.321,35.03,2.8,1.995,8.94,.442,.864,3.484,.789,1.415
101,2017,242,1640,12.14,1.789,.754,.616,3.422,1.749,1.177,.943,-77.4,-26.71,1.203,16.19,1.584,1.452,2.063,55.01,44.78,3.016,14.49,3.718,2.043,3.293,1.136,1.76,39,2.748,1.615,5.716,.343,.645,2.48,.655,1.094
101,2017,242,1650,12.14,1.152,.482,.462,2.4,1.357,.883,.73,-77.6,-25.95,.899,13.22,1.067,1.122,1.683,47.25,38.03,2.288,11.12,2.695,1.596,2.715,.93,1.283,34.05,2.264,1.208,4.313,.283,.504,1.752,.491,.983
101,2017,242,1700,12.15,1.434,.586,.506,2.814,1.467,.938,.687,-78.1,-24.65,.99,12.68,1.121,1.311,1.729,29.04,24.54,2.429,11.92,2.929,1.496,2.698,.933,1.275,21.62,1.739,1.152,4.482,.308,.563,1.72,.405,.904
101,2017,242,1710,12.15,.757,.374,.332,1.541,.967,.595,.504,-77.5,-24.18,.678,8.43,.707,.854,1.204,16.27,14.65,1.42,7.89,1.854,1.186,1.941,.621,.926,13.06,1.144,.677,3.286,.211,.397,1.342,.313,.559
101,2017,242,1720,12.15,.677,.327,.28,1.397,.833,.513,.427,-76.6,-23.68,.625,7.23,.596,.71,1.012,27.47,26.04,1.343,6.528,1.573,.9,1.732,.536,.767,16.58,1.059,.682,2.581,.183,.325,1.047,.263,.467
101,2017,242,1730,12.14,.588,.281,.248,1.225,.724,.447,.38,-74.8,-23.38,.456,6.319,.509,.617,.844,21.19,21.83,1.171,5.629,1.34,.759,1.506,.466,.653,7.74,.849,.518,2.25,.157,.285,.9,.226,.404
101,2017,242,1740,12.14,.486,.231,.193,1.01,.585,.377,.3,-73.7,-23.09,.377,5.163,.417,.503,.65,12.55,10.34,.908,4.51,1.099,.551,1.24,.404,.508,5.803,.625,.412,1.719,.127,.221,.707,.186,.302
101,2017,242,1750,12.14,.404,.181,.146,.779,.451,.288,.221,-72.1,-23.12,.27,3.9,.32,.405,.472,5.668,4.932,.679,3.356,.814,.402,.937,.302,.397,4.135,.429,.315,1.248,.09,.168,.506,.129,.219
101,2017,242,1800,12.12,.278,.119,.094,.513,.308,.186,.141,-68.4,-22.97,.171,2.49,.199,.268,.312,3.078,2.979,.449,2.086,.519,.243,.598,.194,.258,2.55,.29,.203,.759,.059,.111,.333,.08,.136
101,2017,242,1810,12.11,.139,.055,.049,.273,.151,.092,.067,-66.67,-23.06,.082,1.176,.097,.129,.146,1.414,1.376,.23,.999,.266,.109,.307,.095,.122,1.181,.137,.097,.365,.032,.054,.159,.042,.062
101,2017,242,1820,12.14,.042,.015,.01,.075,.042,.023,.017,-66.44,-24.85,.02,.325,.025,.037,.045,.397,.389,.065,.283,.077,.032,.082,.027,.039,.338,.042,.027,.109,.002,.013,.049,.007,.018
101,2017,242,1830,12.14,0,0,0,.007,0,0,0,-64.9,-23.79,0,.04,0,0,0,.057,.057,.005,.034,.007,0,.007,0,0,.05,.002,0,.013,0,0,.003,0,0
101,2017,242,1840,12.14,0,0,0,0,0,0,0,-66.75,-22.88,0,0,0,0,0,0,0,0,0,0,0,0,0,0,0,0,0,0,0,0,0,0,0
101,2017,242,1850,12.16,0,0,0,0,0,0,0,-67.43,-22.47,0,0,0,0,0,0,0,0,0,0,0,0,0,0,0,0,0,0,0,0,0,0,0
101,2017,242,1900,12.17,0,0,0,0,0,0,0,-67.12,-22.29,0,0,0,0,0,0,0,0,0,0,0,0,0,0,0,0,0,0,0,0,0,0,0
101,2017,242,1910,12.17,0,0,0,0,0,0,0,-65.42,-22.28,0,0,0,0,0,0,0,0,0,0,0,0,0,0,0,0,0,0,0,0,0,0,0
101,2017,242,1920,12.17,0,0,0,0,0,0,0,-64.22,-22.36,0,0,0,0,0,0,0,0,0,0,0,0,0,0,0,0,0,0,0,0,0,0,0
101,2017,242,1930,12.17,0,0,0,0,0,0,0,-64.84,-22.16,0,0,0,0,0,0,0,0,0,0,0,0,0,0,0,0,0,0,0,0,0,0,0
101,2017,242,1940,12.17,0,0,0,0,0,0,0,-63.92,-21.89,0,0,0,0,0,0,0,0,0,0,0,0,0,0,0,0,0,0,0,0,0,0,0
101,2017,242,1950,12.17,0,0,0,0,0,0,0,-65.49,-21.67,0,0,0,0,0,0,0,0,0,0,0,0,0,0,0,0,0,0,0,0,0,0,0
101,2017,242,2000,12.17,0,0,0,0,0,0,0,-64.75,-21.49,0,0,0,0,0,0,0,0,0,0,0,0,0,0,0,0,0,0,0,0,0,0,0
101,2017,242,2010,12.17,0,0,0,0,0,0,0,-65.56,-21.33,0,0,0,0,0,0,0,0,0,0,0,0,0,0,0,0,0,0,0,0,0,0,0
101,2017,242,2020,12.17,0,0,0,0,0,0,0,-62.89,-21.04,0,0,0,0,0,0,0,0,0,0,0,0,0,0,0,0,0,0,0,0,0,0,0
101,2017,242,2030,12.17,0,0,0,0,0,0,0,-62.88,-20.75,0,0,0,0,0,0,0,0,0,0,0,0,0,0,0,0,0,0,0,0,0,0,0
101,2017,242,2040,12.17,0,0,0,0,0,0,0,-63.92,-20.53,0,0,0,0,0,0,0,0,0,0,0,0,0,0,0,0,0,0,0,0,0,0,0
101,2017,242,2050,12.17,0,0,0,0,0,0,0,-65.92,-20.4,0,0,0,0,0,0,0,0,0,0,0,0,0,0,0,0,0,0,0,0,0,0,0
101,2017,242,2100,12.17,0,0,0,0,0,0,0,-64.77,-20.43,0,0,0,0,0,0,0,0,0,0,0,0,0,0,0,0,0,0,0,0,0,0,0
101,2017,242,2110,12.16,0,0,0,0,0,0,0,-64.64,-20.35,0,0,0,0,0,0,0,0,0,0,0,0,0,0,0,0,0,0,0,0,0,0,0
101,2017,242,2120,12.17,0,0,0,0,0,0,0,-64.47,-20.15,0,0,0,0,0,0,0,0,0,0,0,0,0,0,0,0,0,0,0,0,0,0,0
101,2017,242,2130,12.16,0,0,0,0,0,0,0,-65.2,-20.07,0,0,0,0,0,0,0,0,0,0,0,0,0,0,0,0,0,0,0,0,0,0,0
101,2017,242,2140,12.16,0,0,0,0,0,0,0,-63.46,-19.99,0,0,0,0,0,0,0,0,0,0,0,0,0,0,0,0,0,0,0,0,0,0,0
101,2017,242,2150,12.16,0,0,0,0,0,0,0,-63.39,-19.75,0,0,0,0,0,0,0,0,0,0,0,0,0,0,0,0,0,0,0,0,0,0,0
101,2017,242,2200,12.13,0,0,0,0,0,0,0,-61.5,-19.69,0,0,0,0,0,0,0,0,0,0,0,0,0,0,0,0,0,0,0,0,0,0,0
101,2017,242,2210,12.14,0,0,0,0,0,0,0,-60.77,-19.88,0,0,0,0,0,0,0,0,0,0,0,0,0,0,0,0,0,0,0,0,0,0,0
101,2017,242,2220,12.14,0,0,0,0,0,0,0,-59.94,-19.95,0,0,0,0,0,0,0,0,0,0,0,0,0,0,0,0,0,0,0,0,0,0,0
101,2017,242,2230,12.13,0,0,0,0,0,0,0,-59.08,-19.71,0,0,0,0,0,0,0,0,0,0,0,0,0,0,0,0,0,0,0,0,0,0,0
101,2017,242,2240,12.13,0,0,0,0,0,0,0,-57.99,-19.57,0,0,0,0,0,0,0,0,0,0,0,0,0,0,0,0,0,0,0,0,0,0,0
101,2017,242,2250,12.13,0,0,0,0,0,0,0,-57.14,-19.65,0,0,0,0,0,0,0,0,0,0,0,0,0,0,0,0,0,0,0,0,0,0,0
101,2017,242,2300,12.15,0,0,0,0,0,0,0,-58.01,-19.84,0,0,0,0,0,0,0,0,0,0,0,0,0,0,0,0,0,0,0,0,0,0,0
101,2017,242,2310,12.15,0,0,0,0,0,0,0,-61.19,-19.65,0,0,0,0,0,0,0,0,0,0,0,0,0,0,0,0,0,0,0,0,0,0,0
101,2017,242,2320,12.14,0,0,0,0,0,0,0,-60.72,-19.59,0,0,0,0,0,0,0,0,0,0,0,0,0,0,0,0,0,0,0,0,0,0,0
101,2017,242,2330,12.14,0,0,0,0,0,0,0,-60.53,-19.76,0,0,0,0,0,0,0,0,0,0,0,0,0,0,0,0,0,0,0,0,0,0,0
101,2017,242,2340,12.14,0,0,0,0,0,0,0,-58.95,-19.76,0,0,0,0,0,0,0,0,0,0,0,0,0,0,0,0,0,0,0,0,0,0,0
101,2017,242,2350,12.15,0,0,0,0,0,0,0,-58.99,-19.58,0,0,0,0,0,0,0,0,0,0,0,0,0,0,0,0,0,0,0,0,0,0,0
101,2017,242,2400,12.15,0,0,0,0,0,0,0,-58.87,-19.5,0,0,0,0,0,0,0,0,0,0,0,0,0,0,0,0,0,0,0,0,0,0,0
102,2017,242,2400,12.07,5266
101,2017,243,10,12.15,0,0,0,0,0,0,0,-58.78,-19.26,0,0,0,0,0,0,0,0,0,0,0,0,0,0,0,0,0,0,0,0,0,0,0
101,2017,243,20,12.15,0,0,0,0,0,0,0,-58.6,-19.32,0,0,0,0,0,0,0,0,0,0,0,0,0,0,0,0,0,0,0,0,0,0,0
101,2017,243,30,12.15,0,0,0,0,0,0,0,-58.27,-19.36,0,0,0,0,0,0,0,0,0,0,0,0,0,0,0,0,0,0,0,0,0,0,0
101,2017,243,40,12.16,0,0,0,0,0,0,0,-59.25,-19.53,0,0,0,0,0,0,0,0,0,0,0,0,0,0,0,0,0,0,0,0,0,0,0
101,2017,243,50,12.16,0,0,0,0,0,0,0,-61.86,-19.4,0,0,0,0,0,0,0,0,0,0,0,0,0,0,0,0,0,0,0,0,0,0,0
101,2017,243,100,12.16,0,0,0,0,0,0,0,-63.22,-18.9,0,0,0,0,0,0,0,0,0,0,0,0,0,0,0,0,0,0,0,0,0,0,0
101,2017,243,110,12.16,0,0,0,0,0,0,0,-63.37,-18.56,0,0,0,0,0,0,0,0,0,0,0,0,0,0,0,0,0,0,0,0,0,0,0
101,2017,243,120,12.16,0,0,0,0,0,0,0,-63.62,-18.39,0,0,0,0,0,0,0,0,0,0,0,0,0,0,0,0,0,0,0,0,0,0,0
101,2017,243,130,12.16,0,0,0,0,0,0,0,-63.63,-18.09,0,0,0,0,0,0,0,0,0,0,0,0,0,0,0,0,0,0,0,0,0,0,0
101,2017,243,140,12.16,0,0,0,0,0,0,0,-62.63,-18.37,0,0,0,0,0,0,0,0,0,0,0,0,0,0,0,0,0,0,0,0,0,0,0
101,2017,243,150,12.16,0,0,0,0,0,0,0,-62.92,-18.53,0,0,0,0,0,0,0,0,0,0,0,0,0,0,0,0,0,0,0,0,0,0,0
101,2017,243,200,12.16,0,0,0,0,0,0,0,-62.95,-18.48,0,0,0,0,0,0,0,0,0,0,0,0,0,0,0,0,0,0,0,0,0,0,0
101,2017,243,210,12.16,0,0,0,0,0,0,0,-62.11,-18.86,0,0,0,0,0,0,0,0,0,0,0,0,0,0,0,0,0,0,0,0,0,0,0
101,2017,243,220,12.16,0,0,0,0,0,0,0,-61.8,-18.71,0,0,0,0,0,0,0,0,0,0,0,0,0,0,0,0,0,0,0,0,0,0,0
101,2017,243,230,12.16,0,0,0,0,0,0,0,-61.39,-18.84,0,0,0,0,0,0,0,0,0,0,0,0,0,0,0,0,0,0,0,0,0,0,0
101,2017,243,240,12.16,0,0,0,0,0,0,0,-61.66,-19.08,0,0,0,0,0,0,0,0,0,0,0,0,0,0,0,0,0,0,0,0,0,0,0
101,2017,243,250,12.16,0,0,0,0,0,0,0,-62.51,-19.08,0,0,0,0,0,0,0,0,0,0,0,0,0,0,0,0,0,0,0,0,0,0,0
101,2017,243,300,12.16,0,0,0,0,0,0,0,-61.24,-19.23,0,0,0,0,0,0,0,0,0,0,0,0,0,0,0,0,0,0,0,0,0,0,0
101,2017,243,310,12.16,0,0,0,0,0,0,0,-60.17,-19.71,0,0,0,0,0,0,0,0,0,0,0,0,0,0,0,0,0,0,0,0,0,0,0
101,2017,243,320,12.16,0,0,0,0,0,0,0,-58.1,-20.24,0,0,0,0,0,0,0,0,0,0,0,0,0,0,0,0,0,0,0,0,0,0,0
101,2017,243,330,12.16,0,0,0,0,0,0,0,-57.27,-20.38,0,0,0,0,0,0,0,0,0,0,0,0,0,0,0,0,0,0,0,0,0,0,0
101,2017,243,340,12.16,0,0,0,0,0,0,0,-56.68,-20.42,0,0,0,0,0,0,0,0,0,0,0,0,0,0,0,0,0,0,0,0,0,0,0
101,2017,243,350,12.16,0,0,0,0,0,0,0,-55.92,-20.95,0,0,0,0,0,0,0,0,0,0,0,0,0,0,0,0,0,0,0,0,0,0,0
101,2017,243,400,12.16,0,0,0,0,0,0,0,-55.49,-21.36,0,0,0,0,0,0,0,0,0,0,0,0,0,0,0,0,0,0,0,0,0,0,0
101,2017,243,410,12.16,0,0,0,0,0,0,0,-55.98,-21.39,0,0,0,0,0,0,0,0,0,0,0,0,0,0,0,0,0,0,0,0,0,0,0
101,2017,243,420,12.16,0,0,0,0,0,0,0,-57.54,-21.45,0,0,0,0,0,0,0,0,0,0,0,0,0,0,0,0,0,0,0,0,0,0,0
101,2017,243,430,12.16,0,0,0,0,0,0,0,-57.5,-20.94,0,0,0,0,0,0,0,0,0,0,0,0,0,0,0,0,0,0,0,0,0,0,0
101,2017,243,440,12.16,0,0,0,0,0,0,0,-57.85,-20.62,0,0,0,0,0,0,0,0,0,0,0,0,0,0,0,0,0,0,0,0,0,0,0
101,2017,243,450,12.16,0,0,0,0,0,0,0,-60.2,-20.5,0,0,0,0,0,0,0,0,0,0,0,0,0,0,0,0,0,0,0,0,0,0,0
101,2017,243,500,12.16,0,0,0,0,0,0,0,-60.72,-20.56,0,0,0,0,0,0,0,0,0,0,0,0,0,0,0,0,0,0,0,0,0,0,0
101,2017,243,510,12.16,0,0,0,0,0,0,0,-60.22,-20.87,0,0,0,0,0,0,0,0,0,0,0,0,0,0,0,0,0,0,0,0,0,0,0
101,2017,243,520,12.16,0,0,0,0,0,0,0,-60.4,-21.05,0,0,0,0,0,0,0,0,0,0,0,0,0,0,0,0,0,0,0,0,0,0,0
101,2017,243,530,12.16,0,0,0,0,0,0,0,-58.74,-21.52,0,0,0,0,0,0,0,0,0,0,0,0,0,0,0,0,0,0,0,0,0,0,0
101,2017,243,540,12.16,0,0,0,0,0,0,0,-58.3,-21.93,0,0,0,0,0,0,0,0,0,0,0,0,0,0,0,0,0,0,0,0,0,0,0
101,2017,243,550,12.16,0,0,0,0,0,0,0,-58.24,-21.95,0,0,0,0,0,0,0,0,0,0,0,0,0,0,0,0,0,0,0,0,0,0,0
101,2017,243,600,12.16,0,0,0,0,0,0,0,-57.31,-22.22,0,0,0,0,0,0,0,0,0,0,0,0,0,0,0,0,0,0,0,0,0,0,0
101,2017,243,610,12.16,0,0,0,0,0,0,0,-56.34,-22.94,0,0,0,0,0,0,0,0,0,0,0,0,0,0,0,0,0,0,0,0,0,0,0
101,2017,243,620,12.16,0,0,0,.005,0,0,0,-56.05,-22.73,0,.034,0,0,0,.018,.022,.007,.022,.002,0,.005,0,0,.015,0,0,.003,0,0,0,0,0
101,2017,243,630,12.16,.034,.013,.002,.06,.032,.023,.01,-54.73,-22.66,.017,.28,.018,.028,.027,.208,.209,.057,.206,.055,.017,.067,.023,.025,.171,.022,.022,.059,.002,.012,.025,0,.007
101,2017,243,640,12.16,.121,.047,.035,.238,.117,.07,.044,-54.41,-23.22,.054,1.027,.065,.107,.085,.833,.853,.208,.764,.216,.059,.261,.072,.091,.699,.082,.072,.221,.032,.037,.094,.034,.035
101,2017,243,650,12.16,.27,.119,.079,.511,.26,.169,.094,-54.33,-24.27,.124,2.323,.149,.236,.194,1.907,1.971,.451,1.745,.464,.132,.543,.171,.196,1.617,.186,.168,.469,.039,.084,.211,.055,.084
101,2017,243,700,12.16,.469,.215,.144,.98,.459,.322,.164,-54.64,-24.32,.223,4.51,.261,.427,.335,3.322,3.416,.878,3.34,.865,.22,1.017,.32,.362,2.725,.31,.305,.801,.084,.141,.36,.091,.139
101,2017,243,710,12.16,.618,.293,.184,1.306,.588,.412,.216,-54.99,-24.09,.297,6.434,.362,.55,.429,4.466,4.57,1.192,4.555,1.19,.31,1.423,.431,.454,3.717,.416,.406,1.059,.106,.196,.458,.127,.181
101,2017,243,720,12.16,.997,.436,.268,2.093,.878,.602,.297,-55.35,-26.23,.432,10.92,.466,.888,.582,6.93,6.464,2.018,6.794,1.637,.407,2.118,.635,.655,5.048,.555,.597,1.43,.168,.295,.6,.174,.263
101,2017,243,730,12.16,1.426,.592,.39,3.045,1.217,.915,.406,-56.1,-26.94,.6,44.99,.742,1.225,.845,10.44,8.64,10.47,10.55,2.403,.474,3.305,.952,1.004,6.305,.771,.918,1.79,.225,.38,.778,.23,.34
101,2017,243,740,12.16,1.19,.515,.369,2.475,1.116,.809,.429,-57.73,-27.51,.582,53.66,1.073,1.15,.97,10.77,8.75,2.589,20.87,2.341,.536,6.798,7.32,1.151,6.803,.746,.811,1.971,.221,.377,.804,.236,.365
101,2017,243,750,12.16,1.212,.52,.417,2.599,1.252,.917,.504,-60.74,-27.03,.654,61.46,1.165,1.339,1.056,11.14,8.81,2.621,39.3,2.584,.566,5.249,3.079,1.371,7.1,.809,4.071,2.065,.236,.543,.94,.272,.406
101,2017,243,800,12.16,1.663,.696,.498,3.424,1.647,1.197,.672,-61.49,-27.05,.831,69.36,1.28,1.76,1.23,12.18,10.65,3.307,45.9,6.873,.644,5.558,1.919,7.26,9.33,1.002,1.394,2.306,.302,.778,1.098,.374,.446
101,2017,243,810,12.16,2.541,1.059,.697,5.308,2.338,1.783,.875,-62.58,-26.4,1.143,52.28,1.361,2.271,1.539,15.08,14.97,4.696,36.61,4.27,.873,5.978,1.963,2.055,13.6,1.316,1.518,3.566,.402,.724,1.629,.431,.615
101,2017,243,820,12.17,2.78,1.21,.659,5.336,2.385,1.477,.704,-64.75,-27.52,1.011,20.06,1.182,2.174,1.386,14.37,15.13,4.294,15.33,4.485,.925,4.56,1.316,1.518,11.39,1.314,1.483,3.479,.385,.64,1.554,.385,.57
101,2017,243,830,12.17,3.518,1.622,1.175,8.02,3.764,3.469,1.302,-65.42,-26.75,1.658,49.42,1.941,3.459,2.289,20.9,24.44,6.855,38.01,7.16,1.197,6.96,2.11,3.468,16.17,1.827,2.209,6.065,.531,1.014,2.516,.577,1.041
101,2017,243,840,12.16,3.503,1.611,1.121,9.77,3.531,9.23,1.287,-63.83,-26.65,1.631,52.62,1.978,3.136,2.108,19.83,24.14,6.766,40.01,7.93,1.433,7.13,2.211,6.347,14.61,1.88,1.971,5.398,.449,.861,1.782,.722,1.041
101,2017,243,850,12.17,3.008,1.622,1.004,11,3.716,5.858,1.235,-68.14,-28.31,1.46,35.86,1.513,2.454,1.869,20.56,22.79,5.308,27.99,7.27,1.358,6.152,1.877,7.77,16.28,3.382,1.751,4.171,.427,.724,2.281,.585,.721
101,2017,243,900,12.17,2.653,1.267,.97,8.27,2.837,4.25,1.068,-72.2,-26.99,1.453,31.17,1.639,3.348,2.17,20.88,22.15,4.927,25.51,6.207,1.336,5.4,1.587,5.996,15.91,1.82,1.931,6.107,.419,.791,2.217,.478,.974
101,2017,243,910,12.17,3.112,1.739,1.496,33.33,5.014,21.48,1.979,-62.72,-22.74,4.881,100.7,1.922,5.084,2.279,30.3,45.4,6.683,79,9.97,1.465,8.04,2.845,49.68,16.14,2.019,2.302,4.476,.573,.957,1.88,.573,.897
101,2017,243,920,12.17,6.317,2.234,2.182,32.38,5.295,4.315,2.547,-79.4,-20.89,2.5,102.5,2.513,9.08,3.096,39.63,53.35,9.98,83.4,20.86,2.006,9.39,3.614,47.1,21.47,2.483,3.078,6.841,.726,1.374,3.199,.828,1.392
101,2017,243,930,12.17,4.147,1.721,1.619,13.3,3.567,2.756,1.044,-86.4,-20.47,1.853,50.84,2.383,3.57,2.845,28.15,30.83,6.987,41.44,14.42,1.756,7.05,2.379,14.62,17.95,2.083,2.505,7.85,.546,1.161,2.346,.551,1.35
101,2017,243,940,12.17,3.118,1.287,.858,5.495,2.062,1.543,.717,-87.2,-23.51,1.215,23.13,1.944,1.721,2.037,18.9,18.04,4.229,19.21,5.908,1.417,4.348,1.391,1.796,14.27,1.742,1.773,6.916,.343,.742,1.583,.436,1
101,2017,243,950,12.17,2.449,1.05,.625,4.822,2.317,1.374,.737,-88.9,-23.26,1.039,20.49,1.722,1.763,1.528,16.42,15.9,4.199,15.89,6.142,1.128,4.262,1.221,1.486,12.79,1.494,1.466,4.319,.33,.615,1.675,.419,.655
101,2017,243,1000,12.17,4.138,2.294,27.7,16.5,5.336,3.88,1.37,-83.6,-21.13,2.121,79.3,2.676,6.164,3.468,43.3,50.94,7.39,66.5,10.46,2.212,8.02,3.445,4.383,21.53,3.852,2.696,7.23,.576,1.107,2.753,.808,1.282
101,2017,243,1010,12.17,3.738,9.53,29.34,14.04,4.748,7.18,1.268,-80.6,-21.26,2.061,79,3.156,5.928,2.875,44,49.74,6.774,66.87,12.11,2.253,12.73,2.329,3.527,21.36,6.415,2.927,7.82,.513,1.109,2.423,.769,1.27
101,2017,243,1020,12.17,7.02,30.34,4.098,21.49,6.194,22.18,1.756,-71,-23.05,6.71,124.1,3.381,5.038,3.905,68.18,80.8,9.05,106.3,12.47,2.483,31.9,3.039,4.209,31.22,4.403,3.572,9.12,.799,1.587,3.741,1.054,1.774
101,2017,243,1030,12.17,5.851,32.91,1.873,16.13,5.085,3.076,1.382,-84.3,-24.33,29.76,75.8,3.406,4.006,3.421,49.6,53.77,8.61,65.39,10.55,2.545,25.46,2.604,3.358,27.13,3.242,3.341,9.66,.7,1.489,2.987,.831,1.662
101,2017,243,1040,12.17,5.48,6.733,1.642,12.05,6.003,2.778,1.721,-87.3,-25.36,11.33,47.9,3.468,3.594,4.085,42.3,42.09,7.1,43.41,9.46,2.548,12.37,2.322,3.167,29.83,4.085,3.805,13.91,.794,1.689,4.14,.932,1.868
101,2017,243,1050,12.17,4.576,1.779,1.138,8.07,2.843,2.128,1.074,-89.2,-25.81,1.804,30.28,2.205,2.632,2.349,23.49,23.6,6.516,25,6.852,1.674,6.382,1.861,2.414,17.82,2.314,2.453,7.78,.452,1.022,2.233,.588,1.112
101,2017,243,1100,12.17,5.896,2.831,1.952,17.01,5.572,3.12,1.431,-88,-26.13,14.26,59.96,3.314,3.031,2.877,41.63,41,8.56,51.48,14.49,2.592,15.45,2.481,4.326,24.36,18.47,3.503,10.06,.521,1.345,2.599,.806,1.297
101,2017,243,1110,12.17,6.844,2.89,2.148,17.55,5.494,3.304,2.136,-86.8,-28.27,3.255,56.34,3.024,4.1,4.413,49.11,48.34,8.96,50.81,22.52,2.925,13.16,2.924,3.713,33.71,12.74,3.994,13.54,.859,1.794,4.648,1.049,1.954
101,2017,243,1120,12.17,5.532,2.322,1.533,10.14,4.314,2.826,1.677,-87.4,-32.02,2.351,39.11,3.227,3.684,3.627,35.9,33.72,7.96,33.17,9.38,2.815,8.14,2.53,3.262,26.48,3.125,3.192,11.51,.714,1.469,3.843,.875,1.701
101,2017,243,1130,12.17,9.24,3.755,4.091,30.02,6.082,20.94,2.004,-81.8,-33.79,3.198,73.5,3.089,4.356,4.199,60.39,60.72,10.91,66.1,26.49,4.565,12.65,3.277,4.068,38.3,5.926,18.54,29.82,.843,1.821,4.187,1.112,1.788
101,2017,243,1140,12.17,6.822,4.398,2.193,14.67,5.222,3.564,1.962,-97,-35.41,3.039,48.17,3.418,4.607,4.72,47.39,45.95,8.8,44.63,10.79,3.487,10.44,2.818,3.718,35.16,3.939,4.344,18.97,.958,1.995,5.021,1.066,2.131
101,2017,243,1150,12.17,7.34,14.1,2.439,26.56,5.115,3.902,2.148,-90.3,-34.9,6.467,72,5.402,4.688,5.329,67.24,62.44,10.6,68.48,14.99,4.889,9.1,3.18,4.627,42.6,4.234,5.229,36.08,1.012,2.258,11.97,1.173,2.577
101,2017,243,1200,12.17,8.77,6.469,2.438,23.62,4.902,3.579,1.925,-91.7,-32.96,3.222,67.16,6.31,4.366,4.436,61.59,60.41,10.76,62.07,29.18,4.066,9.35,3.254,4.884,40.16,4.222,5.058,30.44,.933,2.139,9.11,1.149,1.922
101,2017,243,1210,12.17,6.117,4.718,2.057,12.89,4.736,3.332,1.947,-90.8,-30.7,2.846,51.53,3.723,4.495,4.795,50.68,48.81,8.25,48.03,16.54,3.609,8.58,2.776,6.361,36.03,3.76,4.475,23.27,.948,2.019,6.145,1.079,2.195
101,2017,243,1220,12.17,7.22,13.91,3.161,17.53,6.498,4.877,2.451,-86.9,-27.65,3.701,85.6,6.157,5.62,7.16,82.4,78.9,10.61,83.7,19.95,4.766,9.95,3.52,5.726,53.59,4.823,6.9,49.42,1.3,2.654,7.66,1.466,3.027
101,2017,243,1230,12.17,8.14,4.57,2.653,14.85,5.411,4.151,2.318,-91.2,-26.14,3.551,61.03,5.139,4.917,5.531,62,58.09,10.58,59.64,15.76,4.362,9.25,3.27,4.714,42.24,4.551,5.853,29.29,1.079,2.422,6.104,1.285,2.761
101,2017,243,1240,12.17,5.104,6.342,1.695,8.77,3.178,3.391,1.474,-86.4,-26,2.266,55.72,5.446,4.164,3.999,54.73,49.97,6.26,54.61,11,6.059,6.16,2.164,3.918,34.57,3.154,11.66,35.95,.685,1.611,3.484,1.122,1.96
101,2017,243,1250,12.17,5.91,2.881,1.663,9.92,3.188,2.761,1.256,-80.7,-26.23,2.282,44.24,3.855,9.61,4.387,42.38,40.06,7.27,42.63,10.91,3.714,6.473,2.543,3.107,28.14,3,9.32,24.2,.65,1.632,3.094,1.318,1.787
101,2017,243,1300,12.17,6.297,2.779,1.943,9.8,3.551,3.124,1.633,-77.6,-26.86,3.039,45.49,5.397,3.839,4.814,47.77,41.76,7.66,45.7,14.98,4.029,6.076,3.225,4.308,31.6,3.503,9.03,24.14,.705,1.841,3.762,2.01,2.305
101,2017,243,1310,12.17,4.767,2.049,1.568,8.04,3.334,2.963,1.615,-75.1,-26.51,2.528,42.6,12.81,4.055,4.87,48.42,44.71,6.399,43.17,15.88,3.325,6.118,2.213,8,33.66,2.479,12.3,26.39,.853,2.025,4.032,.908,2.519
101,2017,243,1320,12.17,3.392,1.493,1.101,5.466,2.421,2.04,1.27,-71.7,-26.8,1.769,27.59,3.56,2.776,3.468,30.05,26.93,4.598,26.6,6.459,2.374,4.866,1.478,3.375,21.44,1.985,3.268,14.16,.528,1.283,3.009,.652,1.883
101,2017,243,1330,12.17,3.543,1.643,1.01,6.25,2.759,2.007,1.142,-70.4,-26.96,1.58,24.12,1.938,3.079,2.751,24.46,24.74,4.788,21.85,5.448,1.674,5.617,1.608,2.285,19.17,1.722,2.226,9.62,.596,1.216,2.672,.541,1.323
101,2017,243,1340,12.17,5.369,1.937,1.58,8.93,4.195,2.309,1.772,-68.72,-26.47,2.412,29.56,3.119,4.044,5.173,36.33,37.25,6.301,30.2,5.408,2.03,6.932,2.298,4.116,30.2,2.724,3.307,15.11,.823,1.694,4.381,.93,2.298
101,2017,243,1350,12.17,4.942,1.774,1.437,8.64,4.212,2.486,1.672,-68.45,-26.31,2.424,29.21,3.382,3.791,4.892,36.41,36.66,6.21,29.06,5.463,2.287,6.989,2.21,3.997,30.42,2.843,3.264,12.84,.782,1.526,4.388,.948,2.032
101,2017,243,1400,12.17,2.456,.91,.938,4.81,3.104,1.652,1.565,-69.7,-26.66,1.799,18.65,1.461,2.768,3.404,28.08,27.76,3.538,20.06,3.237,1.824,4.708,1.607,2.114,24.58,2.119,2.069,9.37,.694,1.168,4.234,.704,1.637
101,2017,243,1410,12.17,4.158,1.531,1.421,7.31,3.741,2.188,1.736,-67.88,-26.29,2.178,25.99,1.948,3.498,4.083,33.39,34.03,5.445,27.15,4.971,1.932,5.969,2.114,2.803,28.52,2.62,2.776,12.1,.834,1.515,4.741,.896,1.843
101,2017,243,1420,12.17,1.714,.685,.667,3.079,1.833,1.149,.906,-67.82,-26.53,1.119,13.76,1.245,1.684,2.235,18.6,18.01,2.453,14.25,2.865,1.216,2.94,.999,1.588,15.71,1.533,1.513,6.919,.41,.771,2.582,.514,1.024
101,2017,243,1430,12.17,2.495,.92,.777,4.43,2.078,1.268,.948,-65.1,-26.3,1.25,16.29,1.444,1.915,2.27,20.24,19.84,3.274,16.3,3.495,1.324,3.485,1.183,1.649,16.82,1.642,1.719,7.09,.449,.865,2.719,.541,.983
101,2017,243,1440,12.17,2.679,1.128,.841,4.958,2.6,1.52,1.02,-67.52,-25.96,1.315,17.31,1.327,2.166,2.284,20.35,20.97,3.621,16.47,3.793,1.226,4.306,1.345,1.903,17.66,1.858,1.741,6.645,.464,.849,2.652,.593,.95
101,2017,243,1450,12.16,3.006,1.166,.945,5.554,2.984,1.67,1.282,-65.99,-25.77,1.543,19.89,1.61,2.625,2.756,24.15,24.21,4.046,19.38,4.153,1.451,4.698,1.53,2.066,20.44,1.965,2.091,8.16,.593,1.064,3.373,.667,1.196
101,2017,243,1500,12.17,3.021,1.126,.883,5.432,2.615,1.546,1.064,-64.12,-25.37,1.443,19.29,1.531,2.486,2.444,21.85,21.94,4.001,18.34,3.879,1.345,4.346,1.439,1.811,18.2,1.709,1.98,7.35,.529,.992,2.739,.536,1.096
101,2017,243,1510,12.16,2.446,.916,.618,4.492,2.007,1.211,.771,-63.86,-25.02,1.047,15.45,1.114,1.933,1.662,15.96,16.11,3.396,13.65,3.229,.96,3.567,1.138,1.339,13.09,1.297,1.367,4.818,.4,.709,1.999,.439,.732
101,2017,243,1520,12.16,2.649,.92,.849,4.837,2.48,1.444,1.061,-63.59,-24.66,1.315,18.22,1.307,2.252,2.357,20.47,21.01,3.647,17.39,3.559,1.062,4.143,1.406,1.724,17.75,1.565,1.825,6.804,.524,.925,2.865,.526,.973
101,2017,243,1530,12.16,3.604,1.409,1.126,6.821,3.431,1.984,1.446,-63.2,-24.37,1.783,24.38,1.878,3.074,3.217,28.14,28.32,4.859,23.07,5.028,1.578,5.515,1.825,2.394,23.54,2.233,2.473,9.4,.665,1.255,3.852,.791,1.355
101,2017,243,1540,12.16,2.914,1.111,.888,5.331,2.578,1.565,1.067,-63.78,-24.15,1.464,20.16,1.471,2.503,2.369,22.01,21.94,4.091,18.48,4.008,1.374,4.581,1.483,1.781,18.16,1.732,1.925,6.636,.543,.995,2.927,.566,1.022
101,2017,243,1550,12.16,2.498,1.139,.739,4.604,2.347,1.339,.903,-67.56,-23.9,1.201,17.47,1.205,2.101,1.987,18,18.37,3.443,15.26,3.567,1.119,4.341,1.293,1.538,15.26,1.593,1.598,5.345,.464,.809,2.16,.477,.791
101,2017,243,1600,12.16,2.592,1.097,.896,4.746,2.55,1.498,1.045,-68.69,-23.24,1.364,18.81,1.438,2.336,2.441,21.13,21.54,3.671,17.7,3.815,1.228,4.498,1.429,1.863,17.98,1.764,1.88,6.946,.531,.96,2.773,.57,1.032
101,2017,243,1610,12.16,2.501,.972,.796,4.597,2.3,1.396,1.027,-68.85,-22.77,1.241,17.53,1.513,2.014,2.173,20.09,19.75,3.522,16.37,3.843,1.275,4.051,1.287,1.697,16.54,1.634,1.734,6.492,.444,.846,2.565,.539,.955
101,2017,243,1620,12.16,1.977,.767,.655,3.718,1.994,1.168,.94,-68.96,-22.53,1.097,14.88,1.26,1.831,1.959,18.16,17.88,2.873,14.27,3.178,1.255,3.43,1.106,1.473,15.12,1.389,1.461,5.959,.436,.746,2.458,.461,.885
101,2017,243,1630,12.16,1.809,.684,.591,3.304,1.781,1.047,.908,-67.15,-22.02,1.061,13.14,1.029,1.642,1.863,16.57,16.17,2.57,13.01,2.58,1.213,3.063,.995,1.421,13.74,1.332,1.211,5.681,.397,.672,2.439,.447,.868
101,2017,243,1640,12.16,1.736,.67,.541,3.105,1.498,.943,.685,-68.65,-22.05,.913,12.45,1.015,1.466,1.588,14.11,13.7,2.423,11.96,2.625,.982,2.671,.843,1.171,11.31,1.084,1.161,5.048,.35,.623,1.873,.377,.779
101,2017,243,1650,12.16,1.288,.541,.421,2.48,1.265,.777,.509,-67.76,-21.98,.648,10.29,.91,1.193,1.168,10.66,10.53,1.887,9.2,2.33,.653,2.265,.675,.898,8.68,.782,.982,3.716,.276,.476,1.337,.278,.514
101,2017,243,1700,12.16,1.129,.437,.385,2.108,1.089,.627,.493,-67.84,-22.05,.57,8.31,.699,1.05,1.079,9.42,9.32,1.57,7.75,1.717,.556,1.878,.56,.801,7.82,.69,.782,3.423,.25,.436,1.273,.266,.491
101,2017,243,1710,12.15,1.071,.417,.35,1.885,.895,.548,.422,-67.3,-21.81,.509,7.25,.618,.925,1.01,8.16,8.09,1.404,6.928,1.399,.472,1.572,.489,.714,6.708,.598,.687,3.151,.203,.39,1.032,.214,.479
101,2017,243,1720,12.15,.809,.322,.273,1.535,.754,.452,.343,-67.52,-21.79,.417,5.911,.451,.717,.727,6.457,6.558,1.146,5.504,1.144,.364,1.332,.432,.546,5.485,.503,.568,2.201,.164,.297,.821,.181,.342
101,2017,243,1730,12.15,.677,.275,.209,1.31,.635,.377,.246,-68.21,-21.79,.325,4.547,.317,.546,.493,4.706,4.954,.94,4.043,.885,.256,1.111,.362,.421,4.091,.421,.431,1.344,.122,.211,.581,.136,.214
101,2017,243,1740,12.15,.539,.231,.157,1.004,.452,.292,.173,-66.9,-21.9,.243,3.592,.268,.434,.389,3.582,3.733,.742,3.168,.736,.218,.826,.268,.325,3.021,.322,.355,1.102,.09,.171,.416,.095,.161
101,2017,243,1750,12.14,.38,.154,.104,.668,.327,.193,.129,-66.22,-22.24,.164,2.344,.164,.298,.258,2.421,2.501,.491,2.054,.474,.156,.545,.189,.219,2.078,.219,.221,.687,.064,.111,.292,.067,.112
101,2017,243,1800,12.14,.26,.095,.067,.441,.216,.129,.08,-65.64,-22.44,.117,1.53,.119,.199,.179,1.665,1.699,.348,1.374,.328,.119,.377,.119,.147,1.411,.151,.151,.476,.037,.074,.206,.05,.07
101,2017,243,1810,12.13,.117,.049,.04,.216,.106,.064,.045,-64.59,-22.41,.057,.801,.069,.092,.097,.888,.866,.169,.722,.194,.065,.194,.055,.079,.73,.08,.079,.288,.03,.044,.104,.032,.039
101,2017,243,1820,12.15,.045,.017,.007,.077,.042,.023,.013,-62.23,-22.34,.023,.281,.025,.037,.04,.315,.305,.06,.265,.072,.022,.067,.02,.03,.266,.027,.03,.106,.003,.015,.042,.002,.018
101,2017,243,1830,12.16,0,0,0,.008,0,0,0,-60.64,-22.63,0,.04,0,0,0,.045,.045,.003,.035,.005,0,.007,0,0,.037,0,0,.013,0,0,.002,0,0
101,2017,243,1840,12.16,0,0,0,0,0,0,0,-60.26,-22.31,0,0,0,0,0,0,0,0,0,0,0,0,0,0,0,0,0,0,0,0,0,0,0
101,2017,243,1850,12.16,0,0,0,0,0,0,0,-58.31,-22.04,0,0,0,0,0,0,0,0,0,0,0,0,0,0,0,0,0,0,0,0,0,0,0
101,2017,243,1900,12.16,0,0,0,0,0,0,0,-57.39,-21.93,0,0,0,0,0,0,0,0,0,0,0,0,0,0,0,0,0,0,0,0,0,0,0
101,2017,243,1910,12.17,0,0,0,0,0,0,0,-56.32,-21.92,0,0,0,0,0,0,0,0,0,0,0,0,0,0,0,0,0,0,0,0,0,0,0
101,2017,243,1920,12.17,0,0,0,0,0,0,0,-56.63,-21.65,0,0,0,0,0,0,0,0,0,0,0,0,0,0,0,0,0,0,0,0,0,0,0
101,2017,243,1930,12.17,0,0,0,0,0,0,0,-57.62,-21.48,0,0,0,0,0,0,0,0,0,0,0,0,0,0,0,0,0,0,0,0,0,0,0
101,2017,243,1940,12.17,0,0,0,0,0,0,0,-57.36,-21.41,0,0,0,0,0,0,0,0,0,0,0,0,0,0,0,0,0,0,0,0,0,0,0
101,2017,243,1950,12.17,0,0,0,0,0,0,0,-58.05,-21.33,0,0,0,0,0,0,0,0,0,0,0,0,0,0,0,0,0,0,0,0,0,0,0
101,2017,243,2000,12.17,0,0,0,0,0,0,0,-58.4,-21.35,0,0,0,0,0,0,0,0,0,0,0,0,0,0,0,0,0,0,0,0,0,0,0
101,2017,243,2010,12.17,0,0,0,0,0,0,0,-59.26,-20.99,0,0,0,0,0,0,0,0,0,0,0,0,0,0,0,0,0,0,0,0,0,0,0
101,2017,243,2020,12.17,0,0,0,0,0,0,0,-58.81,-20.59,0,0,0,0,0,0,0,0,0,0,0,0,0,0,0,0,0,0,0,0,0,0,0
101,2017,243,2030,12.17,0,0,0,0,0,0,0,-56.54,-20.81,0,0,0,0,0,0,0,0,0,0,0,0,0,0,0,0,0,0,0,0,0,0,0
101,2017,243,2040,12.16,0,0,0,0,0,0,0,-56.1,-20.88,0,0,0,0,0,0,0,0,0,0,0,0,0,0,0,0,0,0,0,0,0,0,0
101,2017,243,2050,12.16,0,0,0,0,0,0,0,-55.57,-20.94,0,0,0,0,0,0,0,0,0,0,0,0,0,0,0,0,0,0,0,0,0,0,0
101,2017,243,2100,12.16,0,0,0,0,0,0,0,-54.09,-21.08,0,0,0,0,0,0,0,0,0,0,0,0,0,0,0,0,0,0,0,0,0,0,0
101,2017,243,2110,12.16,0,0,0,0,0,0,0,-55.31,-21.05,0,0,0,0,0,0,0,0,0,0,0,0,0,0,0,0,0,0,0,0,0,0,0
101,2017,243,2120,12.16,0,0,0,0,0,0,0,-55.74,-20.81,0,0,0,0,0,0,0,0,0,0,0,0,0,0,0,0,0,0,0,0,0,0,0
101,2017,243,2130,12.16,0,0,0,0,0,0,0,-56.51,-20.13,0,0,0,0,0,0,0,0,0,0,0,0,0,0,0,0,0,0,0,0,0,0,0
101,2017,243,2140,12.16,0,0,0,0,0,0,0,-55.1,-20.37,0,0,0,0,0,0,0,0,0,0,0,0,0,0,0,0,0,0,0,0,0,0,0
101,2017,243,2150,12.16,0,0,0,0,0,0,0,-54.89,-20.21,0,0,0,0,0,0,0,0,0,0,0,0,0,0,0,0,0,0,0,0,0,0,0
101,2017,243,2200,12.16,0,0,0,0,0,0,0,-53.88,-20.35,0,0,0,0,0,0,0,0,0,0,0,0,0,0,0,0,0,0,0,0,0,0,0
101,2017,243,2210,12.15,0,0,0,0,0,0,0,-52,-20.43,0,0,0,0,0,0,0,0,0,0,0,0,0,0,0,0,0,0,0,0,0,0,0
101,2017,243,2220,12.15,0,0,0,0,0,0,0,-49.93,-20.02,0,0,0,0,0,0,0,0,0,0,0,0,0,0,0,0,0,0,0,0,0,0,0
101,2017,243,2230,12.15,0,0,0,0,0,0,0,-47.67,-19.82,0,0,0,0,0,0,0,0,0,0,0,0,0,0,0,0,0,0,0,0,0,0,0
101,2017,243,2240,12.15,0,0,0,0,0,0,0,-46.65,-19.74,0,0,0,0,0,0,0,0,0,0,0,0,0,0,0,0,0,0,0,0,0,0,0
101,2017,243,2250,12.15,0,0,0,0,0,0,0,-47.48,-19.81,0,0,0,0,0,0,0,0,0,0,0,0,0,0,0,0,0,0,0,0,0,0,0
101,2017,243,2300,12.15,0,0,0,0,0,0,0,-48.18,-20.11,0,0,0,0,0,0,0,0,0,0,0,0,0,0,0,0,0,0,0,0,0,0,0
101,2017,243,2310,12.14,0,0,0,0,0,0,0,-46.69,-20.25,0,0,0,0,0,0,0,0,0,0,0,0,0,0,0,0,0,0,0,0,0,0,0
101,2017,243,2320,12.14,0,0,0,0,0,0,0,-46.99,-20.23,0,0,0,0,0,0,0,0,0,0,0,0,0,0,0,0,0,0,0,0,0,0,0
101,2017,243,2330,12.13,0,0,0,0,0,0,0,-46.71,-20.97,0,0,0,0,0,0,0,0,0,0,0,0,0,0,0,0,0,0,0,0,0,0,0
101,2017,243,2340,12.13,0,0,0,0,0,0,0,-48.39,-21.12,0,0,0,0,0,0,0,0,0,0,0,0,0,0,0,0,0,0,0,0,0,0,0
101,2017,243,2350,12.17,0,0,0,0,0,0,0,-47.01,-21.13,0,0,0,0,0,0,0,0,0,0,0,0,0,0,0,0,0,0,0,0,0,0,0
101,2017,243,2400,12.17,0,0,0,0,0,0,0,-45.71,-20.94,0,0,0,0,0,0,0,0,0,0,0,0,0,0,0,0,0,0,0,0,0,0,0
102,2017,243,2400,12.08,5266
101,2017,244,10,12.17,0,0,0,0,0,0,0,-44.27,-20.93,0,0,0,0,0,0,0,0,0,0,0,0,0,0,0,0,0,0,0,0,0,0,0
101,2017,244,20,12.17,0,0,0,0,0,0,0,-44.58,-20.84,0,0,0,0,0,0,0,0,0,0,0,0,0,0,0,0,0,0,0,0,0,0,0
101,2017,244,30,12.17,0,0,0,0,0,0,0,-46.28,-20.69,0,0,0,0,0,0,0,0,0,0,0,0,0,0,0,0,0,0,0,0,0,0,0
101,2017,244,40,12.17,0,0,0,0,0,0,0,-45.54,-20.94,0,0,0,0,0,0,0,0,0,0,0,0,0,0,0,0,0,0,0,0,0,0,0
101,2017,244,50,12.17,0,0,0,0,0,0,0,-42.69,-21.36,0,0,0,0,0,0,0,0,0,0,0,0,0,0,0,0,0,0,0,0,0,0,0
101,2017,244,100,12.17,0,0,0,0,0,0,0,-44.45,-20.91,0,0,0,0,0,0,0,0,0,0,0,0,0,0,0,0,0,0,0,0,0,0,0
101,2017,244,110,12.17,0,0,0,0,0,0,0,-44.8,-20.58,0,0,0,0,0,0,0,0,0,0,0,0,0,0,0,0,0,0,0,0,0,0,0
101,2017,244,120,12.17,0,0,0,0,0,0,0,-44.68,-20.96,0,0,0,0,0,0,0,0,0,0,0,0,0,0,0,0,0,0,0,0,0,0,0
101,2017,244,130,12.17,0,0,0,0,0,0,0,-44.82,-20.59,0,0,0,0,0,0,0,0,0,0,0,0,0,0,0,0,0,0,0,0,0,0,0
101,2017,244,140,12.17,0,0,0,0,0,0,0,-44.96,-20.46,0,0,0,0,0,0,0,0,0,0,0,0,0,0,0,0,0,0,0,0,0,0,0
101,2017,244,150,12.17,0,0,0,0,0,0,0,-44.1,-20.3,0,0,0,0,0,0,0,0,0,0,0,0,0,0,0,0,0,0,0,0,0,0,0
101,2017,244,200,12.17,0,0,0,0,0,0,0,-44.86,-20.16,0,0,0,0,0,0,0,0,0,0,0,0,0,0,0,0,0,0,0,0,0,0,0
101,2017,244,210,12.17,0,0,0,0,0,0,0,-45.88,-20.1,0,0,0,0,0,0,0,0,0,0,0,0,0,0,0,0,0,0,0,0,0,0,0
101,2017,244,220,12.17,0,0,0,0,0,0,0,-46.24,-19.62,0,0,0,0,0,0,0,0,0,0,0,0,0,0,0,0,0,0,0,0,0,0,0
101,2017,244,230,12.17,0,0,0,0,0,0,0,-47.34,-19.51,0,0,0,0,0,0,0,0,0,0,0,0,0,0,0,0,0,0,0,0,0,0,0
101,2017,244,240,12.17,0,0,0,0,0,0,0,-46.47,-19.45,0,0,0,0,0,0,0,0,0,0,0,0,0,0,0,0,0,0,0,0,0,0,0
101,2017,244,250,12.17,0,0,0,0,0,0,0,-47.73,-19.24,0,0,0,0,0,0,0,0,0,0,0,0,0,0,0,0,0,0,0,0,0,0,0
101,2017,244,300,12.17,0,0,0,0,0,0,0,-48.21,-19.21,0,0,0,0,0,0,0,0,0,0,0,0,0,0,0,0,0,0,0,0,0,0,0
101,2017,244,310,12.17,0,0,0,0,0,0,0,-48.26,-19.11,0,0,0,0,0,0,0,0,0,0,0,0,0,0,0,0,0,0,0,0,0,0,0
101,2017,244,320,12.16,0,0,0,0,0,0,0,-50.72,-18.98,0,0,0,0,0,0,0,0,0,0,0,0,0,0,0,0,0,0,0,0,0,0,0
101,2017,244,330,12.16,0,0,0,0,0,0,0,-52.07,-19.06,0,0,0,0,0,0,0,0,0,0,0,0,0,0,0,0,0,0,0,0,0,0,0
101,2017,244,340,12.17,0,0,0,0,0,0,0,-53.28,-19.31,0,0,0,0,0,0,0,0,0,0,0,0,0,0,0,0,0,0,0,0,0,0,0
101,2017,244,350,12.16,0,0,0,0,0,0,0,-53.72,-19,0,0,0,0,0,0,0,0,0,0,0,0,0,0,0,0,0,0,0,0,0,0,0
101,2017,244,400,12.17,0,0,0,0,0,0,0,-54.58,-19.06,0,0,0,0,0,0,0,0,0,0,0,0,0,0,0,0,0,0,0,0,0,0,0
101,2017,244,410,12.16,0,0,0,0,0,0,0,-54.98,-19.33,0,0,0,0,0,0,0,0,0,0,0,0,0,0,0,0,0,0,0,0,0,0,0
101,2017,244,420,12.16,0,0,0,0,0,0,0,-55.46,-19.38,0,0,0,0,0,0,0,0,0,0,0,0,0,0,0,0,0,0,0,0,0,0,0
101,2017,244,430,12.15,0,0,0,0,0,0,0,-55.77,-19.27,0,0,0,0,0,0,0,0,0,0,0,0,0,0,0,0,0,0,0,0,0,0,0
101,2017,244,440,12.13,0,0,0,0,0,0,0,-56.59,-19.17,0,0,0,0,0,0,0,0,0,0,0,0,0,0,0,0,0,0,0,0,0,0,0
101,2017,244,450,12.15,0,0,0,0,0,0,0,-56.41,-18.62,0,0,0,0,0,0,0,0,0,0,0,0,0,0,0,0,0,0,0,0,0,0,0
101,2017,244,500,12.15,0,0,0,0,0,0,0,-56.85,-18.8,0,0,0,0,0,0,0,0,0,0,0,0,0,0,0,0,0,0,0,0,0,0,0
101,2017,244,510,12.14,0,0,0,0,0,0,0,-57.42,-19.15,0,0,0,0,0,0,0,0,0,0,0,0,0,0,0,0,0,0,0,0,0,0,0
101,2017,244,520,12.14,0,0,0,0,0,0,0,-57.41,-19.49,0,0,0,0,0,0,0,0,0,0,0,0,0,0,0,0,0,0,0,0,0,0,0
101,2017,244,530,12.15,0,0,0,0,0,0,0,-59.06,-19.26,0,0,0,0,0,0,0,0,0,0,0,0,0,0,0,0,0,0,0,0,0,0,0
101,2017,244,540,12.15,0,0,0,0,0,0,0,-58.83,-19.17,0,0,0,0,0,0,0,0,0,0,0,0,0,0,0,0,0,0,0,0,0,0,0
101,2017,244,550,12.14,0,0,0,0,0,0,0,-58.38,-19.04,0,0,0,0,0,0,0,0,0,0,0,0,0,0,0,0,0,0,0,0,0,0,0
101,2017,244,600,12.14,0,0,0,0,0,0,0,-59.81,-19.4,0,0,0,0,0,0,0,0,0,0,0,0,0,0,0,0,0,0,0,0,0,0,0
101,2017,244,610,12.16,0,0,0,0,0,0,0,-62.98,-19.25,0,0,0,0,0,0,0,0,0,0,0,0,0,0,0,0,0,0,0,0,0,0,0
101,2017,244,620,12.16,0,0,0,.003,0,0,0,-63.07,-19.26,0,.018,0,0,0,.02,.017,0,.017,0,0,0,0,0,.015,0,0,.003,0,0,0,0,0
101,2017,244,630,12.16,.022,.007,0,.04,.018,.013,.007,-61.75,-19.21,.008,.158,.017,.017,.02,.153,.147,.035,.139,.04,.01,.037,.012,.015,.121,.015,.018,.054,0,.002,.023,0,.008
101,2017,244,640,12.16,.092,.037,.034,.178,.082,.052,.032,-60.96,-19.05,.044,.654,.052,.07,.069,.627,.61,.139,.585,.164,.044,.139,.045,.062,.503,.059,.059,.213,.018,.034,.075,.023,.034
101,2017,244,650,12.16,.375,.146,.099,.684,.27,.179,.089,-60.77,-18.85,.142,2.32,.153,.248,.186,1.872,1.862,.523,1.963,.518,.124,.473,.161,.194,1.381,.168,.186,.553,.039,.091,.199,.044,.089
101,2017,244,700,12.16,.54,.22,.166,1.039,.441,.292,.164,-59.68,-19.06,.243,4.314,.332,.394,.37,3.662,3.476,.811,3.583,.915,.243,.804,.283,.33,2.782,.303,.369,1.158,.084,.158,.377,.087,.173
101,2017,244,710,12.16,.645,.251,.211,1.269,.55,.389,.23,-59.2,-18.98,.332,6.028,.391,.474,.489,4.867,4.559,1.059,4.817,1.197,.357,1.093,.384,.439,3.799,.411,.414,1.497,.104,.209,.54,.126,.245
101,2017,244,720,12.17,.893,.369,.288,1.797,.781,.523,.303,-58.66,-18.98,.427,11.42,.541,.694,.64,6.804,6.176,1.629,7.21,1.822,.441,1.678,.545,.625,5.013,.566,.588,1.947,.149,.282,.694,.179,.313
101,2017,244,730,12.17,1.622,.615,.439,3.283,1.28,.954,.436,-61.95,-19.09,.657,22.92,.866,1.249,.944,10.04,9.34,3.572,12.2,2.936,.592,2.829,.945,1.044,7.03,.753,1.088,2.705,.233,.429,.977,.233,.431
101,2017,244,740,12.17,2.135,.895,.617,4.579,1.802,1.466,.625,-63.42,-18.76,.934,32.49,1.245,1.857,1.306,13.2,12.72,4.267,21.15,4.041,.791,4.798,3.067,1.649,9.63,1.036,1.466,3.63,.334,.587,1.369,.32,.592
101,2017,244,750,12.17,3.652,1.535,.965,7.66,2.923,2.306,.841,-63.38,-18.46,1.401,43.2,1.743,2.983,1.728,17.77,17.55,6.769,30.11,6.007,1.091,6.828,2.876,2.573,12.18,1.46,2.836,4.777,.436,.883,1.704,.419,.791
101,2017,244,800,12.17,2.63,1.069,.615,5.169,1.974,1.48,.63,-67.28,-18.26,.974,25.13,1.158,1.896,1.301,13.32,13.48,4.45,18.35,4.063,.856,4.58,1.42,1.828,10.08,1.195,1.51,3.538,.323,.62,1.319,.377,.56
101,2017,244,810,12.17,3.193,1.339,.823,6.774,2.675,1.939,.724,-68.1,-18.02,1.153,28.78,1.13,2.442,1.366,14.5,15.73,5.398,21.34,5.085,.835,5.712,1.768,2.068,11.23,1.317,1.559,3.186,.375,.67,1.366,.409,.577
101,2017,244,820,12.17,4.738,1.976,1.254,10.08,3.722,3.153,1.103,-66.53,-16.95,1.699,51.59,2.016,3.474,1.914,20.68,22.29,8.25,38.72,8.34,1.24,7.97,2.485,3.168,15.49,1.845,2.477,4.998,.508,1.007,1.917,.498,.836
101,2017,244,830,12.17,5.222,2.103,1.342,10.72,4.114,3.34,1.262,-70,-16.26,1.911,38.91,1.844,3.915,2.353,23.47,25.98,8.33,30.99,7.35,1.353,7.88,2.439,3.452,17.9,1.929,2.542,6.085,.635,1.188,2.465,.57,1.068
101,2017,244,840,12.17,5.83,2.517,1.512,13.61,4.744,5.629,1.292,-69.43,-15.83,2.018,47.08,2.016,4.086,2.127,23.56,27.44,9.5,36.71,9.93,1.396,8.62,2.606,5.183,17.14,2.237,2.562,5.247,.551,1.089,2.267,.644,.942
101,2017,244,850,12.17,6.458,2.731,1.651,15.35,4.89,5.23,1.173,-70.6,-15.41,2.113,44.9,2.083,4.149,2.19,24.77,27.74,9.86,35.23,10.93,1.451,8.74,2.643,5.823,17.43,2.648,2.731,5.397,.555,1.163,2.126,.585,.98
101,2017,244,900,12.17,6.61,2.684,1.751,13.61,4.983,3.562,1.384,-72.3,-14.87,2.257,42.4,2.485,4.058,2.597,28.52,29.84,9.68,34.03,10.41,1.707,8.56,2.624,3.852,20.57,2.639,3.048,7.07,.61,1.275,2.748,.657,1.141
101,2017,244,910,12.17,7.58,3.214,1.957,14.81,5.288,3.696,1.57,-72.8,-14.89,2.619,46.68,2.889,4.487,3.073,33.24,34.22,11.09,38.88,11.28,2.123,9.43,2.922,4.407,23.76,3.021,3.693,9.23,.705,1.533,3.163,.762,1.362
101,2017,244,920,12.17,7.71,2.974,2.089,14.68,5.43,3.621,1.714,-73.3,-15.45,2.738,47.59,3.336,4.666,3.542,37.25,37.22,10.85,40.82,12.07,2.478,9.34,3.064,4.19,26.72,3.205,3.917,10.98,.789,1.66,3.703,.854,1.63
101,2017,244,930,12.17,8.43,3.542,2.632,16.86,6.298,4.095,1.892,-73.5,-14.82,3.113,53.01,3.468,5.645,3.931,41.4,42.28,12.01,46.07,13.17,2.589,10.39,3.364,5.445,29.3,3.74,4.336,11.98,.92,1.915,4.204,.948,1.789
101,2017,244,940,12.17,8.54,3.614,3.84,17.6,6.739,4.579,2.021,-74.5,-15.11,3.27,57,3.634,5.209,4.261,44.52,44.99,12.26,50.35,14.03,2.768,10.5,3.525,4.994,31.03,4.063,4.614,13.24,.913,1.97,4.51,1.039,1.912
101,2017,244,950,12.17,7.69,3.185,2.421,14.5,5.795,3.932,1.96,-75.8,-15.45,2.977,49.44,3.733,4.686,4.205,42.72,41.96,10.85,44.05,12.87,2.815,9.47,3.18,4.091,31.06,3.817,4.346,13.51,.895,1.893,4.566,1.012,1.895
101,2017,244,1000,12.17,7.46,3.14,2.377,14.64,6.129,4.113,2.078,-76.1,-15.74,3.071,55.54,4.224,5.137,4.517,45.24,43.88,11.13,47.69,14.54,3.009,10.37,3.476,4.509,33,3.86,4.626,14.65,1.004,2.021,4.911,1.066,2.042
101,2017,244,1010,12.17,7.85,3.116,2.399,14.84,6.171,4.056,2.258,-74.7,-16.22,3.289,55.53,4.371,5.37,4.966,48.23,46.9,11.33,48.81,13.99,3.252,10.64,3.614,4.579,35.97,3.987,4.79,15.71,1.077,2.16,5.477,1.149,2.279
101,2017,244,1020,12.16,9.19,3.982,2.667,17.48,7.07,4.768,2.49,-74.3,-17.23,3.85,62.13,4.847,6.202,5.448,53.42,52.31,13.5,55.08,15.81,3.53,12.08,3.974,5.234,39.05,4.462,5.457,17.34,1.191,2.416,6.001,1.257,2.548
101,2017,244,1030,12.16,8.17,3.753,2.543,15.89,6.633,4.527,2.481,-74.1,-18.21,3.827,59.05,4.688,5.735,5.541,53.12,51.15,11.96,53.15,15.19,3.678,11.42,3.796,5.102,38.84,4.425,5.214,18.03,1.171,2.369,6.06,1.268,2.615
101,2017,244,1040,12.16,10.07,5.033,3.098,19.73,8.3,5.331,2.734,-72.6,-18.58,5.547,69.66,5.135,6.673,6.048,59.62,58.18,14.46,62.36,17.79,4.051,13.88,4.334,5.969,42.5,5.212,6.088,19.95,1.31,2.701,6.4,1.389,2.818
101,2017,244,1050,12.15,13.49,6.097,3.946,28.88,14.03,6.268,3.14,-70.8,-18.58,17.4,96.4,5.876,7.17,6.42,74.9,74.3,18.15,86.2,22.63,4.872,22.39,5.076,6.968,47.86,17.76,7.34,21.53,1.317,3.014,6.405,1.61,2.987
101,2017,244,1100,12.15,16.71,5.949,3.858,34.43,10.09,6.083,3.239,-68.84,-16.79,28.24,110.5,6.382,6.911,6.439,85.3,85,17.66,99.5,24.48,5.125,28.08,4.988,7.16,51.91,34.28,7.28,22.59,1.298,2.945,6.398,1.655,2.962
101,2017,244,1110,12.16,13.74,5.601,3.838,26.22,8.76,5.944,2.95,-71.6,-15.25,4.999,85,6.219,7.1,6.762,72.8,70.9,16.64,77.5,28.76,4.746,16.8,4.678,6.41,48.95,12.2,7.55,25.15,1.365,3.054,6.643,1.585,3.098
101,2017,244,1120,12.15,18.47,5.926,4.901,31.54,8.34,7.62,3.141,-70.9,-14.1,5.041,93.4,5.758,6.995,7.06,81.8,80.3,15.46,87.1,30.53,5.497,16.83,4.423,6.306,53.76,15.5,10.91,32.44,1.407,3.156,7.23,1.727,3.26
101,2017,244,1130,12.15,15.75,6.186,7.36,49.13,8.56,29.21,2.93,-55.91,-14.54,4.636,116.6,5.266,6.33,6.558,97.8,97.8,15.28,110.7,26.34,7.72,22.18,4.5,6.541,59.45,8.79,29.51,58.91,1.315,2.967,6.67,1.697,2.863
101,2017,244,1140,12.15,14.72,24.92,6.268,44.6,5.785,10.52,2.232,-68.31,-14.94,3.939,104,5.143,4.86,5.422,84.1,83.3,12.88,97.7,19.09,6.981,28.87,3.58,5.353,49.35,5.482,6.494,53.71,.932,2.31,6.728,1.334,2.547
101,2017,244,1150,12.14,9.57,23.56,2.982,30.35,5.2,4.225,1.945,-74.5,-15.51,3.862,81.4,5.815,4.44,4.778,66.03,63.31,11.87,74.2,20.53,5.153,13.77,3.269,4.78,39.63,4.842,5.976,36.5,.841,2.208,5.184,1.151,2.18
101,2017,244,1200,12.12,8.26,3.197,2.406,14.15,5.16,4.026,2.015,-74.9,-15.33,3.279,53.18,5.212,5.5,5.572,49.93,46.71,11.51,49.02,12.61,3.547,9.66,3.381,4.579,35.6,3.438,5.694,20.43,1.074,2.448,4.745,1.017,2.826
101,2017,244,1210,12.13,9.03,4.374,2.848,17.19,6.668,4.687,2.734,-72.8,-16.9,4.022,63.66,5.632,6.029,6.555,62.62,58.42,12.21,60.66,16.39,4.666,10.58,3.738,5.753,44.04,4.798,6.562,26.48,1.26,2.754,7.16,1.389,3.252
101,2017,244,1220,12.13,10.45,9.68,3.461,28.15,7.07,5.723,2.984,-71.3,-19.15,4.622,96.9,6.765,6.699,7.92,92.5,87.4,13.86,94.1,23.22,5.92,12.04,4.307,6.83,59.9,5.667,8.57,53.16,1.417,3.161,8.69,1.754,3.585
101,2017,244,1230,12.14,11.45,23.27,3.665,22.2,7.95,7.23,3.374,-68.05,-19.35,5.384,141.3,7.36,7.34,7.95,134.5,128.4,15.89,139.1,22.31,6.641,13.43,4.962,7.13,83.2,6.445,10.01,90.9,1.697,3.528,9.16,2.03,3.644
101,2017,244,1240,12.13,10.85,21.98,3.706,19.32,7.87,13.99,3.424,-64.85,-18.38,5.093,116.6,9.81,8.4,8.61,115.1,105.4,14.85,114.5,23.94,10.56,13.02,4.828,8.64,74.2,6.595,24.14,71.1,1.687,3.612,9.07,2.211,4.18
101,2017,244,1250,12.14,9.79,4.82,3.439,17.33,7.51,5.907,3.292,-71.4,-18.65,4.808,84.2,9.91,11.45,9.4,86.1,77.9,13.37,82.1,24.16,6.55,12.2,6.275,7.62,58.56,6.974,16.43,44.17,1.503,3.427,8.09,2.806,4.372
101,2017,244,1300,12.12,8.55,4.533,3.005,14.59,6.918,5.285,3.174,-72.3,-20,4.583,72,8.05,6.96,8.28,78.2,70.7,11.28,71.1,24.08,5.853,11.1,6.139,7.04,54.82,6.083,14.36,38.45,1.464,3.21,7.94,3.69,4.168
101,2017,244,1310,12.13,5.791,2.596,1.982,10.65,5.399,3.419,2.399,-74.8,-21.21,3.161,43.32,4.498,5.067,5.757,49.82,47.79,8.25,41.96,10.65,3.34,8.75,3.042,4.669,39.18,3.824,5.169,18.67,1.136,2.163,6.344,1.359,2.722
101,2017,244,1320,12.15,5.025,2.045,1.662,9.49,5.017,3.079,2.198,-75.7,-22.76,2.769,38.38,3.662,4.385,4.844,43.78,41.15,7.4,35.88,8.99,3.194,8.11,2.682,3.856,34.52,3.553,3.735,14.92,.977,1.864,5.473,1.109,2.193
101,2017,244,1330,12.16,5.178,2.091,1.863,10,5.556,3.632,2.638,-73.4,-22.9,3.377,44.08,4.699,5.019,6.288,54.07,48.46,7.89,42.72,10.62,4.411,8.81,2.923,4.622,41.09,4.235,4.25,19.77,1.142,2.276,6.714,1.293,3.194
101,2017,244,1340,12.16,6.076,2.576,2.134,11.42,5.995,4.035,2.737,-72,-23.6,3.717,50.55,5.699,5.295,6.649,59.41,51.31,9.28,48.93,12.22,5.004,9.26,3.092,5.623,42.81,4.726,5.27,23.5,1.127,2.551,6.486,1.313,3.449
101,2017,244,1350,12.17,5.454,2.278,1.839,9.66,4.779,3.319,2.225,-71.3,-23.88,3.153,43.98,6.496,4.515,6.361,52.2,44.15,8.03,42.97,10.04,4.391,7.72,2.607,6.114,37.09,3.873,4.464,21.71,.965,2.238,5.379,1.097,2.928
101,2017,244,1400,12.17,6.481,2.464,2.384,11.12,5.977,4.292,3.059,-69.91,-23.32,4.016,58.56,17.87,9.39,14.32,76.3,60.62,8.84,62.72,10.33,4.686,10.73,3.322,8.68,55.58,4.449,6.21,40.81,1.357,3.18,7.72,1.602,6.761
101,2017,244,1410,12.17,5.684,2.116,1.985,10.1,5.488,3.364,2.585,-69.58,-23.3,3.188,39.84,3.972,5.497,6.343,50.64,49.3,7.92,40.53,8.11,3.153,8.56,3.021,4.428,41.32,3.803,4.368,19.26,1.268,2.345,6.891,1.292,2.86
101,2017,244,1420,12.17,5.351,2.052,1.694,9.55,4.451,2.803,1.962,-70.5,-25.16,2.595,35.64,3.292,4.217,4.75,40.38,39.21,7.21,34.64,7.94,2.647,7.49,2.588,3.515,32.06,3.125,3.749,14.95,.913,1.823,4.936,.995,2.213
101,2017,244,1430,12.17,5.433,2.118,1.607,9.76,4.609,2.645,1.853,-70.3,-25.23,2.386,33.76,2.498,4.064,4.013,35.83,36.4,7.2,31.26,7.28,2.064,7.75,2.537,3.094,29.52,3.058,3.275,11.41,.881,1.61,4.371,.893,1.724
101,2017,244,1440,12.17,5.051,2.007,1.453,9.47,4.467,2.672,1.669,-68.41,-24.52,2.327,33.01,2.513,3.865,3.61,34.5,34.19,6.953,29.6,7.48,2.257,7.54,2.374,2.929,27.89,2.989,3.165,10.56,.809,1.528,4.08,.888,1.516
101,2017,244,1450,12.17,5.103,2.007,1.58,9.3,4.43,2.796,1.813,-66.91,-24.44,2.48,34.35,2.955,4.101,4.153,37.22,36.64,7.13,32.04,7.6,2.372,7.4,2.466,3.254,30.05,2.991,3.533,12.58,.893,1.692,4.629,.952,1.836
101,2017,244,1500,12.17,4.559,1.732,1.476,8.3,4.209,2.491,1.734,-67.23,-24.24,2.307,31.12,2.614,3.956,4.143,35.3,34.84,6.219,29.72,6.641,2.123,6.779,2.287,2.917,28.82,2.674,3.188,12.28,.853,1.605,4.465,.854,1.89