101,2017,276,800,11.94,1.857,.823,.845,8.23,2.628,20.39,.696,33.49,-24.33,1.185,88.2,10.67,3.297,1.364,11.91,11.22,51.81,68.87,4.49,.789,40.21,3.052,1.953,7.86,1.039,1.23,2.417,.399,.64,1.021,.377,2.112
101,2017,276,810,11.94,2.018,1.037,.957,51.02,2.837,18.76,.722,28.62,-23.95,1.302,93.5,6.116,21.71,1.441,13.51,32.3,57.48,74.6,27.4,.846,52.7,2.226,1.968,8.24,1.099,2.165,2.516,.402,.607,1.069,.407,11.62
101,2017,276,820,11.94,2.192,1.337,1.084,59.3,2.998,3.539,1.232,12.85,-23.39,3.33,98.1,1.795,6.715,1.502,16.85,39.06,62.93,79.7,67.52,.87,55.77,2.46,4.732,8.81,1.138,1.374,2.616,.427,.645,1.119,.436,.633
101,2017,276,830,11.95,2.46,1.699,1.181,61.93,3.283,3.658,1.143,6.352,-22.8,21.77,102.3,1.421,8.21,1.58,21.52,45.3,68.17,84.5,73.2,.886,47.42,2.051,25.3,8.87,1.211,2.391,2.716,.436,1.146,1.156,.456,.628
101,2017,276,840,11.95,3.396,24.83,1.275,62.81,10.29,3.808,3.266,-2.232,-21.64,18.43,106.1,1.411,31.69,1.672,26.3,51.69,73.1,88.9,31.9,.968,31.31,2.066,12.95,9.04,1.27,2.917,2.822,.436,.714,1.19,.442,2.037
101,2017,276,850,11.95,10.83,41.91,1.381,61.68,29.26,3.609,2.641,-5.735,-20.28,38.93,109.2,3.854,14.55,1.925,31.04,57.59,77.2,92.9,5.001,1.007,13.74,2.242,6.715,10.39,1.345,2.006,2.937,.466,.757,1.235,.469,.623
101,2017,276,900,11.95,2.989,5.588,1.468,59.12,25.82,3.473,.93,-9.66,-20.67,21.86,112.3,16.42,3.832,2.96,35.8,63.08,81.3,96.8,5.241,1.047,6.667,2.401,37.26,11.29,1.376,2.054,3.068,.506,.843,1.283,.484,.647
101,2017,276,910,11.95,4.617,60.2,1.6,55.1,59.25,6.665,.927,-9.59,-18.71,31.4,115.5,4.388,2.734,1.878,40.63,68.23,85.6,100.8,7.16,1.099,6.415,2.269,72.5,12.34,1.533,2.707,3.202,.622,3.984,1.342,.503,.727
101,2017,276,920,11.95,3.349,13.69,1.702,49.1,69.97,42.77,.952,8.44,-18.01,1.779,117.4,1.685,2.712,1.943,45.57,72.5,88.4,103.6,5.07,1.159,6.935,2.242,31.97,14.99,3.555,2.269,3.312,.591,5.368,8.15,.509,.836
101,2017,276,930,11.95,5.185,2.548,1.612,43.52,50.06,50.27,2.465,11.03,-18.44,4.383,119.7,1.68,2.786,2.016,50.8,76.9,82.9,107,5.169,1.225,8.03,2.352,7.21,18.26,1.556,2.667,3.466,.561,1.05,5.695,.546,1.391
101,2017,276,940,11.95,14.24,53.58,1.565,37.01,6.554,14.66,1.025,-12.59,-20.37,19.21,122.1,1.726,3.342,2.062,55.87,81.2,19.12,110.1,6.433,1.282,9.55,2.218,8.34,23,1.705,86.7,3.642,.57,46.71,1.493,.617,1.283
101,2017,276,950,11.96,42.4,43.52,1.607,30.24,3.376,2.23,1.057,-27.37,-19.49,5.875,124.2,1.824,20.22,2.188,61.01,85.4,13.05,113.1,8.48,1.365,17.27,2.119,2.245,27.52,1.727,101.1,3.824,.558,2.979,1.576,.603,1.312
101,2017,276,1000,11.96,10.63,17.6,1.67,24.29,3.184,2.168,1.096,-42.42,-19.89,2.065,126.2,1.878,32.26,2.302,66.29,89.4,30.46,116.2,13.36,1.471,44.75,2.136,2.246,31.72,1.898,8.45,4.014,.536,2.816,16.13,.596,12.07
101,2017,276,1010,11.96,58.08,67.65,1.856,19.71,3.131,2.099,1.149,-46.41,-17.75,13.68,127.7,1.938,24.13,8.96,72,92.9,15.83,118.7,80.4,1.635,49.46,2.144,2.29,35.79,15.65,2.397,4.246,.563,8.8,3.348,.625,19.1
101,2017,276,1020,11.96,99.4,69.9,19.87,16.59,3.236,2.285,1.233,-51.72,-15.47,22.74,130.4,2.063,2.77,6.609,78.1,96.8,44.64,122.3,24.48,1.854,20.65,2.278,2.548,39.95,12.05,2.397,5.219,.574,27.41,1.874,.658,5.953
101,2017,276,1030,11.96,94.1,92,8.82,15.9,3.911,2.837,1.415,-56.04,-15.87,3.604,128.6,2.328,3.301,12.46,80.2,96.3,97.7,120.8,9.1,2.457,9.17,2.742,3.094,42.05,3.201,2.76,5.303,.628,3.494,1.998,.764,1.286
101,2017,276,1040,11.96,93.3,88.9,3.526,22.99,5.882,4.325,2.261,-55.89,-15.9,5.512,141,3.14,5.237,3.604,95.3,110.8,99.1,134.2,14.21,4.144,16.72,7.63,4.425,52.41,5.854,4.556,9.46,.975,2.082,3.119,.792,1.588
101,2017,276,1050,11.96,45.98,48.25,3.286,22.02,5.122,4.135,2.509,-60.33,-17.33,4.969,129.5,4.026,4.683,4.603,96.8,107.2,86.9,126,15.82,6.629,19.89,21.97,4.48,56.16,5.73,5.048,14.76,1.131,2.279,3.971,.841,1.943
101,2017,276,1100,11.96,27.81,5.242,2.502,22.34,4.353,3.38,2.923,-62.57,-17.79,6.284,123.7,3.839,3.713,6.882,96.1,104.1,72.1,122.9,29.99,46,10.12,7.68,4.038,56.1,4.989,14.91,13.06,.901,1.958,3.432,.811,2.142
101,2017,276,1110,11.96,21.61,4.576,3.211,20.34,4.443,3.542,3.572,-62.51,-17.98,7.57,83.1,4.393,3.939,4.852,73.9,76.8,11.8,87.3,14.87,19.48,8.5,3.663,4.738,46.8,5.971,5.549,19.27,.948,2.207,4.398,.759,2.412
101,2017,276,1120,11.96,14.03,4.129,5.125,21.38,5.576,4.346,2.685,-66.28,-18.35,4.259,72,4.847,5.53,5.83,68.59,70.4,12.93,75.7,15.09,14.83,10.57,3.99,9.71,46.79,4.876,6.045,20.24,1.251,2.606,6.029,.978,2.435
101,2017,276,1130,11.96,12.97,4.539,6.522,40.42,4.81,4.07,2.413,-63.62,-18.39,3.666,105.5,4.978,4.731,5.48,99.8,105,9.5,118.4,25.7,43.41,9.22,3.149,5.723,63.27,4.308,5.803,42.75,1.139,2.457,4.979,.911,2.445
101,2017,276,1140,11.96,11.03,5.07,3.088,45.01,4.306,3.444,3.792,-62.67,-18.5,3.306,92.7,3.845,3.807,4.407,90.2,95.7,10.85,107.6,18.15,28.44,8.73,3.387,15.73,57.78,4.385,4.926,14.96,.903,2.048,12.71,.797,1.807
101,2017,276,1150,11.96,10.74,13.99,2.229,72.6,3.871,3.189,2.348,-57.67,-18.66,2.822,107.7,3.239,3.673,10.6,115.6,122.4,9.68,136.2,12.66,5.375,8.83,3.171,48.41,74.8,3.155,3.874,10,.886,1.715,4.798,.841,1.742
101,2017,276,1200,11.96,6.76,3.475,2.05,22.43,3.822,4.41,1.983,-60.27,-18.81,2.79,103.5,5.343,4.023,36.15,121.1,125.3,8.2,137.2,22.12,7.77,8.11,13.87,17.02,79,3.259,15.43,42.91,1.043,1.975,4.428,1.084,2.114
101,2017,276,1210,11.96,7.46,3.892,2.522,11.43,4.072,26.7,2.212,-46.19,-18.85,2.956,100.4,5.467,3.559,24.57,119,122,9.11,133.9,46.89,7.92,7.99,5.17,4.621,77.2,4.244,7.98,99.7,.946,2.162,4.467,.906,2.157
101,2017,276,1220,11.96,11.71,4.519,3.127,15.16,6.071,8.52,2.705,-59.11,-18.62,3.892,96.8,9.77,5.195,16.07,115.2,117.6,12.33,126.6,36.59,4.579,9.71,12.93,5.961,76.4,4.819,45.38,88.4,1.249,2.98,5.718,.976,2.814
101,2017,276,1230,11.97,8.32,3.112,2.841,12.05,5.097,4.274,2.418,-60.94,-18.88,3.521,56.87,5.432,5.462,7.55,62.81,61.99,10.07,65.11,15.08,3.7,9.06,3.621,5.324,44.38,4.145,12.84,33.37,1.323,2.807,5.805,.817,3.025
101,2017,276,1240,11.97,8.01,3.264,2.757,12.76,5.247,4.118,2.544,-62.04,-18.56,3.656,51.67,5.185,5.839,6.689,55.43,54.19,10.59,55.94,13.48,3.934,9.36,3.485,5.271,39.35,4.293,6.246,24.49,1.342,2.7,6.44,.911,3.13
101,2017,276,1250,11.97,7.56,2.946,2.708,12.69,5.323,4.167,2.698,-59.49,-18.12,3.643,49.89,5.167,5.689,6.602,58.33,57.33,10.3,55.39,13.52,3.974,9.81,3.604,5.242,42.89,4.239,6.565,25.6,1.387,2.549,7.09,1.079,3.001
101,2017,276,1300,11.97,8.21,3.098,5.758,12.84,6.289,4.7,3.038,-59.64,-17.65,4.123,60.92,6.718,8.19,8.1,79.2,77.9,10.11,73.3,13.59,4.273,14.02,3.884,6.009,58.44,4.566,15.72,45.52,1.715,3.171,7.92,1.34,3.928
101,2017,276,1310,11.97,7.03,2.598,2.485,12.05,6.029,4.082,2.856,-58.54,-17.91,3.701,46.71,4.706,6.051,7.03,58.2,57.2,9.38,51,11.12,3.762,10.77,3.457,5.118,45.44,4.288,5.649,23.52,1.517,2.707,7.62,1.234,3.248
101,2017,276,1320,11.96,6.463,2.372,2.027,11.7,5.527,3.529,2.47,-59.21,-17.98,3.129,41.34,4.254,5.212,5.849,48.1,47.73,8.88,42.35,10.34,3.135,9.78,3.073,4.407,37.56,3.859,4.567,17.54,1.152,2.166,5.869,1.087,2.564
101,2017,276,1330,11.97,8.52,3.311,3.142,14.02,6.653,4.87,3.165,-54.37,-17.63,4.127,57.1,7.6,7.43,8.27,68.13,67.36,11.01,62.68,14.37,4.152,11.53,3.941,6.244,51.47,5.088,7.98,31.34,1.668,3.124,7.88,1.375,4.16
101,2017,276,1340,11.96,8.17,3.318,5.405,12.69,6.721,6.714,3.648,-52.61,-17.65,4.837,70.1,15.31,10.95,12.09,99.7,95.8,10.5,90.2,15.42,5.51,12.14,4.182,8.29,73.7,5.634,16.76,63.59,1.948,3.805,9.22,1.618,6.639
101,2017,276,1350,11.96,6.375,2.758,6.748,10.37,5.743,5.751,3.189,-55.82,-18.3,3.926,56.8,11.25,10.26,11.93,77.4,73.7,8.64,69.11,13.47,4.803,12.56,3.561,7.58,57.63,5.177,8.8,46.87,1.641,3.294,7.64,2.125,5.328
101,2017,276,1400,11.96,6.314,2.663,3.286,10.7,5.579,4.319,2.894,-57.23,-18.7,3.639,48.15,5.7,6.736,8.37,61.04,59.41,8.61,53.48,11.98,3.954,10.5,3.325,5.82,46.94,4.5,5.885,28.45,1.524,2.869,7.63,1.4,3.765
101,2017,276,1410,11.96,5.897,2.509,2.181,10.45,5.219,3.438,2.459,-59.9,-18.75,3.16,41.7,3.631,4.874,5.614,50.01,50.06,8.22,43.36,10.63,3.214,9.66,3.164,4.291,39.4,4.134,4.571,17.81,1.298,2.251,6.477,1.179,2.281
101,2017,276,1420,11.97,5.916,2.32,1.946,10.46,5.239,3.177,2.266,-62.54,-18.42,2.918,38.47,3.248,4.688,5.003,44.28,45.13,8.07,38.47,9.26,2.723,9.71,3.013,3.696,35.62,3.683,4.246,14.54,1.162,2.012,5.46,1.017,1.934
101,2017,276,1430,11.97,5.51,2.194,1.665,9.77,4.529,2.807,1.96,-64.89,-18.18,2.551,33.69,2.74,4.244,4.375,38.35,39.64,7.29,33.63,7.83,2.325,8.78,2.656,3.165,31.13,3.104,3.609,12.64,1.005,1.767,4.663,.847,1.663
101,2017,276,1440,11.97,4.758,1.869,1.514,8.39,4.175,2.551,1.819,-63.22,-17.84,2.355,30.17,2.403,3.896,4.033,35.18,35.89,6.393,30.43,6.701,2.104,7.85,2.405,2.954,28.63,2.831,3.224,11.67,.958,1.625,4.457,.801,1.561
101,2017,276,1450,11.97,4.497,1.762,1.445,8.02,3.854,2.45,1.698,-65.79,-17.62,2.186,28.83,2.375,3.763,3.824,33.53,33.74,6.21,29.17,6.597,2.144,7.04,2.281,2.914,26.54,2.678,3.075,11.33,.858,1.504,4.058,.744,1.526
101,2017,276,1500,11.97,4.936,1.839,1.578,8.61,4.115,2.598,1.874,-64.35,-17.38,2.42,31.2,3.358,3.983,4.809,38.19,37.78,6.599,32.64,7.01,2.455,7.51,2.368,3.221,30.06,2.938,3.259,13.4,.943,1.672,5.308,.832,1.862
101,2017,276,1510,11.96,4.365,1.738,1.469,7.75,4.021,2.469,1.929,-61.37,-17.57,2.316,28.9,2.46,3.735,4.263,35.87,36.02,5.986,30.28,6.388,2.199,7.12,2.355,3.06,29,2.938,3.172,12.67,.914,1.558,4.646,.816,1.896
101,2017,276,1520,11.96,4.154,1.534,1.323,7.42,3.852,2.32,1.72,-57.23,-17.76,2.102,27.13,2.491,3.579,3.789,32.62,32.65,5.763,27.28,5.988,1.933,6.989,2.115,2.815,26.44,2.579,2.968,11.17,.839,1.471,4.182,.794,1.533
101,2017,276,1530,11.96,3.866,1.454,1.321,6.865,3.48,2.303,1.752,-56.23,-17.87,2.139,26.27,2.742,3.439,4.179,34.16,32.29,5.428,28.22,6.155,2.986,6.375,2.01,2.851,26.43,2.688,2.817,12.1,.816,1.439,4.296,.707,1.707
101,2017,276,1540,11.96,3.594,1.414,1.347,6.475,3.702,2.172,1.921,-55.16,-17.95,2.107,25.54,2.491,3.465,4.221,36.17,35.37,5.048,28.03,6.142,2.373,6.343,2.132,2.903,29.28,2.841,2.886,13.03,.889,1.521,4.777,.801,1.824
101,2017,276,1550,11.96,3.727,1.479,1.41,6.673,3.755,2.367,1.876,-53.24,-18.14,2.181,26.89,2.787,3.594,4.631,38.72,37.29,5.221,29.39,6.546,2.412,6.599,2.142,3.246,30.93,3.084,3.154,13.83,.881,1.574,4.782,.956,1.981
101,2017,276,1600,11.96,3.375,1.348,1.306,6.063,3.472,2.144,1.909,-50.71,-18.32,2.102,25.38,2.605,3.194,4.211,36.65,34.5,4.884,28.05,6.241,2.77,5.928,1.987,2.943,28.73,2.928,2.713,12.63,.878,1.477,5.105,.791,1.856
101,2017,276,1610,11.96,3.357,1.312,1.387,5.95,3.206,2.188,1.836,-49.74,-18.55,2.293,25.2,2.846,3.253,4.578,41.37,37.88,5.166,30.13,6.288,3.586,5.642,2.034,3.052,31.94,3.04,2.796,13.73,.854,1.484,5.188,.771,2.25
101,2017,276,1620,11.96,3.077,1.23,1.405,5.623,3.328,2.065,2.01,-48.48,-18.72,2.379,23.97,3.106,3.193,4.506,55.71,50.58,4.782,31.81,6.228,3.623,5.558,2.377,3.049,44.97,3.144,2.707,12.97,.871,1.449,5.31,.883,2.348
101,2017,276,1630,11.96,2.811,1.126,1.189,5.104,3.087,1.859,1.853,-47.76,-19.02,2.012,21.46,2.566,2.715,4.136,45.31,41.79,4.246,26.14,5.519,2.953,5.111,2.008,2.861,37.31,2.891,2.444,12.22,.782,1.362,4.714,.797,2.221
101,2017,276,1640,11.96,2.39,.958,.96,4.37,2.606,1.588,1.546,-47.53,-19.17,1.628,17.95,1.911,2.302,3.508,29.29,28.34,3.472,21.18,4.439,2.24,4.486,1.593,2.492,24.87,2.384,2.013,10.44,.638,1.106,4.034,.725,1.583
101,2017,276,1650,11.96,2.044,.787,.777,3.742,2.261,1.303,1.261,-47.15,-19.11,1.323,14.8,1.467,1.95,2.806,24.19,23.74,2.931,16.76,3.508,1.752,4.047,1.38,1.997,21.03,2.054,1.673,8.24,.529,.915,3.213,.637,1.166
101,2017,276,1700,11.96,1.752,.682,.667,3.23,1.945,1.099,.988,-48.77,-18.93,1.106,13,1.241,1.67,2.251,20.93,20.2,2.543,14.12,3.132,1.568,3.585,1.173,1.633,17.68,1.762,1.402,6.285,.444,.74,2.415,.503,.876
101,2017,276,1710,11.96,1.426,.581,.519,2.653,1.531,.889,.714,-53.95,-18.71,.836,10.78,1.018,1.28,1.648,15.66,15.2,2.134,11.14,2.63,1.089,2.972,.9,1.248,13.11,1.317,1.134,4.672,.35,.549,1.754,.397,.65
101,2017,276,1720,11.96,1.159,.449,.439,2.116,1.188,.712,.566,-53.23,-18.39,.667,8.59,.807,1.072,1.372,12.01,11.82,1.68,8.9,1.978,.796,2.421,.714,.98,10.18,.983,.896,3.926,.275,.452,1.359,.293,.544
101,2017,276,1730,11.96,1.027,.42,.4,1.843,1.117,.625,.593,-52.26,-18.04,.63,7.5,.695,1.003,1.354,11.17,11.26,1.431,8.1,1.622,.719,2.151,.645,.941,9.86,.943,.824,3.873,.28,.436,1.469,.298,.526
101,2017,276,1740,11.96,.792,.333,.305,1.498,.928,.489,.454,-53.41,-17.88,.474,5.977,.492,.766,.973,8.35,8.69,1.137,5.999,1.3,.501,1.789,.528,.714,7.7,.772,.616,2.762,.209,.345,1.064,.273,.362
101,2017,276,1750,11.96,.605,.268,.23,1.159,.675,.399,.328,-59.28,-17.79,.364,4.656,.394,.571,.678,5.957,6.158,.89,4.5,1.003,.385,1.364,.407,.508,5.419,.566,.466,1.875,.152,.253,.745,.196,.266
101,2017,276,1800,11.96,.427,.186,.146,.779,.446,.281,.214,-61.73,-17.67,.255,3.287,.293,.404,.441,3.873,3.912,.622,3.14,.71,.275,.89,.265,.352,3.351,.353,.317,1.213,.102,.164,.462,.112,.186
101,2017,276,1810,11.96,.265,.114,.089,.474,.285,.176,.134,-62.79,-17.6,.151,2.019,.181,.251,.276,2.463,2.431,.402,1.922,.464,.188,.518,.164,.226,2.071,.224,.186,.727,.06,.106,.317,.069,.119
101,2017,276,1820,11.96,.124,.05,.047,.233,.139,.082,.064,-65.4,-17.61,.067,.923,.084,.116,.132,1.138,1.141,.196,.859,.231,.087,.256,.079,.107,.965,.114,.085,.335,.028,.049,.139,.039,.05
101,2017,276,1830,11.96,.035,.008,.005,.067,.04,.018,.018,-67.91,-17.62,.018,.261,.018,.035,.042,.33,.342,.055,.246,.067,.025,.079,.022,.034,.295,.037,.022,.097,0,.013,.042,.008,.012
101,2017,276,1840,11.96,0,0,0,.002,0,0,0,-67.15,-17.55,0,.034,0,0,0,.05,.05,.002,.03,.003,0,.007,0,0,.04,0,0,.012,0,0,0,0,0
101,2017,276,1850,11.95,0,0,0,0,0,0,0,-67.35,-17.76,0,0,0,0,0,0,0,0,0,0,0,0,0,0,0,0,0,0,0,0,0,0,0
101,2017,276,1900,11.95,0,0,0,0,0,0,0,-63.04,-17.51,0,0,0,0,0,0,0,0,0,0,0,0,0,0,0,0,0,0,0,0,0,0,0
101,2017,276,1910,11.95,0,0,0,0,0,0,0,-61,-17.45,0,0,0,0,0,0,0,0,0,0,0,0,0,0,0,0,0,0,0,0,0,0,0
101,2017,276,1920,11.95,0,0,0,0,0,0,0,-59.78,-17.59,0,0,0,0,0,0,0,0,0,0,0,0,0,0,0,0,0,0,0,0,0,0,0
101,2017,276,1930,11.95,0,0,0,0,0,0,0,-58.49,-17.72,0,0,0,0,0,0,0,0,0,0,0,0,0,0,0,0,0,0,0,0,0,0,0
101,2017,276,1940,11.95,0,0,0,0,0,0,0,-59.4,-17.86,0,0,0,0,0,0,0,0,0,0,0,0,0,0,0,0,0,0,0,0,0,0,0
101,2017,276,1950,11.95,0,0,0,0,0,0,0,-53.5,-17.74,0,0,0,0,0,0,0,0,0,0,0,0,0,0,0,0,0,0,0,0,0,0,0
101,2017,276,2000,11.95,0,0,0,0,0,0,0,-45.39,-17.86,0,0,0,0,0,0,0,0,0,0,0,0,0,0,0,0,0,0,0,0,0,0,0
101,2017,276,2010,11.95,0,0,0,0,0,0,0,-41.58,-18.14,0,0,0,0,0,0,0,0,0,0,0,0,0,0,0,0,0,0,0,0,0,0,0
101,2017,276,2020,11.95,0,0,0,0,0,0,0,-39.6,-18.37,0,0,0,0,0,0,0,0,0,0,0,0,0,0,0,0,0,0,0,0,0,0,0
101,2017,276,2030,11.95,0,0,0,0,0,0,0,-39.33,-18.57,0,0,0,0,0,0,0,0,0,0,0,0,0,0,0,0,0,0,0,0,0,0,0
101,2017,276,2040,11.95,0,0,0,0,0,0,0,-39.38,-18.77,0,0,0,0,0,0,0,0,0,0,0,0,0,0,0,0,0,0,0,0,0,0,0
101,2017,276,2050,11.95,0,0,0,0,0,0,0,-37.07,-18.8,0,0,0,0,0,0,0,0,0,0,0,0,0,0,0,0,0,0,0,0,0,0,0
101,2017,276,2100,11.94,0,0,0,0,0,0,0,-33.78,-18.92,0,0,0,0,0,0,0,0,0,0,0,0,0,0,0,0,0,0,0,0,0,0,0
101,2017,276,2110,11.95,0,0,0,0,0,0,0,-31.31,-18.99,0,0,0,0,0,0,0,0,0,0,0,0,0,0,0,0,0,0,0,0,0,0,0
101,2017,276,2120,11.95,0,0,0,0,0,0,0,-28.53,-19.01,0,0,0,0,0,0,0,0,0,0,0,0,0,0,0,0,0,0,0,0,0,0,0
101,2017,276,2130,11.94,0,0,0,0,0,0,0,-28.03,-19.14,0,0,0,0,0,0,0,0,0,0,0,0,0,0,0,0,0,0,0,0,0,0,0
101,2017,276,2140,11.95,0,0,0,0,0,0,0,-27.32,-19.19,0,0,0,0,0,0,0,0,0,0,0,0,0,0,0,0,0,0,0,0,0,0,0
101,2017,276,2150,11.94,0,0,0,0,0,0,0,-27.52,-19.22,0,0,0,0,0,0,0,0,0,0,0,0,0,0,0,0,0,0,0,0,0,0,0
101,2017,276,2200,11.94,0,0,0,0,0,0,0,-28.24,-19.15,0,0,0,0,0,0,0,0,0,0,0,0,0,0,0,0,0,0,0,0,0,0,0
101,2017,276,2210,11.94,0,0,0,0,0,0,0,-29.29,-19.11,0,0,0,0,0,0,0,0,0,0,0,0,0,0,0,0,0,0,0,0,0,0,0
101,2017,276,2220,11.94,0,0,0,0,0,0,0,-34.66,-19.42,0,0,0,0,0,0,0,0,0,0,0,0,0,0,0,0,0,0,0,0,0,0,0
101,2017,276,2230,11.94,0,0,0,0,0,0,0,-40.68,-19.58,0,0,0,0,0,0,0,0,0,0,0,0,0,0,0,0,0,0,0,0,0,0,0
101,2017,276,2240,11.94,0,0,0,0,0,0,0,-45.16,-19.73,0,0,0,0,0,0,0,0,0,0,0,0,0,0,0,0,0,0,0,0,0,0,0
101,2017,276,2250,11.94,0,0,0,0,0,0,0,-43.67,-19.67,0,0,0,0,0,0,0,0,0,0,0,0,0,0,0,0,0,0,0,0,0,0,0
101,2017,276,2300,11.94,0,0,0,0,0,0,0,-30.21,-19.31,0,0,0,0,0,0,0,0,0,0,0,0,0,0,0,0,0,0,0,0,0,0,0
101,2017,276,2310,11.94,0,0,0,0,0,0,0,-21.67,-19.28,0,0,0,0,0,0,0,0,0,0,0,0,0,0,0,0,0,0,0,0,0,0,0
101,2017,276,2320,11.94,0,0,0,0,0,0,0,-18.13,-19.35,0,0,0,0,0,0,0,0,0,0,0,0,0,0,0,0,0,0,0,0,0,0,0
101,2017,276,2330,11.94,0,0,0,0,0,0,0,-14.89,-19.29,0,0,0,0,0,0,0,0,0,0,0,0,0,0,0,0,0,0,0,0,0,0,0
101,2017,276,2340,11.94,0,0,0,0,0,0,0,-15.97,-19.34,0,0,0,0,0,0,0,0,0,0,0,0,0,0,0,0,0,0,0,0,0,0,0
101,2017,276,2350,11.94,0,0,0,0,0,0,0,-17.36,-19.39,0,0,0,0,0,0,0,0,0,0,0,0,0,0,0,0,0,0,0,0,0,0,0
101,2017,276,2400,11.94,0,0,0,0,0,0,0,-17.71,-19.45,0,0,0,0,0,0,0,0,0,0,0,0,0,0,0,0,0,0,0,0,0,0,0
101,2017,277,10,11.94,0,0,0,0,0,0,0,-14.89,-19.35,0,0,0,0,0,0,0,0,0,0,0,0,0,0,0,0,0,0,0,0,0,0,0
101,2017,277,20,11.94,0,0,0,0,0,0,0,-9.28,-19.32,0,0,0,0,0,0,0,0,0,0,0,0,0,0,0,0,0,0,0,0,0,0,0
101,2017,277,30,11.94,0,0,0,0,0,0,0,-8.4,-19.34,0,0,0,0,0,0,0,0,0,0,0,0,0,0,0,0,0,0,0,0,0,0,0
101,2017,277,40,11.94,0,0,0,0,0,0,0,-8.08,-19.29,0,0,0,0,0,0,0,0,0,0,0,0,0,0,0,0,0,0,0,0,0,0,0
101,2017,277,50,11.94,0,0,0,0,0,0,0,-5.799,-19.14,0,0,0,0,0,0,0,0,0,0,0,0,0,0,0,0,0,0,0,0,0,0,0
101,2017,277,100,11.94,0,0,0,0,0,0,0,-6.312,-19.03,0,0,0,0,0,0,0,0,0,0,0,0,0,0,0,0,0,0,0,0,0,0,0
101,2017,277,110,11.94,0,0,0,0,0,0,0,-4.23,-18.95,0,0,0,0,0,0,0,0,0,0,0,0,0,0,0,0,0,0,0,0,0,0,0
101,2017,277,120,11.94,0,0,0,0,0,0,0,-3.253,-18.84,0,0,0,0,0,0,0,0,0,0,0,0,0,0,0,0,0,0,0,0,0,0,0
101,2017,277,130,11.94,0,0,0,0,0,0,0,-1.084,-18.78,0,0,0,0,0,0,0,0,0,0,0,0,0,0,0,0,0,0,0,0,0,0,0
101,2017,277,140,11.94,0,0,0,0,0,0,0,1.398,-18.77,0,0,0,0,0,0,0,0,0,0,0,0,0,0,0,0,0,0,0,0,0,0,0
101,2017,277,150,11.94,0,0,0,0,0,0,0,-2.728,-18.96,0,0,0,0,0,0,0,0,0,0,0,0,0,0,0,0,0,0,0,0,0,0,0
101,2017,277,200,11.94,0,0,0,0,0,0,0,-5.061,-19,0,0,0,0,0,0,0,0,0,0,0,0,0,0,0,0,0,0,0,0,0,0,0
101,2017,277,210,11.94,0,0,0,0,0,0,0,-3.345,-18.94,0,0,0,0,0,0,0,0,0,0,0,0,0,0,0,0,0,0,0,0,0,0,0
101,2017,277,220,11.94,0,0,0,0,0,0,0,1.148,-18.85,0,0,0,0,0,0,0,0,0,0,0,0,0,0,0,0,0,0,0,0,0,0,0
101,2017,277,230,11.94,0,0,0,0,0,0,0,3.731,-18.82,0,0,0,0,0,0,0,0,0,0,0,0,0,0,0,0,0,0,0,0,0,0,0
101,2017,277,240,11.93,0,0,0,0,0,0,0,4.037,-18.83,0,0,0,0,0,0,0,0,0,0,0,0,0,0,0,0,0,0,0,0,0,0,0
101,2017,277,250,11.93,0,0,0,0,0,0,0,6.868,-18.84,0,0,0,0,0,0,0,0,0,0,0,0,0,0,0,0,0,0,0,0,0,0,0
101,2017,277,300,11.94,0,0,0,0,0,0,0,7.28,-18.87,0,0,0,0,0,0,0,0,0,0,0,0,0,0,0,0,0,0,0,0,0,0,0
101,2017,277,310,11.94,0,0,0,0,0,0,0,8.26,-18.88,0,0,0,0,0,0,0,0,0,0,0,0,0,0,0,0,0,0,0,0,0,0,0
101,2017,277,320,11.93,0,0,0,0,0,0,0,7.69,-18.86,0,0,0,0,0,0,0,0,0,0,0,0,0,0,0,0,0,0,0,0,0,0,0
101,2017,277,330,11.93,0,0,0,0,0,0,0,10.26,-18.81,0,0,0,0,0,0,0,0,0,0,0,0,0,0,0,0,0,0,0,0,0,0,0
101,2017,277,340,11.93,0,0,0,0,0,0,0,11.62,-18.84,0,0,0,0,0,0,0,0,0,0,0,0,0,0,0,0,0,0,0,0,0,0,0
101,2017,277,350,11.93,0,0,0,0,0,0,0,11.44,-18.86,0,0,0,0,0,0,0,0,0,0,0,0,0,0,0,0,0,0,0,0,0,0,0
101,2017,277,400,11.93,0,0,0,0,0,0,0,10.8,-18.83,0,0,0,0,0,0,0,0,0,0,0,0,0,0,0,0,0,0,0,0,0,0,0
101,2017,277,410,11.93,0,0,0,0,0,0,0,10.21,-18.8,0,0,0,0,0,0,0,0,0,0,0,0,0,0,0,0,0,0,0,0,0,0,0
101,2017,277,420,11.93,0,0,0,0,0,0,0,13.56,-18.74,0,0,0,0,0,0,0,0,0,0,0,0,0,0,0,0,0,0,0,0,0,0,0
101,2017,277,430,11.93,0,0,0,0,0,0,0,14.76,-18.79,0,0,0,0,0,0,0,0,0,0,0,0,0,0,0,0,0,0,0,0,0,0,0
101,2017,277,440,11.93,0,0,0,0,0,0,0,13.07,-18.85,0,0,0,0,0,0,0,0,0,0,0,0,0,0,0,0,0,0,0,0,0,0,0
101,2017,277,450,11.93,0,0,0,0,0,0,0,12.97,-18.9,0,0,0,0,0,0,0,0,0,0,0,0,0,0,0,0,0,0,0,0,0,0,0
101,2017,277,500,11.93,0,0,0,0,0,0,0,12.91,-18.86,0,0,0,0,0,0,0,0,0,0,0,0,0,0,0,0,0,0,0,0,0,0,0
101,2017,277,510,11.93,0,0,0,0,0,0,0,11.85,-18.85,0,0,0,0,0,0,0,0,0,0,0,0,0,0,0,0,0,0,0,0,0,0,0
101,2017,277,520,11.93,0,0,0,0,0,0,0,10.33,-18.83,0,0,0,0,0,0,0,0,0,0,0,0,0,0,0,0,0,0,0,0,0,0,0
101,2017,277,530,11.93,0,0,0,0,0,0,0,8.91,-18.82,0,0,0,0,0,0,0,0,0,0,0,0,0,0,0,0,0,0,0,0,0,0,0
101,2017,277,540,11.93,0,0,0,0,0,0,0,6.489,-18.64,0,0,0,0,0,0,0,0,0,0,0,0,0,0,0,0,0,0,0,0,0,0,0
101,2017,277,550,11.93,.003,0,0,.007,.003,0,0,9.6,-18.63,0,.055,0,.003,0,.035,.035,.012,.034,.01,0,.015,0,0,.025,.002,0,.01,0,0,0,0,0
101,2017,277,600,11.93,.045,.018,.013,.074,.04,.028,.02,10.31,-18.62,.023,.355,.023,.044,.03,.272,.287,.07,.272,.072,.02,.096,.028,.034,.23,.027,.028,.069,.002,.018,.03,.008,.012
101,2017,277,610,11.93,.153,.064,.044,.275,.137,.089,.052,6.801,-18.68,.072,1.289,.075,.144,.109,1.007,1.058,.263,.952,.256,.07,.344,.097,.104,.83,.101,.092,.261,.034,.049,.109,.034,.042
101,2017,277,620,11.93,.325,.139,.089,.572,.29,.193,.111,4.899,-18.65,.153,2.859,.171,.308,.23,2.201,2.325,.543,2.092,.523,.147,.719,.211,.218,1.813,.208,.201,.516,.059,.102,.218,.059,.087
101,2017,277,630,11.93,.493,.228,.142,.934,.444,.315,.181,-2.789,-18.5,.241,4.614,.268,.464,.38,3.558,3.769,.927,3.349,.835,.233,1.173,.344,.362,2.908,.327,.322,.803,.101,.159,.35,.096,.132
101,2017,277,640,11.93,.674,.31,.188,1.289,.592,.421,.245,-8.82,-18.52,.33,6.374,.357,.622,.525,4.919,5.382,5.638,4.547,1.141,.31,1.622,.486,.504,3.893,.432,.434,1.069,.134,.218,.447,.126,.179
101,2017,277,650,11.93,.843,.387,.238,1.611,.746,.518,.305,-10.58,-18.74,.411,7.95,.429,.776,.687,7.06,6.255,10.57,5.687,1.431,.391,2.157,.761,.789,4.746,.526,.531,1.312,.168,.265,.541,.164,.225
101,2017,277,700,11.93,.997,.439,.287,1.902,.892,.645,.365,-12.79,-18.98,.466,18.06,.493,.922,.828,10.07,7.14,5.77,8.93,1.689,.441,8.51,1.322,1.068,5.447,.632,.664,1.559,.196,.31,.634,.189,.268
101,2017,277,710,11.93,1.136,.481,.354,2.182,1.076,.806,.429,-14.64,-19.34,.58,55.18,.964,1.27,.94,11.16,7.92,3.146,37.14,14.86,.506,18.41,10.69,1.279,6.052,.721,.816,1.76,.241,.37,.712,.231,.33
101,2017,277,720,11.93,1.262,.541,.432,2.459,1.285,.985,.533,-16.25,-19.75,.712,63.27,1.371,1.728,1.046,11.45,9.24,3.719,44.91,23.62,.58,7.38,15.32,2.722,6.546,.776,2.293,1.929,.288,.427,.788,.258,.394
101,2017,277,730,11.93,1.394,.6,.521,2.745,1.525,1.188,1.2,-17.92,-19.99,.846,70.7,12.58,9.55,1.14,11.27,9.66,8.08,51.6,3.03,.637,4.983,18.56,7.6,8.34,.861,1.528,2.071,.313,.449,.851,.298,.496
101,2017,277,740,11.93,1.542,.665,.634,3.094,1.917,2.998,1.787,-18.29,-20.43,.969,77.5,19.81,2.556,1.227,11.3,9.79,36.57,58.08,6.253,.699,5.846,2.876,12.81,7.75,.928,7.19,2.211,.37,.486,.912,.328,.521
101,2017,277,750,11.94,1.701,.736,.729,5.579,2.455,13.9,1.066,-19.66,-21.34,1.086,83.5,18.19,2.874,1.312,11.61,10.33,46.58,64.26,4.676,.747,14.45,2.149,3.913,7.68,1.007,6.528,2.338,.384,.788,.98,.359,2.841
101,2017,277,800,11.94,1.85,.999,.863,9.42,2.71,19.18,.685,-22.57,-22.08,1.203,88.8,13.19,6.821,1.379,12.04,11.91,52.35,69.87,4.844,.803,33.51,2.279,1.813,8.05,1.059,1.314,2.45,.411,.58,1.036,.382,2.948
101,2017,277,810,11.94,2.041,1.24,.987,52.03,2.886,15.17,.746,-25.41,-22.45,1.339,93.8,12.79,16.98,1.487,14.02,33.28,57.68,75.2,34.2,.838,48.02,2.294,3.902,8.68,1.133,1.353,2.574,.419,.729,1.096,.416,8.56
101,2017,277,820,11.94,2.276,1.205,1.099,60.13,3.087,3.528,1.689,-32.66,-22.11,2.011,98.4,3.432,5.135,1.604,17.88,40.65,63.04,80.2,71.6,.873,57.59,3.925,5.626,9.63,1.267,1.421,2.715,.436,.855,1.171,.464,2.576
101,2017,277,830,11.94,2.554,2.384,1.25,63.18,3.251,3.648,4.367,-35.01,-21.41,55.12,102.3,1.409,7.53,1.622,22.18,46.07,68.03,84.8,66.41,.898,59.58,2.138,32.4,8.94,1.268,1.485,2.782,.436,.7,1.193,.462,.6
101,2017,277,840,11.94,3.118,17.02,1.337,64.43,10.37,3.973,1.739,-37.77,-21.27,27.09,106.2,1.441,39.01,1.712,26.92,52.26,72.8,89.2,18.77,.95,45.16,2.094,8.04,9.15,1.294,1.768,2.899,.441,.732,1.221,.461,5.543
101,2017,277,850,11.94,8.31,17.49,1.376,64.97,30.41,3.661,10.6,-41.94,-18.77,35.1,109.7,4.557,21.09,1.908,31.67,58.1,77.1,93.4,5.827,1.024,21.5,2.237,13.09,10.73,1.391,4.437,3.012,.488,.796,1.272,.471,.647
101,2017,277,900,11.94,3.651,6.447,1.577,63.29,25.55,3.507,.967,-42.76,-20.2,5.929,113,14.49,6.221,2.85,36.44,63.51,81.2,97.5,5.274,1.064,10.31,2.403,25.76,11.64,1.414,1.945,3.126,.539,2.476,1.319,.501,.667
101,2017,277,910,11.94,6.211,68.54,2.351,61.79,57.77,9.45,.935,-38.49,-18.55,29.26,115.8,2.651,2.84,1.905,41.18,68.4,85.1,101.2,6.735,1.111,6.601,2.282,72.3,12.45,1.928,3.832,3.262,.628,1.853,1.37,.513,.754
101,2017,277,920,11.94,5.028,17.48,1.746,56.94,71.2,49.04,.983,-15.25,-17.88,1.838,118.7,1.707,2.905,2.019,46.61,73.4,88.8,104.9,5.211,1.183,7.2,2.314,50.53,15.13,1.637,2.337,3.438,.633,1.015,20.4,.528,.866
101,2017,277,930,11.95,8.35,2.592,1.635,51.34,53.07,60.56,1.035,-9.54,-18.48,1.887,120.8,1.689,2.835,2.044,51.62,77.7,90.4,108.2,5.093,1.23,7.22,2.327,27.57,18.43,1.568,4.021,3.51,.581,1.955,1.721,.57,.926
101,2017,277,940,11.95,17.34,47.79,1.57,45.47,10.64,16.83,1.034,-42.88,-19.95,19.44,122.6,1.721,3.066,2.099,56.62,81.7,56.72,111.1,5.956,1.282,8.92,2.183,5.073,23.53,1.685,98.2,3.713,.571,57.52,1.533,.647,1.05
101,2017,277,950,11.95,31.32,57.37,1.643,37.95,3.342,2.28,1.079,-54.28,-19.79,14.42,124.2,1.798,30.24,2.211,61.56,85.7,15.17,113.8,7.87,1.369,10.73,2.17,2.297,28.35,1.764,95.6,3.925,.573,23.05,1.679,.617,7.66
101,2017,277,1000,11.95,7.51,19.32,1.672,31.82,3.186,2.178,1.114,-56.63,-20.13,1.984,125.9,1.858,25.01,2.262,66.75,89.6,14.71,116.5,19.24,1.464,40.11,2.121,2.262,32.48,1.893,9.02,4.047,.566,2.278,20.3,.645,15.1
101,2017,277,1010,11.95,27.45,49,1.784,26.61,3.233,2.241,1.166,-55.02,-19.33,5.362,124,1.871,27.19,4.168,70.6,90.9,8.74,116,69.73,1.596,35.96,2.119,2.424,35.65,26.16,2.528,4.22,.558,26.21,1.995,.638,20.3
101,2017,277,1020,11.95,88.2,58.7,33.48,21.03,3.514,2.446,1.226,-55.99,-16.73,15.93,124.9,1.893,3,4.421,75.3,93.4,21.62,117.6,31.99,1.739,16.21,2.261,2.709,38.99,7.5,2.524,5.642,.576,27.56,1.921,.677,1.921
101,2017,277,1030,11.95,74.1,75.3,4.884,16.76,3.595,2.819,1.348,-55.59,-17.84,3.038,109.5,1.98,3.486,11.18,69.24,83,77.9,102.8,7.38,2.002,12.22,2.563,3.06,37.51,2.94,2.74,5.067,.575,5.527,1.951,.715,1.308
101,2017,277,1040,11.96,31.24,30.58,3.745,20.48,5.134,3.601,1.914,-54,-18.44,4.073,75.6,2.256,4.554,2.772,48.76,57.76,39.15,70.1,10.1,2.184,12.79,6,3.725,28.86,4.383,3.921,6.016,.643,2.223,3.492,.494,1.164
101,2017,277,1050,11.95,8.49,3.179,2.223,14.55,4.631,3.331,1.472,-54.32,-18.35,2.78,45.16,2.822,4.582,3.665,35.97,39.52,10.88,42.57,10.81,1.993,8.69,3.428,3.474,25.36,2.79,4.417,13.07,.943,1.916,3.236,.504,1.415
101,2017,277,1100,11.95,23.95,4.088,3.07,19,5.564,4.338,3.532,-57.39,-16.68,4.227,71.1,3.887,6.15,5.294,60.06,64.87,24.06,71.8,13.17,12.12,11.12,5.219,4.792,40.5,3.998,7.02,17.3,1.184,2.698,4.7,.742,2.352
101,2017,277,1110,11.95,33.18,5.899,3.79,23.89,5.864,4.492,3.32,-57.68,-15.92,5.991,91,4.17,5.589,5.458,77.8,84.3,15.59,95.2,15.76,16.9,11.32,4.711,5.37,50.99,5.757,6.37,19.33,1.147,2.604,5.383,.881,2.346
101,2017,277,1120,11.95,45,4.44,3.653,26.73,5.861,4.609,2.745,-53.8,-15.75,9.77,105.9,4.601,5.693,6.807,94.1,100.5,13.95,113.1,16.07,35.89,10.72,4.362,16.07,61.51,5.822,5.651,19.65,1.28,2.702,5.789,1.119,2.71
101,2017,277,1130,11.95,40.4,4.958,6.167,37.33,5.229,9.22,2.613,-49.52,-15.97,3.708,114.3,5.065,4.635,5.042,105.4,110.4,11.12,128,18.31,40.71,9.42,3.378,6.125,65.55,4.899,5.398,29.64,.998,2.204,5.953,1.126,2.375
101,2017,277,1140,11.96,39.99,3.306,2.087,49.96,3.616,2.844,32.35,-52.43,-11.02,4.616,111.7,3.331,2.708,5.036,114.6,120.3,6.701,136.5,11.89,26.79,6.971,2.482,14.33,72.4,3.286,3.47,10.3,.786,1.482,12.43,1.01,1.549
101,2017,277,1150,11.95,49.17,6.656,1.586,57.32,2.844,3.31,1.531,-46.67,-16.12,2.161,102.1,2.614,2.909,5.334,113,120.1,6.473,133,8.08,3.619,7.38,2.338,63.95,73.8,2.648,3.219,11.43,.749,1.33,4.448,.834,1.388
101,2017,277,1200,11.96,16.34,4.088,2.117,19.12,4.083,5.621,2.132,-46.85,-16.18,2.857,99.8,6.189,4.35,18.46,114.2,121,9.82,131.2,12.1,5.283,8.99,4.293,12.84,76.6,3.033,8.82,64.83,.993,1.866,4.184,1.648,1.698
101,2017,277,1210,11.95,10.13,3.519,2.432,12.86,4.815,20.77,2.571,-33.81,-15.8,3.283,93.3,3.877,4.659,19.35,113.7,118.9,9.31,123.2,24.9,5.911,8.71,4.777,4.46,79,3.671,8.09,91.1,1.402,2.581,6.237,1.244,2.202
101,2017,277,1220,11.96,9.26,2.306,2.179,8.27,4.006,4.422,2.005,-45.9,-15.46,2.757,64.48,5.626,3.862,10.6,82.1,81.5,7.55,85.5,16.44,3.777,6.421,6.405,4.8,57.07,3.561,27.71,62.1,1.137,3.559,5.021,.946,2.735
101,2017,277,1230,11.96,17.91,2.747,1.641,6.648,3.042,7.62,1.692,-39.61,-14.59,2.35,105.6,4.309,2.97,17.89,126.7,127.1,5.534,133,14.02,3.577,6.42,2.745,3.877,85.2,3.67,83.9,114.7,1.107,2.732,3.882,.909,2.281
101,2017,277,1240,11.96,16.56,2.465,1.424,6.135,3.04,2.427,1.553,-42.64,-14.21,2.008,107.5,3.521,9.76,4.745,126.8,128.1,5.026,130.9,16.33,2.904,9.14,2.164,3.055,87.1,2.733,43.92,116.9,1.635,1.623,3.768,.881,1.926
101,2017,277,1250,11.96,10.55,2.048,11.38,6.641,4.587,2.588,1.683,-40.81,-13.93,2.288,89.5,3.884,7.28,4.81,128.7,127.9,5.991,129.6,12.68,6.718,32.4,2.558,3.152,89.7,3.05,20.58,115,1.132,1.896,4.12,.919,2.134
101,2017,277,1300,11.96,12.04,2.8,18.2,7.19,3.586,3.554,2.1,-41.04,-13.5,2.961,87.5,16.13,13.65,6.761,132.8,128.2,5.52,130.2,11,4.755,14.56,5.974,4.894,91.7,4.102,64.25,117.6,1.363,2.509,5.433,1.085,3.683
101,2017,277,1310,11.96,26.85,1.739,1.755,5.028,3.02,3.462,1.896,-41.58,-13.29,2.447,57.55,25.05,3.722,6.535,95.2,92.1,4.264,87.4,7.4,3.497,7.05,2.234,4.087,68.75,3.125,29.09,78.5,1.092,1.752,5.308,1.022,36.26
101,2017,277,1320,11.96,42.03,2.948,2.36,8.27,3.452,4.77,1.945,-39.64,-12.09,3.073,70,30.05,6.179,8.34,110.7,108.5,6.47,104.5,9.51,3.586,6.815,2.837,4.85,79.3,3.857,27.74,91.8,1.239,2.269,5.455,1.005,38.99
101,2017,277,1330,11.96,13.36,1.787,1.985,6.264,3.566,4.067,2.224,-40.83,-11.81,2.686,78.7,48.24,6.636,6.308,139.6,137,5.674,126.8,6.658,3.405,6.514,2.697,3.981,101.9,3.438,28.02,122,1.467,2.412,6.746,1.249,26.34
101,2017,277,1340,11.96,2.439,1.251,29.18,3.931,2.707,18.05,1.61,-29.58,-11.27,1.99,69.09,28,17.41,4.75,132,128.1,3.616,116.6,5.649,3.315,11.44,2.072,3.003,96.8,2.847,21.83,118.9,1.082,1.807,5.194,1.208,2.144
101,2017,277,1350,11.96,2.145,1.137,12.12,3.624,2.202,22.61,1.347,-27.1,-10.9,1.633,64.75,36.96,60.52,4.626,127.3,122.9,3.353,111.2,5.227,2.764,29.44,1.824,2.804,93.4,9.58,9.94,116.7,.961,1.596,4.767,11.63,6.376
101,2017,277,1400,11.96,2.194,1.092,44.14,3.621,2.236,11.45,1.375,-35.01,-9.18,1.63,63.45,18.19,78.4,29.81,126.4,121,3.276,108.7,7.42,2.641,28.45,1.76,55.54,93.1,2.685,3.861,115.9,.97,1.615,4.782,8.71,3.021
101,2017,277,1410,11.96,1.965,1.31,3.646,3.489,2.219,2.836,1.437,-41.89,-8.94,1.663,60.16,5.326,72.5,86.3,125.1,118.1,3.241,105.2,5.031,2.645,35.45,1.606,86.7,92.3,5.929,3.469,113.8,.975,1.765,14.93,1.211,2.206
101,2017,277,1420,11.96,1.95,.973,1.901,3.487,7.3,9.42,1.988,-39.14,-7.91,2.02,58.03,4.259,15.71,84.2,126.1,117.2,3.382,103.2,5.195,3.326,9,1.675,7.03,92.8,2.702,3.407,112.7,1.1,2.539,29.67,1.263,14.13
101,2017,277,1430,11.96,1.948,.948,1.218,3.338,6.52,4.105,1.857,-37.96,-7.34,1.862,55.04,3.639,7.45,28.01,124.8,116,3.412,97.7,5.346,3.038,6.294,1.744,2.892,93.3,2.824,3.125,108.9,1.082,2.526,49.75,1.404,42.36
101,2017,277,1440,11.96,1.822,.906,1.154,3.385,4.934,1.836,2.03,-34.83,-6.681,2.048,52.04,3.854,7.18,6.435,130.6,120.9,3.459,97.7,5.463,3.159,9.45,1.837,3.03,99,3.273,2.903,111.6,1.102,2.432,53.78,2.923,44.99
101,2017,277,1450,11.96,2.387,1.07,1.373,4.999,4.613,2.398,2.708,-26.35,-5.646,3.902,53.25,20.53,7.51,35.4,136.6,125.5,4.715,99.4,15.8,4.326,8.09,2.408,7.8,103.8,3.917,3.321,108.9,1.345,2.554,56.18,1.794,81.3
101,2017,277,1500,11.96,3.16,1.425,1.529,6.276,5.306,4.651,3.269,-31.2,-4.932,3.207,50.73,37.1,4.221,48.23,127,116.5,12.74,90.5,23.63,5.075,9.01,3.201,8.97,97.5,5.08,3.949,92.4,1.673,2.305,54.74,1.98,6.11
101,2017,277,1510,11.96,3.534,1.708,1.74,6.137,4.467,3.951,4.708,-32.2,-4.251,3.08,52.01,8.82,4.611,47.44,138.6,127,19.2,97.7,7.94,4.386,7.19,7.28,16.26,106.6,4.559,5.396,91.9,2.194,2.581,61.26,2.018,3.809
101,2017,277,1520,11.97,3.331,1.593,3.105,5.686,4.675,3.189,14.65,-26.82,-.806,3.119,47.9,5.755,4.316,23.04,134.2,121,5.269,91.5,7.92,5.137,7.2,24.62,26.69,103,4.865,4.05,20.3,1.698,2.568,57.67,1.879,3.864
101,2017,277,1530,11.97,2.033,1.109,2.864,4.095,3.708,2.346,26.06,-30.15,3.862,2.511,37.06,17.96,3,9.84,116.5,103.8,3.866,74.8,6.519,19.88,9.74,2.842,4.413,91,4.162,3.001,14.85,1.181,1.856,51.69,1.67,3.114
101,2017,277,1540,11.97,2.03,1.353,1.186,3.882,3.043,2.286,3.634,-30.83,-4.75,2.886,36.37,16.1,2.606,5.336,125.1,110.7,3.815,80.3,6.939,5.535,9.13,1.953,4.165,97.4,3.948,3.085,13.77,.901,1.695,56.39,1.598,2.995
101,2017,277,1550,11.97,2.422,1.182,1.63,4.527,3.368,2.378,8.37,-32.26,-2.963,2.547,31.46,4.435,3.191,9.94,93,82.8,4.653,59.57,7.28,32.17,5.276,2.951,3.929,73.4,3.686,3.095,17.31,1.023,1.735,32.42,1.362,3.229
101,2017,277,1600,11.97,2.201,1.167,1.521,4.391,3.249,2.1,2.412,-39.57,-4.822,2.661,25.12,3.316,2.983,5.46,63.34,56.85,7.48,39.69,6.644,11.51,5.103,1.943,3.658,51.15,3.681,2.663,15.65,.906,1.462,13.97,1.182,2.671
101,2017,277,1610,11.96,2.604,1.254,1.442,4.596,3.423,1.939,2.328,-36.25,-3.949,2.735,23.6,2.933,3.052,4.696,64.45,58.85,9.15,38.29,5.859,4.954,5.281,2.07,3.435,53.05,3.566,2.705,14.48,.914,1.454,8.84,1.186,2.762
101,2017,277,1620,11.96,2.986,1.157,1.203,5.179,3.216,1.903,1.844,-33.11,-3.683,1.943,22.27,2.395,2.98,3.896,37.95,36.33,4.291,25.53,5.45,2.628,5.274,1.945,2.874,31.35,2.938,2.444,12.37,.827,1.377,4.797,.871,1.775
101,2017,277,1630,11.96,2.243,1.007,1.141,4.092,2.859,1.804,1.878,-31.66,-3.698,1.916,20.17,3.284,2.703,4.097,76.3,68.11,3.762,26.31,6.421,2.961,4.52,1.928,3.037,63.73,3.127,2.41,11.87,.759,1.241,4.69,.914,2.377
101,2017,277,1640,11.96,2.085,.956,1.352,3.837,2.539,1.651,1.646,-32.19,-4.021,2.216,18.87,2.638,2.489,3.978,89.8,78.8,6.378,20.91,4.373,2.474,4.36,1.685,2.769,76.3,3.006,2.279,10.42,.729,1.124,4.448,.889,2.097
101,2017,277,1650,11.96,1.514,.647,.997,2.97,2.062,1.162,1.253,-38.5,-4.728,3.157,15.35,1.561,1.732,2.69,79.7,71.5,2.787,14.13,3.08,1.683,3.673,1.409,2.079,65.34,2.223,1.583,6.72,.536,.801,3.206,.725,1.139
101,2017,277,1700,11.96,1.208,.621,1.218,2.338,1.647,.945,.988,-32.66,-5.523,1.161,13.64,1.328,2.427,3.216,49.29,52.15,2.286,12.31,2.765,1.546,3.079,1.152,1.744,19.58,1.719,1.189,5.851,.444,.672,2.608,.544,.966
101,2017,277,1710,11.96,1.08,.481,.459,2.035,1.342,.787,.747,-32.31,-6.04,1.288,10.7,1.07,1.652,1.772,31.12,37.23,1.828,9.9,2.323,1.266,2.74,.948,1.394,13.48,1.394,.941,4.414,.357,.526,1.74,.409,.673
101,2017,277,1720,11.96,.836,.402,.38,1.67,1.131,.655,.613,-33.98,-6.548,.658,8.81,.834,1.513,1.436,16.97,18.02,1.521,8.33,2.007,1.032,2.406,.786,1.119,11.7,1.203,.735,3.555,.295,.429,1.524,.372,.531
101,2017,277,1730,11.96,.769,.374,.318,1.568,.967,.588,.469,-35.53,-7.07,.529,7.79,.682,.863,1.114,11.59,11.06,1.407,7.18,1.839,.88,2.101,.657,.935,9.39,1.015,.628,2.876,.226,.365,1.141,.31,.431
101,2017,277,1740,11.95,1.067,.446,.357,1.977,1.022,.62,.462,-39.96,-7.56,.555,7.94,.66,.915,1.047,9.92,9.64,1.612,7.54,1.843,.734,2.062,.628,.821,8.14,.883,.714,2.887,.235,.392,1.074,.266,.409
101,2017,277,1750,11.95,.613,.271,.246,1.124,.704,.409,.333,-38.46,-8.03,.375,5.071,.464,.593,.747,6.899,6.646,.908,5.018,1.267,.494,1.319,.402,.555,5.866,.623,.486,2.077,.168,.273,.828,.191,.293
101,2017,277,1800,11.95,.456,.189,.173,.828,.483,.297,.233,-42.02,-9.26,.28,3.471,.322,.439,.523,4.519,4.455,.655,3.485,.799,.315,.915,.298,.377,3.927,.405,.352,1.412,.121,.193,.558,.127,.209
101,2017,277,1810,11.95,.33,.142,.117,.571,.333,.211,.174,-52.9,-25.82,.196,2.357,.24,.298,.384,3.411,3.22,.479,2.558,.598,.276,.578,.206,.29,2.815,.31,.245,1.044,.08,.136,.385,.084,.159
101,2017,277,1820,11.95,.134,.057,.047,.236,.147,.089,.07,-51.53,-29.32,.077,.89,.089,.126,.154,1.308,1.314,.194,.943,.245,.101,.28,.094,.117,1.188,.134,.097,.377,.034,.052,.157,.044,.054
101,2017,277,1830,11.95,.037,.013,.008,.069,.042,.018,.017,-51.83,-22.28,.018,.253,.023,.04,.042,.35,.35,.057,.258,.069,.027,.074,.022,.034,.317,.039,.022,.104,.002,.013,.042,.012,.012
101,2017,277,1840,11.95,0,0,0,.003,0,0,0,-48.34,-20.2,0,.035,0,0,0,.05,.049,.005,.032,.008,0,.007,0,0,.044,0,0,.015,0,0,0,0,0
101,2017,277,1850,11.95,0,0,0,0,0,0,0,-52.83,-18.79,0,0,0,0,0,0,0,0,0,0,0,0,0,0,0,0,0,0,0,0,0,0,0
101,2017,277,1900,11.95,0,0,0,0,0,0,0,-55.17,-17.98,0,0,0,0,0,0,0,0,0,0,0,0,0,0,0,0,0,0,0,0,0,0,0
101,2017,277,1910,11.95,0,0,0,0,0,0,0,-52.58,-17.59,0,0,0,0,0,0,0,0,0,0,0,0,0,0,0,0,0,0,0,0,0,0,0
101,2017,277,1920,11.94,0,0,0,0,0,0,0,-54.01,-17.64,0,0,0,0,0,0,0,0,0,0,0,0,0,0,0,0,0,0,0,0,0,0,0
101,2017,277,1930,11.94,0,0,0,0,0,0,0,-42.22,-17.5,0,0,0,0,0,0,0,0,0,0,0,0,0,0,0,0,0,0,0,0,0,0,0
101,2017,277,1940,11.94,0,0,0,0,0,0,0,-40.71,-17.42,0,0,0,0,0,0,0,0,0,0,0,0,0,0,0,0,0,0,0,0,0,0,0
101,2017,277,1950,11.94,0,0,0,0,0,0,0,-44.37,-17.44,0,0,0,0,0,0,0,0,0,0,0,0,0,0,0,0,0,0,0,0,0,0,0
101,2017,277,2000,11.94,0,0,0,0,0,0,0,-47.66,-17.46,0,0,0,0,0,0,0,0,0,0,0,0,0,0,0,0,0,0,0,0,0,0,0
101,2017,277,2010,11.94,0,0,0,0,0,0,0,-47.88,-17.52,0,0,0,0,0,0,0,0,0,0,0,0,0,0,0,0,0,0,0,0,0,0,0
101,2017,277,2020,11.94,0,0,0,0,0,0,0,-49.08,-17.65,0,0,0,0,0,0,0,0,0,0,0,0,0,0,0,0,0,0,0,0,0,0,0
101,2017,277,2030,11.94,0,0,0,0,0,0,0,-45.43,-17.38,0,0,0,0,0,0,0,0,0,0,0,0,0,0,0,0,0,0,0,0,0,0,0
101,2017,277,2040,11.94,0,0,0,0,0,0,0,-47.63,-17.5,0,0,0,0,0,0,0,0,0,0,0,0,0,0,0,0,0,0,0,0,0,0,0
101,2017,277,2050,11.94,0,0,0,0,0,0,0,-51.09,-17.61,0,0,0,0,0,0,0,0,0,0,0,0,0,0,0,0,0,0,0,0,0,0,0
101,2017,277,2100,11.94,0,0,0,0,0,0,0,-47.95,-17.43,0,0,0,0,0,0,0,0,0,0,0,0,0,0,0,0,0,0,0,0,0,0,0
101,2017,277,2110,11.94,0,0,0,0,0,0,0,-46.64,-17.45,0,0,0,0,0,0,0,0,0,0,0,0,0,0,0,0,0,0,0,0,0,0,0
101,2017,277,2120,11.94,0,0,0,0,0,0,0,-47.59,-16.92,0,0,0,0,0,0,0,0,0,0,0,0,0,0,0,0,0,0,0,0,0,0,0
101,2017,277,2130,11.94,0,0,0,0,0,0,0,-50.1,-16.54,0,0,0,0,0,0,0,0,0,0,0,0,0,0,0,0,0,0,0,0,0,0,0
101,2017,277,2140,11.94,0,0,0,0,0,0,0,-51.69,-16.62,0,0,0,0,0,0,0,0,0,0,0,0,0,0,0,0,0,0,0,0,0,0,0
101,2017,277,2150,11.94,0,0,0,0,0,0,0,-49.38,-16.64,0,0,0,0,0,0,0,0,0,0,0,0,0,0,0,0,0,0,0,0,0,0,0
101,2017,277,2200,11.94,0,0,0,0,0,0,0,-52,-16.69,0,0,0,0,0,0,0,0,0,0,0,0,0,0,0,0,0,0,0,0,0,0,0
101,2017,277,2210,11.94,0,0,0,0,0,0,0,-59.24,-16.85,0,0,0,0,0,0,0,0,0,0,0,0,0,0,0,0,0,0,0,0,0,0,0
101,2017,277,2220,11.94,0,0,0,0,0,0,0,-61.09,-17.28,0,0,0,0,0,0,0,0,0,0,0,0,0,0,0,0,0,0,0,0,0,0,0
101,2017,277,2230,11.94,0,0,0,0,0,0,0,-76.3,-17.61,0,0,0,0,0,0,0,0,0,0,0,0,0,0,0,0,0,0,0,0,0,0,0
101,2017,277,2240,11.94,0,0,0,0,0,0,0,-72.3,-17.4,0,0,0,0,0,0,0,0,0,0,0,0,0,0,0,0,0,0,0,0,0,0,0
101,2017,277,2250,11.94,0,0,0,0,0,0,0,-64.94,-17.33,0,0,0,0,0,0,0,0,0,0,0,0,0,0,0,0,0,0,0,0,0,0,0
101,2017,277,2300,11.94,0,0,0,0,0,0,0,-59.76,-17.4,0,0,0,0,0,0,0,0,0,0,0,0,0,0,0,0,0,0,0,0,0,0,0
101,2017,277,2310,11.94,0,0,0,0,0,0,0,-62.94,-17.14,0,0,0,0,0,0,0,0,0,0,0,0,0,0,0,0,0,0,0,0,0,0,0
101,2017,277,2320,11.94,0,0,0,0,0,0,0,-75.8,-15.9,0,0,0,0,0,0,0,0,0,0,0,0,0,0,0,0,0,0,0,0,0,0,0
101,2017,277,2330,11.94,0,0,0,0,0,0,0,-69.5,-15.85,0,0,0,0,0,0,0,0,0,0,0,0,0,0,0,0,0,0,0,0,0,0,0
101,2017,277,2340,11.94,0,0,0,0,0,0,0,-60.51,-19.24,0,0,0,0,0,0,0,0,0,0,0,0,0,0,0,0,0,0,0,0,0,0,0
101,2017,277,2350,11.94,0,0,0,0,0,0,0,-57.31,-16.51,0,0,0,0,0,0,0,0,0,0,0,0,0,0,0,0,0,0,0,0,0,0,0
101,2017,277,2400,11.94,0,0,0,0,0,0,0,-51.73,-14.09,0,0,0,0,0,0,0,0,0,0,0,0,0,0,0,0,0,0,0,0,0,0,0
101,2017,278,10,11.94,0,0,0,0,0,0,0,-43.95,-15.62,0,0,0,0,0,0,0,0,0,0,0,0,0,0,0,0,0,0,0,0,0,0,0
101,2017,278,20,11.93,0,0,0,0,0,0,0,-46.52,-13.88,0,0,0,0,0,0,0,0,0,0,0,0,0,0,0,0,0,0,0,0,0,0,0
101,2017,278,30,11.93,0,0,0,0,0,0,0,-90.3,-3.298,0,0,0,0,0,0,0,0,0,0,0,0,0,0,0,0,0,0,0,0,0,0,0
101,2017,278,40,11.93,0,0,0,0,0,0,0,-94.8,.937,0,0,0,0,0,0,0,0,0,0,0,0,0,0,0,0,0,0,0,0,0,0,0
101,2017,278,50,11.93,0,0,0,0,0,0,0,-125,.312,0,0,0,0,0,0,0,0,0,0,0,0,0,0,0,0,0,0,0,0,0,0,0
101,2017,278,100,11.93,0,0,0,0,0,0,0,-116.7,.488,0,0,0,0,0,0,0,0,0,0,0,0,0,0,0,0,0,0,0,0,0,0,0
101,2017,278,110,11.93,0,0,0,0,0,0,0,-98.4,-.741,0,0,0,0,0,0,0,0,0,0,0,0,0,0,0,0,0,0,0,0,0,0,0
101,2017,278,120,11.93,0,0,0,0,0,0,0,-96.6,-.533,0,0,0,0,0,0,0,0,0,0,0,0,0,0,0,0,0,0,0,0,0,0,0
101,2017,278,130,11.93,0,0,0,0,0,0,0,-79.4,-1.364,0,0,0,0,0,0,0,0,0,0,0,0,0,0,0,0,0,0,0,0,0,0,0
101,2017,278,140,11.93,0,0,0,0,0,0,0,-94.9,.417,0,0,0,0,0,0,0,0,0,0,0,0,0,0,0,0,0,0,0,0,0,0,0
101,2017,278,150,11.93,0,0,0,0,0,0,0,-104.6,1.8,0,0,0,0,0,0,0,0,0,0,0,0,0,0,0,0,0,0,0,0,0,0,0
101,2017,278,200,11.93,0,0,0,0,0,0,0,-107.3,1.145,0,0,0,0,0,0,0,0,0,0,0,0,0,0,0,0,0,0,0,0,0,0,0
101,2017,278,210,11.93,0,0,0,0,0,0,0,-62.99,-.685,0,0,0,0,0,0,0,0,0,0,0,0,0,0,0,0,0,0,0,0,0,0,0
101,2017,278,220,11.93,0,0,0,0,0,0,0,-51.42,.277,0,0,0,0,0,0,0,0,0,0,0,0,0,0,0,0,0,0,0,0,0,0,0
101,2017,278,230,11.94,0,0,0,0,0,0,0,-68.61,-2.145,0,0,0,0,0,0,0,0,0,0,0,0,0,0,0,0,0,0,0,0,0,0,0
101,2017,278,240,11.93,0,0,0,0,0,0,0,-33.84,-2.811,0,0,0,0,0,0,0,0,0,0,0,0,0,0,0,0,0,0,0,0,0,0,0
101,2017,278,250,11.93,0,0,0,0,0,0,0,-45.5,-2.179,0,0,0,0,0,0,0,0,0,0,0,0,0,0,0,0,0,0,0,0,0,0,0
101,2017,278,300,11.93,0,0,0,0,0,0,0,-72.9,-3.174,0,0,0,0,0,0,0,0,0,0,0,0,0,0,0,0,0,0,0,0,0,0,0
101,2017,278,310,11.93,0,0,0,0,0,0,0,-88.5,-7.2,0,0,0,0,0,0,0,0,0,0,0,0,0,0,0,0,0,0,0,0,0,0,0
101,2017,278,320,11.93,0,0,0,0,0,0,0,-49.82,-8.43,0,0,0,0,0,0,0,0,0,0,0,0,0,0,0,0,0,0,0,0,0,0,0
101,2017,278,330,11.93,0,0,0,0,0,0,0,-47.41,-9.49,0,0,0,0,0,0,0,0,0,0,0,0,0,0,0,0,0,0,0,0,0,0,0
101,2017,278,340,11.93,0,0,0,0,0,0,0,-80.7,-9.58,0,0,0,0,0,0,0,0,0,0,0,0,0,0,0,0,0,0,0,0,0,0,0
101,2017,278,350,11.93,0,0,0,0,0,0,0,-70.6,-10.17,0,0,0,0,0,0,0,0,0,0,0,0,0,0,0,0,0,0,0,0,0,0,0
101,2017,278,400,11.93,0,0,0,0,0,0,0,-73.9,-11,0,0,0,0,0,0,0,0,0,0,0,0,0,0,0,0,0,0,0,0,0,0,0
101,2017,278,410,11.93,0,0,0,0,0,0,0,-56.99,-11.85,0,0,0,0,0,0,0,0,0,0,0,0,0,0,0,0,0,0,0,0,0,0,0
101,2017,278,420,11.93,0,0,0,0,0,0,0,-26.29,-11.63,0,0,0,0,0,0,0,0,0,0,0,0,0,0,0,0,0,0,0,0,0,0,0
101,2017,278,430,11.93,0,0,0,0,0,0,0,-21.57,-11.4,0,0,0,0,0,0,0,0,0,0,0,0,0,0,0,0,0,0,0,0,0,0,0
101,2017,278,440,11.93,0,0,0,0,0,0,0,-27.02,-11.69,0,0,0,0,0,0,0,0,0,0,0,0,0,0,0,0,0,0,0,0,0,0,0
101,2017,278,450,11.93,0,0,0,0,0,0,0,-23.16,-11.57,0,0,0,0,0,0,0,0,0,0,0,0,0,0,0,0,0,0,0,0,0,0,0
101,2017,278,500,11.93,0,0,0,0,0,0,0,-26.39,-11.77,0,0,0,0,0,0,0,0,0,0,0,0,0,0,0,0,0,0,0,0,0,0,0
101,2017,278,510,11.93,0,0,0,0,0,0,0,-31.37,-12.68,0,0,0,0,0,0,0,0,0,0,0,0,0,0,0,0,0,0,0,0,0,0,0
101,2017,278,520,11.93,0,0,0,0,0,0,0,-37.05,-13.15,0,0,0,0,0,0,0,0,0,0,0,0,0,0,0,0,0,0,0,0,0,0,0
101,2017,278,530,11.93,0,0,0,0,0,0,0,-39.58,-13.8,0,0,0,0,0,0,0,0,0,0,0,0,0,0,0,0,0,0,0,0,0,0,0
101,2017,278,540,11.93,0,0,0,0,0,0,0,-35.14,-13.8,0,0,0,0,0,0,0,0,0,0,0,0,0,0,0,0,0,0,0,0,0,0,0
101,2017,278,550,11.93,0,0,0,0,0,0,0,-32.39,-13.21,0,.015,0,0,0,.018,.017,0,.017,.002,0,.002,0,0,.012,0,0,.005,0,0,0,0,0
101,2017,278,600,11.93,.027,0,0,.035,.018,.005,0,-33.56,-12.97,.007,.121,.01,.017,.015,.134,.144,.03,.149,.034,0,.028,0,.012,.112,.012,.015,.049,0,0,.017,0,0
101,2017,278,610,11.93,.08,.028,.027,.147,.07,.05,.03,-38.01,-13.1,.042,.538,.052,.075,.062,.546,.58,.117,.623,.153,.035,.122,.039,.052,.416,.045,.055,.201,.017,.03,.065,.013,.023
101,2017,278,620,11.93,.265,.114,.077,.508,.226,.161,.079,-46.49,-13.01,.117,1.832,.147,.228,.176,1.666,1.783,.417,2.05,.501,.111,.391,.126,.166,1.182,.136,.163,.538,.039,.077,.178,.034,.077
101,2017,278,630,11.93,.543,.255,.161,1.068,.508,.344,.188,-51.08,-12.87,.26,4.2,.295,.54,.37,3.798,4.151,.895,4.177,.996,.246,.984,.292,.347,2.789,.303,.317,1.002,.114,.174,.399,.089,.161
101,2017,278,640,11.93,.932,.402,.268,1.825,.809,.566,.288,-62.78,-13.93,.411,7.44,.436,.908,.54,5.831,6.53,1.673,7.3,1.647,.342,1.728,.518,.572,4.274,.451,.526,1.5,.168,.273,.57,.136,.248
101,2017,278,650,11.93,1.232,.504,.325,2.368,1.009,.739,.355,-53.13,-14.15,.516,10.3,.525,1.166,.669,7.62,8.05,3.439,9.84,2.098,.407,2.378,.766,.778,5.127,.535,.717,1.822,.213,.342,.685,.163,.3
101,2017,278,700,11.93,1.728,.664,.402,3.318,1.371,1.001,.451,-64.85,-14.52,.719,15.95,.675,1.686,.92,11,10.47,4.342,13.82,2.854,.481,5.698,1.637,1.128,6.582,.696,1.061,2.16,.292,.436,.912,.223,.379
101,2017,278,710,11.93,1.358,.605,.392,2.75,1.445,.94,.491,-45.53,-15.32,.654,27.91,.838,1.604,.945,10.51,10.49,3.184,24.55,5.93,.52,6.654,5.717,1.126,7.06,.801,1.096,2.247,.29,.417,.912,.261,.384
101,2017,278,720,11.93,3.298,1.311,.719,6.033,2.531,1.892,.815,-47.77,-16.42,1.326,57.31,1.48,3.769,1.478,15.72,17.26,7.11,51.52,12.1,.741,8.39,14.47,2.816,9.94,1.138,3.131,3.26,.501,.803,1.378,.379,.608
101,2017,278,730,11.93,2.313,1.093,.702,4.671,2.348,1.805,1.421,-41.66,-17.07,1.193,70.7,6.365,13.48,1.409,13.8,16.32,11.76,62.13,5.1,.744,8.18,17.72,5.896,9.89,1.163,3.461,2.874,.454,.687,1.163,.391,.59
101,2017,278,740,11.93,2.395,1.088,.768,4.74,2.735,3.828,1.582,-1.597,-17.7,1.27,80,17.73,3.895,1.451,13.44,14.34,34.83,69.64,12.68,.791,7.55,2.695,11.52,9.2,1.177,1.917,2.767,.463,.711,1.135,.407,.623
101,2017,278,750,11.93,2.323,1.032,.846,8.25,3.615,14.7,.828,-11.38,-18.28,1.363,86.5,18.66,5.273,1.497,13.27,14.61,45.72,75.3,7.53,.831,22.28,2.475,4.644,8.98,1.202,3.493,2.844,.454,.704,1.16,.411,2.484
101,2017,278,800,11.93,2.065,.952,.918,9.98,3.712,15.77,.771,-15.81,-19.14,1.359,92.1,13.52,14.61,1.527,13.21,15.38,52.42,80.6,7.19,.853,38.69,2.563,2.028,8.99,1.168,1.914,2.814,.434,.637,1.158,.431,3.256
101,2017,278,810,11.93,2.326,1.173,1.056,47.85,3.233,10.2,.808,-22.42,-19.75,1.621,96.8,9.05,15.29,1.614,15.17,21.58,57.84,84.3,36.19,.873,45.11,2.531,4.128,9.35,1.225,1.473,2.898,.437,.716,1.195,.436,3.692
101,2017,278,820,11.93,2.695,1.342,1.163,61.37,3.298,4.027,2.34,-1.564,-19.37,7.96,100.7,4.641,6.945,1.699,18.97,40.17,62.39,87.2,71.8,.907,54.06,7.18,3.107,9.66,1.277,1.574,2.98,.442,2.189,1.24,.464,7.76
101,2017,278,830,11.93,2.92,2.853,1.254,65.84,3.493,4.54,10.54,131.9,-17.94,56.91,105.4,1.56,38.9,1.823,23.76,47.04,68.56,91.2,53.52,.934,47.11,2.777,46.04,9.81,1.438,1.596,3.018,.463,.742,1.284,.597,.692
101,2017,278,840,11.93,6.555,13.54,1.311,68.67,10.85,7.32,1.213,143.9,-18.28,29.55,109.4,1.532,45.38,1.837,28.47,53.33,73.8,94.3,10.4,.97,28.05,2.234,32.78,9.89,1.384,1.699,3.059,.478,.779,1.312,.494,6.164
101,2017,278,850,11.93,7.67,27.64,1.433,71.8,30.16,7.04,6.02,148.4,-15.69,20.29,112.8,2.269,32.37,2.814,33.04,59.12,78.4,96.9,7.46,1.041,16.54,2.454,14.04,11.44,1.498,7.79,3.112,.525,.949,1.346,.513,.915
101,2017,278,900,11.93,5.152,20.16,2.435,77.1,26.94,6.836,1.024,134.4,-15.3,3.084,116.2,7.56,8.08,2.782,37.85,64.77,82.6,100.2,5.646,1.088,8.9,2.532,17.09,12.13,1.503,3.422,3.166,.548,1.84,1.353,.526,.838
101,2017,278,910,11.93,6.147,73.6,3.469,76,62.19,21.22,.957,118.4,-12.37,6.172,118.7,1.753,3.095,2.085,42.52,69.77,86.8,103.9,16.8,1.109,8.97,2.469,68.9,12.83,2.829,3.253,3.258,.608,.955,1.411,.536,.779
101,2017,278,920,11.93,4.454,29.08,1.803,76.1,73.3,58.23,1.004,153.3,-12.95,1.892,121,1.682,3.071,4.603,47.76,74.3,90.2,107.1,6.77,1.171,9.54,2.418,58.42,13.87,1.704,2.413,3.365,.617,1.072,15.58,.545,.865
101,2017,278,930,11.93,6.496,7.11,1.739,75.6,51.1,63.2,3.205,184.4,-12.72,1.969,122.9,1.689,6.917,2.776,52.89,78.7,80.2,110,7.71,1.205,8.97,2.627,38.17,16.72,1.637,2.731,3.483,.595,4.39,2.438,.628,.906
101,2017,278,940,11.94,5.219,38.85,1.664,71.3,13.86,21.02,1.045,143.4,-15.35,13.12,125.1,1.722,5.232,2.193,58.05,83.1,52.58,113.4,6.053,1.275,9.1,2.314,5.769,24.65,1.672,59.25,4.323,.591,75.6,1.526,.653,1.072
101,2017,278,950,11.94,7.77,72.5,1.691,72.1,3.971,2.446,1.565,125.9,-14.55,18.82,126.3,1.766,45.72,2.248,62.79,87,17.78,116,8.17,1.34,9.22,2.238,2.284,29.08,1.749,84.3,3.9,.575,53.2,1.637,.898,15.44
101,2017,278,1000,11.94,6.598,31.84,1.756,66.95,3.259,2.208,1.111,69.01,-13.26,2.31,127.6,1.811,31.93,2.242,67.87,90.8,12.39,118.5,22.37,1.454,33.11,2.274,2.258,33.24,1.952,12.19,3.915,.551,4.617,32.1,.652,18.85
101,2017,278,1010,11.94,40.42,42.45,1.84,57.86,3.589,2.029,1.158,56.35,-12.03,9.1,128.6,1.831,32.91,4.39,73.5,94.4,17.29,120.6,62.99,1.585,39.81,2.129,2.186,37.28,16.19,2.604,3.998,.555,17.1,5.16,.67,17.96
101,2017,278,1020,11.94,80.4,51.18,48.04,51.75,3.284,1.984,1.359,48.02,-9.18,5.154,129.3,1.863,3.647,3.096,79,98,29.89,122.6,53.6,1.784,29.17,2.046,2.193,41.22,3.622,2.302,6.854,.571,10.48,1.94,.942,3.21
101,2017,278,1030,11.94,82.1,86.9,5.832,47.21,2.957,1.995,1.26,34.64,-11.22,25.61,129.4,2.324,2.645,20.48,84,100.7,96.5,124.2,5.819,2.016,20.2,2.078,2.218,45.18,2.409,2.253,4.492,.601,9.07,1.814,1.252,1.074
101,2017,278,1040,11.94,69.64,88.5,2.041,43.92,2.924,1.96,4.277,20.88,-11.94,2.021,129.5,1.987,2.458,3.994,88.5,103.5,106.3,125.6,5.763,2.056,43.07,6.038,2.265,49.17,2.51,2.287,4.73,.615,1.322,10.37,.746,1.131
101,2017,278,1050,11.94,61.29,61.78,2.059,32.87,2.863,1.955,3.746,26.21,-13,3.277,129.6,1.96,2.431,2.949,92.7,106.3,105.7,126.8,5.849,7.59,23.27,24.99,2.625,53.25,2.592,2.267,5.209,.618,1.27,4.137,.734,1.245
101,2017,278,1100,11.94,65.08,11.99,1.957,21.65,2.783,1.954,41.28,21.55,-6.864,2.044,126.9,1.975,2.352,2.865,96.6,108.7,82.2,127.8,6.236,50.31,9.6,6.368,2.87,57.17,2.681,2.46,5.36,.617,1.836,1.928,.724,1.391
101,2017,278,1110,11.94,56.68,3.684,1.803,17.56,2.716,1.903,2.372,-2.826,-12.75,17.62,123,1.98,2.289,2.659,100,111.1,5.752,128.4,6.806,40.38,6.197,2.051,2.511,60.83,4.651,10.44,5.668,.605,1.164,2.22,.761,1.317
101,2017,278,1120,11.94,63.41,2.721,13.4,18.64,2.498,2.692,1.484,-16.19,-12.15,13.75,117.4,2.071,2.332,5.703,103.3,113.3,4.964,129.5,6.008,67.35,6.015,2.093,38.67,64.2,4.371,2.302,9.9,.612,1.195,2.238,.762,1.334
101,2017,278,1130,11.94,45.39,3.324,23.31,27,2.448,3.642,2.123,48.06,-13.09,1.962,109.5,2.18,2.369,4.252,106,115,4.911,129.3,6.931,47.19,6.087,1.989,8.93,67.3,2.582,2.391,26.08,.647,1.243,6.924,1.133,1.32
101,2017,278,1140,11.94,48.07,9.57,1.711,22.09,2.359,2.148,42.49,43.85,-8.88,2.914,102.4,2.227,2.332,3.936,108.9,116.9,4.679,129.6,6.621,12.05,5.872,1.992,5.805,70.3,2.466,2.463,7.72,.682,1.238,13.61,1.68,1.231
101,2017,278,1150,11.94,33.32,6.033,1.431,30.06,2.352,9.03,3.565,28.59,-15.15,1.83,95.6,2.253,2.304,3.964,110.8,118.2,4.534,128.8,15.29,5.529,6.264,1.965,31.6,73,2.357,2.709,20.48,.674,1.36,3.332,1.359,1.268
101,2017,278,1200,11.94,39.59,3.148,1.372,12.98,2.285,3.902,2.857,43.19,-15.74,1.794,102.1,5.44,2.295,9.54,113.2,119.5,4.462,128.8,6.665,2.429,5.668,3.455,8.65,75.5,2.305,5.969,79.8,.702,1.275,3.017,3.399,1.345
101,2017,278,1210,11.94,15.49,2.126,1.273,6.482,2.263,5.247,1.476,28.4,-17.06,1.757,90,4.921,2.307,8.45,115.2,121,4.284,128.3,13.91,3.316,5.363,4.178,2.553,78,2.267,8.82,109.8,.697,1.282,2.935,1.183,1.362
101,2017,278,1220,11.94,9.07,2.067,1.253,6.532,3.704,2.227,1.536,8.31,-18.27,1.737,95.9,3.002,2.325,5.966,117.1,122,4.165,127.6,11.75,2.473,5.318,7.04,3.193,80.1,2.252,43.17,112.5,.687,14.85,3.029,.988,1.439
101,2017,278,1230,11.94,25.1,2.113,1.265,4.535,3.022,7.43,1.424,-.593,-19.73,1.756,90.6,2.485,2.336,10.68,118.6,122.5,4.009,126.2,20.55,2.207,5.777,3.131,2.6,82,2.272,69.14,114.4,.811,1.639,3.115,.95,1.037
101,2017,278,1240,11.94,20.04,3.404,1.374,4.311,2.552,3.688,1.365,14.17,-19.85,2.535,88.3,2.743,9.64,3.398,120.2,122.8,3.892,124.9,27,2.23,14.84,2.753,2.624,83.9,2.307,22.06,115.6,1.01,1.37,3.361,.978,1.664
101,2017,278,1250,11.94,9.67,3.443,3.884,4.2,9.59,1.868,1.332,9.26,-18.53,1.732,78.4,2.793,6.998,3.423,121.4,123.2,3.828,123.5,14.16,2.81,17.76,3.58,2.887,85.5,2.332,43.81,117.1,1.171,1.404,3.304,.947,1.871
101,2017,278,1300,11.94,12.08,1.64,20.26,5.621,2.111,1.865,1.283,.742,-18.15,1.721,79.8,20.09,14.05,3.807,122.7,123.4,3.683,119.6,5.526,2.413,12.61,6.011,2.525,87.1,2.312,56.49,117.3,.866,1.461,3.433,.94,1.779
101,2017,278,1310,11.94,13.41,1.572,1.196,4.034,2.406,6.351,1.275,-27.52,-18.77,2.334,76.1,39.63,2.645,8.14,123.2,122.7,3.595,119.3,5.338,2.26,4.798,7.62,2.681,88,2.262,38.96,117.8,1.121,1.483,3.736,.965,38.76
101,2017,278,1320,11.94,6.09,1.36,1.275,3.808,2.145,8.01,1.27,32.16,-19.19,7.83,73.8,39.51,3.448,10.82,123.9,122.6,3.48,117.8,4.968,2.372,4.401,1.803,2.62,89.1,2.243,17.21,118.6,.87,1.511,3.666,1.024,19.51
101,2017,278,1330,11.94,2.893,1.303,1.416,3.845,2.071,2.389,1.292,28.03,-19.53,1.709,77.7,43.05,3.463,6.534,124.2,121.9,3.378,116.1,4.88,2.386,4.237,1.613,2.726,90,2.211,12.91,118.7,.916,1.618,3.999,1.052,23.3
101,2017,278,1340,11.94,2.605,1.241,33.29,3.565,2.054,35.15,1.3,45.26,-18.39,1.816,87.2,30.44,39.51,4.071,124.5,121.4,3.208,114,4.617,2.577,15.08,1.662,3.198,90.7,2.16,17.99,118.1,.886,1.558,4.024,1.252,10.89
101,2017,278,1350,11.94,5.544,1.112,34.38,3.518,2.039,27.7,1.29,37.19,-18.25,1.762,86.9,28.09,59.23,6.333,124.7,120.6,3.069,110.5,5.172,2.555,20.75,1.59,3.088,91.4,2.481,13.9,117.7,.851,1.571,4.269,14.73,10.2
101,2017,278,1400,11.94,1.96,1.034,59.09,3.334,2.051,4.584,1.31,28.4,-17.38,2.637,82.4,16.57,92.2,27.84,124.5,119.2,2.955,107.9,12.7,2.371,19.44,1.546,73.4,91.7,2.168,3.741,117.4,.885,1.595,4.388,15,2.098
101,2017,278,1410,11.94,1.793,1.102,14.32,3.279,2.947,1.786,1.359,21.54,-19.25,1.553,61.23,5.364,74.6,80.9,123.6,117.7,2.878,104.7,4.758,2.253,33.07,1.459,71.4,91.8,3.639,3.461,116.8,.923,2.124,6.562,1.238,2.359
101,2017,278,1420,11.95,1.717,.903,3.051,2.999,2.768,2.129,5.329,23.25,-19.51,1.506,56.18,3.984,22.91,83,122.8,116.2,2.801,101.9,3.903,2.144,6.597,1.406,6.651,92,2.108,3.223,115.3,.91,11.26,19.76,1.235,2.712
101,2017,278,1430,11.95,1.672,.898,1.047,2.958,5.977,11.76,2.313,29.71,-19.86,1.473,52.65,3.205,4.602,20.4,122.1,114.7,2.702,98.9,3.863,2.069,3.771,1.355,2.225,91.9,2.052,2.813,113.6,.843,2.034,40.49,1.225,53.64
101,2017,278,1440,11.95,1.571,.901,.958,3.089,6.826,1.759,2.623,20.21,-19.7,1.442,51.42,3.448,6.724,4.322,121.2,113.1,2.59,96.2,5.815,1.942,9.03,2.29,2.238,91.7,2.015,2.516,112.6,.886,1.777,46.47,1.275,47.86
101,2017,278,1450,11.95,1.476,.759,.871,2.875,2.747,1.461,2.551,25.75,-19.74,3.692,45.77,20.97,15.16,37.55,119.8,110.8,2.585,91.4,12.65,2.005,8.41,1.283,6.361,91.3,2.027,2.313,107.9,.881,1.826,61.79,1.596,83.4
101,2017,278,1500,11.95,1.422,.762,.801,2.675,8.07,7.39,2.213,31.6,-19.55,1.37,41.26,45.06,2.682,64.53,118,108.5,17.79,87,38.38,2.074,4.272,1.436,19.38,90.6,2.493,2.327,107.5,1.047,1.348,60.33,1.469,8.39
101,2017,278,1510,11.95,1.335,.754,.757,2.553,1.843,1.533,1.348,29.8,-20.18,1.308,38.12,9.54,1.853,29.17,115.9,105.9,28.33,83.3,7.67,2.065,3.347,1.367,11.64,89.7,2.154,3.663,91.1,.859,1.286,65.13,1.417,2.256
101,2017,278,1520,11.95,1.288,.727,6.407,2.442,7.33,1.392,7.04,31.32,-19.32,1.241,33.15,3.246,1.707,23.33,113.5,103.2,2.42,77.3,3.539,2.266,3.268,12.06,15.74,88.6,2.052,1.909,8.33,.809,1.199,56.96,1.338,2.017
101,2017,278,1530,11.95,1.213,.695,1.767,2.393,1.588,1.127,24.71,34.73,-18.08,1.201,29.41,21.5,2.39,6.425,110.4,99.9,2.331,73.7,3.388,6.259,4.668,2.06,3.388,87.1,2.022,1.802,5.613,.662,1.115,56.8,1.249,1.817
101,2017,278,1540,11.95,1.182,.672,.631,2.34,1.519,1.067,5.442,44.95,-20.05,2.96,25.29,10.48,1.504,17.96,107.1,96.6,2.305,68.3,3.323,2.663,3.752,1.521,2,85.6,1.991,1.678,5.189,.559,.981,51.89,1.216,1.7
101,2017,278,1550,11.95,1.142,.635,.69,2.271,1.459,1.015,3.234,53.6,-20.12,1.157,22.59,2.454,1.43,15.54,103.8,92.8,2.293,62.96,3.532,38.52,3.078,3.902,1.611,83.7,1.96,1.589,4.845,.507,.836,47.83,1.244,1.571
101,2017,278,1600,11.95,1.114,.635,.596,2.228,1.419,.971,1.147,39.01,-21.23,1.157,18,2.067,1.392,2.655,100.3,88.7,12.59,56.24,3.494,23.56,3.026,1.172,1.539,81.7,1.978,1.561,4.608,.459,.73,32.99,1.204,1.606
101,2017,278,1610,11.95,1.11,.586,.58,2.248,1.388,.931,1.057,37.24,-21.22,1.151,14.24,1.956,1.305,1.928,95.7,84.4,4.938,49.64,3.335,2.487,2.996,1.812,1.455,79.2,1.95,1.481,4.363,.425,.653,3.916,1.672,3.634
101,2017,278,1620,11.95,.982,.556,4.908,2.087,1.35,.891,.96,31.48,-20.42,3.28,11.87,11.09,1.275,1.796,89.4,76.3,2.233,43.68,5.385,1.678,3.402,2.837,1.608,76,1.909,1.44,4.171,.405,.575,2.491,1.578,1.916
101,2017,278,1630,11.95,.955,.534,.523,2.057,1.278,.838,.876,20.23,-20.21,1.695,11.21,3.555,1.709,1.735,84,74,2.084,19.01,6.374,1.27,2.844,1.169,1.354,72.5,1.834,1.335,3.876,.357,.523,1.802,.467,1.261
101,2017,278,1640,11.95,.923,.645,.645,1.942,1.21,.782,.714,11.18,-19.85,1.442,11.64,1.555,1.158,1.67,76.9,69.11,6.545,9.17,2.623,1.087,2.701,.985,1.273,69.27,1.67,1.201,3.639,.327,.477,1.509,.419,1.012
101,2017,278,1650,11.95,.868,.521,1.277,1.809,1.134,.712,.593,20.15,-19.72,1.66,11.28,1.216,1.044,1.501,58.13,63.41,1.853,8.18,2.089,.97,2.644,.873,1.2,47.29,1.292,1.022,3.294,.307,.436,1.357,.387,.747
101,2017,278,1700,11.95,.784,.476,3.423,1.632,1.012,.613,.494,11.87,-19.35,.97,10.3,.975,1.36,1.607,32.92,48.58,2.446,7.17,1.801,.808,2.391,.771,1.017,11.26,.995,.757,2.845,.271,.402,1.225,.337,.399
101,2017,278,1710,11.96,1.009,.421,.461,1.551,.972,.576,.477,7.04,-19.29,.836,9.22,.848,3.352,1.24,33.26,41.06,1.488,7.07,1.742,.854,2.339,.779,1.014,9.96,.953,.645,2.79,.266,.397,1.215,.335,.295
101,2017,278,1720,11.95,.725,.397,.323,1.511,.911,.545,.442,9.81,-19.59,.528,7.71,.766,1.017,1.079,16.85,17.94,1.325,6.69,1.684,.725,2.217,.754,.923,8.76,.895,.615,2.776,.23,.36,1.042,.318,.255
101,2017,278,1730,11.95,.632,.335,.27,1.345,.806,.471,.399,10.65,-19.82,.446,6.772,.58,.729,.876,9.31,8.99,1.166,5.742,1.444,.603,1.984,.6,.746,7.52,.777,.499,2.153,.194,.293,.881,.263,.203
101,2017,278,1740,11.95,.55,.288,.221,1.156,.699,.427,.348,8.8,-20.11,.389,5.877,.452,.596,.751,7.58,7.66,1.017,4.966,1.253,.518,1.752,.493,.613,6.536,.677,.441,1.861,.156,.25,.749,.235,.168
101,2017,278,1750,11.95,.474,.251,.191,.972,.576,.362,.29,9.25,-20.37,.327,4.839,.399,.503,.615,6.258,6.34,.861,4.155,1.049,.436,1.414,.421,.494,5.442,.553,.39,1.528,.121,.206,.622,.194,.141
101,2017,278,1800,11.95,.387,.188,.144,.744,.456,.275,.218,10.44,-20.61,.251,3.696,.305,.404,.466,4.654,4.743,.66,3.162,.797,.332,1.076,.325,.397,4.091,.432,.297,1.138,.092,.159,.469,.147,.109
101,2017,278,1810,11.95,.266,.131,.095,.496,.318,.186,.144,14.47,-20.88,.166,2.456,.198,.276,.327,2.957,3.031,.449,2.069,.526,.211,.684,.201,.261,2.6,.298,.194,.725,.064,.107,.327,.095,.07
101,2017,278,1820,11.95,.141,.064,.049,.281,.164,.095,.07,11.44,-21.13,.082,1.153,.095,.139,.152,1.412,1.439,.235,.995,.281,.099,.347,.102,.127,1.247,.142,.095,.362,.034,.054,.163,.047,.035
101,2017,278,1830,11.95,.042,.015,.01,.075,.047,.023,.023,11.7,-21.4,.022,.307,.03,.04,.045,.407,.41,.064,.278,.082,.03,.092,.028,.04,.367,.045,.028,.111,.005,.013,.047,.013,.008
101,2017,278,1840,11.95,0,0,0,.01,.002,0,0,11.42,-21.69,0,.042,0,0,.003,.065,.065,.005,.04,.01,0,.013,0,0,.059,0,0,.017,0,0,.003,0,0
101,2017,278,1850,11.95,0,0,0,0,0,0,0,12.5,-21.97,0,0,0,0,0,.003,0,0,0,0,0,0,0,0,0,0,0,0,0,0,0,0,0
101,2017,278,1900,11.95,0,0,0,0,0,0,0,10.14,-22.2,0,0,0,0,0,0,0,0,0,0,0,0,0,0,0,0,0,0,0,0,0,0,0
101,2017,278,1910,11.95,0,0,0,0,0,0,0,9.63,-22.45,0,0,0,0,0,0,0,0,0,0,0,0,0,0,0,0,0,0,0,0,0,0,0
101,2017,278,1920,11.95,0,0,0,0,0,0,0,9.62,-22.73,0,0,0,0,0,0,0,0,0,0,0,0,0,0,0,0,0,0,0,0,0,0,0
101,2017,278,1930,11.95,0,0,0,0,0,0,0,9.18,-22.98,0,0,0,0,0,0,0,0,0,0,0,0,0,0,0,0,0,0,0,0,0,0,0
101,2017,278,1940,11.94,0,0,0,0,0,0,0,8.98,-23.14,0,0,0,0,0,0,0,0,0,0,0,0,0,0,0,0,0,0,0,0,0,0,0
101,2017,278,1950,11.94,0,0,0,0,0,0,0,10.9,-23.29,0,0,0,0,0,0,0,0,0,0,0,0,0,0,0,0,0,0,0,0,0,0,0
101,2017,278,2000,11.94,0,0,0,0,0,0,0,12.06,-23.41,0,0,0,0,0,0,0,0,0,0,0,0,0,0,0,0,0,0,0,0,0,0,0
101,2017,278,2010,11.94,0,0,0,0,0,0,0,14.16,-23.45,0,0,0,0,0,0,0,0,0,0,0,0,0,0,0,0,0,0,0,0,0,0,0
101,2017,278,2020,11.94,0,0,0,0,0,0,0,15.06,-23.54,0,0,0,0,0,0,0,0,0,0,0,0,0,0,0,0,0,0,0,0,0,0,0
101,2017,278,2030,11.94,0,0,0,0,0,0,0,16.11,-23.63,0,0,0,0,0,0,0,0,0,0,0,0,0,0,0,0,0,0,0,0,0,0,0
101,2017,278,2040,11.94,0,0,0,0,0,0,0,17.5,-23.72,0,0,0,0,0,0,0,0,0,0,0,0,0,0,0,0,0,0,0,0,0,0,0
101,2017,278,2050,11.94,0,0,0,0,0,0,0,17.4,-23.75,0,0,0,0,0,0,0,0,0,0,0,0,0,0,0,0,0,0,0,0,0,0,0
101,2017,278,2100,11.94,0,0,0,0,0,0,0,16.93,-23.81,0,0,0,0,0,0,0,0,0,0,0,0,0,0,0,0,0,0,0,0,0,0,0
101,2017,278,2110,11.94,0,0,0,0,0,0,0,17.68,-23.87,0,0,0,0,0,0,0,0,0,0,0,0,0,0,0,0,0,0,0,0,0,0,0
101,2017,278,2120,11.94,0,0,0,0,0,0,0,18.52,-23.91,0,0,0,0,0,0,0,0,0,0,0,0,0,0,0,0,0,0,0,0,0,0,0
101,2017,278,2130,11.94,0,0,0,0,0,0,0,17.97,-23.97,0,0,0,0,0,0,0,0,0,0,0,0,0,0,0,0,0,0,0,0,0,0,0
101,2017,278,2140,11.94,0,0,0,0,0,0,0,14.92,-23.93,0,0,0,0,0,0,0,0,0,0,0,0,0,0,0,0,0,0,0,0,0,0,0
101,2017,278,2150,11.94,0,0,0,0,0,0,0,14.74,-23.95,0,0,0,0,0,0,0,0,0,0,0,0,0,0,0,0,0,0,0,0,0,0,0
101,2017,278,2200,11.94,0,0,0,0,0,0,0,15.13,-23.91,0,0,0,0,0,0,0,0,0,0,0,0,0,0,0,0,0,0,0,0,0,0,0
101,2017,278,2210,11.94,0,0,0,0,0,0,0,14.24,-23.91,0,0,0,0,0,0,0,0,0,0,0,0,0,0,0,0,0,0,0,0,0,0,0
101,2017,278,2220,11.94,0,0,0,0,0,0,0,-2.187,-23.9,0,0,0,0,0,0,0,0,0,0,0,0,0,0,0,0,0,0,0,0,0,0,0
101,2017,278,2230,11.94,0,0,0,0,0,0,0,-25.45,-23.86,0,0,0,0,0,0,0,0,0,0,0,0,0,0,0,0,0,0,0,0,0,0,0
101,2017,278,2240,11.94,0,0,0,0,0,0,0,-28.01,-23.78,0,0,0,0,0,0,0,0,0,0,0,0,0,0,0,0,0,0,0,0,0,0,0
101,2017,278,2250,11.94,0,0,0,0,0,0,0,-22.05,-23.81,0,0,0,0,0,0,0,0,0,0,0,0,0,0,0,0,0,0,0,0,0,0,0
101,2017,278,2300,11.94,0,0,0,0,0,0,0,-27.74,-23.88,0,0,0,0,0,0,0,0,0,0,0,0,0,0,0,0,0,0,0,0,0,0,0
101,2017,278,2310,11.94,0,0,0,0,0,0,0,-45.41,-24.09,0,0,0,0,0,0,0,0,0,0,0,0,0,0,0,0,0,0,0,0,0,0,0
101,2017,278,2320,11.93,0,0,0,0,0,0,0,-37.06,-23.93,0,0,0,0,0,0,0,0,0,0,0,0,0,0,0,0,0,0,0,0,0,0,0
101,2017,278,2330,11.93,0,0,0,0,0,0,0,-29.68,-24.01,0,0,0,0,0,0,0,0,0,0,0,0,0,0,0,0,0,0,0,0,0,0,0
101,2017,278,2340,11.93,0,0,0,0,0,0,0,-12.65,-24.07,0,0,0,0,0,0,0,0,0,0,0,0,0,0,0,0,0,0,0,0,0,0,0
101,2017,278,2350,11.93,0,0,0,0,0,0,0,-8.88,-24.13,0,0,0,0,0,0,0,0,0,0,0,0,0,0,0,0,0,0,0,0,0,0,0
101,2017,278,2400,11.94,0,0,0,0,0,0,0,-.141,-24.15,0,0,0,0,0,0,0,0,0,0,0,0,0,0,0,0,0,0,0,0,0,0,0
101,2017,279,10,11.95,0,0,0,0,0,0,0,7.7,-24.06,0,0,0,0,0,0,0,0,0,0,0,0,0,0,0,0,0,0,0,0,0,0,0
101,2017,279,20,11.94,0,0,0,0,0,0,0,18.66,-23.83,0,0,0,0,0,0,0,0,0,0,0,0,0,0,0,0,0,0,0,0,0,0,0
101,2017,279,30,11.94,0,0,0,0,0,0,0,19.54,-23.54,0,0,0,0,0,0,0,0,0,0,0,0,0,0,0,0,0,0,0,0,0,0,0
101,2017,279,40,11.95,0,0,0,0,0,0,0,23.68,-23.34,0,0,0,0,0,0,0,0,0,0,0,0,0,0,0,0,0,0,0,0,0,0,0
101,2017,279,50,11.95,0,0,0,0,0,0,0,24.03,-23.17,0,0,0,0,0,0,0,0,0,0,0,0,0,0,0,0,0,0,0,0,0,0,0
101,2017,279,100,11.95,0,0,0,0,0,0,0,26.75,-23.16,0,0,0,0,0,0,0,0,0,0,0,0,0,0,0,0,0,0,0,0,0,0,0
101,2017,279,110,11.94,0,0,0,0,0,0,0,27.91,-23.04,0,0,0,0,0,0,0,0,0,0,0,0,0,0,0,0,0,0,0,0,0,0,0
101,2017,279,120,11.94,0,0,0,0,0,0,0,26.05,-22.96,0,0,0,0,0,0,0,0,0,0,0,0,0,0,0,0,0,0,0,0,0,0,0
101,2017,279,130,11.94,0,0,0,0,0,0,0,23.87,-22.9,0,0,0,0,0,0,0,0,0,0,0,0,0,0,0,0,0,0,0,0,0,0,0
101,2017,279,140,11.94,0,0,0,0,0,0,0,23.25,-22.87,0,0,0,0,0,0,0,0,0,0,0,0,0,0,0,0,0,0,0,0,0,0,0
101,2017,279,150,11.94,0,0,0,0,0,0,0,23.97,-22.74,0,0,0,0,0,0,0,0,0,0,0,0,0,0,0,0,0,0,0,0,0,0,0
101,2017,279,200,11.94,0,0,0,0,0,0,0,24.14,-22.53,0,0,0,0,0,0,0,0,0,0,0,0,0,0,0,0,0,0,0,0,0,0,0
101,2017,279,210,11.94,0,0,0,0,0,0,0,23.89,-22.39,0,0,0,0,0,0,0,0,0,0,0,0,0,0,0,0,0,0,0,0,0,0,0
101,2017,279,220,11.94,0,0,0,0,0,0,0,23.89,-22.27,0,0,0,0,0,0,0,0,0,0,0,0,0,0,0,0,0,0,0,0,0,0,0
101,2017,279,230,11.94,0,0,0,0,0,0,0,22.77,-22.1,0,0,0,0,0,0,0,0,0,0,0,0,0,0,0,0,0,0,0,0,0,0,0
101,2017,279,240,11.94,0,0,0,0,0,0,0,20.65,-21.83,0,0,0,0,0,0,0,0,0,0,0,0,0,0,0,0,0,0,0,0,0,0,0
101,2017,279,250,11.95,0,0,0,0,0,0,0,-27.36,-22.38,0,0,0,0,0,0,0,0,0,0,0,0,0,0,0,0,0,0,0,0,0,0,0
101,2017,279,300,11.95,0,0,0,0,0,0,0,-39.46,-22.5,0,0,0,0,0,0,0,0,0,0,0,0,0,0,0,0,0,0,0,0,0,0,0
101,2017,279,310,11.95,0,0,0,0,0,0,0,-44.44,-22.53,0,0,0,0,0,0,0,0,0,0,0,0,0,0,0,0,0,0,0,0,0,0,0
101,2017,279,320,11.95,0,0,0,0,0,0,0,-47.78,-22.43,0,0,0,0,0,0,0,0,0,0,0,0,0,0,0,0,0,0,0,0,0,0,0
101,2017,279,330,11.95,0,0,0,0,0,0,0,-29.33,-22.32,0,0,0,0,0,0,0,0,0,0,0,0,0,0,0,0,0,0,0,0,0,0,0
101,2017,279,340,11.95,0,0,0,0,0,0,0,-13.93,-22.24,0,0,0,0,0,0,0,0,0,0,0,0,0,0,0,0,0,0,0,0,0,0,0
101,2017,279,350,11.95,0,0,0,0,0,0,0,-6.255,-22.15,0,0,0,0,0,0,0,0,0,0,0,0,0,0,0,0,0,0,0,0,0,0,0
101,2017,279,400,11.96,0,0,0,0,0,0,0,-6.999,-22.02,0,0,0,0,0,0,0,0,0,0,0,0,0,0,0,0,0,0,0,0,0,0,0
101,2017,279,410,11.96,0,0,0,0,0,0,0,9.8,-21.86,0,0,0,0,0,0,0,0,0,0,0,0,0,0,0,0,0,0,0,0,0,0,0
101,2017,279,420,11.96,0,0,0,0,0,0,0,11.62,-21.66,0,0,0,0,0,0,0,0,0,0,0,0,0,0,0,0,0,0,0,0,0,0,0
101,2017,279,430,11.96,0,0,0,0,0,0,0,18.01,-21.61,0,0,0,0,0,0,0,0,0,0,0,0,0,0,0,0,0,0,0,0,0,0,0
101,2017,279,440,11.96,0,0,0,0,0,0,0,26.61,-21.56,0,0,0,0,0,0,0,0,0,0,0,0,0,0,0,0,0,0,0,0,0,0,0
101,2017,279,450,11.96,0,0,0,0,0,0,0,39.49,-21.44,0,0,0,0,0,0,0,0,0,0,0,0,0,0,0,0,0,0,0,0,0,0,0
101,2017,279,500,11.96,0,0,0,0,0,0,0,35.72,-21.28,0,0,0,0,0,0,0,0,0,0,0,0,0,0,0,0,0,0,0,0,0,0,0
101,2017,279,510,11.96,0,0,0,0,0,0,0,53.22,-21.05,0,0,0,0,0,0,0,0,0,0,0,0,0,0,0,0,0,0,0,0,0,0,0
101,2017,279,520,11.96,0,0,0,0,0,0,0,51.59,-20.81,0,0,0,0,0,0,0,0,0,0,0,0,0,0,0,0,0,0,0,0,0,0,0
101,2017,279,530,11.96,0,0,0,0,0,0,0,49.32,-20.53,0,0,0,0,0,0,0,0,0,0,0,0,0,0,0,0,0,0,0,0,0,0,0
101,2017,279,540,11.96,0,0,0,0,0,0,0,50.42,-20.4,0,.002,0,0,0,0,0,0,0,0,0,0,0,0,0,0,0,0,0,0,0,0,0
101,2017,279,550,11.96,0,0,0,.01,0,0,0,49.11,-20.14,0,.049,.002,0,0,.045,.044,.008,.042,.013,0,.01,0,0,.035,0,0,.017,0,0,0,0,0
101,2017,279,600,11.96,.03,.018,.008,.057,.03,.022,.017,47.14,-19.84,.02,.241,.028,.032,.022,.24,.24,.047,.199,.055,.018,.069,.02,.027,.204,.027,.023,.069,.003,.017,.028,.007,.003
101,2017,279,610,11.96,.151,.065,.044,.268,.132,.072,.052,42.04,-19.58,.064,.949,.067,.132,.091,.939,1.017,.206,.778,.198,.05,.302,.074,.082,.85,.082,.087,.278,.034,.047,.117,.034,.034
101,2017,279,620,11.96,.204,.092,.067,.414,.215,.137,.096,37.88,-19.37,.101,1.827,.154,.179,.176,1.837,1.78,.34,1.622,.436,.137,.412,.134,.173,1.493,.166,.141,.541,.034,.067,.211,.042,.039
101,2017,279,630,11.96,.401,.183,.129,.773,.317,.241,.119,36.48,-19.17,.186,2.99,.25,.322,.251,2.569,2.552,.674,2.671,.737,.173,.699,.208,.261,1.994,.231,.258,.796,.054,.114,.268,.054,.077
101,2017,279,640,11.96,.478,.204,.169,.875,.417,.278,.184,26.65,-18.79,.243,3.699,.317,.37,.391,3.83,3.689,.696,3.387,.816,.28,.887,.277,.339,3.164,.334,.332,1.254,.084,.163,.407,.089,.102
101,2017,279,650,11.96,.704,.302,.23,1.346,.62,.401,.261,18.1,-18.46,.34,6.062,.446,.545,.466,5.154,5.18,1.111,5.149,1.363,.345,1.456,.426,.459,4.232,.429,.456,1.554,.126,.233,.553,.127,.144
101,2017,279,700,11.96,1.472,.607,.392,2.894,1.188,.821,.424,32.38,-18.15,.618,10.49,.654,1.269,.756,8.44,8.97,2.348,8.77,2.108,.508,2.742,.744,.86,6.928,.696,.779,2.303,.243,.419,.88,.223,.243
101,2017,279,710,11.96,1.187,.474,.367,2.325,1.004,.675,.406,37.3,-17.95,.538,9.18,.649,.913,.732,8.19,8.24,1.931,8.17,2.107,.508,2.246,.726,.771,6.613,.684,.731,2.442,.186,.354,.89,.201,.225
101,2017,279,720,11.96,2.648,1.104,.587,4.512,1.709,1.143,.645,38.07,-17.65,.98,14.19,1.032,2.003,1.161,12.56,13.56,3.617,12.13,2.935,.722,4.391,1.049,1.136,10.38,1.053,1.277,3.722,.37,.645,1.321,.317,.354
101,2017,279,730,11.96,3.327,1.329,.729,5.876,2.046,1.416,.689,34.9,-17.37,1.218,17.91,1.215,2.465,1.344,14.92,16.71,4.815,15.14,3.556,.863,5.604,1.393,1.421,12.68,1.319,1.622,4.17,.422,.739,1.369,.354,.406
101,2017,279,740,11.96,3.96,1.798,1.078,7.92,3.188,4.833,1.326,35.82,-16.88,1.735,54.02,5.697,3.818,1.604,17.7,18.97,22.38,42.2,17.73,1.145,9.39,2.697,6.89,12.98,1.632,2.283,4.619,.491,.917,1.597,.414,.711
101,2017,279,750,11.96,4.161,1.666,1.156,9.19,4.611,13.74,1.168,50.81,-16.4,1.906,85.9,17.82,4.621,1.857,19.18,19.79,42.77,65.87,16,1.525,12.03,3.856,4.475,14.37,1.569,4.361,3.927,.662,1.16,1.844,.521,1.136
101,2017,279,800,11.96,2.77,1.121,.831,11.72,4.483,7.16,.861,44.81,-16.3,1.342,49.38,5.298,3.223,1.369,14.79,15.78,23.18,38.57,7.29,1.294,9.08,2.155,1.974,12.11,1.324,1.631,2.911,.422,.692,1.46,.427,.605
101,2017,279,810,11.96,5.953,2.516,1.52,31.5,4.307,4.158,1.339,44.14,-15.98,2.682,64.16,4.235,6.717,2.301,25.41,30.48,30.76,53.01,28.31,1.311,23.59,3.057,3.282,19.24,2.145,2.908,6.679,.701,1.378,2.412,.577,.967
101,2017,279,820,11.96,2.874,1.642,1.16,53.93,3.747,3.855,1.415,44.54,-15.55,20.22,91.4,8.86,4.254,1.788,20.67,37,55.28,73.4,54.77,.934,46.03,11.34,3.362,13.42,1.517,1.837,3.201,.543,2.475,1.86,.593,8.53
101,2017,279,830,11.96,3.91,2.564,1.336,66.65,3.952,7.9,3.096,47.12,-14.87,58.24,107.6,1.726,7.24,1.756,23.78,48.99,69.45,88.2,32.87,.939,66.28,5.41,43.95,10.51,1.369,1.87,2.956,.546,.932,1.327,.573,.637
101,2017,279,840,11.96,6.925,8.81,1.24,45.96,7.86,8.61,1.716,45.74,-14.53,16.5,79.3,1.502,29.04,1.547,23.01,40.87,48.5,64.63,7.16,.851,46.32,2.494,17.81,11.74,1.445,1.988,2.792,.536,.945,1.282,.454,1.477
101,2017,279,850,11.96,8.3,51.65,2.05,75.9,32.4,7.45,1.743,41.39,-12.38,8.46,122.4,1.959,39.05,3.099,40.29,69.61,80.6,102.9,17.54,1.178,76.8,3.42,34.75,25.99,2.086,18.74,3.977,.898,1.88,2.519,.774,.893
101,2017,279,900,11.96,7.3,30.42,2.701,70.8,25.82,8.06,1.399,40.63,-12.44,3.522,115.6,2.15,8.42,2.368,40.56,67.94,77.1,98.2,7.2,1.185,71.9,3.494,18.26,24.49,2.09,6.81,4.08,.771,1.852,1.969,.709,.724
101,2017,279,910,11.96,8.22,49.6,2.698,53.54,38.29,24.33,1.191,50.05,-11.39,2.743,90.9,1.795,5.007,1.913,35.04,55.7,59.98,77.4,16,1.042,55.44,2.869,25.66,19.9,7.09,3.383,3.376,.685,1.226,1.761,.543,.665
101,2017,279,920,11.97,19.18,27.69,2.16,75.1,68.46,56.98,2.16,65.29,-8.61,2.858,123,2.136,5.842,2.92,52.61,80.7,86.8,107.1,6.632,1.258,79.8,3.416,66.76,28.08,5.876,3.475,4.103,1.002,1.706,8.19,.801,.905
101,2017,279,930,11.96,13.41,3.53,1.99,74.2,57.43,66.24,1.387,69.93,-9.5,2.528,129.1,1.977,4.515,2.29,56.78,85.4,87.5,113.7,5.707,1.273,86.9,3.011,51.97,25.78,1.949,3.348,3.679,.844,7.02,2.166,.766,1.128
101,2017,279,940,11.97,32.74,45.46,1.788,70.3,10.37,8.99,1.247,37.59,-12,11.06,126.8,1.791,13.2,2.16,59.23,86.2,58,113.9,6.447,1.268,87.1,2.548,6.045,39.29,1.828,18.99,3.651,.751,74.4,1.818,.873,1.53
101,2017,279,950,11.97,5.7,53.28,1.865,64.76,4.912,2.707,1.505,36.07,-13.34,36.01,130.6,1.843,54.12,2.342,67.41,94,20.1,118.3,6.804,1.364,79.8,2.463,2.48,48.24,2.044,59.3,3.922,.861,36.14,2.53,1.201,13.76