101,2017,258,1410,12.1,1.732,.906,.906,2.861,3.477,16.59,1.11,-.462,-1.71,1.492,51,77.5,1.985,75.4,117.9,108.3,2.829,99.4,3.99,2.703,32.17,1.385,2.559,81.3,2.166,3.065,107.3,2.012,1.499,4.087,8.26,1.68
101,2017,258,1420,12.11,1.616,.842,.871,2.812,8.73,105.4,1.119,68.08,-1.347,1.524,47.85,19.41,2.001,74.7,117.2,106.9,2.753,96.3,3.85,2.502,9.96,1.382,6.8,81.3,2.402,2.82,106.3,3.425,1.46,4.16,1.903,2.769
101,2017,258,1430,12.11,1.556,.769,.842,2.735,12.44,15.1,1.152,-5.388,-1.167,1.913,45.11,5.237,17.51,75.2,116.2,105.3,2.681,92.6,3.812,2.613,3.529,1.3,2.226,81.3,2.313,2.554,105,1.171,1.487,4.189,1.219,65.26
101,2017,258,1440,12.11,1.471,.744,1.435,2.712,4.742,10.51,1.161,-11.99,-1.251,16.99,41.6,3.894,11.42,68.43,114.4,103,2.64,89,3.755,2.475,9.1,1.256,14.43,80.9,2.045,2.358,102.5,.837,1.43,4.308,1.187,97.7
101,2017,258,1450,12.11,1.583,.715,1.99,6.321,3.437,4.031,1.164,-16.63,-.973,71.6,38.7,2.953,1.886,54.98,112.8,101,2.598,84.7,3.954,2.32,3.403,1.234,1.862,80.1,2.065,2.166,61.51,.821,1.375,4.651,1.072,102.1
101,2017,258,1500,12.11,1.499,.702,.801,3.026,2.919,1.353,1.152,-19.04,-.811,23.24,35.65,2.693,1.73,27.6,110.3,98.4,2.526,80.5,3.685,16.01,4.117,3.14,1.991,79.2,2.104,2.095,6.336,.791,1.306,5.061,1.067,21.6
101,2017,258,1510,12.11,1.342,.667,.73,2.527,7.05,1.249,1.563,-20.24,-.012,2.346,32.54,4.395,1.678,19.44,107.8,95.4,2.485,76,3.616,3.165,5.105,17.56,1.73,77.8,4.005,1.998,5.847,.675,1.223,5.376,1.095,12.53
101,2017,258,1520,12.11,1.295,.643,.732,2.434,1.799,1.191,1.117,-19.45,-.137,1.34,27.88,12,1.599,4.296,105.7,93.1,2.382,71.7,3.557,2.296,3.303,1.259,4.71,76.9,2.822,1.901,5.47,.561,1.057,6.435,1.069,23.54
101,2017,258,1530,12.11,1.452,.605,2.656,2.336,1.501,1.851,2.415,-22.31,1.017,1.249,25.89,10.24,1.497,3.492,102.5,89.9,2.268,66.7,15.44,2.338,3.058,1.064,1.651,75.5,3.008,1.809,5.205,.516,.908,8.57,1.075,1.769
101,2017,258,1540,12.11,1.187,.571,.909,2.271,1.484,1.079,1.171,-20.7,.425,1.191,22.86,5.505,1.424,2.989,99.2,86.4,2.199,60.92,39.91,2.387,3.021,1,1.697,73.8,2.49,1.73,5.056,.471,.826,6.404,1.132,1.578
101,2017,258,1550,12.11,1.151,.556,.563,2.207,1.601,1.02,1.077,-11.66,.405,1.139,20.31,2.008,1.348,3.205,96,83,2.162,55.31,12.68,4.77,4.46,.99,1.514,72,2.328,1.618,4.815,.442,.744,7.19,1.149,2.408
101,2017,258,1600,12.11,1.109,.524,.561,2.127,1.363,.953,.981,-13.18,.184,1.042,19.07,1.894,1.276,2.184,91.8,78.7,2.115,49.45,3.083,4.396,3.703,.951,11.79,69.82,10.97,1.564,4.478,.432,.638,8.45,1.11,1.295
101,2017,258,1610,12.11,1.047,.499,.528,2.016,1.295,.888,.941,-11.81,-.477,.98,14.73,1.71,1.197,2.147,87.4,74.4,2.041,22.46,2.758,1.497,4.836,1.385,2.591,67.55,2.44,1.511,4.136,.392,.559,6.707,1.08,1.224
101,2017,258,1620,12.11,.976,.445,.747,1.928,1.489,.831,2.309,-14.24,-.462,.859,12.29,1.675,1.236,2.015,83.1,70.3,1.943,10.64,2.428,1.228,2.664,6.379,1.233,65.17,2.33,1.402,3.855,.34,.497,2.341,1.05,1.772
101,2017,258,1630,12.11,.926,.437,.425,1.861,1.196,.78,.891,-15.84,-1.864,.802,11.73,1.514,1.623,3.092,77.7,65.29,2.976,8.85,2.181,1.142,2.611,13.3,1.167,61.99,2.335,1.32,3.688,.3,.454,1.66,.712,1.326
101,2017,258,1640,12.11,.886,.432,.4,1.789,1.137,.735,.769,-16.14,-2.462,.78,11.44,1.3,1.015,4.256,72.6,60.52,1.856,8.24,2.022,1.047,2.495,.796,1.114,58.99,1.784,1.208,3.423,.271,.434,1.459,.405,1.02
101,2017,258,1650,12.1,.831,.402,.36,1.717,1.07,.677,.578,-16.09,-3.102,.735,11.41,1.124,.928,1.45,63.39,54.91,1.75,7.7,1.891,.961,2.377,.73,1.025,55.07,2.003,1.127,3.182,.265,.409,1.31,.342,.888
101,2017,258,1700,12.1,.78,.389,.342,1.578,.995,.618,.504,-16.13,-3.499,.618,10.02,.817,.847,1.579,46.44,48.54,1.606,7.19,1.762,.879,2.248,.678,.928,50.25,1.494,1.005,3.289,.248,.379,1.191,.303,.7
101,2017,258,1710,12.1,.73,.345,.313,1.471,.913,.556,.451,-15.11,-3.903,.553,7.81,.642,.776,1.591,30.99,41.48,1.487,6.643,1.643,.797,2.065,.605,.826,41.79,1.084,.822,2.678,.218,.342,1.08,.271,.549
101,2017,258,1720,12.1,.665,.32,.273,1.338,.824,.487,.42,-17.03,-4.309,.484,7.18,.56,.702,.943,18.33,33.89,1.297,6.019,1.498,.705,1.854,.514,.697,9.87,.853,.628,2.379,.196,.31,.951,.251,.434
101,2017,258,1730,12.1,.596,.28,.243,1.183,.72,.434,.367,-15.34,-4.679,.434,6.155,.482,.613,.799,10.23,25.55,1.096,5.279,1.327,.601,1.62,.452,.603,6.845,.727,.484,2.035,.164,.265,.824,.216,.362
101,2017,258,1740,12.1,.513,.245,.203,1.012,.615,.382,.31,-18.62,-5.113,.37,5.241,.424,.521,.663,6.802,8.78,.915,4.47,1.133,.491,1.374,.41,.511,5.736,.601,.415,1.685,.134,.223,.682,.189,.292
101,2017,258,1750,12.09,.429,.194,.157,.818,.486,.308,.246,-18.66,-5.601,.29,4.185,.338,.431,.516,5.294,5.194,.734,3.552,.898,.405,1.096,.332,.422,4.49,.476,.335,1.314,.109,.181,.528,.146,.225
101,2017,258,1800,12.09,.327,.141,.117,.586,.372,.223,.169,-20.87,-6.137,.206,2.952,.238,.313,.38,3.634,3.545,.519,2.505,.632,.278,.761,.233,.303,3.079,.35,.236,.895,.072,.124,.38,.107,.156
101,2017,258,1810,12.09,.188,.079,.064,.347,.208,.119,.094,-21.14,-6.717,.109,1.627,.131,.176,.209,1.943,1.905,.312,1.37,.367,.151,.431,.132,.166,1.654,.194,.127,.486,.042,.07,.209,.052,.082
101,2017,258,1820,12.09,.069,.025,.022,.126,.075,.047,.035,-24.56,-7.46,.042,.558,.047,.06,.072,.667,.658,.111,.474,.137,.052,.154,.047,.059,.571,.069,.047,.174,.008,.027,.074,.02,.03
101,2017,258,1830,12.09,.008,0,0,.018,.012,.002,.002,-29.24,-8.19,0,.099,.002,.012,.012,.132,.132,.018,.089,.027,.003,.03,.002,.008,.117,.015,.002,.037,0,0,.012,0,0
101,2017,258,1840,12.09,0,0,0,0,0,0,0,-30.05,-8.73,0,.01,0,0,0,.013,.012,0,.005,0,0,0,0,0,.008,0,0,0,0,0,0,0,0
101,2017,258,1850,12.09,0,0,0,0,0,0,0,-34.53,-9.2,0,0,0,0,0,0,0,0,0,0,0,0,0,0,0,0,0,0,0,0,0,0,0
101,2017,258,1900,12.09,0,0,0,0,0,0,0,-36.6,-9.97,0,0,0,0,0,0,0,0,0,0,0,0,0,0,0,0,0,0,0,0,0,0,0
101,2017,258,1910,12.09,0,0,0,0,0,0,0,-39.72,-10.44,0,0,0,0,0,0,0,0,0,0,0,0,0,0,0,0,0,0,0,0,0,0,0
101,2017,258,1920,12.09,0,0,0,0,0,0,0,-40.35,-10.71,0,0,0,0,0,0,0,0,0,0,0,0,0,0,0,0,0,0,0,0,0,0,0
101,2017,258,1930,12.09,0,0,0,0,0,0,0,-39.97,-10.9,0,0,0,0,0,0,0,0,0,0,0,0,0,0,0,0,0,0,0,0,0,0,0
101,2017,258,1940,12.09,0,0,0,0,0,0,0,-36,-10.8,0,0,0,0,0,0,0,0,0,0,0,0,0,0,0,0,0,0,0,0,0,0,0
101,2017,258,1950,12.09,0,0,0,0,0,0,0,-39.97,-10.94,0,0,0,0,0,0,0,0,0,0,0,0,0,0,0,0,0,0,0,0,0,0,0
101,2017,258,2000,12.08,0,0,0,0,0,0,0,-45.72,-11.21,0,0,0,0,0,0,0,0,0,0,0,0,0,0,0,0,0,0,0,0,0,0,0
101,2017,258,2010,12.08,0,0,0,0,0,0,0,-45.94,-11.67,0,0,0,0,0,0,0,0,0,0,0,0,0,0,0,0,0,0,0,0,0,0,0
101,2017,258,2020,12.08,0,0,0,0,0,0,0,-46.21,-11.94,0,0,0,0,0,0,0,0,0,0,0,0,0,0,0,0,0,0,0,0,0,0,0
101,2017,258,2030,12.08,0,0,0,0,0,0,0,-47.54,-12.32,0,0,0,0,0,0,0,0,0,0,0,0,0,0,0,0,0,0,0,0,0,0,0
101,2017,258,2040,12.08,0,0,0,0,0,0,0,-49.36,-12.68,0,0,0,0,0,0,0,0,0,0,0,0,0,0,0,0,0,0,0,0,0,0,0
101,2017,258,2050,12.08,0,0,0,0,0,0,0,-51.36,-13.82,0,0,0,0,0,0,0,0,0,0,0,0,0,0,0,0,0,0,0,0,0,0,0
101,2017,258,2100,12.08,0,0,0,0,0,0,0,-55.35,-15.08,0,0,0,0,0,0,0,0,0,0,0,0,0,0,0,0,0,0,0,0,0,0,0
101,2017,258,2110,12.08,0,0,0,0,0,0,0,-56.5,-15.55,0,0,0,0,0,0,0,0,0,0,0,0,0,0,0,0,0,0,0,0,0,0,0
101,2017,258,2120,12.08,0,0,0,0,0,0,0,-56.45,-15.45,0,0,0,0,0,0,0,0,0,0,0,0,0,0,0,0,0,0,0,0,0,0,0
101,2017,258,2130,12.08,0,0,0,0,0,0,0,-57.05,-15.25,0,0,0,0,0,0,0,0,0,0,0,0,0,0,0,0,0,0,0,0,0,0,0
101,2017,258,2140,12.08,0,0,0,0,0,0,0,-57.79,-15.23,0,0,0,0,0,0,0,0,0,0,0,0,0,0,0,0,0,0,0,0,0,0,0
101,2017,258,2150,12.08,0,0,0,0,0,0,0,-57.73,-15.36,0,0,0,0,0,0,0,0,0,0,0,0,0,0,0,0,0,0,0,0,0,0,0
101,2017,258,2200,12.08,0,0,0,0,0,0,0,-57.51,-15.57,0,0,0,0,0,0,0,0,0,0,0,0,0,0,0,0,0,0,0,0,0,0,0
101,2017,258,2210,12.08,0,0,0,0,0,0,0,-55.64,-15.21,0,0,0,0,0,0,0,0,0,0,0,0,0,0,0,0,0,0,0,0,0,0,0
101,2017,258,2220,12.08,0,0,0,0,0,0,0,-50.07,-13.84,0,0,0,0,0,0,0,0,0,0,0,0,0,0,0,0,0,0,0,0,0,0,0
101,2017,258,2230,12.08,0,0,0,0,0,0,0,-49.14,-10.99,0,0,0,0,0,0,0,0,0,0,0,0,0,0,0,0,0,0,0,0,0,0,0
101,2017,258,2240,12.08,0,0,0,0,0,0,0,-51.2,-10.37,0,0,0,0,0,0,0,0,0,0,0,0,0,0,0,0,0,0,0,0,0,0,0
101,2017,258,2250,12.08,0,0,0,0,0,0,0,-50.76,-9.82,0,0,0,0,0,0,0,0,0,0,0,0,0,0,0,0,0,0,0,0,0,0,0
101,2017,258,2300,12.08,0,0,0,0,0,0,0,-50.43,-9.66,0,0,0,0,0,0,0,0,0,0,0,0,0,0,0,0,0,0,0,0,0,0,0
101,2017,258,2310,12.08,0,0,0,0,0,0,0,-50.26,-9.61,0,0,0,0,0,0,0,0,0,0,0,0,0,0,0,0,0,0,0,0,0,0,0
101,2017,258,2320,12.08,0,0,0,0,0,0,0,-49.09,-9.66,0,0,0,0,0,0,0,0,0,0,0,0,0,0,0,0,0,0,0,0,0,0,0
101,2017,258,2330,12.08,0,0,0,0,0,0,0,-48.02,-9.61,0,0,0,0,0,0,0,0,0,0,0,0,0,0,0,0,0,0,0,0,0,0,0
101,2017,258,2340,12.08,0,0,0,0,0,0,0,-47.25,-9.6,0,0,0,0,0,0,0,0,0,0,0,0,0,0,0,0,0,0,0,0,0,0,0
101,2017,258,2350,12.08,0,0,0,0,0,0,0,-46.98,-10.34,0,0,0,0,0,0,0,0,0,0,0,0,0,0,0,0,0,0,0,0,0,0,0
101,2017,258,2400,12.08,0,0,0,0,0,0,0,-46.3,-10.75,0,0,0,0,0,0,0,0,0,0,0,0,0,0,0,0,0,0,0,0,0,0,0
102,2017,258,2400,12.06,5266
101,2017,259,10,12.08,0,0,0,0,0,0,0,-46.62,-10.89,0,0,0,0,0,0,0,0,0,0,0,0,0,0,0,0,0,0,0,0,0,0,0
101,2017,259,20,12.08,0,0,0,0,0,0,0,-46.95,-10.84,0,0,0,0,0,0,0,0,0,0,0,0,0,0,0,0,0,0,0,0,0,0,0
101,2017,259,30,12.08,0,0,0,0,0,0,0,-47.43,-10.76,0,0,0,0,0,0,0,0,0,0,0,0,0,0,0,0,0,0,0,0,0,0,0
101,2017,259,40,12.08,0,0,0,0,0,0,0,-46.38,-10.51,0,0,0,0,0,0,0,0,0,0,0,0,0,0,0,0,0,0,0,0,0,0,0
101,2017,259,50,12.08,0,0,0,0,0,0,0,-43.31,-10.22,0,0,0,0,0,0,0,0,0,0,0,0,0,0,0,0,0,0,0,0,0,0,0
101,2017,259,100,12.08,0,0,0,0,0,0,0,-37.68,-9.95,0,0,0,0,0,0,0,0,0,0,0,0,0,0,0,0,0,0,0,0,0,0,0
101,2017,259,110,12.08,0,0,0,0,0,0,0,-39.17,-9.89,0,0,0,0,0,0,0,0,0,0,0,0,0,0,0,0,0,0,0,0,0,0,0
101,2017,259,120,12.08,0,0,0,0,0,0,0,-39.53,-10.03,0,0,0,0,0,0,0,0,0,0,0,0,0,0,0,0,0,0,0,0,0,0,0
101,2017,259,130,12.08,0,0,0,0,0,0,0,-39.11,-10.11,0,0,0,0,0,0,0,0,0,0,0,0,0,0,0,0,0,0,0,0,0,0,0
101,2017,259,140,12.08,0,0,0,0,0,0,0,-41.25,-10.18,0,0,0,0,0,0,0,0,0,0,0,0,0,0,0,0,0,0,0,0,0,0,0
101,2017,259,150,12.08,0,0,0,0,0,0,0,-42.9,-10.14,0,0,0,0,0,0,0,0,0,0,0,0,0,0,0,0,0,0,0,0,0,0,0
101,2017,259,200,12.08,0,0,0,0,0,0,0,-42.61,-10.09,0,0,0,0,0,0,0,0,0,0,0,0,0,0,0,0,0,0,0,0,0,0,0
101,2017,259,210,12.08,0,0,0,0,0,0,0,-40.39,-9.98,0,0,0,0,0,0,0,0,0,0,0,0,0,0,0,0,0,0,0,0,0,0,0
101,2017,259,220,12.08,0,0,0,0,0,0,0,-39.72,-9.95,0,0,0,0,0,0,0,0,0,0,0,0,0,0,0,0,0,0,0,0,0,0,0
101,2017,259,230,12.08,0,0,0,0,0,0,0,-40.76,-9.94,0,0,0,0,0,0,0,0,0,0,0,0,0,0,0,0,0,0,0,0,0,0,0
101,2017,259,240,12.08,0,0,0,0,0,0,0,-45.74,-10.18,0,0,0,0,0,0,0,0,0,0,0,0,0,0,0,0,0,0,0,0,0,0,0
101,2017,259,250,12.08,0,0,0,0,0,0,0,-44.19,-10.55,0,0,0,0,0,0,0,0,0,0,0,0,0,0,0,0,0,0,0,0,0,0,0
101,2017,259,300,12.08,0,0,0,0,0,0,0,-48.92,-10.39,0,0,0,0,0,0,0,0,0,0,0,0,0,0,0,0,0,0,0,0,0,0,0
101,2017,259,310,12.08,0,0,0,0,0,0,0,-55.49,-9.81,0,0,0,0,0,0,0,0,0,0,0,0,0,0,0,0,0,0,0,0,0,0,0
101,2017,259,320,12.08,0,0,0,0,0,0,0,-53.19,-10.12,0,0,0,0,0,0,0,0,0,0,0,0,0,0,0,0,0,0,0,0,0,0,0
101,2017,259,330,12.08,0,0,0,0,0,0,0,-52.18,-10.52,0,0,0,0,0,0,0,0,0,0,0,0,0,0,0,0,0,0,0,0,0,0,0
101,2017,259,340,12.08,0,0,0,0,0,0,0,-49.69,-10.51,0,0,0,0,0,0,0,0,0,0,0,0,0,0,0,0,0,0,0,0,0,0,0
101,2017,259,350,12.08,0,0,0,0,0,0,0,-48.03,-10.86,0,0,0,0,0,0,0,0,0,0,0,0,0,0,0,0,0,0,0,0,0,0,0
101,2017,259,400,12.08,0,0,0,0,0,0,0,-46.68,-11.35,0,0,0,0,0,0,0,0,0,0,0,0,0,0,0,0,0,0,0,0,0,0,0
101,2017,259,410,12.07,0,0,0,0,0,0,0,-47.19,-11.75,0,0,0,0,0,0,0,0,0,0,0,0,0,0,0,0,0,0,0,0,0,0,0
101,2017,259,420,12.07,0,0,0,0,0,0,0,-49.16,-13.06,0,0,0,0,0,0,0,0,0,0,0,0,0,0,0,0,0,0,0,0,0,0,0
101,2017,259,430,12.07,0,0,0,0,0,0,0,-51.06,-13.57,0,0,0,0,0,0,0,0,0,0,0,0,0,0,0,0,0,0,0,0,0,0,0
101,2017,259,440,12.07,0,0,0,0,0,0,0,-54.39,-13.18,0,0,0,0,0,0,0,0,0,0,0,0,0,0,0,0,0,0,0,0,0,0,0
101,2017,259,450,12.07,0,0,0,0,0,0,0,-54.98,-12.94,0,0,0,0,0,0,0,0,0,0,0,0,0,0,0,0,0,0,0,0,0,0,0
101,2017,259,500,12.07,0,0,0,0,0,0,0,-54.91,-12.72,0,0,0,0,0,0,0,0,0,0,0,0,0,0,0,0,0,0,0,0,0,0,0
101,2017,259,510,12.07,0,0,0,0,0,0,0,-54.72,-10.06,0,0,0,0,0,0,0,0,0,0,0,0,0,0,0,0,0,0,0,0,0,0,0
101,2017,259,520,12.07,0,0,0,0,0,0,0,-53.84,-9.07,0,0,0,0,0,0,0,0,0,0,0,0,0,0,0,0,0,0,0,0,0,0,0
101,2017,259,530,12.07,0,0,0,0,0,0,0,-53.34,-8.63,0,0,0,0,0,0,0,0,0,0,0,0,0,0,0,0,0,0,0,0,0,0,0
101,2017,259,540,12.07,0,0,0,0,0,0,0,-55.82,-8.62,0,0,0,0,0,0,0,0,0,0,0,0,0,0,0,0,0,0,0,0,0,0,0
101,2017,259,550,12.07,0,0,0,0,0,0,0,-72.2,-9.22,0,0,0,0,0,0,0,0,0,0,0,0,0,0,0,0,0,0,0,0,0,0,0
101,2017,259,600,12.07,0,0,0,0,0,0,0,-79.5,-10.53,0,0,0,0,0,0,0,0,0,0,0,0,0,0,0,0,0,0,0,0,0,0,0
101,2017,259,610,12.07,0,0,0,0,0,0,0,-79.9,-32.51,0,.015,0,0,0,.013,.013,.002,.012,0,0,0,0,0,.012,0,0,.003,0,0,0,0,0
101,2017,259,620,12.08,0,0,0,.003,0,0,0,-80.2,-18.26,0,.034,0,0,0,.035,.037,.005,.034,.007,0,.005,0,0,.034,0,0,.027,0,0,0,0,0
101,2017,259,630,12.08,.012,0,0,.025,.012,.003,.005,-124.6,-.263,.003,.092,.002,.012,.008,.116,.104,.02,.094,.027,.003,.025,.003,.008,.094,.008,.007,.045,0,.003,.01,0,0
101,2017,259,640,12.07,.075,.03,.032,.131,.057,.045,.032,-135,2.315,.04,.469,.044,.055,.057,.503,.493,.104,.508,.112,.032,.101,.037,.049,.447,.047,.049,.178,.013,.032,.07,.02,.028
101,2017,259,650,12.07,.124,.047,.042,.231,.117,.079,.049,-137.7,2.685,.064,.838,.074,.114,.122,.94,.895,.173,.898,.198,.062,.194,.06,.085,.825,.084,.087,.352,.027,.042,.126,.034,.047
101,2017,259,700,12.08,.293,.114,.101,.496,.25,.174,.114,-132.9,1.373,.147,2.001,.186,.255,.27,2.177,2.016,.401,2.192,.458,.151,.417,.144,.204,1.82,.188,.208,.789,.054,.107,.292,.042,.111
101,2017,259,710,12.07,.412,.151,.117,.694,.295,.209,.122,-128.1,-1.793,.179,2.462,.193,.335,.287,2.465,2.373,.538,2.576,.501,.163,.484,.186,.204,2.001,.189,.243,.783,.069,.127,.307,.047,.116
101,2017,259,720,12.07,.238,.089,.07,.419,.161,.127,.067,-136,-3.349,.099,1.517,.127,.173,.151,1.319,1.25,.347,1.557,.369,.094,.308,.106,.127,1.037,.119,.136,.447,.039,.064,.146,.034,.064
101,2017,259,730,12.08,.204,.08,.069,.352,.184,.119,.08,-143.8,-1.48,.106,1.275,.107,.176,.183,1.503,1.507,.282,1.438,.292,.089,.332,.107,.139,1.354,.136,.139,.496,.042,.072,.201,.034,.067
101,2017,259,740,12.07,.293,.122,.119,.518,.335,.206,.176,-135.1,-1.113,.193,2.128,.211,.307,.367,3.022,2.923,.416,2.643,.486,.204,.55,.189,.263,2.826,.263,.243,1.076,.084,.137,.442,.087,.158
101,2017,259,750,12.08,.716,.303,.256,1.388,.835,.451,.385,-126,.153,.412,4.627,.385,.741,.761,6.364,6.531,.974,5.439,.925,.33,1.468,.432,.496,6.22,.515,.511,1.961,.189,.293,.905,.208,.282
101,2017,259,800,12.08,1.497,.675,.521,2.849,1.57,.912,.67,-129.1,1.011,.789,9.74,.798,1.441,1.435,12.36,12.34,2.035,11.52,2.209,.692,2.713,.783,1.021,11.12,1.047,1.061,4.138,.34,.543,1.676,.34,.528
101,2017,259,810,12.08,1.336,.55,.439,2.591,1.401,.833,.578,-138.6,.675,.685,8.99,.697,1.242,1.213,10.77,10.71,1.939,10.31,2.093,.585,2.34,.717,.93,9.69,.905,.9,3.347,.297,.458,1.44,.31,.444
101,2017,259,820,12.08,1.919,.692,.573,3.278,1.431,.952,.644,-125.6,2.722,.866,10.95,.907,1.505,1.552,13.09,12.9,2.487,13.12,2.365,.746,2.527,.86,1.078,11.25,1.002,1.173,4.793,.342,.58,1.651,.305,.622
101,2017,259,830,12.08,1.453,.536,.447,2.685,1.259,.778,.533,-126.7,2.14,.682,9.06,.717,1.237,1.195,10.46,10.44,2.048,10.35,2.011,.572,2.241,.726,.865,9.26,.843,.903,3.436,.282,.464,1.389,.273,.451
101,2017,259,840,12.08,1.401,.577,.463,2.698,1.472,.855,.613,-128,1.544,.749,9.45,.778,1.312,1.413,11.78,11.93,1.946,10.81,2.09,.642,2.65,.761,1.004,10.91,1.029,.997,3.934,.312,.491,1.535,.354,.518
101,2017,259,850,12.08,3.272,1.235,.875,5.876,2.675,1.599,1.071,-119.2,-.322,1.435,18.71,1.431,2.737,2.428,21.06,21.48,4.212,20.06,3.779,1.249,5.003,1.534,1.674,18.44,1.674,1.857,6.85,.57,.97,2.531,.491,.934
101,2017,259,900,12.08,5.073,1.996,1.287,8.85,3.57,2.397,1.363,-109.7,-2.487,1.968,28.4,2.206,3.605,2.941,27.28,27.55,6.709,29.35,6.736,1.795,6.568,2.065,2.484,22.38,2.405,2.603,9.12,.694,1.259,2.96,.58,1.187
101,2017,259,910,12.08,5.571,2.088,1.337,9.79,3.875,2.536,1.453,-107.5,-4.472,2.167,29.76,2.179,4.182,3.263,29.15,30.21,7.49,30.92,6.253,1.706,7.21,2.278,2.544,24.24,2.355,2.826,9.28,.771,1.391,3.35,.635,1.289
101,2017,259,920,12.08,7.69,3.112,2.04,15.46,6.766,4.84,1.892,-107.8,-5.088,2.987,45.75,2.933,6.077,4.034,38.18,39.95,13.59,46.08,10.63,2.375,9.75,3.754,5.908,28.93,3.622,3.821,11.78,.964,1.916,4.066,.768,1.646
101,2017,259,930,12.08,8.35,3.266,2.392,17.82,7.49,5.309,1.946,-109.6,-4.709,3.277,53.84,3.365,6.396,4.227,40.95,42.86,16.48,53.7,12.08,2.568,10.42,5.209,7.53,28.96,4.554,4.245,12.77,.925,1.864,4.257,.783,1.787
101,2017,259,940,12.08,5.088,1.927,1.458,8.99,3.66,2.417,1.443,-117.9,-7.19,2.152,29.08,2.103,3.695,3.293,29.51,29.96,7.05,30.65,6.072,1.787,6.466,2.154,2.708,23.36,2.547,2.867,10.15,.717,1.374,3.556,.662,1.349
101,2017,259,950,12.08,5.438,2.003,1.451,9.81,4.124,2.48,1.604,-117.6,-8.19,2.333,32.34,2.649,4.283,3.556,33.13,33.43,7.53,32.35,7.22,2.029,7.73,2.396,2.673,26.24,2.802,3.164,10.16,.833,1.52,3.918,.747,1.408
101,2017,259,1000,12.08,16.04,5.595,3.913,27.94,8.16,8.67,2.604,-116.1,-9.78,4.925,110.9,4.492,38.25,6.862,69.19,78.9,20.98,104.6,32.51,3.515,41.7,4.581,6.032,38.55,5.881,24.32,18.02,1.186,2.658,5.099,1.029,2.445
101,2017,259,1010,12.08,9.7,4.224,2.654,17.54,5.653,4.083,1.856,-132.4,-11.26,3.445,64.58,3.346,12.76,4.698,44.7,48.99,19.64,59.68,16.28,2.475,19.52,3.358,4.182,28.73,3.777,12.94,12.3,.89,1.959,3.741,.705,1.813
101,2017,259,1020,12.08,17.71,4.84,5.144,17.59,6.124,6.362,1.821,-139.4,-11.17,3.931,70.5,3.617,5.196,5.192,48.6,51.32,24,65.09,18.6,3.101,22.3,3.207,4.115,28.33,5.586,12.95,12.27,.774,1.932,3.255,.692,2.108
101,2017,259,1030,12.08,39.84,5.573,3.026,20.4,7.12,8.36,7.58,-133.6,-10.15,4.594,93.1,3.703,5.144,12.63,59.09,64.5,22.37,83.9,47.54,3.135,25.9,3.406,4.477,31.49,29.91,12.17,11.5,.792,3.145,7.27,.737,2.59
101,2017,259,1040,12.08,41.26,5.924,9.85,21.57,10.16,4.006,2.667,-131.2,-11.85,4.018,91,3.435,4.423,6.159,57.43,62.17,14.87,81.3,16.9,2.855,20.25,3.237,4.08,30.38,38.2,6.707,10.37,.687,2.366,3.116,.63,1.516
101,2017,259,1050,12.08,33.87,8.84,7.18,24.42,14.6,4.467,2.674,-131.7,-13.42,6.067,95.6,4.133,4.473,3.919,64.72,67.9,15.88,86,18.05,4.165,19.42,3.55,4.478,35.6,38.8,9.43,13.88,.774,2.061,3.431,.736,1.694
101,2017,259,1100,12.08,50.59,36.04,3.502,33.57,7.51,16.21,2.398,-126.2,-13.81,4.396,108.8,4.359,5.249,7.99,78.1,81.5,14.8,98.9,20.09,6.489,18.46,3.825,4.87,43.32,50.2,5.722,15.96,.972,2.351,4.155,.943,1.995
101,2017,259,1110,12.08,44.52,7.66,3.46,42.95,9.14,5.37,2.733,-87.7,-14.59,4.328,120.9,4.956,5.604,6.13,91.4,94.7,14.37,113.7,68.25,8.01,14.9,4.003,4.954,51.38,62.1,6.102,20.58,1.118,3.038,4.797,.93,2.654
101,2017,259,1120,12.08,17.72,5.009,3.239,32.9,5.594,4.182,2.287,-36.04,-16.31,3.735,90.4,4.614,4.87,4.485,69.56,69.97,13.34,84.8,20.76,6.298,13.98,3.564,4.554,40.85,36.64,8.79,28.61,.947,3.334,4.009,.767,2.01
101,2017,259,1130,12.08,61.5,6.335,3.027,60.11,5.075,4.738,2.034,-9.32,-16.21,16.51,126.8,4.468,4.063,4.269,98.4,100.1,10.6,120.8,25.34,5.742,21.47,2.997,4.473,53.83,27.3,15.5,17.67,.868,18.4,3.567,.841,1.922
101,2017,259,1140,12.09,66.6,36.02,2.242,54.18,4.204,4.502,1.806,-8.12,-16.53,2.857,107.4,4.019,3.5,3.936,85.8,86.8,8.81,103.2,76.5,10.84,10.43,2.712,4.133,49.16,4.56,4.567,51.46,.762,2.334,3.798,.744,1.756
101,2017,259,1150,12.09,27.07,58.61,2.079,67.68,3.694,3.245,1.784,1.712,-17.04,2.572,118.3,3.946,3.317,4.116,99.6,100.7,7.83,116,94.6,10.29,8.25,2.677,3.79,58.24,3.8,3.998,81.1,.819,6.65,19.96,.806,1.783
101,2017,259,1200,12.09,6.112,14.17,2.014,66.57,3.58,3.652,1.793,2.478,-17.36,3.145,116.3,4.143,3.27,4.346,101.8,101.9,7.61,115.6,67.18,4.101,7.11,2.627,3.744,60.71,3.659,4.09,83.5,.844,9.26,15.65,.843,1.846
101,2017,259,1210,12.09,11.45,3.334,2.441,14.11,3.714,3.027,2.024,1.05,-17.37,2.667,114.1,4.309,3.51,7.34,106.3,105.2,7.27,115.8,34.69,5.012,6.977,2.597,4.2,65.19,3.815,4.397,86.1,.978,1.849,12.09,.962,2.117
101,2017,259,1220,12.09,6.989,4.257,17.22,11.79,5.52,4.798,2.865,3.772,-16.58,3.958,117.7,5.851,5.557,19.03,120.1,116.4,9.12,123,17.16,6.535,9.03,24.24,5.88,77.2,5.412,9.55,89.7,1.429,2.896,9.1,1.436,3.538
101,2017,259,1230,12.09,8.89,4.211,7.94,14.44,5.534,9.32,2.578,11.15,-16.93,4.03,92.4,7,5.864,7.79,90.3,85.2,11.42,93.1,18.84,8.68,9.35,4.069,6.096,57.6,5.156,20.39,58.04,1.268,2.833,6.566,1.034,3.302
101,2017,259,1240,12.09,6.542,3.321,2.827,10.19,4.268,5.107,2.131,10.53,-16.65,3.239,100.1,7.42,5.087,6.959,101.4,95.6,8.64,104.4,25.55,7.09,7.29,3.035,5.191,64.15,4.551,55.23,77.2,1.072,2.425,5.603,.968,2.95
101,2017,259,1250,12.09,8.17,2.765,2.385,7.81,3.69,4.991,1.94,9.22,-15.73,2.956,105.3,28.68,12.07,5.855,111.9,106.7,6.981,112.8,82.6,4.207,6.537,2.626,4.454,72.1,3.983,65.76,91.7,1.087,5.001,5.319,1.007,3.067
101,2017,259,1300,12.09,5.149,2.497,2.164,7.15,3.665,7.09,2.094,11.67,-14.86,3.018,100.6,49.1,4.167,6.413,112.8,106.6,6.406,109.7,69.29,4.579,6.261,4.003,4.467,73.6,4.124,51.63,90.9,1.146,15.22,5.825,1.099,3.132
101,2017,259,1310,12.09,3.984,2.072,3.879,6.323,3.757,5.728,2.447,11.65,-14.26,3.274,102,43.45,4.559,10.04,121.4,114.9,5.912,115,15.97,5.535,6.187,7.2,4.829,80.8,3.969,36.02,99.7,1.328,2.725,6.604,1.27,3.924
101,2017,259,1320,12.09,3.634,1.888,3.259,5.827,7.93,2.856,2.558,10.13,-13.84,2.663,95.6,77,3.698,5.772,116,110,5.447,108.5,9.17,6.998,5.656,2.362,4.172,77.6,3.539,9.45,97.1,1.167,38.22,5.448,1.174,3.042
101,2017,259,1330,12.09,3.562,1.745,3.492,5.465,3.673,4.896,1.884,14.18,-13.64,2.462,90.4,47.62,3.387,6.314,114.2,108.5,5.082,104.6,8.59,4.942,6.168,2.089,4.469,77,3.428,5.15,95.9,1.66,4.371,5.428,1.179,3.045
101,2017,259,1340,12.09,5.793,1.574,4.616,5.185,3.015,14.64,2.207,20.77,-12.9,2.345,85.5,41.42,3.239,51.68,111.8,105.4,4.854,100.3,8.11,4.688,6.011,2.025,43.64,75.8,3.316,11.14,93.6,1.608,1.995,5.197,1.174,2.606
101,2017,259,1350,12.09,3.299,1.464,1.489,5.004,5.646,10.73,1.76,16.46,-12.25,2.338,81.1,69.42,3.241,59.11,110.4,102.8,4.72,97.2,7.87,4.308,5.023,1.968,83.2,75.4,3.264,22.22,92.4,.98,1.975,5.232,1.159,2.653
101,2017,259,1400,12.09,2.919,1.372,1.45,4.8,2.767,35.26,1.772,30.1,-11.59,2.313,77,68.68,3.728,59.82,110.2,101,4.554,94.7,7.34,4.045,10.09,1.924,9.74,75.9,3.182,6.359,92,.986,1.958,5.262,2.97,2.681
101,2017,259,1410,12.1,2.643,1.273,1.41,4.53,2.825,4.115,1.712,10.35,-11.05,4.103,72.9,59.59,3.149,61.02,110.2,100,4.368,92.5,6.857,4.068,31.71,1.888,6.679,76.4,3.259,3.861,91.9,1.372,1.921,5.388,13.57,2.785
101,2017,259,1420,12.1,2.549,1.201,1.459,4.509,6.038,59.73,1.759,47.73,-10.49,7.56,68.6,14.8,4.07,60.93,109.8,98.7,4.227,89.4,6.577,4.13,12.75,1.914,8.16,76.7,3.467,3.628,90.7,1.326,1.924,5.438,1.911,2.901
101,2017,259,1430,12.1,2.424,1.191,1.332,4.303,8.48,14.84,2.207,16.09,-10.14,4.328,63.45,5.969,20.96,60.03,108.1,96.6,4.028,85.8,6.378,4.112,4.797,1.826,3.964,76,3.343,3.368,88.5,1.057,1.928,5.505,1.353,21.11
101,2017,259,1440,12.1,2.256,1.099,1.268,4.661,4.458,11.86,1.722,10.97,-10.37,11.15,57.76,4.678,12.48,58.15,105.2,93.8,3.844,81.6,6.065,3.742,4.613,1.72,10.38,74.6,3.008,3.067,85.9,.981,1.797,5.472,1.285,63.73
101,2017,259,1450,12.1,2.062,.976,1.916,10.82,4.388,3.187,1.683,8.57,-10.21,49.54,52.3,3.847,3.651,51.36,102.7,91.1,3.636,77.5,5.738,3.514,4.375,1.636,2.856,73.3,2.981,2.829,57.45,.933,1.675,5.51,1.184,73.2
101,2017,259,1500,12.1,1.948,.921,1.432,4.222,3.991,1.955,1.866,3.728,-9.48,6.296,47.52,3.596,2.561,36.51,100.7,88.9,3.479,73.6,5.487,13.29,4.242,4.251,2.782,72.3,3.003,2.708,12.22,.901,1.621,5.72,1.164,10.79
101,2017,259,1510,12.1,1.872,.883,1.115,3.425,3.231,1.851,1.846,1.328,-8.72,2.29,43.15,7.6,2.663,17.59,100.3,88.1,3.373,71.1,5.36,3.601,4.184,13.79,3.901,72.9,5.597,2.616,12.91,.879,1.656,6.966,1.238,4.479
101,2017,259,1520,12.1,1.76,.827,1.045,3.266,2.298,1.73,1.596,6.562,-8.57,2.013,37.99,13.69,2.403,6.76,96.3,84.4,3.224,65.9,5.118,3.465,4.048,1.524,7.85,70.4,3.723,2.424,10.77,.729,1.412,7.48,1.172,8.58
101,2017,259,1530,12.11,1.646,.78,2.909,3.135,2.179,1.591,1.79,10.14,-8.65,1.839,33.45,14.18,2.102,4.782,93.2,81.3,3.038,61.04,16.87,3.413,3.847,1.415,2.484,68.58,8.48,2.266,9.46,.635,1.181,7.33,1.156,2.301
101,2017,259,1540,12.11,1.559,.74,1.414,3.025,6.741,1.499,1.454,11.62,-8.9,1.7,29.53,5.179,1.976,3.819,89.7,77.9,2.985,56.16,33,3.459,3.757,1.342,2.948,66.74,4.043,2.117,8.69,.58,1.069,7.5,1.191,2.057
101,2017,259,1550,12.11,1.511,.703,.869,2.981,2.552,1.447,1.445,22.39,-9.4,1.638,26.38,2.71,1.894,3.512,86.2,74.3,3.005,51.44,9.92,12.39,5.463,1.332,2.259,64.61,2.996,2.015,8.41,.553,1.002,8.02,1.169,1.899
101,2017,259,1600,12.11,1.63,.787,.958,3.251,2.144,1.63,1.429,26.91,-9.34,1.797,25.34,2.961,1.943,3.459,84.5,71.5,3.365,48.8,5.581,15.46,4.092,1.589,3.976,63.1,6.187,2.184,9.45,.538,1.027,8.3,1.157,1.978
101,2017,259,1610,12.11,2.372,1.08,1.122,4.224,2.521,1.931,1.985,29.17,-8.45,2.124,25.87,3.227,2.623,4.214,84.7,72,4.028,43.5,6.05,3.799,4.909,3.445,2.887,63.72,3.608,2.668,12.13,.633,1.246,6.532,1.196,2.459
101,2017,259,1620,12.1,2.13,.914,1.067,3.815,2.273,1.661,2.07,25.03,-7.37,1.663,21.71,2.732,2.238,3.35,74,63.08,3.67,22.1,5.095,2.836,4.046,8.98,2.413,56.96,2.901,2.35,9.77,.558,1.065,3.469,1.139,1.983
101,2017,259,1630,12.1,2.068,.886,.948,3.849,2.286,1.64,2.326,19.97,-6.076,1.708,20.86,3.432,2.512,3.519,66.4,56.55,3.549,20.68,4.681,2.688,4.046,11.89,2.345,51.65,2.81,2.231,9.73,.554,1.048,3.179,.801,1.948
101,2017,259,1640,12.1,1.938,.861,.809,3.544,2.144,1.392,1.275,15.7,-6.096,1.561,18.33,2.052,1.958,3.035,55.15,47.31,3.159,18.57,4.264,2.536,3.636,1.343,2.112,43.91,2.733,1.874,8.57,.492,.898,3.221,.631,1.648
101,2017,259,1650,12.1,1.871,.729,.685,3.392,1.805,1.179,.998,13.52,-6.205,1.301,16.3,1.68,1.578,2.444,51.02,44.75,3.001,15.35,3.738,2.169,3.259,1.177,1.769,42.5,2.373,1.548,6.514,.41,.703,2.511,.516,1.29
101,2017,259,1700,12.1,1.161,.511,.501,2.246,1.487,.913,.809,10.11,-6.656,1.018,11.91,1.167,1.313,2.003,28.03,26.52,2.084,11.79,2.814,1.677,2.643,.874,1.425,24.76,1.717,1.095,5.417,.345,.563,2.052,.44,.968
101,2017,259,1710,12.09,1.042,.452,.442,2.018,1.295,.821,.72,6.311,-7.26,.876,10.01,1.017,1.166,1.812,18.79,18.67,1.754,10.5,2.377,1.437,2.372,.777,1.31,16.51,1.425,.943,5.085,.305,.494,1.874,.434,.856
101,2017,259,1720,12.09,1.007,.434,.434,1.886,1.21,.725,.655,.817,-7.71,.777,8.85,.866,1.064,1.57,14.05,13.89,1.568,9.43,2.052,1.116,2.149,.699,1.141,11.88,1.183,.871,4.54,.29,.471,1.779,.405,.699
101,2017,259,1730,12.09,.876,.372,.35,1.637,1.019,.563,.508,3.535,-8.19,.575,6.904,.623,.846,1.164,10.3,10.4,1.293,7.18,1.588,.732,1.789,.573,.841,9.06,.92,.699,3.27,.223,.387,1.33,.317,.474
101,2017,259,1740,12.09,.665,.275,.253,1.218,.737,.417,.372,7.88,-8.77,.427,4.931,.424,.625,.833,7.25,7.51,.94,5.023,1.066,.477,1.354,.419,.578,6.482,.627,.484,2.22,.161,.278,.915,.221,.36
101,2017,259,1750,12.09,.472,.204,.184,.865,.514,.31,.258,10.04,-9.36,.312,3.565,.322,.439,.566,5.162,5.237,.668,3.579,.776,.372,.967,.315,.424,4.579,.469,.377,1.541,.121,.198,.612,.163,.231
101,2017,259,1800,12.09,.328,.131,.114,.553,.352,.199,.168,7.29,-9.93,.193,2.339,.206,.295,.354,3.125,3.078,.449,2.265,.504,.238,.605,.196,.27,2.691,.295,.235,.937,.07,.127,.382,.089,.146
101,2017,259,1810,12.09,.179,.072,.062,.323,.184,.107,.085,3.297,-10.44,.104,1.258,.117,.157,.186,1.655,1.618,.258,1.213,.305,.131,.328,.102,.142,1.406,.161,.124,.491,.035,.067,.204,.047,.08
101,2017,259,1820,12.09,.074,.028,.032,.129,.07,.047,.039,1.3,-10.94,.044,.496,.045,.064,.07,.628,.615,.106,.471,.124,.05,.129,.042,.054,.523,.062,.049,.199,.01,.032,.079,.023,.03
101,2017,259,1830,12.09,.012,0,0,.025,.017,.007,.005,-5.958,-11.58,.003,.106,.005,.012,.015,.136,.131,.023,.099,.025,.003,.028,.005,.012,.112,.013,.008,.045,0,0,.017,0,0
101,2017,259,1840,12.08,0,0,0,0,0,0,0,-13.17,-12.3,0,.007,0,0,0,.012,.01,0,.007,0,0,0,0,0,.01,0,0,0,0,0,0,0,0
101,2017,259,1850,12.08,0,0,0,0,0,0,0,-16.91,-13.31,0,0,0,0,0,0,0,0,0,0,0,0,0,0,0,0,0,0,0,0,0,0,0
101,2017,259,1900,12.08,0,0,0,0,0,0,0,-25.29,-14.07,0,0,0,0,0,0,0,0,0,0,0,0,0,0,0,0,0,0,0,0,0,0,0
101,2017,259,1910,12.08,0,0,0,0,0,0,0,-35.76,-14.75,0,0,0,0,0,0,0,0,0,0,0,0,0,0,0,0,0,0,0,0,0,0,0
101,2017,259,1920,12.08,0,0,0,0,0,0,0,-36.48,-14.71,0,0,0,0,0,0,0,0,0,0,0,0,0,0,0,0,0,0,0,0,0,0,0
101,2017,259,1930,12.08,0,0,0,0,0,0,0,-39.51,-14.85,0,0,0,0,0,0,0,0,0,0,0,0,0,0,0,0,0,0,0,0,0,0,0
101,2017,259,1940,12.08,0,0,0,0,0,0,0,-40.84,-14.95,0,0,0,0,0,0,0,0,0,0,0,0,0,0,0,0,0,0,0,0,0,0,0
101,2017,259,1950,12.08,0,0,0,0,0,0,0,11,-15.29,0,0,0,0,0,0,0,0,0,0,0,0,0,0,0,0,0,0,0,0,0,0,0
101,2017,259,2000,12.07,0,0,0,0,0,0,0,-14.16,-15.12,0,0,0,0,0,0,0,0,0,0,0,0,0,0,0,0,0,0,0,0,0,0,0
101,2017,259,2010,12.07,0,0,0,0,0,0,0,-23.59,-14.94,0,0,0,0,0,0,0,0,0,0,0,0,0,0,0,0,0,0,0,0,0,0,0
101,2017,259,2020,12.07,0,0,0,0,0,0,0,-24.85,-14.9,0,0,0,0,0,0,0,0,0,0,0,0,0,0,0,0,0,0,0,0,0,0,0
101,2017,259,2030,12.07,0,0,0,0,0,0,0,-26.94,-14.82,0,0,0,0,0,0,0,0,0,0,0,0,0,0,0,0,0,0,0,0,0,0,0
101,2017,259,2040,12.07,0,0,0,0,0,0,0,-24.4,-14.85,0,0,0,0,0,0,0,0,0,0,0,0,0,0,0,0,0,0,0,0,0,0,0
101,2017,259,2050,12.07,0,0,0,0,0,0,0,-26.21,-15.02,0,0,0,0,0,0,0,0,0,0,0,0,0,0,0,0,0,0,0,0,0,0,0
101,2017,259,2100,12.07,0,0,0,0,0,0,0,-25.95,-15.1,0,0,0,0,0,0,0,0,0,0,0,0,0,0,0,0,0,0,0,0,0,0,0
101,2017,259,2110,12.07,0,0,0,0,0,0,0,-22.31,-14.92,0,0,0,0,0,0,0,0,0,0,0,0,0,0,0,0,0,0,0,0,0,0,0
101,2017,259,2120,12.07,0,0,0,0,0,0,0,-21.06,-14.91,0,0,0,0,0,0,0,0,0,0,0,0,0,0,0,0,0,0,0,0,0,0,0
101,2017,259,2130,12.07,0,0,0,0,0,0,0,-21.33,-15,0,0,0,0,0,0,0,0,0,0,0,0,0,0,0,0,0,0,0,0,0,0,0
101,2017,259,2140,12.07,0,0,0,0,0,0,0,-19.45,-14.96,0,0,0,0,0,0,0,0,0,0,0,0,0,0,0,0,0,0,0,0,0,0,0
101,2017,259,2150,12.07,0,0,0,0,0,0,0,-17.26,-14.87,0,0,0,0,0,0,0,0,0,0,0,0,0,0,0,0,0,0,0,0,0,0,0
101,2017,259,2200,12.07,0,0,0,0,0,0,0,-16.63,-14.82,0,0,0,0,0,0,0,0,0,0,0,0,0,0,0,0,0,0,0,0,0,0,0
101,2017,259,2210,12.07,0,0,0,0,0,0,0,-16.94,-14.83,0,0,0,0,0,0,0,0,0,0,0,0,0,0,0,0,0,0,0,0,0,0,0
101,2017,259,2220,12.07,0,0,0,0,0,0,0,-17.16,-14.86,0,0,0,0,0,0,0,0,0,0,0,0,0,0,0,0,0,0,0,0,0,0,0
101,2017,259,2230,12.07,0,0,0,0,0,0,0,-19.23,-14.98,0,0,0,0,0,0,0,0,0,0,0,0,0,0,0,0,0,0,0,0,0,0,0
101,2017,259,2240,12.07,0,0,0,0,0,0,0,-20.94,-15.06,0,0,0,0,0,0,0,0,0,0,0,0,0,0,0,0,0,0,0,0,0,0,0
101,2017,259,2250,12.07,0,0,0,0,0,0,0,-22.29,-15,0,0,0,0,0,0,0,0,0,0,0,0,0,0,0,0,0,0,0,0,0,0,0
101,2017,259,2300,12.07,0,0,0,0,0,0,0,-23.83,-15,0,0,0,0,0,0,0,0,0,0,0,0,0,0,0,0,0,0,0,0,0,0,0
101,2017,259,2310,12.07,0,0,0,0,0,0,0,-24.92,-15.05,0,0,0,0,0,0,0,0,0,0,0,0,0,0,0,0,0,0,0,0,0,0,0
101,2017,259,2320,12.07,0,0,0,0,0,0,0,-25.45,-14.96,0,0,0,0,0,0,0,0,0,0,0,0,0,0,0,0,0,0,0,0,0,0,0
101,2017,259,2330,12.07,0,0,0,0,0,0,0,-25.85,-14.9,0,0,0,0,0,0,0,0,0,0,0,0,0,0,0,0,0,0,0,0,0,0,0
101,2017,259,2340,12.07,0,0,0,0,0,0,0,-25.47,-14.74,0,0,0,0,0,0,0,0,0,0,0,0,0,0,0,0,0,0,0,0,0,0,0
101,2017,259,2350,12.07,0,0,0,0,0,0,0,-25.71,-14.6,0,0,0,0,0,0,0,0,0,0,0,0,0,0,0,0,0,0,0,0,0,0,0
101,2017,259,2400,12.07,0,0,0,0,0,0,0,-24.88,-14.59,0,0,0,0,0,0,0,0,0,0,0,0,0,0,0,0,0,0,0,0,0,0,0
102,2017,259,2400,12.06,5266
101,2017,260,10,12.07,0,0,0,0,0,0,0,-24.23,-14.59,0,0,0,0,0,0,0,0,0,0,0,0,0,0,0,0,0,0,0,0,0,0,0
101,2017,260,20,12.07,0,0,0,0,0,0,0,-24.21,-14.75,0,0,0,0,0,0,0,0,0,0,0,0,0,0,0,0,0,0,0,0,0,0,0
101,2017,260,30,12.07,0,0,0,0,0,0,0,-24.74,-14.83,0,0,0,0,0,0,0,0,0,0,0,0,0,0,0,0,0,0,0,0,0,0,0
101,2017,260,40,12.07,0,0,0,0,0,0,0,-23.71,-14.85,0,0,0,0,0,0,0,0,0,0,0,0,0,0,0,0,0,0,0,0,0,0,0
101,2017,260,50,12.07,0,0,0,0,0,0,0,-24.4,-14.96,0,0,0,0,0,0,0,0,0,0,0,0,0,0,0,0,0,0,0,0,0,0,0
101,2017,260,100,12.07,0,0,0,0,0,0,0,-26.63,-15.09,0,0,0,0,0,0,0,0,0,0,0,0,0,0,0,0,0,0,0,0,0,0,0
101,2017,260,110,12.07,0,0,0,0,0,0,0,-27.27,-15,0,0,0,0,0,0,0,0,0,0,0,0,0,0,0,0,0,0,0,0,0,0,0
101,2017,260,120,12.07,0,0,0,0,0,0,0,-27.46,-14.87,0,0,0,0,0,0,0,0,0,0,0,0,0,0,0,0,0,0,0,0,0,0,0
101,2017,260,130,12.07,0,0,0,0,0,0,0,-29.11,-14.83,0,0,0,0,0,0,0,0,0,0,0,0,0,0,0,0,0,0,0,0,0,0,0
101,2017,260,140,12.07,0,0,0,0,0,0,0,-30.77,-14.83,0,0,0,0,0,0,0,0,0,0,0,0,0,0,0,0,0,0,0,0,0,0,0
101,2017,260,150,12.06,0,0,0,0,0,0,0,-32.57,-14.84,0,0,0,0,0,0,0,0,0,0,0,0,0,0,0,0,0,0,0,0,0,0,0
101,2017,260,200,12.06,0,0,0,0,0,0,0,-34.59,-14.88,0,0,0,0,0,0,0,0,0,0,0,0,0,0,0,0,0,0,0,0,0,0,0
101,2017,260,210,12.06,0,0,0,0,0,0,0,-35.78,-14.87,0,0,0,0,0,0,0,0,0,0,0,0,0,0,0,0,0,0,0,0,0,0,0
101,2017,260,220,12.06,0,0,0,0,0,0,0,-35.42,-14.8,0,0,0,0,0,0,0,0,0,0,0,0,0,0,0,0,0,0,0,0,0,0,0
101,2017,260,230,12.06,0,0,0,0,0,0,0,-35.96,-14.87,0,0,0,0,0,0,0,0,0,0,0,0,0,0,0,0,0,0,0,0,0,0,0
101,2017,260,240,12.06,0,0,0,0,0,0,0,-37.59,-14.93,0,0,0,0,0,0,0,0,0,0,0,0,0,0,0,0,0,0,0,0,0,0,0
101,2017,260,250,12.06,0,0,0,0,0,0,0,-38.81,-14.92,0,0,0,0,0,0,0,0,0,0,0,0,0,0,0,0,0,0,0,0,0,0,0
101,2017,260,300,12.06,0,0,0,0,0,0,0,-37.41,-15.01,0,0,0,0,0,0,0,0,0,0,0,0,0,0,0,0,0,0,0,0,0,0,0
101,2017,260,310,12.06,0,0,0,0,0,0,0,-36.1,-15,0,0,0,0,0,0,0,0,0,0,0,0,0,0,0,0,0,0,0,0,0,0,0
101,2017,260,320,12.06,0,0,0,0,0,0,0,-36.56,-15.05,0,0,0,0,0,0,0,0,0,0,0,0,0,0,0,0,0,0,0,0,0,0,0
101,2017,260,330,12.06,0,0,0,0,0,0,0,-36.96,-15.06,0,0,0,0,0,0,0,0,0,0,0,0,0,0,0,0,0,0,0,0,0,0,0
101,2017,260,340,12.06,0,0,0,0,0,0,0,-36.95,-15.09,0,0,0,0,0,0,0,0,0,0,0,0,0,0,0,0,0,0,0,0,0,0,0
101,2017,260,350,12.06,0,0,0,0,0,0,0,-36.64,-15.06,0,0,0,0,0,0,0,0,0,0,0,0,0,0,0,0,0,0,0,0,0,0,0
101,2017,260,400,12.06,0,0,0,0,0,0,0,-35.12,-15.01,0,0,0,0,0,0,0,0,0,0,0,0,0,0,0,0,0,0,0,0,0,0,0
101,2017,260,410,12.06,0,0,0,0,0,0,0,-35.51,-15.08,0,0,0,0,0,0,0,0,0,0,0,0,0,0,0,0,0,0,0,0,0,0,0
101,2017,260,420,12.06,0,0,0,0,0,0,0,-36.7,-15.15,0,0,0,0,0,0,0,0,0,0,0,0,0,0,0,0,0,0,0,0,0,0,0
101,2017,260,430,12.06,0,0,0,0,0,0,0,-39.03,-15.3,0,0,0,0,0,0,0,0,0,0,0,0,0,0,0,0,0,0,0,0,0,0,0
101,2017,260,440,12.06,0,0,0,0,0,0,0,-39.26,-15.26,0,0,0,0,0,0,0,0,0,0,0,0,0,0,0,0,0,0,0,0,0,0,0
101,2017,260,450,12.06,0,0,0,0,0,0,0,-38.8,-15.29,0,0,0,0,0,0,0,0,0,0,0,0,0,0,0,0,0,0,0,0,0,0,0
101,2017,260,500,12.06,0,0,0,0,0,0,0,-38.52,-15.28,0,0,0,0,0,0,0,0,0,0,0,0,0,0,0,0,0,0,0,0,0,0,0
101,2017,260,510,12.06,0,0,0,0,0,0,0,-37.82,-15.21,0,0,0,0,0,0,0,0,0,0,0,0,0,0,0,0,0,0,0,0,0,0,0
101,2017,260,520,12.06,0,0,0,0,0,0,0,-38.08,-15.4,0,0,0,0,0,0,0,0,0,0,0,0,0,0,0,0,0,0,0,0,0,0,0
101,2017,260,530,12.06,0,0,0,0,0,0,0,-37.22,-15.42,0,0,0,0,0,0,0,0,0,0,0,0,0,0,0,0,0,0,0,0,0,0,0
101,2017,260,540,12.06,0,0,0,0,0,0,0,-35.87,-15.3,0,0,0,0,0,0,0,0,0,0,0,0,0,0,0,0,0,0,0,0,0,0,0
101,2017,260,550,12.06,0,0,0,0,0,0,0,-35.24,-15.39,0,0,0,0,0,0,0,0,0,0,0,0,0,0,0,0,0,0,0,0,0,0,0
101,2017,260,600,12.06,0,0,0,0,0,0,0,-35.3,-15.36,0,.01,0,0,0,.008,.002,0,.003,0,0,0,0,0,0,0,0,0,0,0,0,0,0
101,2017,260,610,12.06,.02,.002,.003,.025,.015,.005,.005,-35.64,-15.26,.002,.102,.005,.022,.007,.077,.082,.027,.08,.027,.002,.03,.007,.015,.064,.01,.008,.029,0,0,.008,0,0
101,2017,260,620,12.06,.069,.034,.03,.129,.064,.04,.034,-35.73,-15.18,.034,.515,.039,.06,.049,.441,.446,.111,.411,.117,.034,.134,.04,.044,.36,.044,.04,.131,.013,.034,.052,.027,.025
101,2017,260,630,12.06,.211,.084,.055,.374,.183,.117,.069,-34.53,-15.02,.092,1.542,.101,.179,.136,1.267,1.289,.329,1.215,.332,.089,.374,.116,.131,1.009,.124,.119,.35,.034,.062,.143,.034,.054
101,2017,260,640,12.06,.421,.183,.114,.778,.364,.245,.132,-35.01,-15.02,.184,3.351,.205,.369,.262,2.48,2.575,.679,2.548,.649,.173,.785,.24,.263,1.96,.236,.243,.612,.069,.119,.263,.067,.109
101,2017,260,650,12.06,.689,.303,.184,1.323,.555,.401,.205,-33.65,-15,.285,5.714,.329,.58,.394,3.881,4.076,1.185,4.223,1.09,.26,1.346,.392,.416,3.048,.36,.392,.934,.109,.193,.399,.101,.163
101,2017,260,700,12.06,.989,.421,.257,1.905,.781,.543,.28,-32.37,-15,.399,8.32,.439,.835,.501,5.298,5.603,1.744,6.035,1.556,.347,1.935,.538,.562,4.143,.468,.525,1.252,.154,.265,.493,.134,.221
101,2017,260,710,12.06,1.299,.53,.33,2.503,1.013,.719,.352,-31.11,-15.03,.483,11.06,.542,1.088,.634,6.689,7.1,2.329,10.83,2.055,.429,2.54,.728,.736,5.191,.592,.691,1.563,.196,.335,.627,.168,.278
101,2017,260,720,12.06,1.606,.657,.409,3.093,1.239,.902,.422,-28.98,-15.08,.609,26.41,.719,1.353,.8,9.04,8.55,6.391,18.8,2.584,.498,3.226,1.006,.964,6.155,.723,.87,1.858,.24,.411,.746,.198,.339
101,2017,260,730,12.06,1.903,.781,.461,3.677,1.487,1.113,.474,-25.95,-15.2,.738,36.37,1.006,1.636,.984,10.67,9.88,3.72,24.61,3.447,.575,4.386,1.581,1.848,7.07,.855,1.127,2.134,.288,.454,.853,.235,.575
101,2017,260,740,12.06,2.183,.899,.552,4.258,1.745,1.331,.565,-26.29,-15.52,.87,44.45,1.217,1.936,1.117,11.81,11.12,4.263,30.64,3.615,.661,5.32,5.687,1.487,8.05,.969,1.38,2.396,.32,.523,.972,.27,.491
101,2017,260,750,12.06,2.459,1.026,.644,4.847,2.01,1.564,.706,-24.57,-15.99,.997,52.07,1.375,2.283,1.256,12.57,12.28,4.837,36.6,4.111,.736,5.509,2.23,1.809,9.15,1.08,1.376,2.644,.367,.582,1.086,.319,.491
101,2017,260,800,12.06,2.728,1.138,.748,5.484,2.315,1.861,.78,-24.9,-16.53,1.137,59.23,1.435,5.919,1.425,13.45,13.36,5.78,42.43,6.035,.813,5.933,2.149,2.136,9.48,1.177,1.512,2.875,.396,.645,1.153,.327,.55
101,2017,260,810,12.06,2.995,1.257,.88,6.262,2.722,3.299,.853,-23.58,-17.36,1.279,65.67,1.502,3.116,1.504,14.39,18.21,9.78,48.02,5.252,.885,6.375,2.737,2.149,10.07,1.304,1.95,3.114,.434,.738,1.234,.364,.6
101,2017,260,820,12.06,3.273,1.391,1.002,11.24,3.156,10.16,1.901,-14.37,-17.98,1.395,71.7,1.614,2.933,1.611,15.43,25.77,7.4,53.55,10.8,.97,6.768,2.253,2.437,11.2,1.395,1.731,3.349,.523,.753,1.314,.379,.647
101,2017,260,830,12.06,3.541,1.53,2.564,33.85,3.431,18.92,3.555,2.474,-18.2,1.515,77.3,1.726,3.106,1.705,17.47,29.94,8.33,58.87,33.57,1.084,7.06,2.437,6.639,12.02,1.492,1.859,3.582,.756,.811,1.394,.412,.756
101,2017,260,840,12.06,3.799,1.703,3.077,36.86,3.664,22.48,1.007,9.34,-19.17,1.666,82.1,1.808,3.258,1.818,20.48,34.15,19.91,63.62,21.09,1.151,7.37,2.705,32.23,12.78,1.606,1.978,3.811,.473,.873,1.505,.436,.737
101,2017,260,850,12.06,4.081,6.473,1.433,37.38,4.331,26.5,4.165,15.96,-18.75,2.822,86.9,1.877,3.426,1.924,24.27,38.85,42.62,68.44,30.54,1.23,7.62,2.593,37.52,13.08,1.721,2.098,4.123,.57,1.301,1.557,.436,.776
101,2017,260,900,12.06,4.331,2.127,1.502,36.28,19.92,30.75,4.492,21.92,-18.43,8.01,91.1,1.961,4.619,2.033,28.15,43.68,55.05,72.9,7.45,1.287,7.8,2.534,33.26,13.64,1.88,2.253,4.314,3.622,.962,1.634,.442,4.44
101,2017,260,910,12.07,4.621,2.412,1.621,34.58,39.38,34.66,1.088,25.91,-18.73,2.145,94.6,2.04,19.74,2.15,32.13,48.4,59.74,76.8,21.5,1.384,8.09,2.601,3.69,14.3,2.061,2.413,4.599,.682,1.252,1.726,.469,1.27
101,2017,260,920,12.07,4.785,2.651,1.788,31.98,39.61,34.8,1.371,26.9,-18.5,2.078,98.2,2.144,18.01,2.675,36.17,53.2,63.46,80.8,48.39,1.463,8.37,7.19,26.36,14.87,8.15,2.561,4.905,.57,3.883,1.818,.491,.918
101,2017,260,930,12.07,5.047,3.075,1.9,29.14,29.43,15.06,1.168,16.38,-18.84,2.118,101,2.22,11,2.939,40.24,57.43,64.86,84.3,8.49,1.577,10.23,26.85,41.78,15.67,12.62,2.772,5.243,1.371,1.377,1.905,.525,.977
101,2017,260,940,12.07,5.276,2.544,1.947,25.93,13.45,4.058,1.213,10.46,-19.31,2.193,103.8,2.304,21.13,4.666,44.8,61.53,20.57,87.8,8.75,1.666,27.52,6.148,6.223,17.31,6.682,25.38,5.563,.603,1.198,2.001,.536,1.066
101,2017,260,950,12.07,5.521,2.686,1.985,22.81,4.827,5.725,1.252,11.29,-19.44,2.651,106.1,2.419,57.82,2.805,49.28,65.45,9.83,91,9.36,1.773,46.64,3.222,3.542,19.53,3.284,3.914,5.918,.615,1.25,2.088,.568,1.128
101,2017,260,1000,12.07,6.228,2.944,2.052,19.88,4.589,11.5,1.3,14.61,-19.33,2.555,108.4,2.495,59.51,5.073,53.71,69.18,10.28,94.1,41.73,1.875,53.67,2.659,3.136,22.47,3.182,30.03,6.645,.635,1.292,2.165,.595,1.181
101,2017,260,1010,12.07,20.22,3.354,5.705,17.33,4.644,3.291,1.359,8.48,-18.8,6.646,110.3,2.59,34.13,9.64,58.24,72.7,18.74,97,28.58,2.007,56.96,2.617,3.106,25.92,3.537,22.2,6.75,.637,1.349,2.252,.607,1.223
101,2017,260,1020,12.07,43.99,3.634,19.86,16.16,5.063,3.807,1.401,4.297,-17.7,3.547,111.7,2.654,6.311,3.966,62.77,76,22.12,99.4,18.09,2.19,55.74,2.617,3.113,29.21,4.698,30.95,7.05,.643,1.401,2.347,.635,1.282
101,2017,260,1030,12.07,72.7,3.823,2.175,17.27,4.916,18.25,11.42,12.06,-15.15,2.821,112.7,2.736,3.46,10.25,67.53,78.9,11.76,101.5,78.1,2.702,38.67,2.639,3.116,32.38,50.39,4.06,7.46,.67,2.942,4.289,.652,1.34
101,2017,260,1040,12.07,73.9,8.16,18.32,21.91,9.36,2.857,7.02,2.163,-15.15,3.173,113.6,2.798,3.376,6.197,72.2,81.9,8.98,103.5,12.19,2.578,26.58,2.684,3.125,35.42,72.6,4.418,7.93,.694,10.67,3.523,.677,1.322
101,2017,260,1050,12.07,74.8,30.93,31.77,28.38,12.58,2.883,2.27,2.738,-15.33,11.72,114.1,2.9,3.322,3.346,76.6,84.6,8.74,105.2,12.94,4.756,21.1,2.567,3.148,38.44,75.5,11.45,8.48,.692,1.461,2.578,.72,1.369
101,2017,260,1100,12.08,58.09,65.23,2.156,35.32,5.016,9.01,1.578,9.16,-16.17,2.5,114.4,3.011,3.28,4.482,80.5,87.1,8.28,106.7,10.65,7.18,15.47,2.582,3.163,41.57,77.8,3.363,9.09,.717,1.478,2.676,.787,1.432
101,2017,260,1110,12.07,54.98,7.26,2.029,42.35,9.85,2.835,2.218,3.21,-15.63,2.47,114.2,3.131,3.249,3.522,84.2,89.5,7.96,107.8,78,7.41,10.32,2.548,3.2,44.71,79.9,3.401,10.61,.72,1.556,2.781,.761,1.503
101,2017,260,1120,12.08,49.75,3.208,2.285,49.9,3.768,2.848,1.664,1.897,-15.82,2.48,113.6,3.314,3.249,3.503,87.5,91.5,7.72,108.6,17.58,12.35,12.84,2.471,3.311,47.85,81.2,6.814,39.1,.747,3.894,2.895,.772,1.634
101,2017,260,1130,12.08,66.35,6.33,2.024,56.54,3.639,3.535,1.692,2.686,-15.55,3.485,112.8,3.28,3.232,3.617,90.4,93.4,7.5,109.2,23.53,5.634,10.18,2.441,4.939,50.83,27.58,15.49,16.16,.776,9.59,3.198,.764,1.618
101,2017,260,1140,12.08,49.88,47.27,1.932,61.77,3.555,2.754,1.702,3.27,-15.62,2.547,111.7,3.371,3.227,3.755,93,95.2,7.28,109.5,90.4,7.21,8.29,2.454,3.381,53.78,3.703,3.662,51.48,.777,2.736,5.909,.774,1.674
101,2017,260,1150,12.08,26.44,51.32,1.905,65.05,3.475,2.843,1.702,5.74,-15.5,2.454,110.5,3.466,3.218,3.979,95.5,96.8,7.07,109.8,85.1,7.28,7.04,3.421,3.401,56.58,3.485,3.612,78.3,.813,1.85,14.06,.787,1.709
101,2017,260,1200,12.08,16.29,14.43,1.844,46.02,3.377,2.784,1.732,2.68,-15,2.419,109.2,3.572,3.183,4.282,97.9,98.5,6.85,109.8,44.25,3.294,6.721,2.501,3.446,59.23,3.34,3.665,80.7,.846,2.183,12.38,.833,1.777
101,2017,260,1210,12.08,16.14,2.876,1.828,11.61,3.303,2.705,1.744,-.015,-14.41,2.382,107.5,3.628,3.211,7.25,100,99.8,6.647,109.6,24.76,4.25,6.525,2.33,4.227,61.59,3.282,3.856,83,.906,1.65,7.78,.853,1.881
101,2017,260,1220,12.08,9.07,2.622,8.54,8.29,3.23,2.777,1.756,-3.134,-13.85,2.375,105.4,3.712,3.198,17.47,101.7,100.7,6.441,108.8,10.46,4.821,6.252,14.22,4.206,63.6,3.275,14.71,84.6,.884,1.658,5.106,.908,1.94
101,2017,260,1230,12.08,4.531,2.405,5.052,7.24,3.168,24.21,1.757,14.2,-13.49,2.384,103.4,4.271,3.191,4.312,103.4,101.7,6.255,108.3,9.83,11.79,6.067,2.647,3.477,65.71,3.27,47.8,86.5,.913,1.685,4.596,.896,2.07
101,2017,260,1240,12.08,4.596,2.303,2.756,6.891,3.119,5.752,1.7,.558,-12.9,2.347,100.8,6.484,3.494,4.471,104.7,102.2,6.059,107.2,15.43,5.21,5.903,2.248,3.483,67.51,3.29,65.59,87.7,.945,1.742,4.56,.928,2.188
101,2017,260,1250,12.08,8.83,2.692,4.067,6.531,3.059,2.622,1.687,-4.931,-12.23,2.737,98.2,35.24,5.612,4.473,106.1,102.7,5.808,106.1,75.8,3.551,5.727,2.183,3.467,69.09,3.325,57.62,88.9,1.045,13.56,4.754,.94,2.323
101,2017,260,1300,12.08,4.206,2.203,5.333,6.201,3.002,4.76,1.714,-.953,-11.69,2.697,95.6,48.99,3.193,4.613,107.2,103.1,5.574,104.8,69.33,3.628,5.568,6.588,6.124,70.6,3.328,44.18,90.1,1.01,17.6,4.791,.99,2.298
101,2017,260,1310,12.08,3.739,1.995,1.667,5.893,2.945,3.229,1.708,-3.948,-11.21,2.32,92.6,30.83,3.129,4.698,107.9,103.1,5.37,103.2,14.55,4.914,5.46,11.27,8.28,71.8,3.283,25.06,90.7,1.03,2.067,4.779,1.022,2.372
101,2017,260,1320,12.08,4.11,1.801,3.832,5.619,5.3,3.8,1.712,-3.027,-10.58,2.318,89.6,63.46,3.137,4.859,108.7,103.3,5.166,101.6,8.35,6.087,5.271,2.4,3.812,72.9,3.3,6.011,91.4,1.303,18.48,4.754,1.072,2.385
101,2017,260,1330,12.08,4.589,1.78,4.067,5.375,2.981,6.082,1.708,-1.98,-10.25,2.311,86.3,42.97,3.132,6.537,109,103.6,4.943,99.7,8.03,4.264,5.202,2.013,4.184,73.6,3.326,5.057,91.4,1.489,3.876,4.938,1.099,2.487
101,2017,260,1340,12.08,13.44,1.573,3.316,5.16,9.73,20.85,1.754,9.26,-9.67,2.311,82.7,36.22,3.196,54.43,109,102.9,4.758,97.4,7.73,4.199,5.179,1.993,46.41,74.2,3.268,15.37,91.1,2.958,1.909,5.118,1.151,2.486
101,2017,260,1350,12.08,7.03,1.459,1.469,4.926,5.529,8.56,1.717,-1.271,-9.41,2.313,78.7,67.17,3.251,46.57,108.6,101.5,4.594,94.9,7.42,4.038,4.964,1.929,73,74.6,3.251,23.43,90.6,1.099,1.914,5.204,1.146,2.583
101,2017,260,1400,12.09,3.509,1.37,1.445,4.706,2.738,3.164,1.718,-3.653,-9.15,2.313,74.7,66.26,8.37,51.95,108,99.5,4.44,92.4,7.09,3.968,6.21,1.901,11.87,74.6,3.219,5.226,89.8,1.048,1.921,5.286,2.872,2.625
101,2017,260,1410,12.09,2.658,1.281,1.414,4.502,2.722,5.271,1.733,.673,-8.74,8.96,70.5,53.81,3.68,59.24,107.5,97.8,4.294,89.6,6.768,3.983,34.46,1.886,4.514,74.8,3.303,3.854,88.9,1.126,1.904,5.415,13.61,2.703
101,2017,260,1420,12.09,2.467,1.201,1.946,4.299,2.67,44.67,1.816,30.81,-8.25,12.72,65.99,11.98,9.12,59.29,106.4,96,4.135,86.5,6.462,3.847,16.8,1.842,7.88,74.6,3.338,3.551,87.6,1.129,1.851,5.423,1.836,2.814
101,2017,260,1430,12.09,2.311,1.11,1.44,4.088,2.993,50.15,2.333,32.14,-7.7,2.375,61.18,5.654,10.25,58.91,104.8,94.1,3.921,83.2,6.163,3.733,5.492,1.75,3.917,74.1,3.222,3.271,86,1.033,2.171,5.438,1.323,5.142
101,2017,260,1440,12.09,2.184,1.043,1.234,3.946,2.554,17.93,1.707,3.452,-7.69,4.961,56.14,4.418,5.872,57.39,103,91.9,3.753,79.4,5.922,3.594,5.775,1.687,3.348,73.3,3,3.006,83.7,1.008,1.735,5.885,1.27,29.77
101,2017,260,1450,12.09,2.05,1.002,1.184,5.421,2.678,2.161,1.687,-7.95,-7.42,24.69,51.14,3.725,5.911,52.82,100.9,89.7,3.614,75.6,5.679,3.512,4.375,1.72,2.856,72.3,3.008,2.797,62.27,.983,1.655,5.587,1.182,58.84
101,2017,260,1500,12.09,1.943,.956,1.238,3.768,2.516,2.167,1.672,-9.73,-6.889,8.56,46.4,3.472,2.549,40.96,98.6,87.3,3.474,71.9,5.45,7.79,4.182,3.604,2.745,71.1,3.035,2.663,12.16,.923,1.574,6.455,1.161,8.33
101,2017,260,1510,12.09,1.854,.898,3.497,3.417,2.594,1.794,1.616,-8.98,-6.534,2.122,41.39,10.22,2.429,27.46,95.9,84.4,3.331,67.61,5.254,3.4,4.09,11.73,7.93,69.75,4.492,2.516,11.18,.829,1.497,7.34,1.179,4.579
101,2017,260,1520,12.09,1.8,.846,1.126,3.279,2.293,1.715,1.579,-4.738,-6.435,1.988,36.52,18.31,2.291,18.52,92.7,81.3,3.192,63.02,5.071,3.452,3.988,1.489,3.182,68.01,5.661,2.373,10.55,.735,1.355,8.67,1.161,9.24
101,2017,260,1530,12.09,1.665,.799,1.095,3.132,2.179,1.72,1.543,-3.212,-6.487,1.849,32.09,16.47,2.147,12.03,88.9,77.7,3.05,57.89,15.59,3.438,3.832,1.415,2.547,65.87,10.63,2.238,9.93,.688,1.204,8.61,1.171,2.291
101,2017,260,1540,12.1,1.571,.752,1.007,2.981,3.276,1.479,1.543,.879,-6.582,1.73,28.1,4.757,2.012,5.301,85.3,74.3,2.909,53.02,26.71,3.559,3.713,1.337,2.462,63.91,3.48,2.117,9.28,.643,1.097,9.73,1.198,2.08
101,2017,260,1550,12.09,1.479,.695,.824,2.827,2.028,1.393,1.417,7.64,-6.681,1.618,24.27,2.541,1.888,3.579,81.2,70.4,2.777,47.75,6.465,22.35,3.665,1.285,2.238,61.45,2.782,1.96,8.69,.593,.998,8.91,1.132,1.883
101,2017,260,1600,12.09,1.412,.646,1.784,2.686,1.908,1.291,1.33,8.26,-6.723,1.499,20.52,2.305,1.757,3.154,76.7,66.21,2.638,42.7,4.063,31.17,3.641,2.402,3.068,58.79,2.755,1.812,8.06,.533,.883,8.09,1.11,1.708
101,2017,260,1610,12.09,1.32,.61,.715,2.554,1.819,1.203,2.961,8.32,-5.76,1.388,17.03,2.05,1.663,2.896,71.4,61.4,2.606,35.14,3.76,4.216,3.423,4.149,1.976,55.51,2.534,1.722,7.49,.486,.802,5.331,1.062,1.613
101,2017,260,1620,12.09,1.243,.563,.76,2.425,1.728,1.12,1.469,7.28,-5.885,1.273,14.91,1.933,1.554,2.653,65.68,56.35,2.39,16.67,3.392,2.191,3.164,6.654,1.832,51.87,2.444,1.599,6.934,.444,.727,2.996,1.187,1.482
101,2017,260,1630,12.09,1.169,.528,.581,2.296,1.633,1.04,1.44,3.524,-5.509,1.171,13.93,2.847,1.454,2.454,59.81,51.11,2.268,13.33,3.07,1.939,3.016,5.993,1.693,48,2.3,1.464,6.383,.429,.662,2.581,.697,1.352
101,2017,260,1640,12.09,1.092,.492,.519,2.157,1.529,.955,.925,-1.382,-5.757,1.065,13.06,1.497,1.332,2.241,53.33,45.52,2.134,12.14,2.804,1.755,2.842,.98,1.576,43.61,2.134,1.323,5.825,.397,.596,2.306,.513,1.208
101,2017,260,1650,12.09,1.01,.449,.464,2.007,1.42,.866,.821,-4.89,-6.233,.965,12.33,1.343,1.213,2.111,45.39,40.03,1.97,11.02,2.568,1.573,2.658,.891,1.432,39.07,1.95,1.196,5.243,.365,.539,2.074,.454,1.035
101,2017,260,1700,12.09,.938,.434,.436,1.841,1.287,.776,.717,-7.76,-6.798,.856,10.63,1.044,1.092,1.868,34.14,34.21,1.789,9.93,2.325,1.389,2.466,.804,1.283,33.95,1.682,1.04,4.934,.325,.477,1.838,.429,.846
101,2017,260,1710,12.09,.848,.404,.402,1.672,1.154,.682,.627,-7.89,-7.41,.746,9.28,.861,.97,1.546,23.2,28.23,1.602,8.82,2.076,1.211,2.215,.705,1.114,22.14,1.357,.871,4.076,.286,.436,1.617,.392,.695
101,2017,260,1720,12.08,.752,.354,.345,1.486,1.007,.588,.534,-11.1,-8.02,.637,8.31,.722,.851,1.287,15.64,22.21,1.372,7.65,1.814,1.027,1.94,.596,.938,10.98,1.129,.7,3.47,.251,.39,1.386,.343,.555
101,2017,260,1730,12.08,.65,.308,.29,1.278,.856,.494,.449,-13.9,-8.62,.519,6.625,.593,.724,1.055,10.79,14.19,1.159,6.427,1.531,.831,1.649,.504,.782,8.62,.933,.565,2.852,.201,.33,1.144,.286,.449
101,2017,260,1740,12.08,.541,.253,.23,1.062,.689,.419,.375,-16.44,-9.09,.427,5.366,.469,.575,.826,8.12,7.82,.943,5.15,1.233,.637,1.339,.421,.617,6.764,.73,.454,2.23,.156,.266,.898,.225,.365
101,2017,260,1750,12.08,.436,.199,.174,.821,.516,.325,.276,-20.15,-9.57,.323,4.036,.367,.442,.585,5.777,5.536,.714,3.82,.921,.456,1.007,.325,.457,4.867,.518,.357,1.602,.117,.199,.638,.168,.261
101,2017,260,1800,12.08,.322,.137,.116,.568,.369,.216,.178,-22.26,-10.18,.211,2.684,.238,.312,.384,3.498,3.411,.488,2.496,.598,.285,.67,.216,.308,2.994,.343,.238,1.009,.075,.131,.416,.102,.166
101,2017,260,1810,12.08,.189,.08,.062,.348,.203,.119,.094,-23.96,-10.6,.107,1.453,.126,.178,.196,1.704,1.687,.293,1.315,.338,.132,.38,.116,.159,1.459,.173,.127,.511,.04,.07,.218,.052,.082
101,2017,260,1820,12.08,.08,.032,.03,.142,.079,.047,.039,-27.39,-10.96,.044,.55,.049,.067,.07,.613,.612,.116,.498,.132,.045,.151,.047,.059,.519,.062,.049,.203,.013,.034,.08,.025,.03
101,2017,260,1830,12.08,.018,.002,0,.03,.017,.007,.005,-30.54,-11.38,.005,.117,.007,.015,.015,.139,.136,.023,.109,.03,.007,.032,.007,.013,.117,.017,.007,.052,0,.002,.015,0,0
101,2017,260,1840,12.08,0,0,0,0,0,0,0,-33.83,-11.79,0,.008,0,0,0,.012,.008,0,.005,0,0,0,0,0,.008,0,0,.002,0,0,0,0,0
101,2017,260,1850,12.07,0,0,0,0,0,0,0,-36.79,-12.03,0,0,0,0,0,0,0,0,0,0,0,0,0,0,0,0,0,0,0,0,0,0,0
101,2017,260,1900,12.07,0,0,0,0,0,0,0,-39.37,-12.44,0,0,0,0,0,0,0,0,0,0,0,0,0,0,0,0,0,0,0,0,0,0,0
101,2017,260,1910,12.07,0,0,0,0,0,0,0,-42.86,-12.93,0,0,0,0,0,0,0,0,0,0,0,0,0,0,0,0,0,0,0,0,0,0,0
101,2017,260,1920,12.07,0,0,0,0,0,0,0,-43.54,-13.24,0,0,0,0,0,0,0,0,0,0,0,0,0,0,0,0,0,0,0,0,0,0,0
101,2017,260,1930,12.07,0,0,0,0,0,0,0,-48.75,-13.61,0,0,0,0,0,0,0,0,0,0,0,0,0,0,0,0,0,0,0,0,0,0,0
101,2017,260,1940,12.07,0,0,0,0,0,0,0,-51.79,-14.13,0,0,0,0,0,0,0,0,0,0,0,0,0,0,0,0,0,0,0,0,0,0,0
101,2017,260,1950,12.07,0,0,0,0,0,0,0,-54.18,-14.49,0,0,0,0,0,0,0,0,0,0,0,0,0,0,0,0,0,0,0,0,0,0,0
101,2017,260,2000,12.07,0,0,0,0,0,0,0,-53.47,-14.37,0,0,0,0,0,0,0,0,0,0,0,0,0,0,0,0,0,0,0,0,0,0,0
101,2017,260,2010,12.07,0,0,0,0,0,0,0,-52.3,-14.11,0,0,0,0,0,0,0,0,0,0,0,0,0,0,0,0,0,0,0,0,0,0,0
101,2017,260,2020,12.07,0,0,0,0,0,0,0,-53.61,-13.92,0,0,0,0,0,0,0,0,0,0,0,0,0,0,0,0,0,0,0,0,0,0,0
101,2017,260,2030,12.07,0,0,0,0,0,0,0,-56.62,-14.07,0,0,0,0,0,0,0,0,0,0,0,0,0,0,0,0,0,0,0,0,0,0,0
101,2017,260,2040,12.07,0,0,0,0,0,0,0,-59.73,-14.09,0,0,0,0,0,0,0,0,0,0,0,0,0,0,0,0,0,0,0,0,0,0,0
101,2017,260,2050,12.07,0,0,0,0,0,0,0,-62.34,-14.15,0,0,0,0,0,0,0,0,0,0,0,0,0,0,0,0,0,0,0,0,0,0,0
101,2017,260,2100,12.07,0,0,0,0,0,0,0,-64.58,-14.23,0,0,0,0,0,0,0,0,0,0,0,0,0,0,0,0,0,0,0,0,0,0,0
101,2017,260,2110,12.06,0,0,0,0,0,0,0,-63.63,-14.12,0,0,0,0,0,0,0,0,0,0,0,0,0,0,0,0,0,0,0,0,0,0,0
101,2017,260,2120,12.07,0,0,0,0,0,0,0,-55.01,-13.56,0,0,0,0,0,0,0,0,0,0,0,0,0,0,0,0,0,0,0,0,0,0,0
101,2017,260,2130,12.07,0,0,0,0,0,0,0,-48.61,-13.22,0,0,0,0,0,0,0,0,0,0,0,0,0,0,0,0,0,0,0,0,0,0,0
101,2017,260,2140,12.07,0,0,0,0,0,0,0,-47.64,-13.03,0,0,0,0,0,0,0,0,0,0,0,0,0,0,0,0,0,0,0,0,0,0,0
101,2017,260,2150,12.06,0,0,0,0,0,0,0,-44.57,-12.63,0,0,0,0,0,0,0,0,0,0,0,0,0,0,0,0,0,0,0,0,0,0,0
101,2017,260,2200,12.07,0,0,0,0,0,0,0,-44.43,-12.46,0,0,0,0,0,0,0,0,0,0,0,0,0,0,0,0,0,0,0,0,0,0,0
101,2017,260,2210,12.07,0,0,0,0,0,0,0,-44.11,-12.59,0,0,0,0,0,0,0,0,0,0,0,0,0,0,0,0,0,0,0,0,0,0,0
101,2017,260,2220,12.07,0,0,0,0,0,0,0,-42.77,-12.62,0,0,0,0,0,0,0,0,0,0,0,0,0,0,0,0,0,0,0,0,0,0,0
101,2017,260,2230,12.07,0,0,0,0,0,0,0,-41.98,-12.63,0,0,0,0,0,0,0,0,0,0,0,0,0,0,0,0,0,0,0,0,0,0,0
101,2017,260,2240,12.07,0,0,0,0,0,0,0,-42.57,-12.64,0,0,0,0,0,0,0,0,0,0,0,0,0,0,0,0,0,0,0,0,0,0,0
101,2017,260,2250,12.07,0,0,0,0,0,0,0,-43.17,-12.63,0,0,0,0,0,0,0,0,0,0,0,0,0,0,0,0,0,0,0,0,0,0,0
101,2017,260,2300,12.07,0,0,0,0,0,0,0,-43.02,-12.59,0,0,0,0,0,0,0,0,0,0,0,0,0,0,0,0,0,0,0,0,0,0,0
101,2017,260,2310,12.06,0,0,0,0,0,0,0,-41.57,-12.51,0,0,0,0,0,0,0,0,0,0,0,0,0,0,0,0,0,0,0,0,0,0,0
101,2017,260,2320,12.06,0,0,0,0,0,0,0,-41.8,-12.52,0,0,0,0,0,0,0,0,0,0,0,0,0,0,0,0,0,0,0,0,0,0,0
101,2017,260,2330,12.06,0,0,0,0,0,0,0,-42.01,-12.45,0,0,0,0,0,0,0,0,0,0,0,0,0,0,0,0,0,0,0,0,0,0,0
101,2017,260,2340,12.06,0,0,0,0,0,0,0,-41.46,-12.34,0,0,0,0,0,0,0,0,0,0,0,0,0,0,0,0,0,0,0,0,0,0,0
101,2017,260,2350,12.07,0,0,0,0,0,0,0,-41.34,-12.08,0,0,0,0,0,0,0,0,0,0,0,0,0,0,0,0,0,0,0,0,0,0,0
101,2017,260,2400,12.06,0,0,0,0,0,0,0,-42.25,-12.3,0,0,0,0,0,0,0,0,0,0,0,0,0,0,0,0,0,0,0,0,0,0,0
102,2017,260,2400,12.05,5266
101,2017,261,10,12.06,0,0,0,0,0,0,0,-41.44,-12.4,0,0,0,0,0,0,0,0,0,0,0,0,0,0,0,0,0,0,0,0,0,0,0
101,2017,261,20,12.07,0,0,0,0,0,0,0,-41.91,-12.36,0,0,0,0,0,0,0,0,0,0,0,0,0,0,0,0,0,0,0,0,0,0,0
101,2017,261,30,12.07,0,0,0,0,0,0,0,-41.29,-12.33,0,0,0,0,0,0,0,0,0,0,0,0,0,0,0,0,0,0,0,0,0,0,0
101,2017,261,40,12.07,0,0,0,0,0,0,0,-40.45,-12.36,0,0,0,0,0,0,0,0,0,0,0,0,0,0,0,0,0,0,0,0,0,0,0
101,2017,261,50,12.07,0,0,0,0,0,0,0,-40.55,-12.37,0,0,0,0,0,0,0,0,0,0,0,0,0,0,0,0,0,0,0,0,0,0,0
101,2017,261,100,12.07,0,0,0,0,0,0,0,-39.03,-12.16,0,0,0,0,0,0,0,0,0,0,0,0,0,0,0,0,0,0,0,0,0,0,0
101,2017,261,110,12.07,0,0,0,0,0,0,0,-37.96,-12.12,0,0,0,0,0,0,0,0,0,0,0,0,0,0,0,0,0,0,0,0,0,0,0
101,2017,261,120,12.07,0,0,0,0,0,0,0,-38.48,-12.22,0,0,0,0,0,0,0,0,0,0,0,0,0,0,0,0,0,0,0,0,0,0,0
101,2017,261,130,12.07,0,0,0,0,0,0,0,-38.84,-12.29,0,0,0,0,0,0,0,0,0,0,0,0,0,0,0,0,0,0,0,0,0,0,0
101,2017,261,140,12.06,0,0,0,0,0,0,0,-37.5,-12.28,0,0,0,0,0,0,0,0,0,0,0,0,0,0,0,0,0,0,0,0,0,0,0
101,2017,261,150,12.06,0,0,0,0,0,0,0,-37.46,-12.37,0,0,0,0,0,0,0,0,0,0,0,0,0,0,0,0,0,0,0,0,0,0,0
101,2017,261,200,12.06,0,0,0,0,0,0,0,-38.34,-12.46,0,0,0,0,0,0,0,0,0,0,0,0,0,0,0,0,0,0,0,0,0,0,0
101,2017,261,210,12.06,0,0,0,0,0,0,0,-39.4,-12.57,0,0,0,0,0,0,0,0,0,0,0,0,0,0,0,0,0,0,0,0,0,0,0
101,2017,261,220,12.06,0,0,0,0,0,0,0,-37.2,-12.4,0,0,0,0,0,0,0,0,0,0,0,0,0,0,0,0,0,0,0,0,0,0,0
101,2017,261,230,12.06,0,0,0,0,0,0,0,-37.95,-12.4,0,0,0,0,0,0,0,0,0,0,0,0,0,0,0,0,0,0,0,0,0,0,0
101,2017,261,240,12.06,0,0,0,0,0,0,0,-37.25,-12.37,0,0,0,0,0,0,0,0,0,0,0,0,0,0,0,0,0,0,0,0,0,0,0
101,2017,261,250,12.06,0,0,0,0,0,0,0,-37.47,-12.41,0,0,0,0,0,0,0,0,0,0,0,0,0,0,0,0,0,0,0,0,0,0,0
101,2017,261,300,12.06,0,0,0,0,0,0,0,-39.32,-12.5,0,0,0,0,0,0,0,0,0,0,0,0,0,0,0,0,0,0,0,0,0,0,0
101,2017,261,310,12.06,0,0,0,0,0,0,0,-39.83,-12.64,0,0,0,0,0,0,0,0,0,0,0,0,0,0,0,0,0,0,0,0,0,0,0
101,2017,261,320,12.06,0,0,0,0,0,0,0,-40.72,-12.96,0,0,0,0,0,0,0,0,0,0,0,0,0,0,0,0,0,0,0,0,0,0,0
101,2017,261,330,12.06,0,0,0,0,0,0,0,-40.76,-13.06,0,0,0,0,0,0,0,0,0,0,0,0,0,0,0,0,0,0,0,0,0,0,0
101,2017,261,340,12.06,0,0,0,0,0,0,0,-40.41,-12.97,0,0,0,0,0,0,0,0,0,0,0,0,0,0,0,0,0,0,0,0,0,0,0
101,2017,261,350,12.06,0,0,0,0,0,0,0,-40.78,-12.72,0,0,0,0,0,0,0,0,0,0,0,0,0,0,0,0,0,0,0,0,0,0,0
101,2017,261,400,12.06,0,0,0,0,0,0,0,-41.35,-12.65,0,0,0,0,0,0,0,0,0,0,0,0,0,0,0,0,0,0,0,0,0,0,0
101,2017,261,410,12.06,0,0,0,0,0,0,0,-40.98,-12.73,0,0,0,0,0,0,0,0,0,0,0,0,0,0,0,0,0,0,0,0,0,0,0
101,2017,261,420,12.06,0,0,0,0,0,0,0,-39.04,-12.58,0,0,0,0,0,0,0,0,0,0,0,0,0,0,0,0,0,0,0,0,0,0,0
101,2017,261,430,12.06,0,0,0,0,0,0,0,-39.06,-12.49,0,0,0,0,0,0,0,0,0,0,0,0,0,0,0,0,0,0,0,0,0,0,0
101,2017,261,440,12.06,0,0,0,0,0,0,0,-41.35,-12.45,0,0,0,0,0,0,0,0,0,0,0,0,0,0,0,0,0,0,0,0,0,0,0
101,2017,261,450,12.06,0,0,0,0,0,0,0,-39.98,-12.32,0,0,0,0,0,0,0,0,0,0,0,0,0,0,0,0,0,0,0,0,0,0,0
101,2017,261,500,12.06,0,0,0,0,0,0,0,-39.12,-12.35,0,0,0,0,0,0,0,0,0,0,0,0,0,0,0,0,0,0,0,0,0,0,0
101,2017,261,510,12.06,0,0,0,0,0,0,0,-39.89,-12.4,0,0,0,0,0,0,0,0,0,0,0,0,0,0,0,0,0,0,0,0,0,0,0
101,2017,261,520,12.06,0,0,0,0,0,0,0,-40.45,-12.38,0,0,0,0,0,0,0,0,0,0,0,0,0,0,0,0,0,0,0,0,0,0,0
101,2017,261,530,12.06,0,0,0,0,0,0,0,-40.58,-12.45,0,0,0,0,0,0,0,0,0,0,0,0,0,0,0,0,0,0,0,0,0,0,0
101,2017,261,540,12.06,0,0,0,0,0,0,0,-40.39,-12.43,0,0,0,0,0,0,0,0,0,0,0,0,0,0,0,0,0,0,0,0,0,0,0
101,2017,261,550,12.06,0,0,0,0,0,0,0,-40.38,-12.31,0,0,0,0,0,0,0,0,0,0,0,0,0,0,0,0,0,0,0,0,0,0,0
101,2017,261,600,12.06,0,0,0,0,0,0,0,-38.95,-12.23,0,.003,0,0,0,.005,.002,0,.002,0,0,0,0,0,0,0,0,0,0,0,0,0,0
101,2017,261,610,12.06,.008,0,0,.015,.007,0,0,-38.68,-12.26,0,.062,0,.008,.003,.065,.067,.017,.055,.018,0,.018,0,.003,.054,.005,0,.025,0,0,.003,0,0
101,2017,261,620,12.07,.059,.025,.02,.091,.045,.03,.027,-38.8,-12.18,.027,.32,.028,.045,.042,.344,.349,.069,.295,.069,.027,.082,.027,.035,.292,.034,.035,.116,.007,.027,.042,.01,.022
101,2017,261,630,12.07,.169,.059,.049,.292,.139,.084,.05,-37.36,-12.1,.074,.959,.077,.122,.119,1.004,1.014,.216,.903,.228,.065,.225,.069,.097,.813,.096,.097,.342,.034,.045,.127,.034,.045
101,2017,261,640,12.07,.216,.08,.067,.38,.173,.107,.067,-37.45,-12.07,.101,1.49,.136,.153,.169,1.468,1.399,.307,1.358,.372,.102,.298,.102,.137,1.121,.136,.142,.484,.034,.067,.169,.034,.067
101,2017,261,650,12.07,.364,.136,.106,.61,.285,.179,.114,-36.73,-11.99,.158,2.439,.193,.277,.251,2.229,2.184,.483,2.134,.541,.153,.496,.169,.199,1.738,.193,.215,.706,.054,.107,.256,.045,.104
101,2017,261,700,12.07,.583,.231,.184,1.054,.449,.31,.198,-36.24,-11.9,.273,4.155,.345,.437,.426,3.93,3.84,.833,3.774,.969,.272,.816,.28,.352,3.055,.334,.385,1.311,.097,.184,.454,.094,.191
101,2017,261,710,12.07,.934,.365,.275,1.748,.714,.498,.29,-36.48,-11.8,.399,6.61,.489,.707,.59,5.742,5.671,1.388,5.75,1.485,.385,1.366,.442,.53,4.351,.458,.531,1.792,.147,.275,.625,.124,.272
101,2017,261,720,12.07,1.438,.543,.414,2.668,1.118,.702,.412,-35.66,-11.61,.572,9.54,.697,1.036,.86,8.4,8.24,2.03,8.39,2.309,.545,1.993,.622,.754,6.283,.697,.766,2.601,.218,.401,.922,.186,.389
101,2017,261,730,12.07,1.701,.593,.458,3.089,1.259,.815,.466,-37.16,-11.54,.689,11.07,.823,1.166,1.061,10.24,9.99,2.402,9.92,2.501,.66,2.263,.736,.888,7.73,.831,.947,3.218,.243,.439,1.146,.228,.444
101,2017,261,740,12.07,1.912,.722,.525,3.531,1.394,.97,.515,-39.85,-11.49,.783,12.49,.925,1.384,1.187,11.24,11.09,2.787,11.24,2.925,.763,2.576,.815,1.061,8.34,.915,1.073,3.652,.282,.504,1.242,.235,.501
101,2017,261,750,12.07,2.859,1.079,.672,4.778,1.835,1.128,.649,-42.84,-11.3,1.024,15.18,1.113,1.887,1.458,13.85,14.06,3.521,13.5,3.293,.872,3.459,1.024,1.166,10.39,1.116,1.353,4.366,.391,.674,1.488,.282,.595
101,2017,261,800,12.07,3.017,1.2,.771,5.365,2.242,1.394,.808,-41.1,-11.16,1.193,17.31,1.252,2.345,1.807,16.49,16.95,4.006,15.28,3.548,1.007,4.148,1.202,1.433,12.88,1.336,1.549,5.152,.459,.82,1.879,.394,.749
101,2017,261,810,12.07,4.961,1.828,1.016,8.29,2.961,1.921,.979,-37.68,-11.27,1.612,23.14,1.46,3.271,2.004,19.88,21.23,6.551,20.2,4.817,1.182,5.802,1.614,1.768,14.88,1.641,2.073,5.442,.54,1.014,2.167,.427,.828
101,2017,261,820,12.08,4.448,1.701,1.113,7.94,3.147,2.001,1.101,-35.64,-11.48,1.658,23.66,1.58,3.028,2.219,21.53,22.39,6.112,20.99,5.061,1.257,5.801,1.676,2.082,16.41,1.865,2.123,6.047,.531,.997,2.405,.458,.908
101,2017,261,830,12.08,5.482,2.199,1.23,9.93,3.577,2.489,1.166,-34.33,-11.66,1.912,28.69,1.857,3.704,2.378,23.72,25.26,7.92,24.62,6.322,1.468,7,1.993,2.377,17.73,2.083,2.532,6.68,.627,1.195,2.42,.494,.97
101,2017,261,840,12.07,4.532,1.797,1.115,7.8,3.191,1.909,1.133,-33.45,-11.85,1.673,24.38,1.76,2.856,2.291,22.99,23.32,5.839,21.35,5.67,1.527,5.918,1.709,2.008,17.57,2.134,2.145,6.531,.536,1.012,2.457,.515,.908
101,2017,261,850,12.08,4.131,1.673,1.113,7.19,3.015,1.899,1.13,-32.27,-11.96,1.663,24.68,1.852,2.879,2.484,23.83,24.01,5.532,22.06,5.618,1.535,5.728,1.735,2.038,18.41,2.082,2.316,7.38,.565,1.071,2.494,.488,.99
101,2017,261,900,12.07,4.55,1.748,1.114,7.56,3.199,1.944,1.326,-32.87,-11.79,1.689,26.32,2.011,2.73,2.561,25.26,25,5.597,23.08,5.803,1.758,6.09,1.798,2.256,19.43,2.247,2.309,8.14,.576,1.061,2.841,.565,1.034
101,2017,261,910,12.07,4.698,1.786,1.176,8.28,3.408,2.143,1.262,-33.54,-11.69,1.724,30.47,2.207,2.884,2.549,26.32,26.01,6.207,25.37,6.979,1.816,6.701,2.138,2.332,20.34,2.371,2.529,7.71,.571,1.119,2.624,.588,.96
101,2017,261,920,12.07,6.658,2.624,1.756,12.24,4.973,3.626,1.624,-26.41,-11.27,2.55,44.5,3.013,4.355,3.582,34.19,34.33,10.16,38.27,10.07,2.289,8.76,3.212,3.797,24.91,3.053,3.557,10.8,.779,1.57,3.554,.677,1.531
101,2017,261,930,12.08,8.97,4.076,2.858,27.33,20.6,12.16,2.066,-14.44,-10.54,3.725,91.5,3.813,9.34,4.881,51.8,60.34,42.5,78.8,13.85,2.888,14.93,19.45,12.33,29.62,5.38,5.072,12.84,1.035,2.151,4.403,.858,2.062
101,2017,261,940,12.07,7.89,3.926,3.068,30.58,19.9,11.63,2.202,-10.5,-11.3,3.597,111.7,3.683,25.56,8.11,60.17,73.6,35.78,98.2,14.24,2.86,32.76,12.56,5.834,30.57,8.58,23.38,11.18,1.092,2.121,4.443,.948,2.153
101,2017,261,950,12.08,7.8,4.194,2.86,25.85,7.19,23.08,1.861,3.2,-12.87,4.343,111.3,3.803,48.84,4.085,58.69,70.2,17.72,95.1,15.08,2.942,44.02,4.096,5.132,28.1,4.815,5.844,10.76,.859,1.91,3.133,.843,1.675
101,2017,261,1000,12.08,9.03,4.926,3.051,23.5,6.715,6.348,1.892,-6.73,-13.36,3.689,104.3,3.904,40.94,4.604,56.92,66.69,16.84,89.7,31.21,3.048,42.1,3.652,6.011,28.43,4.591,14.72,10.4,.828,2.227,3.151,.734,1.888
101,2017,261,1010,12.08,12.87,5.735,3.52,21.01,6.827,5.17,2.069,-8.42,-13.12,4.423,73.6,3.939,10.77,4.946,48.95,51.49,18.43,64.49,20.38,3.302,19.43,3.892,5.145,29.54,5.036,8.39,12.9,.876,2.352,3.629,.645,2.072
101,2017,261,1020,12.08,11.4,4.87,3.394,17.69,6.407,4.359,2.307,-10.19,-12.45,4.098,60.82,4.065,6.219,5.256,50.65,51.18,14.17,55.35,14.5,3.373,13.59,3.711,4.668,34.97,5.038,6.244,16.64,1.151,2.516,4.884,.853,2.304
101,2017,261,1030,12.08,9.24,3.646,2.527,15.58,6.365,4.14,2.409,-11.17,-11.62,3.654,53.2,3.966,6.122,5.375,48.91,49.45,12.05,48.57,12,3.086,11.53,3.609,4.616,36.51,4.567,5.065,16.22,1.255,2.367,5.544,1.024,2.253