101,2017,205,810,12.31,1.311,.59,.422,3.508,1.435,1.073,.434,-.707,-6.216,.566,55.04,1.279,1.2,.962,11.29,8.84,2.723,13.5,3.08,.561,8.63,1.775,1.445,7.1,.863,.878,2.056,.235,.352,.883,.24,.384
101,2017,205,820,12.31,1.654,.67,.491,4.188,1.564,1.195,.449,-.126,-6.253,.667,66.14,1.368,1.418,1.019,11.59,9.31,3.188,32.64,2.723,.551,12.5,1.932,1.534,7.89,.893,.855,1.813,.253,.375,.856,.246,.391
101,2017,205,830,12.31,1.716,.451,.385,2.408,1.223,.826,.444,.811,-6.464,.543,77.2,1.431,1.192,1.026,10.79,7.7,2.098,51.27,2.779,.565,17.29,1.766,1.197,8.02,.804,.701,1.842,.241,.335,.836,.235,.375
101,2017,205,840,12.31,.98,.436,.424,2.39,1.301,.883,.463,-1.016,-6.876,.572,82.5,1.413,1.198,1.088,10.51,13.55,2.266,56.72,2.556,.592,22.06,1.839,1.23,7.95,.994,.742,1.932,.268,.365,.868,.25,.682
101,2017,205,850,12.32,1.032,.459,.442,2.615,1.52,1.007,.499,-1.049,-7.02,.617,87.5,1.508,1.269,1.178,10.83,18.96,2.445,61.85,2.879,.623,25.34,1.859,1.259,9.84,.96,.82,2.025,.277,.37,.907,.273,.436
101,2017,205,900,12.32,1.091,.503,.486,2.858,1.81,1.522,.518,-.605,-6.774,.662,92,1.869,1.331,1.269,11.28,23.86,2.524,66.68,3.265,.679,27.91,33.05,1.441,9.27,1.156,.88,2.11,.302,.402,.947,.302,.436
101,2017,205,910,12.32,1.151,.536,.558,3.452,2.155,1.711,.717,1.001,-6.394,.712,95.9,1.694,1.386,1.347,12.42,28.41,32.72,71.1,4.577,.734,30.23,53.96,1.559,9.04,1.051,.95,2.189,.323,.429,.992,.315,.436
101,2017,205,920,12.32,1.197,.563,.618,8.07,2.492,1.699,.548,4.121,-6.042,.754,99.3,1.386,1.441,1.445,15.3,32.3,76.9,75.1,3.515,.816,32.29,45.67,1.398,9.21,1.118,.969,2.264,.335,.436,1.042,.335,.456
101,2017,205,930,12.32,1.239,.583,.674,32.73,2.556,1.815,.578,5.276,-5.661,.791,102.2,1.394,1.587,1.899,19.57,35.79,34.1,78.9,3.974,.979,33.68,6.052,1.515,9.43,1.205,1.001,2.336,.337,.436,1.084,.362,.473
101,2017,205,940,12.32,1.282,.612,.741,35.96,2.601,1.937,.791,7.35,-5.364,.83,104.9,1.408,1.483,1.686,24.37,39,2.898,82.4,4.431,1.061,27.24,2.913,1.55,9.68,1.25,1.068,2.425,.367,.444,1.128,.387,.511
101,2017,205,950,12.32,1.346,.647,.806,37.46,7.28,1.813,.677,8.27,-4.968,.878,106.5,1.419,1.535,1.783,28.73,42.35,2.984,85.2,5.247,1.16,15.33,1.818,1.826,10.04,1.399,1.138,2.539,.369,.469,1.173,.402,.545
101,2017,205,1000,12.32,1.433,.707,.855,38.95,19.43,7.63,1.176,12.48,-4.251,.94,108.2,1.474,1.536,1.87,32.97,44.98,3.153,87.8,5.625,1.242,15.26,1.704,15.23,10.5,1.471,1.257,2.718,.397,.493,1.235,.441,.596
101,2017,205,1010,12.32,1.468,.737,.896,40.51,25.29,30.61,3.468,28.8,-2.972,1.19,110.8,1.505,1.541,2.001,37.52,34.99,3.242,91,72.4,1.355,24.3,12.74,80.8,11.04,1.607,1.377,2.848,.402,.516,1.278,1.588,.618
101,2017,205,1020,12.32,4.214,.789,1.215,41.76,35.14,20.89,15.25,16.61,2.161,1.015,112.5,1.553,1.541,2.994,42.06,15.27,3.399,93.6,83.1,1.448,32.71,4.658,31.05,12.57,1.858,1.451,3.048,.402,.543,1.344,2.052,.658
101,2017,205,1030,12.32,1.567,.809,1.005,42.64,57.02,8.48,1.409,3.639,-2.419,1.039,113.4,1.629,1.515,3.85,46.55,10.55,3.47,95.5,23.95,1.952,28.61,2.833,1.808,14.68,2.051,1.645,3.165,.419,.57,1.379,.498,.67
101,2017,205,1040,12.32,1.612,.859,1.03,42.74,67.01,14.27,6.94,6.016,-.253,1.086,114,1.645,1.521,3.162,51.38,10.55,3.689,97.1,89.4,8,22.74,1.655,1.742,17.35,2.145,1.684,3.326,.436,.596,1.422,.486,.719
101,2017,205,1050,12.33,1.632,.891,1.064,37.84,72.3,9.23,1.324,1.461,-2.414,1.521,114.3,1.709,1.515,5.268,55.92,10.55,3.735,98.6,93.1,2.322,21.52,1.541,1.654,20.54,2.18,1.67,5.053,.436,.627,1.459,.521,.776
101,2017,205,1100,12.33,1.637,.901,1.037,31.39,65.59,7.88,2.587,-1.694,-1.746,1.106,115.3,1.798,1.474,9.3,60.86,10.5,3.589,100.6,95.4,1.841,27.6,3.55,1.583,24.23,2.233,2.284,9.52,.436,.642,1.871,.56,.774
101,2017,205,1110,12.33,1.739,.995,1.037,24.41,12.87,2.057,.809,-8.45,-3.248,1.146,114.9,1.891,1.545,9.41,65.23,11.11,3.656,101.3,95.9,2.166,28.38,2.106,1.638,27.76,2.243,1.63,36.27,.449,.685,1.592,.606,.829
101,2017,205,1120,12.33,1.841,1.079,1.059,19.06,20.49,1.799,.833,-10.5,-2.947,1.198,114.7,2.025,1.541,6.329,69.49,11.82,3.781,102.3,96.3,2.131,12.57,1.369,1.757,30.65,2.213,1.709,56.66,.496,.734,1.675,.628,.881
101,2017,205,1130,12.33,1.854,1.26,1.389,17.17,4.426,3.247,.838,-9.68,-3.149,2.034,114.4,2.121,1.541,2.317,73.5,12.28,3.806,103.1,96.6,2.226,3.702,1.327,2.334,33.24,2.189,1.722,60.44,.533,1.92,1.725,.658,3.479
101,2017,205,1140,12.33,1.861,1.531,1.508,12.32,3.091,1.622,.838,-11.44,-2.938,1.206,113.7,36.36,1.56,15.4,77.1,13.69,12.04,103.8,97.7,2.411,3.535,1.288,49.58,35.53,2.168,2.005,63.78,.59,.801,1.784,.695,.946
101,2017,205,1150,12.33,1.871,1.141,9.14,14.25,1.94,6.581,.851,-9.24,-2.487,1.206,113,26.8,1.506,22.45,80.5,15.18,50.94,104.1,98,2.682,3.419,1.255,1.799,37.28,2.163,3.312,66.79,.621,1.764,1.869,.727,1
101,2017,205,1200,12.33,1.863,1.189,1.1,19.13,1.861,2.524,.886,-14.25,-2.489,1.27,111.8,20.68,1.494,21.4,83.2,15.45,4.382,104.2,77.4,2.549,3.325,1.261,1.781,38.73,2.162,6.194,69.38,.638,.871,1.925,.752,1.075
101,2017,205,1210,12.33,1.95,1.792,12.22,30.32,2.278,4.753,.904,-12.9,-2.204,2.745,110.4,3.985,1.501,19.27,85.7,15.47,3.7,103.9,97.9,2.789,3.296,1.243,6.144,40.85,2.382,18.31,71.7,.755,.968,1.965,.769,1.203
101,2017,205,1220,12.34,2.119,1.574,1.035,12.32,2.087,40.79,.914,17.57,-2.12,3.7,108.6,2.392,1.501,16.37,87.9,18.1,3.733,103.3,97,2.822,3.222,1.273,20.16,42.94,2.929,11.24,73.6,.687,1.224,2.167,.772,1.457
101,2017,205,1230,12.34,6.916,1.501,.975,6.632,5.17,1.69,.941,-17.07,-1.799,1.869,106.8,2.46,1.581,12.15,89.9,55.83,17.66,102.6,95.6,12.63,3.171,1.273,1.924,44.91,51.41,11.49,75.4,.646,23.04,2.211,.804,2.507
101,2017,205,1240,12.34,10.63,1.434,1.194,4.249,22.45,17.16,.971,-3.39,-1.144,1.278,104.5,2.496,4.182,4.601,91.6,73.4,85.2,101.6,93.9,52.45,3.14,1.243,1.948,46.67,8.1,2.221,76.8,.677,12.24,2.316,.837,1.397
101,2017,205,1250,12.34,2.258,1.372,1.628,3.981,6.019,2.187,1.002,-16.22,-1.377,1.316,101.5,2.78,2.755,2.65,92.5,59,82.3,99.8,86.1,50.22,3.09,1.256,13.53,47.95,14.46,18.36,77.5,.705,6.56,2.407,.919,1.601
101,2017,205,1300,12.35,2.048,1.387,.976,3.939,10.48,1.77,3.705,-17.13,-.08,1.34,99.3,2.645,2.539,2.685,94,27.41,14.05,98.6,22.37,26.32,3.042,1.286,2.439,49.3,10.47,4.167,78.5,.715,2.897,2.437,.914,1.521
101,2017,205,1310,12.35,1.921,1.259,3.147,5.085,2.388,4.959,1.038,-14.57,-1.372,1.34,96.3,2.611,1.507,2.688,95.1,21.95,3.763,97.3,6.447,11.34,2.975,1.258,2.112,50.64,2.501,2.834,79.7,.749,3.087,2.556,.921,1.529
101,2017,205,1320,12.35,1.864,1.241,.998,3.768,1.844,2.794,1.06,-18.51,-1.258,4.611,93.3,2.774,1.509,2.681,95.8,14.14,3.651,95.7,5.895,6.711,2.943,1.288,2.266,51.6,2.623,10.4,80.3,.747,5.108,2.758,1.109,1.496
101,2017,205,1330,12.35,1.799,1.141,.858,3.599,6.076,1.452,3.455,-18.15,-.052,1.348,90.3,7.06,1.584,2.71,96.4,13.72,3.514,93.9,5.38,5.365,2.903,1.306,2.571,52.31,2.646,40.27,81.2,.794,1.414,2.903,.916,1.417
101,2017,205,1340,12.35,1.737,1.069,.787,3.477,3.335,1.382,1.048,-16.92,-1.157,2.769,87.5,36.02,1.45,2.82,97.2,12.75,3.42,92.3,5.244,4.882,2.881,1.298,70.5,52.93,2.485,21.91,82,.847,2.129,3.058,.891,1.388
101,2017,205,1350,12.35,1.641,.98,.75,3.353,16.74,2.596,1.057,-16.09,-1.038,1.532,83.7,66.41,1.44,2.958,97.1,12.44,3.358,89.8,18.69,4.509,2.929,1.296,31.6,53.08,2.343,6.244,81.6,.804,5.5,3.16,.894,1.427
101,2017,205,1400,12.35,1.574,.894,1.584,3.231,1.683,1.832,1.04,-18.42,-1.244,3.859,79.8,71.5,1.452,3.176,97.2,12.58,3.261,87.4,5.018,20.79,13.16,1.244,2.184,53.28,2.31,2.779,81.5,.844,1.976,3.137,.904,1.527
101,2017,205,1410,12.35,1.509,.819,5.284,3.154,1.65,1.399,1.074,-18.39,-.868,13.8,75.1,54.98,2.099,3.443,96,12.88,3.201,83.8,4.713,49.02,7.88,1.239,2.137,52.72,2.469,2.522,79.9,.837,1.536,2.594,.837,1.579
101,2017,205,1420,12.35,1.457,.775,.73,3.098,1.63,1.449,1.095,-18.2,-.571,1.807,71,4.49,1.496,3.902,95.6,13.32,3.248,80.8,6.433,6.956,2.99,1.353,11.99,52.46,2.837,2.415,79.1,.822,1.489,2.29,.782,1.717
101,2017,205,1430,12.35,1.437,.74,.703,3.048,1.633,2.598,1.149,-16.99,-.476,21.23,65.28,2.713,1.574,6.035,92.9,14.39,3.306,75.9,19.68,5.433,2.973,1.956,4.03,50.9,3.47,2.311,75.8,.863,2.181,2.243,.673,1.929
101,2017,205,1440,12.35,1.439,.713,.703,3.05,1.643,1.477,11.59,-17.76,4.437,1.839,62.16,2.485,16.11,4.378,93.9,19.29,3.202,74.3,4.726,7.13,3.073,33.22,33.62,51.37,3.207,2.286,76.3,.945,1.444,2.164,.61,1.918
101,2017,205,1450,12.35,1.7,.842,.792,3.653,4.068,1.61,1.372,-16.82,-.945,2.211,58.22,2.482,1.789,7.27,93.4,29.86,3.355,71.3,4.767,9.44,3.105,29.84,17.12,51.48,38.68,2.348,74.4,1.194,1.522,2.402,.601,2.204
101,2017,205,1500,12.38,1.539,.821,.861,3.42,1.827,22.11,6.574,2.755,1.491,2.368,53.99,3.109,1.876,6.681,92.4,24.54,3.325,68.09,4.976,12.18,3.243,1.886,2.551,51.06,72.1,2.568,71.8,13.42,4.118,2.752,.598,2.693
101,2017,205,1510,12.38,1.682,.906,.894,3.76,1.916,3.214,1.432,-14.26,-1.713,2.705,41.05,2.81,1.673,5.318,71.2,21.3,3.249,50.69,5.822,24.74,2.978,1.368,2.283,39.92,19.09,2.249,21.42,16.36,2.613,2.619,.494,1.841
101,2017,205,1520,12.37,1.439,.759,.801,3.37,1.884,1.904,1.265,-16.94,-2.134,4.343,37.14,2.646,1.556,5.015,69.37,35.76,3.139,47.38,5.879,48.28,2.857,1.261,3.211,38.69,3.71,1.978,10.72,11.93,1.457,2.769,.464,1.903
101,2017,205,1530,12.37,1.596,.861,.956,3.76,3.06,3.134,1.439,-14.47,-2.187,47.12,41.04,3.395,1.939,5.715,82.6,59.07,3.599,54.86,6.641,47.94,3.134,1.651,2.695,45.48,3.475,2.338,12.36,1.33,1.524,3.266,.546,2.417
101,2017,205,1540,12.36,2.238,1.137,1.187,4.886,2.485,2.306,1.318,-14.58,-2.517,53.35,41.94,3.231,2.33,4.926,89.1,64.7,4.515,56.98,10.81,62.29,3.526,1.462,2.63,47.93,3.147,2.465,11.34,.945,1.548,3.167,.548,1.849
101,2017,205,1550,12.36,2.306,1,1.007,5.071,2.243,1.682,1.136,-12.37,-3.105,9.55,32.4,2.283,3.259,6.431,76.7,55.3,4.335,45.24,25.22,54.53,3.464,1.338,1.96,22.47,2.496,1.661,6.658,.702,1.099,2.608,.446,1.465
101,2017,205,1600,12.36,1.985,.802,1.593,4.209,1.966,1.429,.903,-10.77,-3.532,1.935,27.66,2.042,1.784,13.51,74.3,52.2,3.822,40.75,19.7,50.48,3.147,1.154,1.673,15.12,2.075,1.424,5.402,.559,.889,2.196,.412,1.032
101,2017,205,1610,12.36,1.449,.668,.652,3.306,1.628,1.224,.831,-9.95,-3.814,1.35,22.72,1.848,1.389,2.528,67.93,45.96,3.074,34.81,12.24,19.53,2.794,1.025,1.544,13.36,1.95,1.193,5.089,.486,.69,1.978,.379,.968
101,2017,205,1620,12.36,1.228,.553,.526,2.775,1.444,1.1,.797,-10,-3.94,1.199,18.64,1.715,1.265,2.358,62.77,41.4,2.673,29.79,4.476,3.31,2.533,.908,1.623,13.24,1.802,1.114,5.146,.437,.618,2.107,.362,.978
101,2017,205,1630,12.36,1.541,.675,.675,3.25,1.7,1.296,.982,-11.73,-3.972,1.407,17.2,1.75,1.564,2.794,39.33,26.62,2.687,19.24,3.755,3.042,2.566,.963,2.069,16.08,2.072,1.429,7.93,.529,.797,2.631,.417,1.436
101,2017,205,1640,12.36,1.714,.697,.637,3.506,1.767,1.166,.893,-13.35,-4.206,1.204,14.31,1.342,1.544,2.273,20.77,17.87,2.588,14.63,3.05,2.235,2.402,.926,1.543,15.65,1.678,1.342,6.63,.481,.714,2.606,.412,1.139
101,2017,205,1650,12.36,1.588,.591,.546,3.29,1.632,.992,.829,-13.64,-4.427,1.035,12.21,1.112,1.405,2.037,19.22,16.3,2.337,12.6,2.523,1.68,2.178,.868,1.325,14.74,1.771,1.178,5.732,.429,.611,2.357,.387,1.002
101,2017,205,1700,12.36,1.409,.526,.492,2.988,1.503,.868,.742,-13.15,-4.617,.849,10.83,.973,1.245,1.722,19.94,15.27,2.075,11.04,2.333,1.405,1.992,.799,1.221,18.33,2.186,1.134,4.955,.387,.539,2.064,.365,.767
101,2017,205,1710,12.36,1.097,.431,.387,2.355,1.164,.645,.586,-11.86,-4.841,.66,8.11,.672,.896,1.3,13.07,11.71,1.583,8.35,1.689,1.067,1.538,.6,.889,12.47,1.201,.791,3.538,.303,.409,1.771,.285,.568
101,2017,205,1720,12.36,.64,.263,.24,1.348,.759,.425,.41,-12.73,-5.228,.439,5.051,.461,.608,.901,8.19,7.52,.926,5.317,.993,.677,.951,.384,.611,6.984,.68,.476,2.54,.203,.293,1.198,.196,.434
101,2017,205,1730,12.35,.394,.156,.171,.767,.461,.285,.266,-11.45,-5.604,.295,3.258,.338,.4,.585,4.919,4.622,.528,3.503,.632,.417,.549,.245,.409,4.258,.414,.36,1.816,.134,.198,.766,.127,.317
101,2017,205,1740,12.35,.26,.097,.095,.518,.3,.166,.142,-11.47,-5.974,.164,1.896,.173,.236,.318,2.64,2.553,.362,1.92,.392,.209,.362,.152,.216,2.33,.231,.213,.864,.072,.107,.405,.069,.147
101,2017,205,1750,12.35,.161,.064,.062,.335,.176,.099,.077,-10.55,-6.182,.087,1.074,.099,.139,.178,1.468,1.439,.218,1.061,.228,.104,.221,.08,.124,1.32,.136,.119,.474,.039,.065,.228,.039,.074
101,2017,205,1800,12.35,.089,.03,.032,.179,.09,.052,.045,-9.82,-6.723,.049,.561,.055,.075,.09,.729,.707,.114,.543,.122,.06,.116,.049,.062,.648,.072,.059,.261,.02,.034,.114,.023,.045
101,2017,205,1810,12.35,.037,.003,.007,.062,.034,.012,.012,-9.57,-7.46,.015,.208,.013,.022,.03,.278,.263,.047,.204,.049,.02,.044,.01,.023,.24,.025,.015,.09,0,.007,.04,0,.013
101,2017,205,1820,12.35,0,0,0,.003,0,0,0,-9.69,-8.35,0,.032,0,0,0,.044,.04,.002,.028,0,0,0,0,0,.037,0,0,.012,0,0,0,0,0
101,2017,205,1830,12.35,0,0,0,0,0,0,0,-9.07,-9.57,0,0,0,0,0,0,0,0,0,0,0,0,0,0,0,0,0,0,0,0,0,0,0
101,2017,205,1840,12.35,0,0,0,0,0,0,0,-9.04,-10.25,0,0,0,0,0,0,0,0,0,0,0,0,0,0,0,0,0,0,0,0,0,0,0
101,2017,205,1850,12.35,0,0,0,0,0,0,0,-8.92,-11.61,0,0,0,0,0,0,0,0,0,0,0,0,0,0,0,0,0,0,0,0,0,0,0
101,2017,205,1900,12.35,0,0,0,0,0,0,0,-8.54,-12.53,0,0,0,0,0,0,0,0,0,0,0,0,0,0,0,0,0,0,0,0,0,0,0
101,2017,205,1910,12.35,0,0,0,0,0,0,0,-8.25,-12.93,0,0,0,0,0,0,0,0,0,0,0,0,0,0,0,0,0,0,0,0,0,0,0
101,2017,205,1920,12.35,0,0,0,0,0,0,0,-7.22,-13.2,0,0,0,0,0,0,0,0,0,0,0,0,0,0,0,0,0,0,0,0,0,0,0
101,2017,205,1930,12.35,0,0,0,0,0,0,0,-7.57,-13.43,0,0,0,0,0,0,0,0,0,0,0,0,0,0,0,0,0,0,0,0,0,0,0
101,2017,205,1940,12.34,0,0,0,0,0,0,0,-8.21,-13.31,0,0,0,0,0,0,0,0,0,0,0,0,0,0,0,0,0,0,0,0,0,0,0
101,2017,205,1950,12.34,0,0,0,0,0,0,0,-8.38,-13.65,0,0,0,0,0,0,0,0,0,0,0,0,0,0,0,0,0,0,0,0,0,0,0
101,2017,205,2000,12.34,0,0,0,0,0,0,0,-7.95,-13.52,0,0,0,0,0,0,0,0,0,0,0,0,0,0,0,0,0,0,0,0,0,0,0
101,2017,205,2010,12.34,0,0,0,0,0,0,0,-8.55,-13.09,0,0,0,0,0,0,0,0,0,0,0,0,0,0,0,0,0,0,0,0,0,0,0
101,2017,205,2020,12.34,0,0,0,0,0,0,0,-9.32,-12.58,0,0,0,0,0,0,0,0,0,0,0,0,0,0,0,0,0,0,0,0,0,0,0
101,2017,205,2030,12.34,0,0,0,0,0,0,0,-9.46,-12.62,0,0,0,0,0,0,0,0,0,0,0,0,0,0,0,0,0,0,0,0,0,0,0
101,2017,205,2040,12.34,0,0,0,0,0,0,0,-9.31,-12.88,0,0,0,0,0,0,0,0,0,0,0,0,0,0,0,0,0,0,0,0,0,0,0
101,2017,205,2050,12.34,0,0,0,0,0,0,0,-7.96,-11.88,0,0,0,0,0,0,0,0,0,0,0,0,0,0,0,0,0,0,0,0,0,0,0
101,2017,205,2100,12.34,0,0,0,0,0,0,0,-8.55,-11.75,0,0,0,0,0,0,0,0,0,0,0,0,0,0,0,0,0,0,0,0,0,0,0
101,2017,205,2110,12.34,0,0,0,0,0,0,0,-8.59,-11.83,0,0,0,0,0,0,0,0,0,0,0,0,0,0,0,0,0,0,0,0,0,0,0
101,2017,205,2120,12.34,0,0,0,0,0,0,0,-8.54,-11.85,0,0,0,0,0,0,0,0,0,0,0,0,0,0,0,0,0,0,0,0,0,0,0
101,2017,205,2130,12.34,0,0,0,0,0,0,0,-9.09,-11.67,0,0,0,0,0,0,0,0,0,0,0,0,0,0,0,0,0,0,0,0,0,0,0
101,2017,205,2140,12.34,0,0,0,0,0,0,0,-9.22,-12.51,0,0,0,0,0,0,0,0,0,0,0,0,0,0,0,0,0,0,0,0,0,0,0
101,2017,205,2150,12.34,0,0,0,0,0,0,0,-8.65,-13.09,0,0,0,0,0,0,0,0,0,0,0,0,0,0,0,0,0,0,0,0,0,0,0
101,2017,205,2200,12.34,0,0,0,0,0,0,0,-8.14,-13.29,0,0,0,0,0,0,0,0,0,0,0,0,0,0,0,0,0,0,0,0,0,0,0
101,2017,205,2210,12.34,0,0,0,0,0,0,0,-8.06,-13.29,0,0,0,0,0,0,0,0,0,0,0,0,0,0,0,0,0,0,0,0,0,0,0
101,2017,205,2220,12.34,0,0,0,0,0,0,0,-7.47,-13.49,0,0,0,0,0,0,0,0,0,0,0,0,0,0,0,0,0,0,0,0,0,0,0
101,2017,205,2230,12.34,0,0,0,0,0,0,0,-7.82,-13.46,0,0,0,0,0,0,0,0,0,0,0,0,0,0,0,0,0,0,0,0,0,0,0
101,2017,205,2240,12.34,0,0,0,0,0,0,0,-7.42,-13.11,0,0,0,0,0,0,0,0,0,0,0,0,0,0,0,0,0,0,0,0,0,0,0
101,2017,205,2250,12.34,0,0,0,0,0,0,0,-5.973,-12.37,0,0,0,0,0,0,0,0,0,0,0,0,0,0,0,0,0,0,0,0,0,0,0
101,2017,205,2300,12.34,0,0,0,0,0,0,0,-6.109,-12.35,0,0,0,0,0,0,0,0,0,0,0,0,0,0,0,0,0,0,0,0,0,0,0
101,2017,205,2310,12.33,0,0,0,0,0,0,0,-6.559,-12.44,0,0,0,0,0,0,0,0,0,0,0,0,0,0,0,0,0,0,0,0,0,0,0
101,2017,205,2320,12.33,0,0,0,0,0,0,0,-6.346,-12.31,0,0,0,0,0,0,0,0,0,0,0,0,0,0,0,0,0,0,0,0,0,0,0
101,2017,205,2330,12.33,0,0,0,0,0,0,0,-5.815,-11.7,0,0,0,0,0,0,0,0,0,0,0,0,0,0,0,0,0,0,0,0,0,0,0
101,2017,205,2340,12.33,0,0,0,0,0,0,0,-6.515,-11.37,0,0,0,0,0,0,0,0,0,0,0,0,0,0,0,0,0,0,0,0,0,0,0
101,2017,205,2350,12.33,0,0,0,0,0,0,0,-6.629,-11.6,0,0,0,0,0,0,0,0,0,0,0,0,0,0,0,0,0,0,0,0,0,0,0
101,2017,205,2400,12.33,0,0,0,0,0,0,0,-6.867,-11.18,0,0,0,0,0,0,0,0,0,0,0,0,0,0,0,0,0,0,0,0,0,0,0
101,2017,206,10,12.33,0,0,0,0,0,0,0,-7.68,-12.07,0,0,0,0,0,0,0,0,0,0,0,0,0,0,0,0,0,0,0,0,0,0,0
101,2017,206,20,12.33,0,0,0,0,0,0,0,-7.52,-12.22,0,0,0,0,0,0,0,0,0,0,0,0,0,0,0,0,0,0,0,0,0,0,0
101,2017,206,30,12.33,0,0,0,0,0,0,0,-6.897,-11.53,0,0,0,0,0,0,0,0,0,0,0,0,0,0,0,0,0,0,0,0,0,0,0
101,2017,206,40,12.33,0,0,0,0,0,0,0,-6.251,-10.82,0,0,0,0,0,0,0,0,0,0,0,0,0,0,0,0,0,0,0,0,0,0,0
101,2017,206,50,12.33,0,0,0,0,0,0,0,-5.792,-10.62,0,0,0,0,0,0,0,0,0,0,0,0,0,0,0,0,0,0,0,0,0,0,0
101,2017,206,100,12.33,0,0,0,0,0,0,0,-5.504,-10.23,0,0,0,0,0,0,0,0,0,0,0,0,0,0,0,0,0,0,0,0,0,0,0
101,2017,206,110,12.33,0,0,0,0,0,0,0,-5.101,-10.16,0,0,0,0,0,0,0,0,0,0,0,0,0,0,0,0,0,0,0,0,0,0,0
101,2017,206,120,12.33,0,0,0,0,0,0,0,-5.454,-10.35,0,0,0,0,0,0,0,0,0,0,0,0,0,0,0,0,0,0,0,0,0,0,0
101,2017,206,130,12.33,0,0,0,0,0,0,0,-5.367,-10.99,0,0,0,0,0,0,0,0,0,0,0,0,0,0,0,0,0,0,0,0,0,0,0
101,2017,206,140,12.33,0,0,0,0,0,0,0,-4.942,-11.03,0,0,0,0,0,0,0,0,0,0,0,0,0,0,0,0,0,0,0,0,0,0,0
101,2017,206,150,12.33,0,0,0,0,0,0,0,-5.009,-10.63,0,0,0,0,0,0,0,0,0,0,0,0,0,0,0,0,0,0,0,0,0,0,0
101,2017,206,200,12.33,0,0,0,0,0,0,0,-7.04,-11.39,0,0,0,0,0,0,0,0,0,0,0,0,0,0,0,0,0,0,0,0,0,0,0
101,2017,206,210,12.33,0,0,0,0,0,0,0,-7.69,-11.29,0,0,0,0,0,0,0,0,0,0,0,0,0,0,0,0,0,0,0,0,0,0,0
101,2017,206,220,12.33,0,0,0,0,0,0,0,-7.94,-12.36,0,0,0,0,0,0,0,0,0,0,0,0,0,0,0,0,0,0,0,0,0,0,0
101,2017,206,230,12.33,0,0,0,0,0,0,0,-7.14,-11.34,0,0,0,0,0,0,0,0,0,0,0,0,0,0,0,0,0,0,0,0,0,0,0
101,2017,206,240,12.33,0,0,0,0,0,0,0,-6.797,-9.95,0,0,0,0,0,0,0,0,0,0,0,0,0,0,0,0,0,0,0,0,0,0,0
101,2017,206,250,12.33,0,0,0,0,0,0,0,-6.727,-9.52,0,0,0,0,0,0,0,0,0,0,0,0,0,0,0,0,0,0,0,0,0,0,0
101,2017,206,300,12.33,0,0,0,0,0,0,0,-6.036,-9.88,0,0,0,0,0,0,0,0,0,0,0,0,0,0,0,0,0,0,0,0,0,0,0
101,2017,206,310,12.33,0,0,0,0,0,0,0,-5.079,-9.18,0,0,0,0,0,0,0,0,0,0,0,0,0,0,0,0,0,0,0,0,0,0,0
101,2017,206,320,12.33,0,0,0,0,0,0,0,-5.369,-9.05,0,0,0,0,0,0,0,0,0,0,0,0,0,0,0,0,0,0,0,0,0,0,0
101,2017,206,330,12.33,0,0,0,0,0,0,0,-5.214,-9.03,0,0,0,0,0,0,0,0,0,0,0,0,0,0,0,0,0,0,0,0,0,0,0
101,2017,206,340,12.33,0,0,0,0,0,0,0,-5.753,-9.24,0,0,0,0,0,0,0,0,0,0,0,0,0,0,0,0,0,0,0,0,0,0,0
101,2017,206,350,12.33,0,0,0,0,0,0,0,-4.801,-8.8,0,0,0,0,0,0,0,0,0,0,0,0,0,0,0,0,0,0,0,0,0,0,0
101,2017,206,400,12.33,0,0,0,0,0,0,0,-4.53,-8.61,0,0,0,0,0,0,0,0,0,0,0,0,0,0,0,0,0,0,0,0,0,0,0
101,2017,206,410,12.33,0,0,0,0,0,0,0,-4.397,-8.71,0,0,0,0,0,0,0,0,0,0,0,0,0,0,0,0,0,0,0,0,0,0,0
101,2017,206,420,12.33,0,0,0,0,0,0,0,-4.404,-9.08,0,0,0,0,0,0,0,0,0,0,0,0,0,0,0,0,0,0,0,0,0,0,0
101,2017,206,430,12.33,0,0,0,0,0,0,0,-4.278,-8.95,0,0,0,0,0,0,0,0,0,0,0,0,0,0,0,0,0,0,0,0,0,0,0
101,2017,206,440,12.33,0,0,0,0,0,0,0,-5.502,-8.88,0,0,0,0,0,0,0,0,0,0,0,0,0,0,0,0,0,0,0,0,0,0,0
101,2017,206,450,12.33,0,0,0,0,0,0,0,-5.508,-8.78,0,0,0,0,0,0,0,0,0,0,0,0,0,0,0,0,0,0,0,0,0,0,0
101,2017,206,500,12.33,0,0,0,0,0,0,0,-5.426,-8.65,0,0,0,0,0,0,0,0,0,0,0,0,0,0,0,0,0,0,0,0,0,0,0
101,2017,206,510,12.33,0,0,0,0,0,0,0,-5.5,-8.6,0,0,0,0,0,0,0,0,0,0,0,0,0,0,0,0,0,0,0,0,0,0,0
101,2017,206,520,12.33,0,0,0,0,0,0,0,-5.202,-8.66,0,0,0,0,0,0,0,0,0,0,0,0,0,0,0,0,0,0,0,0,0,0,0
101,2017,206,530,12.33,0,0,0,0,0,0,0,-4.607,-8.5,0,0,0,0,0,0,0,0,0,0,0,0,0,0,0,0,0,0,0,0,0,0,0
101,2017,206,540,12.33,0,0,0,0,0,0,0,-3.97,-8.72,0,0,0,0,0,0,0,0,0,0,0,0,0,0,0,0,0,0,0,0,0,0,0
101,2017,206,550,12.33,0,0,0,0,0,0,0,-5,-9.07,0,0,0,0,0,0,0,0,0,0,0,0,0,0,0,0,0,0,0,0,0,0,0
101,2017,206,600,12.33,0,0,0,0,0,0,0,-4.171,-8.83,0,0,0,0,0,0,0,0,0,0,0,0,0,0,0,0,0,0,0,0,0,0,0
101,2017,206,610,12.33,0,0,0,0,0,0,0,-3.469,-8.74,0,0,0,0,0,0,0,0,0,0,0,0,0,0,0,0,0,0,0,0,0,0,0
101,2017,206,620,12.33,0,0,0,0,0,0,0,-4.26,-9.19,0,0,0,0,0,0,0,0,0,0,0,0,0,0,0,0,0,0,0,0,0,0,0
101,2017,206,630,12.33,0,0,0,0,0,0,0,-3.782,-9.33,0,0,0,0,0,0,0,0,0,0,0,0,0,0,0,0,0,0,0,0,0,0,0
101,2017,206,640,12.33,0,0,0,0,0,0,0,-6.018,-9.75,0,.008,0,0,0,.005,.003,0,.003,0,0,0,0,0,.002,0,0,0,0,0,0,0,0
101,2017,206,650,12.33,.015,0,0,.022,.01,0,0,-5.802,-9.46,0,.089,.002,.008,.007,.085,.085,.022,.079,.02,0,.017,0,.005,.074,.008,0,.028,0,0,.007,0,0
101,2017,206,700,12.33,.062,.022,.022,.126,.055,.034,.025,-4.547,-8.89,.03,.396,.035,.044,.049,.416,.411,.084,.36,.097,.035,.074,.028,.04,.365,.045,.04,.141,.003,.023,.062,.013,.022
101,2017,206,710,12.33,.173,.064,.049,.365,.166,.096,.06,-3.598,-8.3,.079,1.13,.092,.131,.132,1.187,1.18,.253,1.016,.27,.092,.226,.077,.106,1.012,.117,.101,.359,.032,.05,.164,.034,.055
101,2017,206,720,12.33,.372,.141,.104,.803,.355,.196,.124,-3.039,-8.29,.159,2.402,.176,.266,.255,2.366,2.4,.515,2.082,.561,.176,.468,.166,.218,2.016,.231,.199,.613,.065,.102,.31,.062,.109
101,2017,206,730,12.33,.53,.233,.158,1.247,.543,.323,.184,-3.315,-8.7,.228,3.746,.266,.409,.35,3.454,3.598,.799,3.132,.863,.26,.763,.265,.349,2.923,.349,.29,.823,.092,.139,.422,.091,.146
101,2017,206,740,12.33,.788,.33,.211,1.842,.732,.468,.22,-2.531,-8.3,.31,5.635,.37,.545,.431,4.471,4.74,1.279,4.54,1.307,.349,1.145,.377,.471,3.684,.442,.394,1.009,.119,.179,.461,.124,.184
101,2017,206,750,12.33,1.12,.464,.282,2.609,.964,.642,.287,-1.525,-8.3,.411,8.28,.545,.741,.546,6.025,6.223,1.844,6.655,2.123,.474,1.502,.478,.628,4.773,.587,.516,1.5,.161,.261,.588,.149,.256
101,2017,206,800,12.33,1.577,.618,.432,3.578,1.259,.791,.396,-1.783,-7.96,.53,10.81,.677,1.027,.791,8.14,8.51,2.365,8.95,2.601,.558,1.959,.675,.883,6.538,.751,.786,2.296,.225,.364,.85,.191,.384
101,2017,206,810,12.33,2.066,.804,.509,4.577,1.647,.974,.464,-1.973,-7.97,.691,13.15,.825,1.275,.982,10.07,10.5,3.02,10.78,2.971,.63,2.449,.815,1.027,8.09,.883,1.031,2.827,.27,.436,1.061,.231,.434
101,2017,206,820,12.33,2.427,.962,.563,5.241,1.79,1.104,.479,-1.337,-7.69,.729,15.3,.955,1.443,.989,10.79,11.47,3.563,12.19,3.481,.685,2.923,.985,1.093,8.66,.987,1.093,2.666,.287,.466,1.096,.25,.436
101,2017,206,830,12.33,2.876,1.079,.706,6.675,2.209,1.512,.565,-2.847,-7.69,.863,21.05,1.158,1.726,1.115,12.6,13.61,4.56,16.2,4.713,.843,3.888,1.406,1.468,9.93,1.197,1.297,2.678,.342,.518,1.22,.288,.453
101,2017,206,840,12.33,2.99,1.2,.783,7.3,2.609,1.706,.628,-4.063,-7.81,.98,32.66,1.272,1.991,1.269,13.75,14.96,5.377,23.91,5.521,.99,6.974,1.733,1.617,10.52,1.26,1.472,2.881,.362,.556,1.274,.323,.513
101,2017,206,850,12.33,3.141,1.289,.928,7.68,2.973,1.947,.865,-4.138,-7.83,1.183,35.59,1.42,2.132,1.681,17.28,18.27,5.128,26.56,6.082,1.324,7.43,1.963,2.098,13.48,1.647,1.636,4.5,.444,.685,1.939,.431,.764
101,2017,206,900,12.33,3.598,1.445,1.26,9.48,3.583,2.598,1.101,-2.266,-7.33,1.435,59.26,2.316,2.541,2.135,21.58,25.65,6.535,44.9,7.43,1.569,14.33,16.22,2.884,16.37,2.004,2.011,5.254,.508,.858,2.415,.474,.944
101,2017,206,910,12.33,4.461,1.745,1.418,10.94,4.754,3.434,1.926,.335,-6.075,1.894,102.6,2.943,3.628,2.929,27.81,39.87,40.29,77.8,8.54,1.887,28.66,44.04,4.051,20.71,2.428,2.693,7.55,.689,1.111,2.96,.627,1.233
101,2017,206,920,12.33,3.217,1.545,1.287,13.29,4.513,2.718,1.265,3.539,-6.421,1.625,98.6,2.041,3.102,2.693,26.57,39.64,53.97,75.2,7.41,1.625,28.74,37.59,2.73,18.98,2.351,2.098,5.912,.697,1.046,2.765,.597,1.103
101,2017,206,930,12.33,3.641,1.836,1.654,28.32,5.181,3.366,1.352,5.97,-6.298,1.865,91.4,2.311,3.517,3.023,30.56,40.64,17.51,71.4,9.99,1.915,24.99,6.439,3.678,20.37,2.594,2.476,6.67,.727,1.079,3.122,.665,1.218
101,2017,206,940,12.33,5.479,2.119,1.572,14.22,5.08,3.321,1.476,4.944,-5.99,2.039,43.1,2.584,3.766,2.937,29.66,30.92,9.19,36.01,10.42,2.126,7.9,2.832,3.446,22.77,2.654,2.957,8.01,.771,1.25,3.522,.645,1.344
101,2017,206,950,12.33,5.309,2.046,1.533,11.29,4.427,2.656,1.471,3.485,-5.579,2.094,34.2,2.867,3.607,3.366,31.7,31.3,7.68,30.67,8.1,2.146,5.877,2.104,2.875,25.27,2.691,3.208,10.64,.814,1.369,3.927,.674,1.528
101,2017,206,1000,12.33,4.311,1.629,1.211,8.82,3.688,2.196,1.379,1.592,-5.477,1.809,29.86,2.443,3.172,3.128,28.81,28.13,6.129,26.24,6.603,2.057,5.264,1.935,2.421,23.45,2.416,2.729,9.48,.794,1.24,3.647,.622,1.401
101,2017,206,1010,12.33,5.201,1.814,1.223,10.13,3.967,2.453,1.436,.997,-5.133,1.972,30.95,2.227,3.632,3.19,28.86,29.21,7.49,26.92,5.78,2.002,5.832,2.106,2.599,23.79,2.299,2.81,8.98,.834,1.288,3.738,.63,1.479
101,2017,206,1020,12.33,6.15,2.429,1.793,13.23,4.77,3.108,1.719,.859,-4.72,2.396,38.97,2.677,4.101,3.817,34.96,35.11,9,34.85,8.16,2.46,7.1,2.56,3.493,28.14,2.96,3.498,11.45,.938,1.563,4.413,.774,1.759
101,2017,206,1030,12.33,4.701,1.769,1.377,10.24,4.185,2.595,1.53,-1.069,-4.741,2.066,33.95,2.511,3.656,3.538,31.68,31.6,6.762,29.62,6.936,2.205,6.351,2.329,2.815,26.12,2.627,2.905,10.26,.927,1.399,4.106,.704,1.622
101,2017,206,1040,12.33,5.593,1.974,1.627,12.12,4.88,2.857,1.622,-3.369,-4.351,2.168,36.57,2.354,3.827,3.483,32.63,32.67,7.84,31.62,7.53,2.262,6.598,2.495,3.178,26.6,2.619,3.12,9.83,.9,1.387,4.07,.739,1.506
101,2017,206,1050,12.34,6.253,2.428,1.997,15.03,7.05,3.773,1.923,-2.381,-3.956,2.671,48.42,3.272,4.388,4.212,39.92,38.17,9.51,42.11,12.81,2.885,7.9,2.984,3.979,30.9,3.465,3.773,12.59,1.064,1.712,4.782,.848,1.91
101,2017,206,1100,12.35,6.145,2.538,1.913,14.34,6.117,3.656,1.907,-7.39,-3.932,2.728,49.29,3.654,4.482,4.455,41.22,39.33,9.51,43.04,12.59,3.141,7.84,3.029,3.952,32.32,3.475,4.075,13.96,1.097,1.784,5.08,.876,2.042
101,2017,206,1110,12.35,7.58,3.545,2.694,21.81,10.86,5.302,2.255,-7.99,-3.485,3.336,76.9,5.274,4.833,6.323,57.43,46.12,11.64,68.22,32.62,4.208,12.14,3.698,5.05,39.05,5.081,5.165,24.55,1.179,2.111,5.621,1.089,2.513
101,2017,206,1120,12.35,6.438,3.706,2.53,17.38,8.52,4.424,1.905,-12.27,-3.665,3,63.32,4.625,4.342,5.091,49.24,41.38,9.65,57.14,23.36,3.945,8.61,2.995,4.756,33.8,4.699,4.783,21.92,1.025,1.948,4.947,.926,2.349
101,2017,206,1130,12.35,5.748,3.253,2.25,13.95,4.744,3.639,1.668,-14.78,-3.885,2.724,54.7,4.513,3.555,4.618,45.21,37.1,9.01,50.72,19.39,3.898,6.186,2.568,4.27,30.74,4.216,4.327,20.72,.884,1.752,4.412,.767,2.402
101,2017,206,1140,12.35,6.404,3.231,2.246,13.98,4.818,3.618,1.826,-15.68,-3.63,2.868,51.88,5.052,3.788,5.154,46.14,39.81,9.36,48.81,15.68,3.977,6.347,2.662,4.731,32.85,4.332,4.491,20.21,.978,1.875,5.221,.881,2.442
101,2017,206,1150,12.35,6.588,3.508,2.57,16.05,5.835,4.31,2.106,-15.48,-2.952,3.164,62.08,6.742,4.407,6.692,55.14,45.34,12.85,57.68,22.43,4.34,7.18,2.854,4.779,38.55,4.915,5.402,25.21,1.156,2.585,6.007,1.059,2.601
101,2017,206,1200,12.35,5.999,3.345,2.632,15.09,5.972,4.37,2.132,-14.28,-2.7,3.164,60.51,6.032,4.273,6.345,54.04,44.27,9.84,56.29,20.88,4.603,6.953,2.774,4.746,37.51,5.014,5.37,24.21,1.134,2.101,5.881,1.052,2.687
101,2017,206,1210,12.35,5.886,3.901,7.67,21.03,5.957,6.715,2.37,-12.94,-2.627,3.56,95.2,7.18,4.089,12.82,81.5,45.45,9.82,90.5,56.27,5.655,7.01,2.799,6.342,49.04,5.875,9.67,50.02,1.218,2.28,6.205,1.25,3.211
101,2017,206,1220,12.34,6.729,3.985,2.697,16.2,5.662,14.88,2.189,-6.293,-2.762,3.097,92.2,6.764,3.757,10.81,78.3,45.6,10.02,87.5,55.58,5.203,6.737,2.663,7.31,46.78,5.915,7.57,50.04,.973,2.236,5.531,1.231,3.349
101,2017,206,1230,12.34,8.4,3.66,2.367,14.29,13.47,4.183,1.843,-14.29,-2.548,2.821,117.5,5.271,3.343,11.73,97,70.5,26.7,111.8,86.5,11.25,6.807,2.732,4.226,53.17,37.66,12.46,69.91,1.007,15.25,4.755,1.208,6.643
101,2017,206,1240,12.35,9.8,3.057,2.66,12.12,23.35,15.92,1.621,-4.295,-2.221,2.486,117.8,4.459,4.995,6.058,101.2,80.5,90.5,112.9,91.8,49.65,6.072,2.35,3.579,54.53,11.16,4.125,75.7,.966,11.12,3.945,1.117,2.092
101,2017,206,1250,12.35,5.01,2.96,2.867,9.65,4.695,4.184,1.538,-15.01,-2.658,2.28,108.7,4.577,3.842,3.815,98,64.45,69.93,105.1,82.1,48.88,5.316,2.105,13.46,52.71,9.53,19.77,73.9,.968,7.26,3.64,1.05,2.122
101,2017,206,1300,12.35,4.551,2.856,1.941,8.34,5.031,4.544,2.851,-15.02,-1.991,2.442,100.3,5.54,3.651,4.417,95.1,37.71,12.43,98.5,31.7,26.77,4.899,2.084,4.775,52.21,9.75,6.17,71.1,1.008,3.7,3.738,1.122,2.42
101,2017,206,1310,12.35,4.271,2.459,2.482,8.36,3.465,4.651,1.549,-14.9,-2.137,2.127,74.5,5.447,2.465,3.778,71,31.38,7.29,72.4,12.61,8.73,4.527,1.921,4.057,40.98,3.636,6.41,49.4,.816,2.512,3.531,.923,2.089
101,2017,206,1320,12.35,3.294,2.149,1.846,6.679,2.748,2.844,1.46,-17.56,-2.053,6.837,95.4,4.891,2.346,3.723,95.8,24.44,6.066,95.4,10.82,7.24,4.293,1.832,3.686,52.85,3.686,20.94,74.2,.884,4.36,3.633,1.199,2.062
101,2017,206,1330,12.35,2.405,1.573,1.147,4.835,6.519,1.966,5.135,-17.65,-.218,1.784,91.1,8.43,1.96,3.499,96.2,19.11,4.84,93.2,8.18,6.249,3.629,1.598,3.732,52.37,3.343,40.74,76.8,.893,1.646,3.492,.986,1.901
101,2017,206,1340,12.35,2.151,1.358,1.045,4.361,2.408,1.931,1.328,-18.24,-1.983,4,86.1,33.26,1.894,3.762,95.2,18.57,4.591,89.3,7.81,5.879,3.489,1.573,67.37,52.11,3.209,24.84,75.5,.945,3.274,3.675,.94,1.995
101,2017,206,1350,12.35,2.117,1.316,1.31,4.415,21.17,4.919,1.402,-16.59,-1.558,1.98,81.3,55.65,1.958,4.04,94,19.59,4.748,85.4,15.04,5.839,3.936,1.625,28.56,51.76,3.239,7.79,72.6,.926,9.93,3.911,.94,2.127
101,2017,206,1400,12.35,2.278,1.286,1.414,4.81,2.532,2.335,1.45,-19.34,-1.661,2.856,80.7,56.95,2.075,4.41,96.4,21.16,5.167,85.6,8.68,18.84,12.9,1.67,3.269,53.04,3.457,3.631,73.4,.998,3.122,4.157,.986,2.36
101,2017,206,1410,12.35,2.569,1.452,5.333,5.155,2.507,2.293,1.549,-19.94,-1.077,8.11,77.2,41.69,2.228,4.81,96.1,23.02,5.219,83.3,8.44,38.52,8.36,1.718,3.38,53.57,3.713,3.613,72.4,1.035,1.985,3.879,.966,2.464
101,2017,206,1420,12.35,2.373,1.323,1.166,4.934,2.497,2.323,1.596,-18.84,-.66,2.497,71.9,6.453,2.256,5.298,93.5,23.63,5.03,79.1,9.09,7.64,3.929,2.139,11.17,52.42,3.866,3.42,69.64,1.033,1.893,3.68,.899,2.708
101,2017,206,1430,12.35,2.099,1.077,1.102,4.428,2.418,2.889,1.568,-17.92,-.509,14.61,67.92,4.695,2.212,6.756,92.2,23.27,4.891,75.8,20.21,7,3.795,2.619,5.725,51.39,4.046,3.561,68.48,1.048,3.71,3.42,.817,2.725
101,2017,206,1440,12.35,1.913,1.013,1.03,4.137,2.29,2.182,6.508,-18.24,1.67,2.579,59.85,4.02,7.99,6.009,85.6,26.21,4.517,68.18,7.45,8.34,3.695,30.01,24.42,47.71,4.345,3.011,61.61,1.105,1.683,3.281,.705,2.601
101,2017,206,1450,12.35,1.708,.841,.93,3.469,2.12,2.157,1.641,-19.16,-.985,2.785,32.4,3.921,2.249,5.18,44.65,25.03,3.576,34.51,5.937,5.911,3.087,5.991,5.731,27.35,5.83,2.509,24.04,.997,1.42,3.31,.541,2.787
101,2017,206,1500,12.35,1.755,.822,1.042,3.623,2.268,7.9,5.346,-12.48,.745,2.896,34.45,3.706,2.424,5.743,51.5,27.55,3.879,38.5,6.142,7.68,3.293,1.836,3.157,31.68,15.83,2.459,27.82,3.474,1.97,4.187,.593,3.207
101,2017,206,1510,12.35,1.7,.831,.961,3.644,2.338,2.631,1.973,-15.9,-1.437,3.12,39.18,4.241,2.191,6.008,66.75,27.64,3.824,46.83,6.078,25.16,3.392,1.611,3.07,38.9,7.11,2.385,16.16,12.03,1.909,4.36,.643,2.787
101,2017,206,1520,12.35,1.666,.786,.856,3.767,2.14,1.986,1.432,-15.03,-2.097,2.911,27.96,2.901,1.961,4.937,43.4,26.92,3.512,30.7,5.348,14.44,3.258,1.452,2.67,27.1,3.36,1.911,11.98,4.239,1.231,3.65,.524,2.367
101,2017,206,1530,12.35,2.156,.936,.926,4.721,2.547,1.975,1.42,-14.25,-2.501,2.335,24.91,2.954,2.425,4.184,32.82,26.57,3.958,24.97,5.281,3.842,3.609,1.509,2.757,23.91,2.787,2.094,12.14,.769,1.181,4.043,.593,2.43
101,2017,206,1540,12.35,3.11,1.271,1.159,6.272,3.05,2.444,1.702,-11.9,-2.631,10.95,29.32,2.911,2.852,5.026,46.95,37.78,4.711,32.82,6.251,12.92,4.221,1.735,2.916,31.62,3.273,2.355,13.26,.936,1.393,4.497,.698,2.628
101,2017,206,1550,12.35,2.847,1.196,1.129,5.643,2.678,2.127,1.462,-12.38,-3.058,2.723,28.11,2.859,2.728,6.733,46.48,35.72,4.494,31.62,9.5,14.11,3.974,1.608,2.713,25.51,3.144,2.442,12.25,.884,1.298,3.958,.631,2.243
101,2017,206,1600,12.35,2.045,.926,1.306,4.41,2.263,1.842,1.288,-14.1,-3.306,2.298,27.85,2.779,2.022,8.14,60.81,44.1,3.772,36.29,13.2,28.47,3.442,1.395,2.514,22.35,2.831,2.005,10.44,.765,1.124,3.502,.581,1.933
101,2017,206,1610,12.35,1.472,.667,.739,3.293,1.801,1.429,1.109,-15.34,-3.636,1.734,21.76,2.131,1.551,3.322,54.56,38.24,2.901,29.8,8.12,11.71,2.797,1.173,2.044,18.67,2.464,1.397,8.06,.633,.853,2.863,.467,1.583
101,2017,206,1620,12.35,1.389,.628,.591,3.112,1.71,1.256,.948,-15.63,-3.915,1.181,15.31,1.627,1.647,2.616,24.67,20.93,2.42,16.58,3.332,2.094,2.608,.992,1.777,16.43,1.63,1.206,7.34,.471,.712,2.705,.425,1.551
101,2017,206,1630,12.34,1.055,.469,.429,2.352,1.313,.843,.658,-18.32,-4.345,.688,10.99,1.102,1.173,1.64,13.18,12.42,1.786,10.28,2.489,1.055,2.049,.72,1.225,11,1.013,.92,5.015,.333,.474,1.759,.335,.853
101,2017,206,1640,12.34,1.348,.554,.436,3.052,1.41,.789,.524,-18.96,-4.431,.643,10.73,.843,1.183,1.218,11.15,10.92,2.032,9.49,2.399,.769,2.04,.688,.936,9.31,.97,.928,3.526,.307,.439,1.426,.276,.534
101,2017,206,1650,12.35,1.431,.553,.464,2.985,1.365,.836,.528,-18.24,-4.464,.828,10.41,.754,1.134,1.387,13.27,11.65,2.037,10,2.206,1.543,1.863,.699,.908,9.77,1.087,.915,3.684,.352,.471,1.459,.246,.596
101,2017,206,1700,12.34,1.349,.464,.434,2.731,1.211,.834,.647,-18.55,-4.387,.938,10.04,.851,1.087,1.685,14.98,12.47,2.03,10.24,1.891,1.787,1.784,.685,.997,10.99,1.297,.782,4.148,.394,.476,1.853,.268,.893
101,2017,206,1710,12.34,.836,.355,.303,1.793,.911,.605,.493,-18.58,-4.862,.647,7.74,.699,.824,1.256,10.87,9.34,1.404,7.68,1.473,1.159,1.357,.541,.802,8.38,.886,.637,3.466,.302,.394,1.414,.221,.697
101,2017,206,1720,12.34,.596,.271,.256,1.273,.68,.457,.359,-19.25,-5.505,.446,6.075,.566,.658,.893,7.19,6.123,.987,5.721,1.164,.751,1.034,.384,.6,5.547,.591,.523,2.722,.219,.32,.9,.154,.466
101,2017,206,1730,12.34,.474,.194,.164,.983,.479,.308,.218,-19.13,-6.212,.276,3.912,.318,.442,.471,4.118,3.899,.72,3.483,.735,.367,.719,.256,.36,3.346,.338,.338,1.439,.134,.193,.553,.102,.225
101,2017,206,1740,12.34,.31,.134,.106,.61,.325,.194,.142,-17.93,-6.929,.173,2.438,.203,.292,.32,2.671,2.583,.442,2.156,.494,.233,.466,.171,.225,2.222,.233,.211,.88,.075,.121,.389,.067,.149
101,2017,206,1750,12.34,.24,.094,.069,.466,.223,.134,.099,-18.66,-7.74,.111,1.763,.156,.203,.199,1.751,1.717,.354,1.533,.375,.132,.345,.122,.164,1.454,.151,.159,.586,.055,.075,.246,.042,.099
101,2017,206,1800,12.34,.121,.05,.037,.251,.112,.067,.049,-18.9,-9.29,.055,.836,.069,.101,.094,.811,.814,.184,.712,.181,.062,.181,.059,.079,.69,.072,.074,.275,.03,.039,.109,.025,.049
101,2017,206,1810,12.34,.045,.012,.005,.079,.034,.017,.012,-18.04,-10.83,.015,.261,.02,.035,.032,.265,.26,.057,.235,.059,.015,.054,.013,.025,.226,.025,.02,.092,0,.01,.039,0,.008
101,2017,206,1820,12.34,0,0,0,.007,0,0,0,-14.85,-12.57,0,.037,0,0,0,.037,.035,.003,.03,.005,0,.002,0,0,.028,0,0,.01,0,0,0,0,0
101,2017,206,1830,12.34,0,0,0,0,0,0,0,-12.79,-13.11,0,0,0,0,0,0,0,0,0,0,0,0,0,0,0,0,0,0,0,0,0,0,0
101,2017,206,1840,12.34,0,0,0,0,0,0,0,-12.84,-13.69,0,0,0,0,0,0,0,0,0,0,0,0,0,0,0,0,0,0,0,0,0,0,0
101,2017,206,1850,12.34,0,0,0,0,0,0,0,-12.79,-14.43,0,0,0,0,0,0,0,0,0,0,0,0,0,0,0,0,0,0,0,0,0,0,0
101,2017,206,1900,12.34,0,0,0,0,0,0,0,-13.01,-13.81,0,0,0,0,0,0,0,0,0,0,0,0,0,0,0,0,0,0,0,0,0,0,0
101,2017,206,1910,12.34,0,0,0,0,0,0,0,-14.54,-13.55,0,0,0,0,0,0,0,0,0,0,0,0,0,0,0,0,0,0,0,0,0,0,0
101,2017,206,1920,12.33,0,0,0,0,0,0,0,-13.44,-14.53,0,0,0,0,0,0,0,0,0,0,0,0,0,0,0,0,0,0,0,0,0,0,0
101,2017,206,1930,12.33,0,0,0,0,0,0,0,-13.06,-14.77,0,0,0,0,0,0,0,0,0,0,0,0,0,0,0,0,0,0,0,0,0,0,0
101,2017,206,1940,12.33,0,0,0,0,0,0,0,-14.01,-15.14,0,0,0,0,0,0,0,0,0,0,0,0,0,0,0,0,0,0,0,0,0,0,0
101,2017,206,1950,12.33,0,0,0,0,0,0,0,-14.15,-15.57,0,0,0,0,0,0,0,0,0,0,0,0,0,0,0,0,0,0,0,0,0,0,0
101,2017,206,2000,12.33,0,0,0,0,0,0,0,-15.69,-15.93,0,0,0,0,0,0,0,0,0,0,0,0,0,0,0,0,0,0,0,0,0,0,0
101,2017,206,2010,12.33,0,0,0,0,0,0,0,-13.29,-16.16,0,0,0,0,0,0,0,0,0,0,0,0,0,0,0,0,0,0,0,0,0,0,0
101,2017,206,2020,12.33,0,0,0,0,0,0,0,-12.47,-15.73,0,0,0,0,0,0,0,0,0,0,0,0,0,0,0,0,0,0,0,0,0,0,0
101,2017,206,2030,12.33,0,0,0,0,0,0,0,-13.43,-17.51,0,0,0,0,0,0,0,0,0,0,0,0,0,0,0,0,0,0,0,0,0,0,0
101,2017,206,2040,12.33,0,0,0,0,0,0,0,-15.59,-18.83,0,0,0,0,0,0,0,0,0,0,0,0,0,0,0,0,0,0,0,0,0,0,0
101,2017,206,2050,12.33,0,0,0,0,0,0,0,-16.39,-18.72,0,0,0,0,0,0,0,0,0,0,0,0,0,0,0,0,0,0,0,0,0,0,0
101,2017,206,2100,12.33,0,0,0,0,0,0,0,-14.42,-17.17,0,0,0,0,0,0,0,0,0,0,0,0,0,0,0,0,0,0,0,0,0,0,0
101,2017,206,2110,12.33,0,0,0,0,0,0,0,-13.37,-16.63,0,0,0,0,0,0,0,0,0,0,0,0,0,0,0,0,0,0,0,0,0,0,0
101,2017,206,2120,12.33,0,0,0,0,0,0,0,-13.06,-16.33,0,0,0,0,0,0,0,0,0,0,0,0,0,0,0,0,0,0,0,0,0,0,0
101,2017,206,2130,12.33,0,0,0,0,0,0,0,-12.46,-16.22,0,0,0,0,0,0,0,0,0,0,0,0,0,0,0,0,0,0,0,0,0,0,0
101,2017,206,2140,12.33,0,0,0,0,0,0,0,-11.76,-16.23,0,0,0,0,0,0,0,0,0,0,0,0,0,0,0,0,0,0,0,0,0,0,0
101,2017,206,2150,12.33,0,0,0,0,0,0,0,-11.16,-15.95,0,0,0,0,0,0,0,0,0,0,0,0,0,0,0,0,0,0,0,0,0,0,0
101,2017,206,2200,12.33,0,0,0,0,0,0,0,-11.3,-15.08,0,0,0,0,0,0,0,0,0,0,0,0,0,0,0,0,0,0,0,0,0,0,0
101,2017,206,2210,12.32,0,0,0,0,0,0,0,-11.59,-14.98,0,0,0,0,0,0,0,0,0,0,0,0,0,0,0,0,0,0,0,0,0,0,0
101,2017,206,2220,12.32,0,0,0,0,0,0,0,-11.83,-15.47,0,0,0,0,0,0,0,0,0,0,0,0,0,0,0,0,0,0,0,0,0,0,0
101,2017,206,2230,12.32,0,0,0,0,0,0,0,-11.07,-15.36,0,0,0,0,0,0,0,0,0,0,0,0,0,0,0,0,0,0,0,0,0,0,0
101,2017,206,2240,12.32,0,0,0,0,0,0,0,-10.64,-15.05,0,0,0,0,0,0,0,0,0,0,0,0,0,0,0,0,0,0,0,0,0,0,0
101,2017,206,2250,12.32,0,0,0,0,0,0,0,-10.22,-14.96,0,0,0,0,0,0,0,0,0,0,0,0,0,0,0,0,0,0,0,0,0,0,0
101,2017,206,2300,12.32,0,0,0,0,0,0,0,-9.94,-14.22,0,0,0,0,0,0,0,0,0,0,0,0,0,0,0,0,0,0,0,0,0,0,0
101,2017,206,2310,12.32,0,0,0,0,0,0,0,-8.92,-14.41,0,0,0,0,0,0,0,0,0,0,0,0,0,0,0,0,0,0,0,0,0,0,0
101,2017,206,2320,12.32,0,0,0,0,0,0,0,-7.7,-14.32,0,0,0,0,0,0,0,0,0,0,0,0,0,0,0,0,0,0,0,0,0,0,0
101,2017,206,2330,12.32,0,0,0,0,0,0,0,-8.85,-14.53,0,0,0,0,0,0,0,0,0,0,0,0,0,0,0,0,0,0,0,0,0,0,0
101,2017,206,2340,12.32,0,0,0,0,0,0,0,-9.34,-14.52,0,0,0,0,0,0,0,0,0,0,0,0,0,0,0,0,0,0,0,0,0,0,0
101,2017,206,2350,12.32,0,0,0,0,0,0,0,-8.27,-13.97,0,0,0,0,0,0,0,0,0,0,0,0,0,0,0,0,0,0,0,0,0,0,0
101,2017,206,2400,12.32,0,0,0,0,0,0,0,-8.33,-13.32,0,0,0,0,0,0,0,0,0,0,0,0,0,0,0,0,0,0,0,0,0,0,0
101,2017,207,10,12.32,0,0,0,0,0,0,0,-8.46,-13.37,0,0,0,0,0,0,0,0,0,0,0,0,0,0,0,0,0,0,0,0,0,0,0
101,2017,207,20,12.33,0,0,0,0,0,0,0,-9.52,-14.11,0,0,0,0,0,0,0,0,0,0,0,0,0,0,0,0,0,0,0,0,0,0,0
101,2017,207,30,12.33,0,0,0,0,0,0,0,-9.39,-14.36,0,0,0,0,0,0,0,0,0,0,0,0,0,0,0,0,0,0,0,0,0,0,0
101,2017,207,40,12.33,0,0,0,0,0,0,0,-9.66,-14.44,0,0,0,0,0,0,0,0,0,0,0,0,0,0,0,0,0,0,0,0,0,0,0
101,2017,207,50,12.33,0,0,0,0,0,0,0,-9.25,-14.18,0,0,0,0,0,0,0,0,0,0,0,0,0,0,0,0,0,0,0,0,0,0,0
101,2017,207,100,12.33,0,0,0,0,0,0,0,-9.51,-14.11,0,0,0,0,0,0,0,0,0,0,0,0,0,0,0,0,0,0,0,0,0,0,0
101,2017,207,110,12.33,0,0,0,0,0,0,0,-9.98,-13.87,0,0,0,0,0,0,0,0,0,0,0,0,0,0,0,0,0,0,0,0,0,0,0
101,2017,207,120,12.32,0,0,0,0,0,0,0,-9.72,-13.77,0,0,0,0,0,0,0,0,0,0,0,0,0,0,0,0,0,0,0,0,0,0,0
101,2017,207,130,12.32,0,0,0,0,0,0,0,-6.645,-13.28,0,0,0,0,0,0,0,0,0,0,0,0,0,0,0,0,0,0,0,0,0,0,0
101,2017,207,140,12.32,0,0,0,0,0,0,0,-7.09,-12.98,0,0,0,0,0,0,0,0,0,0,0,0,0,0,0,0,0,0,0,0,0,0,0
101,2017,207,150,12.32,0,0,0,0,0,0,0,-8.76,-13.6,0,0,0,0,0,0,0,0,0,0,0,0,0,0,0,0,0,0,0,0,0,0,0
101,2017,207,200,12.32,0,0,0,0,0,0,0,-10.43,-13.95,0,0,0,0,0,0,0,0,0,0,0,0,0,0,0,0,0,0,0,0,0,0,0
101,2017,207,210,12.32,0,0,0,0,0,0,0,-9.6,-13.44,0,0,0,0,0,0,0,0,0,0,0,0,0,0,0,0,0,0,0,0,0,0,0
101,2017,207,220,12.33,0,0,0,0,0,0,0,-8.25,-12.66,0,0,0,0,0,0,0,0,0,0,0,0,0,0,0,0,0,0,0,0,0,0,0
101,2017,207,230,12.32,0,0,0,0,0,0,0,-9.21,-12.81,0,0,0,0,0,0,0,0,0,0,0,0,0,0,0,0,0,0,0,0,0,0,0
101,2017,207,240,12.32,0,0,0,0,0,0,0,-8.89,-12.86,0,0,0,0,0,0,0,0,0,0,0,0,0,0,0,0,0,0,0,0,0,0,0
101,2017,207,250,12.32,0,0,0,0,0,0,0,-8.81,-12.98,0,0,0,0,0,0,0,0,0,0,0,0,0,0,0,0,0,0,0,0,0,0,0
101,2017,207,300,12.32,0,0,0,0,0,0,0,-9.28,-13.45,0,0,0,0,0,0,0,0,0,0,0,0,0,0,0,0,0,0,0,0,0,0,0
101,2017,207,310,12.32,0,0,0,0,0,0,0,-7.96,-13.16,0,0,0,0,0,0,0,0,0,0,0,0,0,0,0,0,0,0,0,0,0,0,0
101,2017,207,320,12.32,0,0,0,0,0,0,0,-8.07,-13.08,0,0,0,0,0,0,0,0,0,0,0,0,0,0,0,0,0,0,0,0,0,0,0
101,2017,207,330,12.32,0,0,0,0,0,0,0,-7.22,-12.55,0,0,0,0,0,0,0,0,0,0,0,0,0,0,0,0,0,0,0,0,0,0,0
101,2017,207,340,12.32,0,0,0,0,0,0,0,-5.482,-11.14,0,0,0,0,0,0,0,0,0,0,0,0,0,0,0,0,0,0,0,0,0,0,0
101,2017,207,350,12.32,0,0,0,0,0,0,0,-5.145,-10.46,0,0,0,0,0,0,0,0,0,0,0,0,0,0,0,0,0,0,0,0,0,0,0
101,2017,207,400,12.32,0,0,0,0,0,0,0,-5.125,-9.97,0,0,0,0,0,0,0,0,0,0,0,0,0,0,0,0,0,0,0,0,0,0,0
101,2017,207,410,12.32,0,0,0,0,0,0,0,-4.632,-9.43,0,0,0,0,0,0,0,0,0,0,0,0,0,0,0,0,0,0,0,0,0,0,0
101,2017,207,420,12.32,0,0,0,0,0,0,0,-4.815,-9.72,0,0,0,0,0,0,0,0,0,0,0,0,0,0,0,0,0,0,0,0,0,0,0
101,2017,207,430,12.32,0,0,0,0,0,0,0,-4.78,-9.79,0,0,0,0,0,0,0,0,0,0,0,0,0,0,0,0,0,0,0,0,0,0,0
101,2017,207,440,12.32,0,0,0,0,0,0,0,-4.783,-10.09,0,0,0,0,0,0,0,0,0,0,0,0,0,0,0,0,0,0,0,0,0,0,0
101,2017,207,450,12.32,0,0,0,0,0,0,0,-4.394,-10.3,0,0,0,0,0,0,0,0,0,0,0,0,0,0,0,0,0,0,0,0,0,0,0
101,2017,207,500,12.32,0,0,0,0,0,0,0,-5.353,-11.37,0,0,0,0,0,0,0,0,0,0,0,0,0,0,0,0,0,0,0,0,0,0,0
101,2017,207,510,12.32,0,0,0,0,0,0,0,-5.631,-11.67,0,0,0,0,0,0,0,0,0,0,0,0,0,0,0,0,0,0,0,0,0,0,0
101,2017,207,520,12.32,0,0,0,0,0,0,0,-6.139,-11.56,0,0,0,0,0,0,0,0,0,0,0,0,0,0,0,0,0,0,0,0,0,0,0
101,2017,207,530,12.32,0,0,0,0,0,0,0,-6.367,-11.59,0,0,0,0,0,0,0,0,0,0,0,0,0,0,0,0,0,0,0,0,0,0,0
101,2017,207,540,12.32,0,0,0,0,0,0,0,-5.4,-11.76,0,0,0,0,0,0,0,0,0,0,0,0,0,0,0,0,0,0,0,0,0,0,0
101,2017,207,550,12.32,0,0,0,0,0,0,0,-5.142,-11.05,0,0,0,0,0,0,0,0,0,0,0,0,0,0,0,0,0,0,0,0,0,0,0
101,2017,207,600,12.32,0,0,0,0,0,0,0,-5.797,-11.12,0,0,0,0,0,0,0,0,0,0,0,0,0,0,0,0,0,0,0,0,0,0,0
101,2017,207,610,12.32,0,0,0,0,0,0,0,-4.969,-10.87,0,0,0,0,0,0,0,0,0,0,0,0,0,0,0,0,0,0,0,0,0,0,0
101,2017,207,620,12.32,0,0,0,0,0,0,0,-5.077,-10.63,0,0,0,0,0,0,0,0,0,0,0,0,0,0,0,0,0,0,0,0,0,0,0
101,2017,207,630,12.32,0,0,0,0,0,0,0,-5.588,-10.83,0,0,0,0,0,0,0,0,0,0,0,0,0,0,0,0,0,0,0,0,0,0,0
101,2017,207,640,12.32,0,0,0,0,0,0,0,-5.916,-10.63,0,.002,0,0,0,.002,0,0,0,0,0,0,0,0,0,0,0,0,0,0,0,0,0
101,2017,207,650,12.32,.007,0,0,.012,.005,0,0,-6.013,-10.7,0,.054,0,0,.002,.062,.062,.01,.045,.012,0,.01,0,.003,.054,.002,0,.02,0,0,.003,0,0
101,2017,207,700,12.32,.045,.015,.017,.085,.045,.025,.023,-5.531,-10.58,.025,.3,.027,.037,.045,.359,.354,.059,.278,.065,.027,.057,.023,.035,.317,.039,.028,.114,.002,.018,.05,.013,.017
101,2017,207,710,12.32,.111,.042,.034,.24,.116,.062,.04,-5.041,-9.91,.052,.776,.06,.084,.094,.838,.853,.164,.685,.181,.06,.153,.055,.082,.747,.085,.072,.272,.03,.034,.121,.034,.034
101,2017,207,720,12.32,.198,.074,.057,.402,.176,.102,.067,-4.916,-9.86,.082,1.408,.097,.147,.149,1.282,1.319,.29,1.163,.28,.084,.28,.099,.112,1.133,.124,.117,.389,.034,.059,.163,.034,.064
101,2017,207,730,12.32,.278,.106,.077,.546,.248,.149,.096,-4.007,-9.41,.116,2.135,.156,.216,.213,1.934,1.946,.417,1.751,.417,.137,.404,.151,.173,1.639,.174,.171,.538,.05,.082,.243,.044,.087
101,2017,207,740,12.32,.439,.184,.136,.982,.409,.256,.146,-4.453,-9.47,.191,3.833,.265,.318,.312,3.065,3.04,.709,3.087,.813,.226,.655,.256,.292,2.529,.303,.283,.816,.069,.117,.364,.08,.131
101,2017,207,750,12.32,.88,.357,.225,1.87,.657,.421,.208,-5.879,-10.02,.298,7.38,.454,.499,.421,4.612,4.589,1.351,5.554,1.599,.355,1.242,.451,.442,3.598,.454,.431,1.14,.114,.186,.451,.112,.189
101,2017,207,800,12.32,1.642,.664,.409,3.843,1.265,.858,.325,-6.868,-10.6,.483,17.67,.769,.962,.587,7.17,7.07,2.695,10.3,3.052,.484,2.799,.987,.903,4.966,.665,.692,1.515,.174,.297,.587,.159,.277
101,2017,207,810,12.32,2.098,.872,.481,4.89,1.597,1.096,.384,-7.52,-10.33,.622,24.76,1.021,1.262,.724,8.85,8.71,3.489,13.59,3.996,.592,4.269,1.282,1.27,5.909,.84,.908,1.88,.216,.384,.697,.194,.345
101,2017,207,820,12.32,2.298,.928,.561,5.368,1.874,1.312,.456,-7.01,-9.26,.739,51.73,1.477,1.559,.975,11.44,10.06,3.962,28.32,4.684,.665,9.99,1.872,1.54,7.4,1.007,1.076,2.08,.277,.436,.846,.256,.419
101,2017,207,830,12.32,2.289,.934,.61,5.675,2.097,1.406,.471,-6.446,-8.46,.781,37.04,1.274,1.671,1.026,11.2,11.07,4.155,25.4,5.485,.692,7.48,1.607,1.503,8.05,.99,1.25,2.361,.292,.458,.923,.26,.422
101,2017,207,840,12.32,2.812,1.108,.739,7.01,2.346,1.559,.503,-6.39,-8.22,.861,22.73,1.103,1.775,1.056,11.51,12.72,4.704,16.82,5.06,.742,4.151,1.436,1.567,8.82,1.081,1.282,2.345,.317,.494,1.022,.283,.431
101,2017,207,850,12.32,2.291,1.037,.654,6.332,2.578,1.641,.473,-5.769,-7.83,.774,25.27,1.109,1.854,.95,10.15,11.51,4.55,18.1,5.204,.684,5.07,1.522,1.646,7.54,.97,1.173,1.777,.288,.436,.908,.255,.404
101,2017,207,900,12.32,1.713,.841,.638,5.648,2.381,1.657,.491,-6.901,-8.13,.684,23.69,1.119,1.654,1.004,10.41,11.41,4.21,17.44,5.279,.814,4.58,2.177,1.79,7.75,1.004,1.089,2.048,.251,.412,1.011,.258,.426
101,2017,207,910,12.32,2.834,1.196,1.012,8.59,3.204,2.438,.878,-6.713,-7.12,1.128,42.52,1.679,2.286,1.698,17.21,20.01,12.8,32.88,7.17,1.361,9.46,9.76,2.824,12.77,1.527,1.631,4.062,.419,.627,1.793,.419,.712
101,2017,207,920,12.32,3.896,1.781,1.421,13.59,4.243,3.169,1.17,-6.552,-6.192,1.62,54.77,2.244,3.261,2.497,24.47,27.7,12.22,43.25,9.6,1.86,12.33,9.24,3.371,17.71,2.267,2.361,6.438,.597,.967,2.596,.531,1.121
101,2017,207,930,12.32,5.693,2.334,1.711,18.57,5.29,3.535,1.552,-5.598,-5.819,2.21,59.59,2.939,4.172,3.386,32.67,35.43,10.89,48.31,11.14,2.249,12.69,5.007,3.716,24.34,2.755,3.158,9.3,.841,1.387,3.624,.653,1.54
101,2017,207,940,12.32,5.37,2.255,1.689,16.34,4.696,3.493,1.307,-3.632,-5.914,1.999,55.4,2.997,3.473,2.862,29.87,30.48,9.28,44.71,11.96,2.305,9.69,3.257,3.85,21.11,2.619,3.073,8.92,.68,1.205,2.781,.573,1.344
101,2017,207,950,12.32,4.535,2.119,1.422,13.24,4.088,2.994,.96,-3.73,-5.844,1.488,45.58,2.506,2.734,2.039,22.6,23.25,7.76,35.71,10.39,1.721,7.01,2.537,3.234,15.53,2.128,2.506,6.588,.474,.898,1.878,.431,.942
101,2017,207,1000,12.32,4.21,2.047,1.479,23.09,11.85,5.036,1.012,-3.535,-5.288,1.488,67.24,2.285,2.657,1.954,26.46,30.26,7.32,53.51,12.42,1.644,10.42,2.677,15.37,13.72,2.282,2.267,4.705,.447,.781,1.573,.461,.953
101,2017,207,1010,12.32,2.413,1.211,1.257,39.39,28.71,23.09,2.289,14.35,-3.934,1.347,112.4,2.178,2.148,2.372,39.66,39.59,5.457,90.8,66.16,1.736,23.18,5.685,71.1,14.82,2.232,1.967,4.063,.456,.704,1.711,.603,.928
101,2017,207,1020,12.33,4.324,2.111,1.845,40.46,35.63,31.91,13.39,23.16,.474,1.89,112.1,2.793,2.645,3.332,45.69,29.54,7.58,92.4,60.19,2.367,28.33,4.254,40.34,18.92,3.167,2.783,5.604,.523,.925,2.228,.88,1.035
101,2017,207,1030,12.33,5.765,2.991,1.85,16.08,7.78,3.555,1.505,-2.394,-5.02,2.284,49.4,3.535,3.306,3.007,32.8,29.25,9.09,41.96,15.51,2.753,8.1,2.416,3.786,21.32,3.53,3.542,10.15,.612,1.263,2.826,.606,1.402
101,2017,207,1040,12.33,7.35,3.306,1.9,15,4.706,3.175,1.516,-4.956,-4.926,2.563,45.07,3.461,3.773,3.686,36.26,34.37,9.84,40.13,11.52,3.071,7.05,2.503,3.493,26.58,3.562,3.924,13.32,.781,1.545,3.5,.717,1.813
101,2017,207,1050,12.33,7,3.28,2.047,16.08,6.963,3.986,1.716,-5.217,-4.493,2.718,51.95,3.775,4.006,4.113,39.98,36.18,9.9,46.05,15.16,3.312,7.78,2.78,3.843,28.64,3.751,4.292,15.05,.846,1.674,4.003,.781,1.949
101,2017,207,1100,12.33,7.72,3.599,2.245,19.84,11.8,4.581,1.709,-3.969,-4.145,2.977,64.21,4.703,4.07,4.989,46.56,37.62,11.03,56.76,24.7,3.646,10.01,3.344,3.999,30.42,4.319,4.765,16.72,.89,1.808,3.915,.794,2.044
101,2017,207,1110,12.33,7.28,3.657,2.548,26.24,19.03,6.775,1.669,-8.46,-3.61,2.841,98.3,5.448,3.78,6.985,61.54,34.55,11.56,86.2,55.58,4.175,18.09,4.163,4.527,33.18,4.614,4.91,32.71,.814,1.706,3.436,.856,1.912
101,2017,207,1120,12.33,4.175,2.56,2.205,23.22,25.46,5.527,1.461,-9.75,-3.329,2.134,109,5.654,2.888,4.855,65.89,27.08,9.09,94.7,72.5,3.694,14.25,2.796,4.152,32.5,3.939,3.847,43.01,.672,1.349,2.902,.786,1.582
101,2017,207,1130,12.33,5.252,3.245,2.511,20.35,6.931,6.24,1.317,-17.01,-3.888,2.285,99.6,5.582,2.714,3.627,63.63,28.38,9.17,87.4,64.09,3.731,6.867,2.479,4.17,32.5,4.245,3.964,41.44,.65,1.469,2.811,.774,1.655
101,2017,207,1140,12.33,3.352,2.189,2.066,16.69,5.738,4.583,1.266,-23.17,-3.241,1.895,122.3,30.08,2.558,16.49,82.7,22.82,13.69,109.7,92.1,3.984,5.679,2.191,24.6,40,3.429,3.811,62.4,.797,1.342,2.915,.856,1.665
101,2017,207,1150,12.33,4.391,2.451,2.798,19.09,3.828,4.871,1.297,-20.48,-2.67,2.067,117.7,18.25,2.918,20.67,81.8,24.89,58.09,106.4,88.1,3.587,6.089,2.24,3.399,40.67,3.258,6.731,61.64,.828,4.556,2.89,.866,1.637
101,2017,207,1200,12.33,2.863,1.752,1.431,18.22,2.786,6.262,1.142,-15.04,-2.876,2.25,116.1,19.88,2.163,21.05,84.3,18.6,6.24,106.4,66.5,3.099,4.915,1.853,2.648,40.69,2.779,2.995,67.05,.755,1.107,2.479,.836,1.355
101,2017,207,1210,12.33,2.543,1.829,4.258,16.23,2.377,7.89,1.054,-12.41,-3.002,9.23,110.6,3.116,1.838,19.04,85.5,16.2,4.704,103.2,93.4,3.271,4.079,1.528,2.436,41.77,2.856,14.52,69.27,.792,1.082,2.348,.816,1.379
101,2017,207,1220,12.33,2.829,6.258,1.203,7.38,2.37,27.2,1.07,5.712,-2.745,1.496,108.7,3.08,1.822,16.43,87.7,20.99,4.66,102.9,93.2,3.154,3.881,1.513,2.61,43.77,2.797,4.928,71.4,.724,1.142,2.417,.836,1.809
101,2017,207,1230,12.33,7.82,1.744,1.159,5.227,9.53,1.854,1.072,-16.73,-2.258,1.476,106.7,3.132,1.802,11.86,89.8,55.88,26.02,102,92,8.29,3.683,1.469,2.316,45.63,36.97,10.5,73.3,.702,5.028,2.687,.839,16.1
101,2017,207,1240,12.34,4.854,1.638,4.031,4.954,20.81,16.87,1.095,-4.497,-1.589,1.476,104.7,3.077,2.554,5.036,91.5,70.1,96.1,101.2,90.7,49.91,3.604,1.44,2.315,47.38,10.85,3.207,75,.735,3.784,2.698,.879,1.539
101,2017,207,1250,12.33,3.306,2.043,2.653,4.966,3.155,4.05,1.109,-15.78,-1.68,1.521,102,4.194,2.104,3.023,92.5,50.42,62.52,99.7,86.7,51.93,3.571,1.467,9.43,48.73,7.76,22.74,75.6,.76,11.44,2.782,.916,1.737
101,2017,207,1300,12.34,2.534,4.16,1.256,5.056,4.743,9.45,1.229,-9.43,-1.566,1.64,99.3,3.42,2.703,3.171,93.6,26.52,8.19,98.2,38.75,28.98,3.567,1.512,2.653,50.06,6.924,4.976,76.1,.775,6.433,2.869,.966,1.806
101,2017,207,1310,12.34,2.454,1.584,6.864,5.368,2.373,2.39,1.206,-18.78,-1.387,1.628,95,3.584,1.903,3.263,92.7,21.92,4.643,94.8,8.7,11.02,3.583,1.521,2.715,50.17,2.916,3.815,74.9,.812,3.644,3.055,.983,1.867
101,2017,207,1320,12.34,2.34,1.476,1.955,4.881,2.249,1.931,1.198,-19.08,-1.239,4.782,93.3,3.678,1.872,3.186,93.8,17.65,4.646,93.9,8.19,6.632,3.589,1.579,2.857,51.08,2.99,31.32,75.5,.814,2.824,3.174,1.064,1.775
101,2017,207,1330,12.34,2.279,1.437,1.095,4.726,7.82,1.896,3.348,-16.83,.236,1.7,90.6,7.94,1.889,3.318,94.7,17.77,4.623,92.4,7.77,5.795,3.574,1.576,4.549,51.75,3.129,44.46,76.1,.891,1.519,3.412,.948,1.792
101,2017,207,1340,12.34,2.196,1.414,1.025,4.639,4.85,1.861,1.243,-11.67,-.764,5.276,86.6,32.97,1.867,3.492,94.1,17.59,4.557,89.7,7.72,5.408,3.482,1.571,74,51.77,3.037,32.22,75.4,.891,2.316,3.546,.916,1.792
101,2017,207,1350,12.34,2.085,1.28,1.77,4.284,23.81,4.551,1.238,-13.81,-.338,1.675,82.3,57.62,1.837,3.628,94.3,17.18,4.252,87.1,12.96,4.951,3.328,1.522,36.84,52.16,2.871,10.72,75.9,.879,19.01,3.614,.911,1.847
101,2017,207,1400,12.34,1.953,1.146,1.211,4.067,2.018,1.747,1.221,-17.85,-.997,2.12,78.6,54.65,1.834,3.802,94.7,16.98,4.08,84.8,6.637,16.68,9.54,1.459,2.557,52.6,2.75,3.298,76,.908,5.083,3.693,.938,1.904
101,2017,207,1410,12.34,1.842,1.007,5.035,3.847,1.951,1.682,1.213,-17.86,-.75,5.328,75.2,42,1.805,3.973,95.5,16.8,3.83,83.1,5.929,40.43,5.778,1.398,2.454,53.22,2.762,2.852,77,.909,1.62,3.407,.894,1.919
101,2017,207,1420,12.34,1.722,.933,.898,3.636,1.891,1.656,1.211,-18.37,-.595,1.807,71,6.12,2.005,4.154,94.8,16.6,3.686,80.1,6.143,5.668,3.599,1.971,13.81,52.83,3,2.703,76.3,.886,1.541,2.819,.851,1.96
101,2017,207,1430,12.34,1.621,.842,.837,3.46,1.842,3.613,1.37,-17.24,-.291,6.309,65.95,3.031,1.75,6.349,92.9,17.01,3.546,76.2,20.01,5.393,3.129,2.596,5.519,51.89,3.005,2.558,74.6,.891,7.14,2.631,.735,2.144
101,2017,207,1440,12.34,1.576,.799,.804,3.368,1.834,1.594,1.898,-19.12,-.486,1.97,61.46,2.825,4.276,6.351,91.8,24.18,3.509,72.7,5.321,7.25,3.206,47.16,30.92,51.19,2.919,2.48,72.9,.925,1.476,2.552,.65,2.102
101,2017,207,1450,12.34,1.527,.764,1.682,4.006,7.09,2.686,1.194,-17.24,-.911,2.697,57.15,2.723,1.723,9.02,90.9,36.87,3.482,69.06,5.135,9.24,3.125,33.23,14.58,50.46,36.82,2.39,71.2,1.291,1.424,2.521,.61,2.114
101,2017,207,1500,12.34,1.507,.74,.769,3.331,1.797,21.67,15.2,1.037,6.148,1.904,51.84,2.785,1.675,6.547,88.4,25.15,3.499,64.37,5.154,11.48,3.129,1.42,2.192,48.83,67.27,2.295,67.52,9.74,1.549,2.552,.566,1.966
101,2017,207,1510,12.34,1.432,.667,.675,3.192,1.757,1.715,2.898,-16.9,-.58,2.084,32.55,2.807,1.556,7.29,54.61,19.31,3.104,38.35,4.783,17.4,2.841,1.213,2.14,31.4,8.57,1.817,14.39,12.07,1.435,2.464,.464,1.744
101,2017,207,1520,12.34,1.387,.732,.7,3.259,4.385,1.516,.876,-14.9,-1.859,4.534,23.86,2.293,1.442,3.072,36.53,25.56,2.936,25.96,5.015,16.2,2.693,1.09,1.879,21.88,2.331,1.673,7.84,1.253,.868,2.39,.412,1.325
101,2017,207,1530,12.34,1.33,.631,.7,2.928,10.2,3.221,1.053,-13.06,-1.888,52.24,37.45,2.516,1.506,4.14,82,59.39,3.01,51.68,4.708,44.26,2.74,1.122,1.928,44.54,2.831,1.886,7.45,.923,1.315,2.392,.466,1.393
101,2017,207,1540,12.34,1.243,.579,.653,2.703,1.728,2.66,.943,-13.51,-2.613,51.77,31.99,2.082,1.372,3.593,79.6,58.01,2.732,46.87,8.02,44.23,2.534,1.112,1.581,40.76,2.482,1.566,6.135,.652,1.099,2.176,.435,1.236
101,2017,207,1550,12.34,1.174,.538,.889,2.549,1.44,1.142,.896,-13.99,-3.043,7.26,26.72,1.881,1.347,7.05,72.5,52.21,2.593,40.45,22.48,40.39,2.447,.961,1.519,17.92,1.883,1.321,5.902,.559,.908,2.13,.417,1.159
101,2017,207,1600,12.34,1.157,.529,.858,2.509,1.404,1.06,.847,-13.55,-3.256,1.393,22.91,1.718,1.268,8.5,68.79,48.74,2.532,35.82,14.92,35.54,2.415,.914,1.44,14.04,1.822,1.142,5.477,.491,.734,2.085,.402,1.084
101,2017,207,1610,12.34,1.169,.518,.544,2.499,1.42,1.047,.864,-13.33,-3.276,1.35,19.47,1.626,1.233,2.643,61.83,43.1,2.382,30.5,7.92,14.48,2.357,.921,1.444,14.8,1.896,1.082,5.51,.501,.646,2.29,.404,1.099
101,2017,207,1620,12.34,1.224,.496,.561,2.578,1.452,1.033,.911,-13.19,-3.511,1.41,16.1,1.477,1.352,2.703,43.66,31.22,2.29,21.62,3.432,3.474,2.249,.93,1.502,15.41,1.745,1.087,6.53,.491,.675,2.506,.42,1.316
101,2017,207,1630,12.34,1.179,.518,.518,2.427,1.285,1.038,.848,-13.81,-3.494,1.285,14.81,1.502,1.248,2.61,47.61,31.86,2.105,14.85,3.117,2.821,2.174,.869,1.563,14.96,1.896,1.167,6.67,.435,.64,2.243,.389,1.345
101,2017,207,1640,12.34,1.097,.528,.476,2.285,1.191,.946,.74,-13.06,-3.75,1.092,12.66,1.34,1.116,2.189,42.5,26.56,1.978,12.68,2.811,2.385,2.059,.786,1.36,13.43,2.121,1.062,5.708,.404,.549,1.938,.337,1.151
101,2017,207,1650,12.33,1.134,.499,.429,2.431,1.193,.861,.63,-12.77,-4.052,.928,11.69,1.117,1.035,1.76,19.15,13.57,2,11.17,2.694,1.982,2.012,.766,1.152,11.78,4.941,.889,4.451,.365,.466,1.672,.3,.866
101,2017,207,1700,12.33,1.223,.492,.434,2.566,1.235,.75,.61,-13.15,-4.143,.75,10.16,.972,1.09,1.462,14.35,12.37,1.89,9.96,2.268,1.302,1.707,.685,1.034,11.14,1.414,.926,4.265,.34,.461,1.714,.303,.715
101,2017,207,1710,12.33,.724,.236,.201,1.449,.551,.347,.246,-14.81,-4.608,.31,4.553,.402,.474,.538,4.985,4.93,1.018,4.184,.975,.35,.799,.352,.412,4.317,.412,.436,1.593,.129,.199,.637,.131,.256
101,2017,207,1720,12.33,.906,.286,.246,1.653,.504,.355,.206,-15.75,-4.93,.33,4.632,.372,.513,.558,4.654,4.612,1.141,4.531,.896,.31,.719,.332,.405,3.798,.355,.441,1.792,.122,.223,.553,.095,.29
101,2017,207,1730,12.33,.29,.114,.101,.566,.248,.168,.116,-15.6,-4.95,.151,2.377,.236,.223,.302,2.605,2.241,.42,2.21,.58,.229,.35,.152,.231,1.967,.228,.206,.883,.067,.097,.305,.06,.154
101,2017,207,1740,12.33,.246,.095,.072,.487,.213,.127,.089,-15.63,-5.161,.121,1.851,.188,.174,.204,1.928,1.722,.36,1.667,.477,.173,.332,.127,.164,1.469,.183,.154,.606,.049,.074,.238,.039,.101
101,2017,207,1750,12.33,.154,.067,.054,.33,.142,.079,.067,-15.77,-5.611,.067,1.2,.107,.134,.134,1.141,1.119,.241,.982,.261,.072,.27,.09,.101,.963,.104,.104,.384,.034,.062,.142,.034,.067
101,2017,207,1800,12.33,.132,.055,.042,.266,.127,.075,.057,-15.59,-6.165,.062,.886,.069,.109,.111,.886,.913,.183,.747,.178,.067,.211,.07,.082,.782,.085,.079,.297,.03,.044,.121,.032,.054
101,2017,207,1810,12.33,.044,.012,.007,.087,.047,.022,.02,-15.75,-6.856,.018,.313,.025,.039,.044,.369,.359,.065,.28,.07,.037,.07,.023,.035,.317,.044,.023,.109,0,.015,.049,.002,.013
101,2017,207,1820,12.33,0,0,0,.007,0,0,0,-15.58,-7.62,0,.044,0,0,0,.069,.062,.007,.042,.007,0,.008,0,0,.055,.002,0,.015,0,0,0,0,0
101,2017,207,1830,12.33,0,0,0,0,0,0,0,-15.66,-8.5,0,0,0,0,0,0,0,0,0,0,0,0,0,0,0,0,0,0,0,0,0,0,0
101,2017,207,1840,12.33,0,0,0,0,0,0,0,-15.53,-9.51,0,0,0,0,0,0,0,0,0,0,0,0,0,0,0,0,0,0,0,0,0,0,0
101,2017,207,1850,12.33,0,0,0,0,0,0,0,-16.32,-11.35,0,0,0,0,0,0,0,0,0,0,0,0,0,0,0,0,0,0,0,0,0,0,0
101,2017,207,1900,12.33,0,0,0,0,0,0,0,-14.91,-11.79,0,0,0,0,0,0,0,0,0,0,0,0,0,0,0,0,0,0,0,0,0,0,0
101,2017,207,1910,12.33,0,0,0,0,0,0,0,-13.41,-10.9,0,0,0,0,0,0,0,0,0,0,0,0,0,0,0,0,0,0,0,0,0,0,0
101,2017,207,1920,12.33,0,0,0,0,0,0,0,-13.9,-12.34,0,0,0,0,0,0,0,0,0,0,0,0,0,0,0,0,0,0,0,0,0,0,0
101,2017,207,1930,12.32,0,0,0,0,0,0,0,-14.56,-14.54,0,0,0,0,0,0,0,0,0,0,0,0,0,0,0,0,0,0,0,0,0,0,0
101,2017,207,1940,12.32,0,0,0,0,0,0,0,-14.31,-14.96,0,0,0,0,0,0,0,0,0,0,0,0,0,0,0,0,0,0,0,0,0,0,0
101,2017,207,1950,12.32,0,0,0,0,0,0,0,-12.57,-15.75,0,0,0,0,0,0,0,0,0,0,0,0,0,0,0,0,0,0,0,0,0,0,0
101,2017,207,2000,12.32,0,0,0,0,0,0,0,-13.39,-16,0,0,0,0,0,0,0,0,0,0,0,0,0,0,0,0,0,0,0,0,0,0,0
101,2017,207,2010,12.32,0,0,0,0,0,0,0,-8.54,-16.73,0,0,0,0,0,0,0,0,0,0,0,0,0,0,0,0,0,0,0,0,0,0,0
101,2017,207,2020,12.32,0,0,0,0,0,0,0,-11.46,-17.01,0,0,0,0,0,0,0,0,0,0,0,0,0,0,0,0,0,0,0,0,0,0,0
101,2017,207,2030,12.32,0,0,0,0,0,0,0,-10.36,-18.1,0,0,0,0,0,0,0,0,0,0,0,0,0,0,0,0,0,0,0,0,0,0,0
101,2017,207,2040,12.32,0,0,0,0,0,0,0,-11.16,-19.14,0,0,0,0,0,0,0,0,0,0,0,0,0,0,0,0,0,0,0,0,0,0,0
101,2017,207,2050,12.32,0,0,0,0,0,0,0,-10.36,-18.44,0,0,0,0,0,0,0,0,0,0,0,0,0,0,0,0,0,0,0,0,0,0,0
101,2017,207,2100,12.32,0,0,0,0,0,0,0,-9.1,-17.17,0,0,0,0,0,0,0,0,0,0,0,0,0,0,0,0,0,0,0,0,0,0,0
101,2017,207,2110,12.32,0,0,0,0,0,0,0,-10.27,-16.43,0,0,0,0,0,0,0,0,0,0,0,0,0,0,0,0,0,0,0,0,0,0,0
101,2017,207,2120,12.32,0,0,0,0,0,0,0,-8.45,-16.74,0,0,0,0,0,0,0,0,0,0,0,0,0,0,0,0,0,0,0,0,0,0,0
101,2017,207,2130,12.32,0,0,0,0,0,0,0,-9.56,-16.62,0,0,0,0,0,0,0,0,0,0,0,0,0,0,0,0,0,0,0,0,0,0,0
101,2017,207,2140,12.31,0,0,0,0,0,0,0,-10.11,-16.48,0,0,0,0,0,0,0,0,0,0,0,0,0,0,0,0,0,0,0,0,0,0,0
101,2017,207,2150,12.32,0,0,0,0,0,0,0,-8.85,-15.75,0,0,0,0,0,0,0,0,0,0,0,0,0,0,0,0,0,0,0,0,0,0,0
101,2017,207,2200,12.31,0,0,0,0,0,0,0,-10.09,-15.56,0,0,0,0,0,0,0,0,0,0,0,0,0,0,0,0,0,0,0,0,0,0,0
101,2017,207,2210,12.31,0,0,0,0,0,0,0,-11.59,-15.66,0,0,0,0,0,0,0,0,0,0,0,0,0,0,0,0,0,0,0,0,0,0,0
101,2017,207,2220,12.31,0,0,0,0,0,0,0,-11.27,-16.14,0,0,0,0,0,0,0,0,0,0,0,0,0,0,0,0,0,0,0,0,0,0,0
101,2017,207,2230,12.31,0,0,0,0,0,0,0,-8.23,-15.52,0,0,0,0,0,0,0,0,0,0,0,0,0,0,0,0,0,0,0,0,0,0,0
101,2017,207,2240,12.31,0,0,0,0,0,0,0,-6.888,-14.51,0,0,0,0,0,0,0,0,0,0,0,0,0,0,0,0,0,0,0,0,0,0,0
101,2017,207,2250,12.31,0,0,0,0,0,0,0,-6.597,-14.62,0,0,0,0,0,0,0,0,0,0,0,0,0,0,0,0,0,0,0,0,0,0,0
101,2017,207,2300,12.31,0,0,0,0,0,0,0,-6.665,-14.63,0,0,0,0,0,0,0,0,0,0,0,0,0,0,0,0,0,0,0,0,0,0,0
101,2017,207,2310,12.31,0,0,0,0,0,0,0,-5.948,-13.97,0,0,0,0,0,0,0,0,0,0,0,0,0,0,0,0,0,0,0,0,0,0,0
101,2017,207,2320,12.31,0,0,0,0,0,0,0,4.024,-13.12,0,0,0,0,0,0,0,0,0,0,0,0,0,0,0,0,0,0,0,0,0,0,0
101,2017,207,2330,12.31,0,0,0,0,0,0,0,-5.05,-12.55,0,0,0,0,0,0,0,0,0,0,0,0,0,0,0,0,0,0,0,0,0,0,0
101,2017,207,2340,12.31,0,0,0,0,0,0,0,-5.806,-13.08,0,0,0,0,0,0,0,0,0,0,0,0,0,0,0,0,0,0,0,0,0,0,0
101,2017,207,2350,12.31,0,0,0,0,0,0,0,-7.01,-14.29,0,0,0,0,0,0,0,0,0,0,0,0,0,0,0,0,0,0,0,0,0,0,0
101,2017,207,2400,12.31,0,0,0,0,0,0,0,-8.39,-15.08,0,0,0,0,0,0,0,0,0,0,0,0,0,0,0,0,0,0,0,0,0,0,0
101,2017,208,10,12.31,0,0,0,0,0,0,0,-11.14,-15.01,0,0,0,0,0,0,0,0,0,0,0,0,0,0,0,0,0,0,0,0,0,0,0
101,2017,208,20,12.31,0,0,0,0,0,0,0,-10.68,-14.31,0,0,0,0,0,0,0,0,0,0,0,0,0,0,0,0,0,0,0,0,0,0,0
101,2017,208,30,12.31,0,0,0,0,0,0,0,-7.92,-12.96,0,0,0,0,0,0,0,0,0,0,0,0,0,0,0,0,0,0,0,0,0,0,0
101,2017,208,40,12.31,0,0,0,0,0,0,0,-6.369,-12.34,0,0,0,0,0,0,0,0,0,0,0,0,0,0,0,0,0,0,0,0,0,0,0
101,2017,208,50,12.31,0,0,0,0,0,0,0,-1.647,-12.88,0,0,0,0,0,0,0,0,0,0,0,0,0,0,0,0,0,0,0,0,0,0,0
101,2017,208,100,12.31,0,0,0,0,0,0,0,-5.623,-12.99,0,0,0,0,0,0,0,0,0,0,0,0,0,0,0,0,0,0,0,0,0,0,0
101,2017,208,110,12.31,0,0,0,0,0,0,0,-6.077,-13.09,0,0,0,0,0,0,0,0,0,0,0,0,0,0,0,0,0,0,0,0,0,0,0
101,2017,208,120,12.31,0,0,0,0,0,0,0,-6.34,-13.47,0,0,0,0,0,0,0,0,0,0,0,0,0,0,0,0,0,0,0,0,0,0,0
101,2017,208,130,12.31,0,0,0,0,0,0,0,-6.555,-13.42,0,0,0,0,0,0,0,0,0,0,0,0,0,0,0,0,0,0,0,0,0,0,0
101,2017,208,140,12.31,0,0,0,0,0,0,0,-6.315,-12.96,0,0,0,0,0,0,0,0,0,0,0,0,0,0,0,0,0,0,0,0,0,0,0
101,2017,208,150,12.31,0,0,0,0,0,0,0,-6.258,-12.84,0,0,0,0,0,0,0,0,0,0,0,0,0,0,0,0,0,0,0,0,0,0,0
101,2017,208,200,12.31,0,0,0,0,0,0,0,-6.421,-12.93,0,0,0,0,0,0,0,0,0,0,0,0,0,0,0,0,0,0,0,0,0,0,0
101,2017,208,210,12.31,0,0,0,0,0,0,0,-6.214,-12.04,0,0,0,0,0,0,0,0,0,0,0,0,0,0,0,0,0,0,0,0,0,0,0
101,2017,208,220,12.31,0,0,0,0,0,0,0,-6.335,-11.61,0,0,0,0,0,0,0,0,0,0,0,0,0,0,0,0,0,0,0,0,0,0,0
101,2017,208,230,12.31,0,0,0,0,0,0,0,-6.804,-11.79,0,0,0,0,0,0,0,0,0,0,0,0,0,0,0,0,0,0,0,0,0,0,0
101,2017,208,240,12.31,0,0,0,0,0,0,0,-6.392,-11.61,0,0,0,0,0,0,0,0,0,0,0,0,0,0,0,0,0,0,0,0,0,0,0
101,2017,208,250,12.31,0,0,0,0,0,0,0,-5.995,-11.3,0,0,0,0,0,0,0,0,0,0,0,0,0,0,0,0,0,0,0,0,0,0,0
101,2017,208,300,12.31,0,0,0,0,0,0,0,-6.878,-10.6,0,0,0,0,0,0,0,0,0,0,0,0,0,0,0,0,0,0,0,0,0,0,0
101,2017,208,310,12.31,0,0,0,0,0,0,0,-11.94,-10.53,0,0,0,0,0,0,0,0,0,0,0,0,0,0,0,0,0,0,0,0,0,0,0
101,2017,208,320,12.31,0,0,0,0,0,0,0,-12.45,-11.57,0,0,0,0,0,0,0,0,0,0,0,0,0,0,0,0,0,0,0,0,0,0,0
101,2017,208,330,12.31,0,0,0,0,0,0,0,-12.86,-13.11,0,0,0,0,0,0,0,0,0,0,0,0,0,0,0,0,0,0,0,0,0,0,0
101,2017,208,340,12.31,0,0,0,0,0,0,0,-10.71,-13.22,0,0,0,0,0,0,0,0,0,0,0,0,0,0,0,0,0,0,0,0,0,0,0
101,2017,208,350,12.31,0,0,0,0,0,0,0,-10.43,-12.73,0,0,0,0,0,0,0,0,0,0,0,0,0,0,0,0,0,0,0,0,0,0,0
101,2017,208,400,12.3,0,0,0,0,0,0,0,-9.19,-12.08,0,0,0,0,0,0,0,0,0,0,0,0,0,0,0,0,0,0,0,0,0,0,0
101,2017,208,410,12.31,0,0,0,0,0,0,0,-8.79,-11.48,0,0,0,0,0,0,0,0,0,0,0,0,0,0,0,0,0,0,0,0,0,0,0
101,2017,208,420,12.31,0,0,0,0,0,0,0,-8.71,-11.85,0,0,0,0,0,0,0,0,0,0,0,0,0,0,0,0,0,0,0,0,0,0,0
101,2017,208,430,12.3,0,0,0,0,0,0,0,-8.49,-11.4,0,0,0,0,0,0,0,0,0,0,0,0,0,0,0,0,0,0,0,0,0,0,0
101,2017,208,440,12.3,0,0,0,0,0,0,0,-9.33,-12.06,0,0,0,0,0,0,0,0,0,0,0,0,0,0,0,0,0,0,0,0,0,0,0
101,2017,208,450,12.3,0,0,0,0,0,0,0,-9.72,-12.69,0,0,0,0,0,0,0,0,0,0,0,0,0,0,0,0,0,0,0,0,0,0,0
101,2017,208,500,12.3,0,0,0,0,0,0,0,-9.12,-12.6,0,0,0,0,0,0,0,0,0,0,0,0,0,0,0,0,0,0,0,0,0,0,0
101,2017,208,510,12.3,0,0,0,0,0,0,0,-8.47,-12.3,0,0,0,0,0,0,0,0,0,0,0,0,0,0,0,0,0,0,0,0,0,0,0
101,2017,208,520,12.3,0,0,0,0,0,0,0,-8.46,-12.49,0,0,0,0,0,0,0,0,0,0,0,0,0,0,0,0,0,0,0,0,0,0,0
101,2017,208,530,12.3,0,0,0,0,0,0,0,-9.1,-12.73,0,0,0,0,0,0,0,0,0,0,0,0,0,0,0,0,0,0,0,0,0,0,0
101,2017,208,540,12.3,0,0,0,0,0,0,0,-9.01,-12.51,0,0,0,0,0,0,0,0,0,0,0,0,0,0,0,0,0,0,0,0,0,0,0
101,2017,208,550,12.3,0,0,0,0,0,0,0,-9.64,-12.51,0,0,0,0,0,0,0,0,0,0,0,0,0,0,0,0,0,0,0,0,0,0,0
101,2017,208,600,12.31,0,0,0,0,0,0,0,-7.41,-12.15,0,0,0,0,0,0,0,0,0,0,0,0,0,0,0,0,0,0,0,0,0,0,0
101,2017,208,610,12.3,0,0,0,0,0,0,0,-7.87,-11.57,0,0,0,0,0,0,0,0,0,0,0,0,0,0,0,0,0,0,0,0,0,0,0
101,2017,208,620,12.3,0,0,0,0,0,0,0,-4.771,-10.44,0,0,0,0,0,0,0,0,0,0,0,0,0,0,0,0,0,0,0,0,0,0,0
101,2017,208,630,12.3,0,0,0,0,0,0,0,-8,-10.09,0,0,0,0,0,0,0,0,0,0,0,0,0,0,0,0,0,0,0,0,0,0,0
101,2017,208,640,12.31,0,0,0,0,0,0,0,-8.96,-11.03,0,.002,0,0,0,.002,0,0,0,0,0,0,0,0,0,0,0,0,0,0,0,0,0
101,2017,208,650,12.31,.003,0,0,.01,.002,0,0,-8.93,-10.24,0,.045,0,.002,.002,.049,.049,.01,.034,.01,0,.01,0,0,.039,0,0,.02,0,0,.002,0,0
101,2017,208,700,12.3,.037,.012,.01,.064,.034,.017,.017,-10.29,-10.18,.02,.233,.022,.034,.03,.27,.26,.045,.225,.054,.022,.045,.017,.03,.23,.03,.025,.099,0,.018,.039,0,.017
101,2017,208,710,12.3,.087,.034,.034,.168,.075,.04,.034,-11.24,-10.67,.034,.585,.05,.064,.067,.595,.57,.126,.515,.136,.047,.109,.04,.05,.499,.057,.052,.198,.018,.034,.079,.027,.034
101,2017,208,720,12.3,.144,.052,.04,.295,.126,.079,.047,-11.16,-10.36,.067,1.074,.099,.106,.116,1.058,.974,.223,.944,.263,.092,.184,.072,.089,.825,.094,.092,.354,.034,.044,.132,.034,.052
101,2017,208,730,12.31,.426,.158,.131,.86,.342,.204,.134,-10.57,-8.44,.181,2.601,.206,.302,.313,2.705,2.692,.55,2.413,.526,.179,.461,.188,.228,2.298,.235,.258,.875,.075,.126,.347,.06,.137
101,2017,208,740,12.31,.421,.159,.137,.855,.401,.238,.169,-9.92,-8.48,.208,3.255,.26,.352,.379,3.287,3.235,.575,2.879,.677,.231,.583,.228,.285,2.836,.3,.29,1.058,.101,.139,.447,.094,.171
101,2017,208,750,12.3,.536,.218,.168,1.101,.454,.302,.201,-11.16,-8.99,.261,4.287,.344,.444,.437,4.096,4.036,.776,3.67,.905,.305,.811,.287,.349,3.422,.347,.382,1.389,.127,.186,.504,.101,.208
101,2017,208,800,12.3,.555,.218,.189,1.178,.486,.325,.228,-11.88,-9.47,.287,4.679,.432,.441,.499,4.669,4.408,.848,4.17,1.101,.369,.809,.305,.385,3.846,.396,.409,1.547,.124,.203,.62,.116,.241
101,2017,208,810,12.31,.853,.35,.285,1.959,.793,.513,.312,-13.14,-9.24,.392,7.29,.568,.637,.669,6.32,5.961,1.334,6.221,1.718,.471,1.222,.451,.565,5.055,.521,.53,2.092,.181,.282,.759,.142,.323
101,2017,208,820,12.31,1.74,.697,.521,3.895,1.45,.897,.509,-11.26,-8.16,.697,14.09,.868,1.182,1.175,11.05,10.64,2.454,11.45,2.762,.746,2.239,.872,.996,8.86,.939,1.024,3.615,.3,.463,1.267,.233,.523
101,2017,208,830,12.31,3.478,.875,.697,5.088,2.082,1.438,.736,-9.96,-6.727,.996,44.62,1.683,1.761,1.721,16.25,14.31,3.763,32.59,4.996,1.131,9.46,1.72,1.698,11.99,1.309,1.497,5.184,.412,.623,1.894,.362,.798
101,2017,208,840,12.31,2.909,1.2,.85,7,2.707,1.837,.855,-9.91,-5.702,1.192,31.67,1.562,2.128,1.89,18.16,17.75,4.904,24.66,5.502,1.326,6.052,1.815,2.003,13.99,1.527,1.701,5.551,.458,.736,2.083,.396,.863
101,2017,208,850,12.31,3.322,1.364,1.002,8.06,3.001,2.045,.969,-9.74,-5.088,1.306,30.74,1.654,2.373,2.085,19.98,20.26,5.524,24.88,6.065,1.3,5.777,1.783,2.164,15.96,1.751,1.929,6.196,.489,.823,2.386,.436,.932
101,2017,208,900,12.31,2.872,1.369,.88,6.969,2.614,2.331,.838,-10.24,-5.113,1.18,30.95,1.676,2.277,1.825,17.63,18.52,4.922,23.9,5.258,1.346,6.594,3.373,2.503,13.74,1.696,1.661,5.324,.473,.752,1.987,.431,.818
101,2017,208,910,12.31,2.662,1.426,.965,7.98,3.371,2.609,1.113,-10.13,-4.514,1.273,48.08,1.934,2.455,1.957,19.4,22.7,10.33,36.64,6.972,1.453,12.15,13.77,2.808,14.96,1.991,1.84,4.881,.506,.798,1.9,.441,.826
101,2017,208,920,12.31,3.297,1.692,1.319,11.86,4.152,2.77,1.113,-9.9,-4.237,1.424,61.32,2.106,2.808,2.187,23.09,28.37,9.35,47.81,8.6,1.562,15.7,17.44,2.972,16.91,2.247,2.103,5.209,.556,.855,2.326,.536,.853
101,2017,208,930,12.31,3.984,1.85,1.664,22.45,4.77,3.26,1.221,-4.133,-3.629,1.64,69.82,2.471,3.441,2.491,27.1,32.45,7.96,55.8,10.59,1.82,17.56,5.003,3.795,18,2.476,2.503,6.653,.523,.905,2.426,.565,1.042
101,2017,208,940,12.31,4.014,1.541,1.059,9.22,3.044,1.856,1.032,-9.23,-3.974,1.515,28.46,1.974,2.491,2.493,23.55,23.34,5.938,24.47,6.224,1.771,5.433,1.784,2.059,18.52,2.079,2.212,7.12,.585,.977,2.751,.514,1.123
101,2017,208,950,12.31,3.324,1.305,.876,6.703,2.607,1.691,.96,-12.33,-4.122,1.365,24.57,1.868,2.491,2.441,21.71,21.32,4.705,20.42,4.85,1.563,4.328,1.568,1.912,17.7,1.845,1.997,7.36,.591,.923,2.741,.513,1.076
101,2017,208,1000,12.31,5.152,1.987,1.675,15.81,6.772,4.133,1.275,-11.64,-3.493,1.969,45.95,2.341,3.383,3.004,29.06,30.09,8.29,38.85,8.97,2.021,7.52,2.718,9.36,20.77,2.337,2.763,8.43,.672,1.139,2.964,.546,1.488
101,2017,208,1010,12.31,4.753,2.436,2.392,32.93,23.13,12.17,2.377,-3.912,-2.632,2.475,94.4,3.654,3.461,3.959,48.03,45.71,8.33,81.1,51.56,2.991,17.72,3.679,44.85,25.72,3.691,3.585,12.01,.781,1.409,4.043,.848,2.342
101,2017,208,1020,12.31,3.53,1.927,1.722,38.49,39.49,28.05,11.01,7.68,1.456,1.895,105.5,2.719,2.594,3.607,47.48,31.31,6.239,89.2,51.48,2.728,27.97,3.212,36.47,20.15,3.156,2.718,8.03,.601,1.015,2.506,.657,1.334
101,2017,208,1030,12.32,3.23,1.582,1.468,41.73,55.06,4.812,1.124,-13.48,-2.123,1.567,112,2.448,2.347,4.143,49.23,18.56,6.072,93.7,18.1,2.657,30.83,3.115,2.682,18.9,2.728,2.449,5.474,.523,.856,1.97,.571,.983
101,2017,208,1040,12.32,3.1,1.617,1.511,44.19,63.37,11.45,3.681,-10.29,-.617,1.565,118.8,2.805,2.369,3.746,55.55,17.58,6.172,99.9,84.7,2.759,31.19,2.352,2.583,21.73,2.93,2.488,5.574,.556,.927,2.036,.612,1.066
101,2017,208,1050,12.32,2.959,1.628,1.439,40.42,63.46,20.12,1.273,-4.591,-1.526,1.652,114.6,2.947,2.208,3.558,57.38,17.34,5.934,97.7,85.2,2.548,24.79,2.191,2.459,24,3.113,2.664,16.57,.561,.895,2.451,.618,1.565
101,2017,208,1100,12.32,2.788,1.59,1.442,39.27,70.9,4.295,1.283,-20.53,-1.476,1.583,121.6,3.215,2.114,9.37,65.31,17.1,5.847,104.9,93.1,2.928,27.91,6.245,2.562,28.22,2.962,6.128,11.22,.551,.963,2.126,.786,1.139
101,2017,208,1110,12.32,2.833,1.553,1.429,34.74,52.98,8.18,1.042,-21.97,-2.188,1.521,120,3.119,2.117,11.02,67.49,16.48,5.741,104.2,93.2,2.933,29.18,13.58,2.461,30.18,2.868,2.411,38.62,.551,.903,2.117,.699,1.097
101,2017,208,1120,12.32,3.087,1.802,1.447,23.86,25.91,4.726,1.369,-23.66,-2.457,1.618,116.4,3.238,2.231,3.669,69.31,18.03,6.046,102.1,89.3,2.935,15.68,2.092,2.55,32.24,2.995,2.494,52.08,.598,1.002,2.168,.715,1.147
101,2017,208,1130,12.32,6.121,2.997,2.092,24.19,6.459,8.46,1.382,-20.25,-3.052,3.737,112.7,3.632,3.272,3.302,71.7,26.3,9.2,100.1,79.4,3.231,7.2,2.652,3.359,36.26,3.68,3.684,50.24,.727,1.362,2.652,.819,1.496
101,2017,208,1140,12.32,6.228,2.993,2.344,18.21,8.2,4.054,1.61,-26.31,-2.838,2.509,79.6,9.04,4.019,7.73,57.63,36.14,11.65,71.3,43.26,3.275,7.22,2.875,9.61,35.75,3.566,4.558,33.69,.987,1.745,4.045,.853,1.918
101,2017,208,1150,12.32,6.779,3.312,2.508,16.84,5.717,4.556,1.992,-25.54,-2.571,2.804,67.68,13.37,4.446,8.55,55.64,41.3,19.81,62.23,30.46,3.831,7.3,2.873,4.466,37.34,4.367,7.6,29.46,1.074,2.089,5.168,.977,2.481
101,2017,208,1200,12.32,6.176,2.797,2.062,12.82,4.533,3.188,1.816,-26.86,-2.99,2.678,44.15,4.072,3.94,4.784,42.31,38.1,8.68,41.93,10.92,3.461,5.992,2.519,3.953,31.7,3.668,4.218,17.95,.992,1.812,5.097,.891,2.248
101,2017,208,1210,12.32,5.401,2.266,2.054,11.77,4.205,3.456,1.658,-22.93,-3.258,2.606,45.43,4.727,3.496,4.844,42.71,35.82,8.49,43.25,13.15,4.017,5.479,2.548,4.047,29.89,3.623,4.128,18.24,.905,1.745,4.828,.799,2.422
101,2017,208,1220,12.32,6.463,3.476,2.551,13.83,4.804,5.917,2.032,-22.94,-2.816,3.159,82.9,6.56,3.898,10.22,73.9,44.61,10.18,79.6,45.37,6.032,6.354,2.95,5.143,44.56,5.121,5.883,44.65,1.127,2.315,5.548,1.015,3.608
101,2017,208,1230,12.32,5.265,3.215,2.008,11.27,4.665,3.987,1.799,-25.18,-3.421,2.687,63.21,6.215,3.436,6.116,56.55,41.23,9.97,58.47,28.97,6.173,6.025,2.325,4.538,35.33,6.292,5.845,30.18,.948,2.126,4.97,.915,6.037
101,2017,208,1240,12.32,6.768,3.831,2.558,12.51,8.45,8.81,1.652,-19.75,-3.479,2.68,78.7,6.097,3.551,5.431,68.13,53.38,40.04,73.8,44.21,20.95,6.28,2.374,4.468,39.24,7.6,5.901,42.59,.841,2.313,4.042,.928,2.571
101,2017,208,1250,12.32,10.3,3.603,3.591,11.64,7.55,5.803,1.653,-21.92,-3.218,2.722,114.5,7.68,3.401,4.759,101.2,63.32,57.99,110.2,82.5,52.95,6.293,2.506,6.952,54.83,6.404,19.81,75.4,.992,12.23,4.05,1.161,2.757
101,2017,208,1300,12.32,4.285,2.472,2.727,8.88,6.553,12.3,1.531,-16.58,-3.258,2.787,107.9,5.154,3.077,3.913,98.9,31.19,9.83,104.3,36.73,34.67,5.453,2.201,3.682,53.33,5.878,5.022,74.8,.963,8.52,3.704,1.106,2.198
101,2017,208,1310,12.32,4.441,2.268,10.08,9.43,3.509,2.791,1.489,-26.7,-3.124,2.22,108.8,4.685,2.997,3.863,102.6,26.62,7.94,105.9,11.62,13.77,5.365,2.263,3.442,55.45,3.607,10.68,78.5,1.008,4.178,3.653,1.116,2.136
101,2017,208,1320,12.32,2.831,1.613,2.159,5.732,2.657,2.178,1.652,-26.87,-3.099,2.821,99.4,4.297,2.201,3.427,98.3,20.72,5.655,98.4,9.46,6.678,4.184,1.811,3.218,53.48,3.283,45.68,78,.883,2.73,3.496,1.079,1.972
101,2017,208,1330,12.32,2.477,1.553,1.405,5.102,10,2.09,1.71,-25.23,-2.98,1.975,89.4,8.88,2.134,3.409,91.2,22.86,5.318,89.4,9.33,5.486,4.161,1.725,9.93,49.96,3.327,46.47,71.6,.9,1.65,3.513,.931,1.9
101,2017,208,1340,12.32,3.235,1.782,1.302,6.705,7.45,2.657,2.117,-22.01,-2.573,5.622,93.9,34.14,2.884,4.297,97.9,23.23,6.804,93.4,11.36,6.757,5.3,2.139,73.5,53.51,3.863,33.9,73.4,1.203,2.178,3.975,.982,2.218
101,2017,208,1350,12.32,4.532,2.767,2.097,9.16,16.54,3.745,2.008,-20.78,-2.368,3.033,88.8,43.99,3.752,5.216,94.6,31.52,7.76,89,20.12,6.618,7.41,2.506,26.49,54.53,4.144,14.14,67.96,1.26,9.62,4.847,1.052,2.965
101,2017,208,1400,12.32,3.971,2.285,1.814,7.89,3.938,3.166,1.92,-25.79,-2.166,2.764,96.3,53.24,4.013,5.558,108.8,30.35,6.764,99.9,11.14,13.17,11.57,2.457,4.588,62.9,3.678,5.978,84.2,1.322,6.971,4.976,1.178,2.899
101,2017,208,1410,12.33,6.444,2.772,6.914,12.77,5.176,4.196,2.579,-36,-1.688,4.174,94.9,35.36,5.209,7.45,110.2,43.22,9.61,100.1,13.05,20.17,8.84,3.166,5.589,67.49,4.732,6.216,79.3,1.491,3.335,6.383,1.298,4.186
101,2017,208,1420,12.32,5.909,2.512,2.383,11.75,5.392,4.33,2.812,-24.34,-1.656,4.725,75.3,8.93,5.505,7.77,91.2,48.8,9.08,79.9,13.6,7.02,7.52,3.47,11.66,59.18,5.229,5.874,58.62,1.526,3.01,7.02,1.325,3.971
101,2017,208,1430,12.33,4.291,2.142,1.94,8.27,4.244,5.137,2.807,-23.66,-1.512,6.416,68.06,5.636,4.427,8.2,87.8,41.38,6.828,73.7,24.04,6.668,6.899,2.948,7.8,56.23,5.102,4.996,58.59,1.524,9.13,6.651,1.321,3.879
101,2017,208,1440,12.33,3.586,1.546,1.472,6.815,3.045,2.777,2.321,-27.77,-2.251,4.475,44.75,4.663,3.541,6.301,58.1,37.53,5.887,47.17,8.36,6.818,5.293,8.5,10.26,38.61,5.43,3.547,31.21,1.378,1.968,5.279,.898,3.216
101,2017,208,1450,12.33,2.485,1.177,1.805,5.013,3.951,3.428,1.96,-26.9,-1.859,6.18,66.13,3.971,2.971,8.27,99.2,41.98,5.16,77,7.19,11.04,4.872,30.04,12.04,56.88,37.65,3.378,74.1,2.008,2.035,3.819,.806,3.477
101,2017,208,1500,12.32,3.814,1.832,1.388,7.09,3.556,3.228,4.336,-24.94,-1.002,3.71,46.91,4.001,3.402,8.8,63.13,35.3,6.301,49.53,8.09,9.27,5.475,2.321,3.619,38.93,20.6,3.303,34.58,5.42,2.172,4.467,.811,3.214
101,2017,208,1510,12.32,3.476,1.357,1.231,6.831,4.099,3.136,7.49,-24.55,.256,3.789,51.48,5.033,3.482,14.26,81.1,34.17,5.854,59.11,7.06,25.85,5.665,2.285,3.734,49.77,13.72,3.164,21.32,15.61,2.457,4.856,.869,3.122
101,2017,208,1520,12.32,3.516,1.399,1.189,7.06,4.667,2.68,1.668,-44.28,-3.193,5.513,49.05,3.466,3.091,9.63,81.1,47,5.911,57.17,7.34,51.88,5.541,2.018,6.605,47.32,4.322,2.822,12.14,7.29,1.864,3.457,.707,2.442
101,2017,208,1530,12.32,2.685,1.079,.955,5.494,7.1,3.426,1.348,-23.12,-3.565,29.54,37.93,2.754,2.533,4.958,68.52,52.52,4.573,45.02,5.93,30.51,4.816,1.764,2.343,40.61,3.637,2.29,8.71,1.206,1.426,3.457,.618,1.737
101,2017,208,1540,12.32,2.276,1.025,1,4.71,2.735,2.533,1.436,-22.69,-3.93,12.84,27.63,2.459,2.503,4.347,45,37.06,3.761,30.35,5.58,11.74,4.215,1.665,2.481,30.28,3.464,2.151,10.26,.958,1.281,4.004,.692,1.722
101,2017,208,1550,12.32,1.498,.712,.658,3.598,2.276,1.576,1.106,-24.74,-4.156,2.156,20.15,2.092,1.823,2.985,26.8,22.16,3.124,18.75,4.546,4.094,3.647,1.255,1.993,19.31,2.64,1.563,7.07,.628,.903,2.908,.504,1.271
101,2017,208,1600,12.32,1.392,.688,.534,3.091,1.724,1.357,.792,-23.66,-4.667,1.258,17.33,1.875,1.437,2.476,20.92,16.54,2.824,16,3.829,2.727,3.072,1.034,1.637,14.62,1.876,1.28,6.53,.441,.714,2.325,.395,1.313
101,2017,208,1610,12.32,1.439,.603,.467,2.92,1.463,1.057,.74,-38.16,-4.708,1.235,15.63,1.203,1.297,2.159,25.8,19.77,2.484,16.32,3.548,3.173,2.831,.983,1.223,12.85,1.702,1.004,4.808,.449,.571,2.074,.342,1.035
101,2017,208,1620,12.32,2.009,.796,.742,4.086,1.925,1.303,1.062,-62.94,-4.478,1.52,17.87,1.526,1.85,2.793,28.43,24.3,3.059,18.35,3.666,2.758,3.16,1.213,1.773,18.91,2.02,1.595,7.68,.568,.823,3.275,.474,1.396
101,2017,208,1630,12.32,1.702,.64,.63,3.492,1.866,1.044,.95,-63.48,-4.673,1.102,13.31,1.069,1.679,2.175,21.35,19.54,2.575,13.64,2.57,1.695,2.61,1.047,1.493,16.48,1.63,1.332,6.212,.489,.689,2.818,.432,.968
101,2017,208,1640,12.32,1.322,.526,.474,2.853,1.389,.826,.648,-43.49,-5.329,.761,10.57,.829,1.144,1.518,22.47,17.73,2.016,10.05,2.243,1.027,2.155,.791,1.111,11.66,1.498,.985,4.18,.35,.474,1.91,.382,.642
101,2017,208,1650,12.32,1.344,.556,.498,3.059,1.414,.947,.663,-21.17,-5.582,.901,12.1,1.037,1.208,1.737,17.84,13.81,2.145,11.68,2.774,1.432,2.2,.821,1.233,11.82,3.259,1.025,4.792,.36,.498,1.821,.34,.885
101,2017,208,1700,12.32,1.625,.689,.595,3.306,1.508,1.024,.757,-20.37,-5.616,.985,13.51,1.3,1.426,1.985,17.82,16.14,2.312,13.68,3.26,1.528,2.215,.863,1.414,13.72,1.577,1.223,6.393,.417,.628,2.186,.36,1.114
101,2017,208,1710,12.32,1.635,.68,.593,3.326,1.573,.994,.801,-62.39,-5.541,.972,12.98,1.252,1.506,1.997,16.92,16.01,2.3,13.37,2.976,1.354,2.21,.844,1.411,14.04,1.372,1.262,6.487,.421,.643,2.315,.37,1.059
101,2017,208,1720,12.32,1.273,.516,.456,2.619,1.357,.809,.682,-22.32,-5.644,.787,10.6,1.032,1.169,1.618,13.81,12.64,1.853,10.5,2.369,1.121,1.848,.684,1.119,11.54,1.223,.957,4.932,.372,.529,1.999,.332,.816
101,2017,208,1730,12.32,.915,.387,.348,1.91,.948,.595,.483,-20.15,-5.968,.595,7.86,.756,.844,1.21,10.29,9.21,1.349,7.72,1.754,.945,1.394,.503,.836,8.25,.935,.69,3.607,.27,.385,1.342,.228,.58
101,2017,208,1740,12.32,.566,.24,.225,1.225,.648,.394,.34,-21.19,-6.563,.384,5.082,.452,.571,.759,6.762,6.214,.866,4.931,1.112,.558,.918,.36,.531,5.531,.596,.437,2.258,.174,.251,.921,.164,.375
101,2017,208,1750,12.32,.369,.154,.129,.722,.384,.23,.183,-19.77,-7.22,.203,2.81,.243,.33,.385,3.544,3.373,.514,2.629,.596,.285,.531,.204,.297,2.965,.337,.256,1.092,.095,.142,.496,.095,.184
101,2017,208,1800,12.32,.179,.067,.054,.354,.178,.107,.077,-21.84,-6.712,.097,1.252,.104,.152,.179,1.595,1.505,.258,1.181,.275,.132,.253,.095,.136,1.329,.154,.116,.462,.045,.06,.226,.047,.087
101,2017,208,1810,12.31,.054,.017,.013,.104,.052,.03,.02,-19.24,-6.167,.022,.34,.032,.047,.052,.444,.419,.074,.32,.08,.037,.069,.02,.042,.369,.049,.03,.126,.003,.017,.06,.013,.02
101,2017,208,1820,12.31,.002,0,0,.012,0,0,0,-20.13,-6.182,0,.057,0,.002,0,.077,.074,.008,.049,.012,0,.008,0,0,.064,.002,0,.02,0,0,.002,0,0
101,2017,208,1830,12.31,0,0,0,0,0,0,0,-24.44,-6.484,0,0,0,0,0,.002,.002,0,0,0,0,0,0,0,0,0,0,0,0,0,0,0,0
101,2017,208,1840,12.31,0,0,0,0,0,0,0,-22.54,-6.534,0,0,0,0,0,0,0,0,0,0,0,0,0,0,0,0,0,0,0,0,0,0,0
101,2017,208,1850,12.31,0,0,0,0,0,0,0,-23.55,-6.697,0,0,0,0,0,0,0,0,0,0,0,0,0,0,0,0,0,0,0,0,0,0,0
101,2017,208,1900,12.31,0,0,0,0,0,0,0,-23.79,-7.34,0,0,0,0,0,0,0,0,0,0,0,0,0,0,0,0,0,0,0,0,0,0,0
101,2017,208,1910,12.31,0,0,0,0,0,0,0,-22.64,-7.49,0,0,0,0,0,0,0,0,0,0,0,0,0,0,0,0,0,0,0,0,0,0,0
101,2017,208,1920,12.31,0,0,0,0,0,0,0,-23.09,-8.1,0,0,0,0,0,0,0,0,0,0,0,0,0,0,0,0,0,0,0,0,0,0,0
101,2017,208,1930,12.31,0,0,0,0,0,0,0,-23.27,-9.19,0,0,0,0,0,0,0,0,0,0,0,0,0,0,0,0,0,0,0,0,0,0,0
101,2017,208,1940,12.31,0,0,0,0,0,0,0,-22.41,-9.86,0,0,0,0,0,0,0,0,0,0,0,0,0,0,0,0,0,0,0,0,0,0,0
101,2017,208,1950,12.31,0,0,0,0,0,0,0,-21.7,-10.7,0,0,0,0,0,0,0,0,0,0,0,0,0,0,0,0,0,0,0,0,0,0,0
101,2017,208,2000,12.31,0,0,0,0,0,0,0,-21.67,-11.59,0,0,0,0,0,0,0,0,0,0,0,0,0,0,0,0,0,0,0,0,0,0,0
101,2017,208,2010,12.31,0,0,0,0,0,0,0,-23.09,-11.67,0,0,0,0,0,0,0,0,0,0,0,0,0,0,0,0,0,0,0,0,0,0,0
101,2017,208,2020,12.31,0,0,0,0,0,0,0,-22.98,-12.56,0,0,0,0,0,0,0,0,0,0,0,0,0,0,0,0,0,0,0,0,0,0,0
101,2017,208,2030,12.31,0,0,0,0,0,0,0,-22.81,-12.42,0,0,0,0,0,0,0,0,0,0,0,0,0,0,0,0,0,0,0,0,0,0,0
101,2017,208,2040,12.31,0,0,0,0,0,0,0,-22.65,-12.27,0,0,0,0,0,0,0,0,0,0,0,0,0,0,0,0,0,0,0,0,0,0,0
101,2017,208,2050,12.31,0,0,0,0,0,0,0,-22.78,-12.86,0,0,0,0,0,0,0,0,0,0,0,0,0,0,0,0,0,0,0,0,0,0,0
101,2017,208,2100,12.31,0,0,0,0,0,0,0,-22.11,-13.36,0,0,0,0,0,0,0,0,0,0,0,0,0,0,0,0,0,0,0,0,0,0,0
101,2017,208,2110,12.31,0,0,0,0,0,0,0,-21.91,-13.35,0,0,0,0,0,0,0,0,0,0,0,0,0,0,0,0,0,0,0,0,0,0,0
101,2017,208,2120,12.3,0,0,0,0,0,0,0,-21.6,-13.45,0,0,0,0,0,0,0,0,0,0,0,0,0,0,0,0,0,0,0,0,0,0,0
101,2017,208,2130,12.3,0,0,0,0,0,0,0,-20.93,-13.29,0,0,0,0,0,0,0,0,0,0,0,0,0,0,0,0,0,0,0,0,0,0,0
101,2017,208,2140,12.3,0,0,0,0,0,0,0,-20.54,-13.4,0,0,0,0,0,0,0,0,0,0,0,0,0,0,0,0,0,0,0,0,0,0,0
101,2017,208,2150,12.3,0,0,0,0,0,0,0,-20.96,-13.65,0,0,0,0,0,0,0,0,0,0,0,0,0,0,0,0,0,0,0,0,0,0,0
101,2017,208,2200,12.3,0,0,0,0,0,0,0,-20.48,-13.69,0,0,0,0,0,0,0,0,0,0,0,0,0,0,0,0,0,0,0,0,0,0,0
101,2017,208,2210,12.3,0,0,0,0,0,0,0,-19.91,-13.77,0,0,0,0,0,0,0,0,0,0,0,0,0,0,0,0,0,0,0,0,0,0,0
101,2017,208,2220,12.3,0,0,0,0,0,0,0,-19.11,-13.85,0,0,0,0,0,0,0,0,0,0,0,0,0,0,0,0,0,0,0,0,0,0,0
101,2017,208,2230,12.3,0,0,0,0,0,0,0,-18.72,-13.47,0,0,0,0,0,0,0,0,0,0,0,0,0,0,0,0,0,0,0,0,0,0,0
101,2017,208,2240,12.3,0,0,0,0,0,0,0,-19.14,-13.19,0,0,0,0,0,0,0,0,0,0,0,0,0,0,0,0,0,0,0,0,0,0,0
101,2017,208,2250,12.3,0,0,0,0,0,0,0,-19.3,-12.84,0,0,0,0,0,0,0,0,0,0,0,0,0,0,0,0,0,0,0,0,0,0,0
101,2017,208,2300,12.3,0,0,0,0,0,0,0,-18.29,-12.49,0,0,0,0,0,0,0,0,0,0,0,0,0,0,0,0,0,0,0,0,0,0,0
101,2017,208,2310,12.3,0,0,0,0,0,0,0,-18.19,-12.31,0,0,0,0,0,0,0,0,0,0,0,0,0,0,0,0,0,0,0,0,0,0,0
101,2017,208,2320,12.3,0,0,0,0,0,0,0,-17.8,-12.4,0,0,0,0,0,0,0,0,0,0,0,0,0,0,0,0,0,0,0,0,0,0,0
101,2017,208,2330,12.3,0,0,0,0,0,0,0,-17.58,-12.34,0,0,0,0,0,0,0,0,0,0,0,0,0,0,0,0,0,0,0,0,0,0,0
101,2017,208,2340,12.3,0,0,0,0,0,0,0,-17.88,-12.13,0,0,0,0,0,0,0,0,0,0,0,0,0,0,0,0,0,0,0,0,0,0,0
101,2017,208,2350,12.3,0,0,0,0,0,0,0,-19.51,-11.88,0,0,0,0,0,0,0,0,0,0,0,0,0,0,0,0,0,0,0,0,0,0,0
101,2017,208,2400,12.3,0,0,0,0,0,0,0,-19,-12.01,0,0,0,0,0,0,0,0,0,0,0,0,0,0,0,0,0,0,0,0,0,0,0
101,2017,209,10,12.3,0,0,0,0,0,0,0,-18.89,-12.07,0,0,0,0,0,0,0,0,0,0,0,0,0,0,0,0,0,0,0,0,0,0,0
101,2017,209,20,12.3,0,0,0,0,0,0,0,-17.15,-11.95,0,0,0,0,0,0,0,0,0,0,0,0,0,0,0,0,0,0,0,0,0,0,0
101,2017,209,30,12.3,0,0,0,0,0,0,0,-15.89,-11.63,0,0,0,0,0,0,0,0,0,0,0,0,0,0,0,0,0,0,0,0,0,0,0
101,2017,209,40,12.3,0,0,0,0,0,0,0,-16.31,-11.65,0,0,0,0,0,0,0,0,0,0,0,0,0,0,0,0,0,0,0,0,0,0,0
101,2017,209,50,12.3,0,0,0,0,0,0,0,-16.23,-11.53,0,0,0,0,0,0,0,0,0,0,0,0,0,0,0,0,0,0,0,0,0,0,0
101,2017,209,100,12.3,0,0,0,0,0,0,0,-15.63,-11.36,0,0,0,0,0,0,0,0,0,0,0,0,0,0,0,0,0,0,0,0,0,0,0
101,2017,209,110,12.3,0,0,0,0,0,0,0,-15.56,-11.24,0,0,0,0,0,0,0,0,0,0,0,0,0,0,0,0,0,0,0,0,0,0,0
101,2017,209,120,12.3,0,0,0,0,0,0,0,-15.41,-11.16,0,0,0,0,0,0,0,0,0,0,0,0,0,0,0,0,0,0,0,0,0,0,0
101,2017,209,130,12.3,0,0,0,0,0,0,0,-15.59,-11.02,0,0,0,0,0,0,0,0,0,0,0,0,0,0,0,0,0,0,0,0,0,0,0
101,2017,209,140,12.3,0,0,0,0,0,0,0,-15.3,-10.58,0,0,0,0,0,0,0,0,0,0,0,0,0,0,0,0,0,0,0,0,0,0,0
101,2017,209,150,12.3,0,0,0,0,0,0,0,-16.08,-10.17,0,0,0,0,0,0,0,0,0,0,0,0,0,0,0,0,0,0,0,0,0,0,0
101,2017,209,200,12.3,0,0,0,0,0,0,0,-16.33,-10.1,0,0,0,0,0,0,0,0,0,0,0,0,0,0,0,0,0,0,0,0,0,0,0
101,2017,209,210,12.3,0,0,0,0,0,0,0,-16.92,-10.13,0,0,0,0,0,0,0,0,0,0,0,0,0,0,0,0,0,0,0,0,0,0,0
101,2017,209,220,12.3,0,0,0,0,0,0,0,-16.19,-10.1,0,0,0,0,0,0,0,0,0,0,0,0,0,0,0,0,0,0,0,0,0,0,0
101,2017,209,230,12.3,0,0,0,0,0,0,0,-15.93,-9.77,0,0,0,0,0,0,0,0,0,0,0,0,0,0,0,0,0,0,0,0,0,0,0
101,2017,209,240,12.3,0,0,0,0,0,0,0,-15.96,-9.65,0,0,0,0,0,0,0,0,0,0,0,0,0,0,0,0,0,0,0,0,0,0,0
101,2017,209,250,12.3,0,0,0,0,0,0,0,-15.56,-9.69,0,0,0,0,0,0,0,0,0,0,0,0,0,0,0,0,0,0,0,0,0,0,0
101,2017,209,300,12.3,0,0,0,0,0,0,0,-15.71,-9.61,0,0,0,0,0,0,0,0,0,0,0,0,0,0,0,0,0,0,0,0,0,0,0
101,2017,209,310,12.3,0,0,0,0,0,0,0,-15.34,-9.53,0,0,0,0,0,0,0,0,0,0,0,0,0,0,0,0,0,0,0,0,0,0,0
101,2017,209,320,12.3,0,0,0,0,0,0,0,-15.37,-9.51,0,0,0,0,0,0,0,0,0,0,0,0,0,0,0,0,0,0,0,0,0,0,0
101,2017,209,330,12.3,0,0,0,0,0,0,0,-15.18,-9.56,0,0,0,0,0,0,0,0,0,0,0,0,0,0,0,0,0,0,0,0,0,0,0
101,2017,209,340,12.3,0,0,0,0,0,0,0,-14.46,-9.61,0,0,0,0,0,0,0,0,0,0,0,0,0,0,0,0,0,0,0,0,0,0,0
101,2017,209,350,12.3,0,0,0,0,0,0,0,-14.63,-9.92,0,0,0,0,0,0,0,0,0,0,0,0,0,0,0,0,0,0,0,0,0,0,0
101,2017,209,400,12.3,0,0,0,0,0,0,0,-13.44,-9.73,0,0,0,0,0,0,0,0,0,0,0,0,0,0,0,0,0,0,0,0,0,0,0
101,2017,209,410,12.3,0,0,0,0,0,0,0,-15.1,-11.24,0,0,0,0,0,0,0,0,0,0,0,0,0,0,0,0,0,0,0,0,0,0,0
101,2017,209,420,12.29,0,0,0,0,0,0,0,-14.08,-10.25,0,0,0,0,0,0,0,0,0,0,0,0,0,0,0,0,0,0,0,0,0,0,0
101,2017,209,430,12.3,0,0,0,0,0,0,0,-13.35,-10.48,0,0,0,0,0,0,0,0,0,0,0,0,0,0,0,0,0,0,0,0,0,0,0
101,2017,209,440,12.29,0,0,0,0,0,0,0,-12.9,-10.17,0,0,0,0,0,0,0,0,0,0,0,0,0,0,0,0,0,0,0,0,0,0,0
101,2017,209,450,12.29,0,0,0,0,0,0,0,-13.03,-10.21,0,0,0,0,0,0,0,0,0,0,0,0,0,0,0,0,0,0,0,0,0,0,0
101,2017,209,500,12.29,0,0,0,0,0,0,0,-13.29,-10.38,0,0,0,0,0,0,0,0,0,0,0,0,0,0,0,0,0,0,0,0,0,0,0
101,2017,209,510,12.29,0,0,0,0,0,0,0,-13.46,-10.29,0,0,0,0,0,0,0,0,0,0,0,0,0,0,0,0,0,0,0,0,0,0,0
101,2017,209,520,12.29,0,0,0,0,0,0,0,-12.75,-10.16,0,0,0,0,0,0,0,0,0,0,0,0,0,0,0,0,0,0,0,0,0,0,0
101,2017,209,530,12.29,0,0,0,0,0,0,0,-11.68,-10.07,0,0,0,0,0,0,0,0,0,0,0,0,0,0,0,0,0,0,0,0,0,0,0
101,2017,209,540,12.29,0,0,0,0,0,0,0,-10.82,-9.25,0,0,0,0,0,0,0,0,0,0,0,0,0,0,0,0,0,0,0,0,0,0,0
101,2017,209,550,12.29,0,0,0,0,0,0,0,-10.63,-8.98,0,0,0,0,0,0,0,0,0,0,0,0,0,0,0,0,0,0,0,0,0,0,0
101,2017,209,600,12.29,0,0,0,0,0,0,0,-10.17,-8.78,0,0,0,0,0,0,0,0,0,0,0,0,0,0,0,0,0,0,0,0,0,0,0
101,2017,209,610,12.29,0,0,0,0,0,0,0,-10.1,-8.73,0,0,0,0,0,0,0,0,0,0,0,0,0,0,0,0,0,0,0,0,0,0,0
101,2017,209,620,12.29,0,0,0,0,0,0,0,-11.49,-8.67,0,0,0,0,0,0,0,0,0,0,0,0,0,0,0,0,0,0,0,0,0,0,0
101,2017,209,630,12.29,0,0,0,0,0,0,0,-11.22,-8.87,0,0,0,0,0,0,0,0,0,0,0,0,0,0,0,0,0,0,0,0,0,0,0
101,2017,209,640,12.29,0,0,0,0,0,0,0,-11.77,-8.52,0,.003,0,0,0,.005,.005,0,.003,0,0,0,0,0,.002,0,0,0,0,0,0,0,0
101,2017,209,650,12.29,.007,0,0,.02,.007,0,0,-11.66,-8.27,0,.075,.002,.008,.003,.082,.079,.015,.069,.018,0,.015,0,.005,.069,.005,.002,.034,0,0,.007,0,0
101,2017,209,700,12.3,.052,.023,.022,.109,.05,.027,.027,-10.57,-8.06,.03,.377,.034,.044,.049,.426,.407,.07,.357,.091,.034,.069,.023,.039,.365,.044,.035,.153,.008,.027,.057,.01,.022
101,2017,209,710,12.3,.131,.052,.047,.283,.126,.074,.055,-11.25,-7.91,.067,.989,.084,.099,.132,1.115,1.069,.184,.922,.243,.092,.176,.07,.102,.927,.109,.089,.379,.034,.042,.158,.034,.057
101,2017,209,720,12.3,.248,.106,.096,.56,.253,.158,.101,-11.02,-7.73,.129,2.162,.149,.199,.226,2.033,1.984,.357,1.912,.431,.149,.384,.151,.204,1.668,.184,.176,.682,.055,.085,.275,.05,.106
101,2017,209,730,12.29,.456,.211,.171,1.031,.402,.282,.166,-11.74,-7.68,.213,4.505,.231,.382,.367,3.191,3.201,.711,3.526,.677,.22,.851,.3,.347,2.621,.287,.312,1.032,.091,.149,.394,.077,.166
101,2017,209,740,12.3,.744,.345,.233,1.681,.696,.451,.263,-10.98,-7.58,.325,7.04,.342,.612,.494,4.844,4.988,1.16,5.212,1.004,.305,1.334,.432,.488,4.096,.416,.449,1.388,.156,.231,.57,.114,.228
101,2017,209,750,12.3,1.337,.523,.335,3,1.136,.804,.382,-10.09,-7.13,.488,15.07,.583,.984,.741,7.66,7.59,2.177,8.09,1.696,.464,2.192,.644,.779,6.023,.612,.689,2.073,.213,.332,.831,.193,.355
101,2017,209,800,12.3,1.751,.704,.426,3.823,1.347,.94,.419,-12.36,-7.35,.595,13.66,.669,1.247,.875,8.7,9.13,2.873,10,2.273,.521,2.561,.746,.913,7.1,.796,.89,2.276,.25,.396,.917,.215,.392
101,2017,209,810,12.3,1.889,.662,.449,4.093,1.539,.989,.451,-12.88,-7.59,.652,33.63,1.066,1.334,1.036,10.89,9.87,2.873,11.57,2.801,.613,6.298,1.182,1.525,7.9,.841,.947,2.475,.273,.431,1.024,.248,.412
101,2017,209,820,12.3,2.001,.808,.617,5.142,1.932,1.351,.503,-11.31,-7.03,.747,60.25,1.413,1.567,1.121,12.51,10.44,3.496,27.31,3.607,.649,12.92,1.656,1.673,8.06,.959,1.001,2.175,.285,.434,.982,.261,.437
101,2017,209,830,12.3,3.688,1.186,.736,6.641,2.51,1.805,.667,-10.31,-6.068,.987,71.7,1.579,2.207,1.357,14.29,13.2,4.979,48.91,4.216,.724,18.06,2.023,1.993,10.08,1.166,1.388,2.293,.382,.558,1.237,.327,.521
101,2017,209,840,12.3,3.058,1.176,.814,6.951,2.703,1.987,.751,-10.9,-5.555,1.046,80.1,1.666,2.462,1.463,14.77,17.42,7.29,55.82,4.61,.778,21.8,2.212,2.098,10.95,1.324,1.542,2.512,.436,.628,1.282,.362,.803
101,2017,209,850,12.3,1.803,.846,.627,4.666,2.234,2.182,.61,-12.6,-5.64,.814,80.3,1.598,1.878,1.335,12.84,18.21,3.805,56.62,4.413,.766,23.37,1.981,1.733,10.97,1.128,1.185,2.425,.402,.528,1.099,.335,.538
101,2017,209,900,12.3,1.748,.806,.694,5.063,2.439,5.735,.863,-12.21,-5.531,.854,84.9,1.897,1.773,1.414,13.16,21.81,5.127,61.62,4.792,.833,25.56,2.039,8.73,10.31,1.371,1.211,2.532,.343,.471,1.111,.335,.504
101,2017,209,910,12.3,1.902,.871,.794,5.588,2.78,2.58,.818,-15.26,-5.477,.925,89.2,1.985,2.252,1.483,14.69,26.04,32.74,66.21,5.258,.91,27.47,26.38,3.049,10.19,1.406,1.282,2.726,.405,.498,1.171,.369,.533
101,2017,209,920,12.3,1.93,.901,.858,13.83,2.992,2.031,.652,-17.42,-5.125,.96,89.5,1.701,2.567,1.605,17.3,28.89,5.837,67.73,5.588,.999,27.93,35.02,1.954,10.41,1.376,1.32,2.912,.377,.518,1.233,.382,.573
101,2017,209,930,12.3,2.024,.965,.963,31.66,3.172,2.245,.702,-19.5,-5.043,1.022,95.1,1.737,3.585,1.709,21.47,32.93,5.03,73.4,8.48,1.174,29.49,5.135,2.145,10.82,1.494,1.379,3.095,.457,.541,1.292,.402,.61
101,2017,209,940,12.3,2.096,1.017,1.052,34.69,3.289,7.8,.754,-16,-5.02,1.087,100.6,1.784,2.022,1.995,26.09,36.76,15.02,78.9,7.23,1.29,23.54,2.986,2.289,11.22,1.657,1.461,3.25,.402,.57,1.352,.432,.648
101,2017,209,950,12.3,2.143,1.045,1.116,36.76,14.25,10.27,1.039,-16.08,-4.527,1.123,103.4,1.865,1.947,2.129,30.16,40.36,4.497,82.5,6.884,1.387,10.34,2.027,4.039,11.58,1.768,1.525,3.378,.407,.588,1.394,.436,.67
101,2017,209,1000,12.3,2.201,1.079,1.138,39.04,30.17,10.88,.829,-16.27,-3.299,1.161,107.1,2.017,1.933,2.146,34.55,44.25,4.477,86.6,8.11,1.456,13.05,2.002,62.46,12.03,1.813,1.592,3.547,.434,.617,1.456,.451,4.405
101,2017,209,1010,12.3,2.222,1.111,1.176,40.71,37.02,16.88,2.054,-11.64,-2.793,1.337,109.7,1.905,1.9,2.151,38.8,43.13,4.507,89.8,69.47,1.555,21.92,2.022,73,12.71,1.989,1.697,3.733,.436,.655,1.494,.509,4.103
101,2017,209,1020,12.31,2.166,1.099,1.293,41.38,47.97,16.03,8.52,-34.03,-.441,1.206,109.9,1.918,1.83,2.702,42.5,27.63,4.467,91.2,50.35,1.853,30.41,2.158,47.66,14.04,2.185,1.778,3.88,.436,.647,1.523,.702,1.062
101,2017,209,1030,12.31,1.989,1.076,1.213,43.02,60.39,3.2,2.267,-47.56,-1.747,1.652,112.7,1.987,1.751,3.766,47.68,15.33,4.267,94.7,15.65,2.284,33.95,2.585,2.178,16.03,2.312,1.875,4.004,.436,.66,1.59,.503,.786
101,2017,209,1040,12.31,1.834,1.029,1.134,43.33,65.32,5.564,10.52,-45.72,1.292,1.184,112.4,1.984,1.64,3.443,51.67,12.43,4.089,95.4,85,1.823,34.56,1.749,2.002,18.12,2.34,1.786,3.965,.436,.64,1.541,.511,.834
101,2017,209,1050,12.31,1.906,1.032,1.129,43.31,69.94,12.44,1.03,-23.77,-1.198,1.215,113.6,2.025,1.638,2.868,56.28,11.82,4.153,97.6,90.6,1.881,27.67,1.628,1.895,21.25,2.392,2.205,15.64,.436,.672,1.578,.539,1.142
101,2017,209,1100,12.31,2.055,1.131,1.154,38.07,72.6,5.046,.948,-27.87,-1.474,1.246,114.2,2.109,1.657,8.81,60.83,12.14,4.27,99.4,92.2,1.97,16.45,3.808,1.849,24.91,2.437,6.248,6.089,.452,.714,1.739,.839,.851
101,2017,209,1110,12.31,2.188,1.22,1.174,31.09,68.57,10.84,.957,-35.1,-1.536,1.287,113.8,2.282,1.697,11.14,65.03,12.81,4.354,100.2,92.7,2.158,23.91,14.14,1.928,28.26,2.444,1.9,36.29,.469,.774,1.71,.628,.913
101,2017,209,1120,12.31,2.3,1.315,1.181,26.16,16.18,5.35,.99,-49.78,-2.915,1.338,114.2,2.736,1.732,2.849,69.42,13.42,4.508,101.4,93.3,2.349,7.25,1.526,1.967,31.11,2.446,2.022,55.03,.508,.822,1.843,.652,.988
101,2017,209,1130,12.31,2.494,1.459,1.263,16.63,4.726,4.833,.873,-45.88,-3.501,2.019,95.7,3.032,1.729,2.558,61.39,15.02,4.732,85.3,74.5,2.354,4.308,1.476,2.211,29.04,2.498,2.148,47.38,.518,.841,1.869,.625,.988
101,2017,209,1140,12.31,2.595,1.675,1.389,15.31,8.76,2.261,.956,-38.36,-3.258,1.459,103.8,19.19,1.9,14.3,70.8,16.06,10.89,94.1,80.7,2.854,4.201,1.496,19.05,33.85,2.488,2.824,56.44,.593,.985,2.086,.707,1.09