101,2017,247,1150,12.15,8.34,35.04,2.509,44.17,4.715,3.953,1.785,-67.04,-17.49,3.251,97.2,4.832,4.154,4.772,79.4,76.6,10.63,92.5,30.65,6.803,9.22,2.879,4.38,44.75,4.504,5.252,54.47,.834,2.13,11.77,1.065,2.214
101,2017,247,1200,12.13,5.994,28.03,2.12,40.34,4.659,3.633,1.605,-82.8,-17.07,2.735,89.3,6.668,3.939,4.963,74.5,71.2,8.5,83.1,58.1,4.393,8.25,2.392,8.99,42.02,3.661,4.619,51.06,.794,1.934,27.72,.97,2.075
101,2017,247,1210,12.11,6.487,3.145,2.154,11.76,4.175,3.408,1.772,-109.2,-17.46,2.985,70.5,4.252,4.202,4.825,65.21,61.2,8.83,68.72,28.69,4.348,7.44,2.613,4.19,40.49,3.521,4.613,40.53,.841,2.003,9.87,.997,2.457
101,2017,247,1220,12.11,7.87,4.165,2.365,14.38,4.278,3.782,2.003,-115.9,-16.89,3.122,79.7,4.452,4.651,5.408,75.4,72.1,9.8,78.9,18.81,4.157,7.96,2.708,4.634,46.8,3.551,6.852,51.01,.946,2.323,7.43,1.142,2.574
101,2017,247,1230,12.13,6.359,2.914,2.39,10.62,3.549,3.191,1.643,-119.5,-20.17,2.599,61.93,4.053,3.66,4.194,59.18,55.46,8.02,61.1,11.63,3.567,6.48,2.343,4.49,37.27,3.318,7.3,37.36,.772,1.789,4.045,.965,1.95
101,2017,247,1240,12.13,5.438,2.467,1.961,8.97,3.422,3.304,1.549,-110.9,-18.83,2.469,85,18.98,3.789,3.765,82.8,77.6,7.32,84.8,11.04,4.028,6.795,2.207,4.204,49.93,3.435,42.05,61.92,.784,1.764,3.8,1.035,2.043
101,2017,247,1250,12.13,4.919,2.055,1.782,8.35,3.472,3.159,1.482,-117.5,-19.81,2.551,66.02,11.44,4.05,4.375,64.74,59.46,7.22,65.32,13.81,3.516,6.584,5.835,4.003,40.13,7.02,32.11,44.48,.742,1.75,3.509,1.02,2.367
101,2017,247,1300,12.13,5.309,21.21,1.673,8.25,3.053,2.876,1.571,-98.4,-21.05,3.154,82.3,21.41,3.288,4.041,85.9,79.7,6.827,85,47.86,4.18,6.185,12.45,11.08,53.36,17.11,52.24,65.23,.754,1.745,3.919,8.6,2.162
101,2017,247,1310,12.13,4.768,1.494,1.432,7.97,2.869,2.658,1.275,-104.6,-21.39,2.229,34.81,4.629,3.152,3.804,34.92,31.32,6.586,33.72,9.56,2.805,5.751,1.934,3.489,23.83,2.444,5.053,16.33,.559,1.749,3.001,.764,2.042
101,2017,247,1320,12.13,5.396,1.841,1.936,8.81,3.269,7.5,1.732,-112.1,-21.32,2.663,55.85,7.25,3.792,5.222,59.81,54.45,7.66,57.35,26.42,3.695,6.463,2.331,5.288,39.26,3.112,9.79,38.06,.816,2.413,4.17,1.018,2.619
101,2017,247,1330,12.13,3.919,1.201,1.321,6.616,2.805,5.885,1.271,-85.6,-22.6,1.914,35.06,4.016,2.882,3.984,36.58,33.4,5.74,33.85,12.04,2.573,5.773,1.8,3.606,25.44,2.41,3.487,18.38,.581,1.387,2.854,.687,1.854
101,2017,247,1340,12.13,3.866,1,.998,6.122,2.554,1.792,1.104,-87.3,-23.45,1.559,23.69,2.948,2.618,3.732,26.25,25.91,4.797,22.66,4.867,1.591,5.117,1.517,3.735,20.74,1.859,2.815,10.71,.516,1.03,2.65,.606,1.439
101,2017,247,1350,12.13,4.257,1.321,1.385,7.32,3.713,2.648,1.611,-87.9,-22.54,2.199,32.9,6.589,3.629,6.627,39.03,36.43,5.485,32.67,7.05,2.527,6.668,1.921,6.991,29.78,2.76,3.802,17.65,.719,1.479,4.177,.995,2.32
101,2017,247,1400,12.13,4.219,1.33,1.377,7.75,4.057,3.777,1.67,-84.8,-20.66,2.146,33.4,7.47,3.678,7.09,39.3,37.29,5.782,32.74,6.541,2.181,7.67,2.131,5.162,31.59,2.849,3.231,17.59,.801,1.566,4.238,.966,5.261
101,2017,247,1410,12.13,3.792,1.206,1.663,6.576,3.266,2.152,1.467,-80,-20.81,2.042,28.49,4.693,3.345,5.397,34.79,31.98,5.12,28.95,5.722,2.171,6.43,1.871,2.851,27.85,2.501,2.824,14.85,.75,3.057,3.772,.812,2.675
101,2017,247,1420,12.13,3.642,.99,1.224,6.01,2.936,2.156,2.045,-84.5,-22.62,1.995,29.89,9.12,3.085,8.31,39.91,31.99,4.709,32.72,5.03,2.983,5.578,1.678,2.719,30.29,2.32,2.543,20.95,.682,1.687,3.834,.812,10.72
101,2017,247,1430,12.13,3.637,1.305,1.489,6.669,8.14,7.73,6.471,-69.38,-22.7,2.69,74,16.4,3.03,41.65,111.5,69.53,6.206,90.7,12.25,21.29,7.62,2.012,5.255,71.9,3.402,3.898,88.4,.834,14.95,4.737,1.616,79.8
101,2017,247,1440,12.13,2.911,1.132,1.303,5.799,4.012,10.84,1.913,-53.93,-25.57,2.603,48.81,4.417,3.183,18.87,67.95,53.33,5.241,55.38,8.63,4.935,6.238,1.943,3.282,46.02,3.169,3.074,45.95,.771,2.318,4.236,1.101,8.15
101,2017,247,1450,12.13,3.524,1.119,1.248,6.34,3.122,2.157,1.506,-60.47,-26.44,2.168,26.96,2.481,3.193,4.243,33.68,32.34,4.876,27.26,5.888,2.347,5.955,1.801,2.688,26.53,2.491,2.591,13,.693,1.441,3.727,.725,2.72
101,2017,247,1500,12.13,3.79,1.337,1.461,6.673,3.826,3.335,1.874,-57.3,-24.3,3.238,44.34,3.645,3.43,5.876,74.8,66.21,5.296,56.13,8.6,3.732,7.06,2.064,3.574,53.51,3.889,3.455,16.85,.886,1.889,4.403,1.204,32.33
101,2017,247,1510,12.13,3.043,.997,1.166,5.365,6.259,1.95,1.373,-59.21,-24.56,2.201,26.15,2.474,2.717,3.867,38.21,35.01,4.33,29.18,5.505,2.504,5.107,1.641,2.521,29.38,2.735,2.521,11.22,.63,1.32,3.34,.75,5.226
101,2017,247,1520,12.13,4.226,1.32,1.578,7.95,6.628,3.033,1.963,-58.36,-23.31,2.914,40.35,3.413,3.934,5.098,69.12,62.05,6.212,50.21,7.71,3.48,6.675,2.208,4.537,50.39,3.673,3.474,13.83,.861,1.764,4.959,1.174,2.693
101,2017,247,1530,12.14,2.819,1.087,1.219,5.334,3.305,2.213,1.687,-65.35,-24.52,2.202,29.04,2.896,3.308,4.388,45.38,41,4.442,32.42,6.249,4.938,5.623,1.816,3.224,34.23,3.043,2.69,13.47,.747,1.469,4.125,.886,2.261
101,2017,247,1540,12.13,3.219,1.079,1.248,5.723,2.819,2.015,1.509,-59.01,-24.75,2.127,28.1,2.601,2.688,3.727,43.11,37.81,4.758,32.12,6.447,5.333,4.932,1.641,2.785,30.88,2.777,2.504,11.4,.638,1.377,3.849,.744,1.903
101,2017,247,1550,12.14,1.465,.424,.459,2.794,1.576,.824,.663,-60.69,-24.63,.782,9.57,.755,1.29,1.486,12.77,13.19,1.991,9.3,1.903,.73,2.831,.796,1.027,11.68,1.097,1.003,3.807,.318,.521,1.697,.379,.573
101,2017,247,1600,12.13,3.122,.864,.852,5.71,2.675,1.521,1.045,-60.8,-23.13,1.388,18.25,1.338,2.457,2.363,21.24,21.84,4.105,17.1,3.663,1.234,4.817,1.405,1.692,17.93,1.685,1.824,6.112,.513,.916,2.524,.511,.931
101,2017,247,1610,12.13,2.631,.75,.851,4.668,2.388,1.42,1.08,-60.53,-22.88,1.362,17.41,1.479,2.182,2.596,21.72,21.86,3.526,17.33,3.743,1.375,4.229,1.29,1.831,18.44,1.817,1.831,7.5,.504,.935,2.898,.593,1.087
101,2017,247,1620,12.13,3.035,.883,1.042,5.481,2.91,1.72,1.42,-58.55,-23.02,1.69,20.55,1.881,2.623,3.293,28.53,28.3,4.087,21.53,4.559,1.807,4.665,1.548,2.323,23.96,2.214,2.266,9.67,.606,1.132,3.858,.749,1.427
101,2017,247,1630,12.13,1.762,.493,.549,3.252,1.637,.941,.682,-58.8,-24.14,.873,11.38,.95,1.439,1.682,14.09,14.34,2.329,11.24,2.468,.814,2.762,.869,1.174,12.33,1.181,1.199,4.933,.332,.59,1.811,.395,.687
101,2017,247,1640,12.13,1.3,.4,.434,2.438,1.335,.745,.563,-58.99,-24.57,.678,9.02,.766,1.114,1.334,11.4,11.69,1.774,8.8,2.03,.655,2.29,.69,.952,10.28,1.025,.943,3.795,.27,.456,1.484,.352,.519
101,2017,247,1650,12.13,1.174,.365,.402,2.26,1.295,.695,.565,-62.19,-23.04,.647,7.99,.645,1.076,1.307,11,11.49,1.583,7.94,1.67,.62,2.2,.667,.9,10.14,.958,.854,3.381,.266,.437,1.498,.337,.481
101,2017,247,1700,12.13,.955,.285,.323,1.779,.987,.528,.432,-59.26,-22.46,.494,6.309,.506,.821,.999,8.45,8.88,1.275,6.182,1.297,.467,1.739,.511,.682,7.92,.757,.662,2.609,.204,.355,1.133,.28,.39
101,2017,247,1710,12.13,.781,.241,.313,1.493,.97,.494,.479,-60.67,-22.18,.518,5.74,.494,.779,1.104,10.82,11.12,1.089,6.021,1.173,.58,1.665,.511,.71,10.15,.88,.633,2.739,.203,.348,1.246,.288,.436
101,2017,247,1720,12.13,.948,.293,.338,1.731,.995,.541,.491,-59.24,-22.28,.556,6.514,.546,.861,1.154,9.42,9.79,1.27,6.832,1.352,.578,1.652,.529,.781,8.64,.831,.714,3.17,.225,.39,1.302,.302,.456
101,2017,247,1730,12.13,1.107,.318,.342,1.92,.87,.531,.395,-59,-22.03,.531,6.579,.563,.826,.963,8.43,8.42,1.396,6.687,1.397,.55,1.488,.491,.658,6.986,.675,.684,2.855,.189,.355,.992,.219,.419
101,2017,247,1740,12.13,.342,.106,.104,.606,.307,.186,.121,-59.29,-22.44,.169,2.398,.201,.271,.286,2.495,2.518,.471,2.175,.546,.166,.528,.173,.231,2.123,.226,.223,.804,.055,.107,.307,.072,.126
101,2017,247,1750,12.12,.216,.067,.067,.405,.203,.127,.095,-59.81,-22.24,.107,1.473,.124,.178,.204,1.729,1.763,.292,1.386,.328,.111,.365,.121,.147,1.535,.157,.142,.546,.034,.067,.231,.055,.085
101,2017,247,1800,12.13,.188,.055,.064,.335,.173,.094,.069,-58.1,-21.97,.09,1.146,.097,.146,.163,1.372,1.414,.248,1.099,.258,.085,.292,.095,.119,1.225,.126,.119,.434,.034,.062,.196,.035,.069
101,2017,247,1810,12.12,.121,.034,.034,.223,.111,.062,.049,-57.83,-22.04,.059,.732,.064,.102,.104,.856,.883,.163,.677,.163,.057,.193,.06,.072,.757,.077,.077,.278,.028,.035,.119,.028,.042
101,2017,247,1820,12.12,.05,.015,.01,.092,.05,.025,.017,-72.3,-21.84,.023,.337,.025,.045,.045,.367,.379,.064,.303,.074,.027,.085,.028,.032,.325,.035,.034,.121,.003,.018,.049,.002,.02
101,2017,247,1830,12.12,.003,0,0,.013,.002,0,0,-66.69,-21.86,0,.062,0,.002,.007,.077,.075,.01,.062,.012,0,.012,0,.002,.065,.002,.002,.02,0,0,.008,0,0
101,2017,247,1840,12.14,0,0,0,0,0,0,0,-73.4,-21.74,0,0,0,0,0,0,.002,0,0,0,0,0,0,0,0,0,0,0,0,0,0,0,0
101,2017,247,1850,12.13,0,0,0,0,0,0,0,-71.5,-21.52,0,0,0,0,0,0,0,0,0,0,0,0,0,0,0,0,0,0,0,0,0,0,0
101,2017,247,1900,12.13,0,0,0,0,0,0,0,-64.56,-21.24,0,0,0,0,0,0,0,0,0,0,0,0,0,0,0,0,0,0,0,0,0,0,0
101,2017,247,1910,12.12,0,0,0,0,0,0,0,-63.59,-21,0,0,0,0,0,0,0,0,0,0,0,0,0,0,0,0,0,0,0,0,0,0,0
101,2017,247,1920,12.13,0,0,0,0,0,0,0,-65.05,-20.56,0,0,0,0,0,0,0,0,0,0,0,0,0,0,0,0,0,0,0,0,0,0,0
101,2017,247,1930,12.12,0,0,0,0,0,0,0,-71.2,-20.5,0,0,0,0,0,0,0,0,0,0,0,0,0,0,0,0,0,0,0,0,0,0,0
101,2017,247,1940,12.11,0,0,0,0,0,0,0,-66.02,-20.85,0,0,0,0,0,0,0,0,0,0,0,0,0,0,0,0,0,0,0,0,0,0,0
101,2017,247,1950,12.1,0,0,0,0,0,0,0,-71.1,-20.66,0,0,0,0,0,0,0,0,0,0,0,0,0,0,0,0,0,0,0,0,0,0,0
101,2017,247,2000,12.11,0,0,0,0,0,0,0,-67.64,-20.67,0,0,0,0,0,0,0,0,0,0,0,0,0,0,0,0,0,0,0,0,0,0,0
101,2017,247,2010,12.12,0,0,0,0,0,0,0,-64.76,-20.52,0,0,0,0,0,0,0,0,0,0,0,0,0,0,0,0,0,0,0,0,0,0,0
101,2017,247,2020,12.12,0,0,0,0,0,0,0,-63.84,-21.06,0,0,0,0,0,0,0,0,0,0,0,0,0,0,0,0,0,0,0,0,0,0,0
101,2017,247,2030,12.13,0,0,0,0,0,0,0,-68.83,-21.88,0,0,0,0,0,0,0,0,0,0,0,0,0,0,0,0,0,0,0,0,0,0,0
101,2017,247,2040,12.13,0,0,0,0,0,0,0,-102.9,-24.24,0,0,0,0,0,0,0,0,0,0,0,0,0,0,0,0,0,0,0,0,0,0,0
101,2017,247,2050,12.13,0,0,0,0,0,0,0,-103.4,-20.98,0,0,0,0,0,0,0,0,0,0,0,0,0,0,0,0,0,0,0,0,0,0,0
101,2017,247,2100,12.12,0,0,0,0,0,0,0,-74,-21.12,0,0,0,0,0,0,0,0,0,0,0,0,0,0,0,0,0,0,0,0,0,0,0
101,2017,247,2110,12.12,0,0,0,0,0,0,0,-72.6,-21.51,0,0,0,0,0,0,0,0,0,0,0,0,0,0,0,0,0,0,0,0,0,0,0
101,2017,247,2120,12.12,0,0,0,0,0,0,0,-70.8,-21.65,0,0,0,0,0,0,0,0,0,0,0,0,0,0,0,0,0,0,0,0,0,0,0
101,2017,247,2130,12.12,0,0,0,0,0,0,0,-70.4,-21.26,0,0,0,0,0,0,0,0,0,0,0,0,0,0,0,0,0,0,0,0,0,0,0
101,2017,247,2140,12.1,0,0,0,0,0,0,0,-70.5,-21.99,0,0,0,0,0,0,0,0,0,0,0,0,0,0,0,0,0,0,0,0,0,0,0
101,2017,247,2150,12.12,0,0,0,0,0,0,0,-69.65,-22.85,0,0,0,0,0,0,0,0,0,0,0,0,0,0,0,0,0,0,0,0,0,0,0
101,2017,247,2200,12.13,0,0,0,0,0,0,0,-77.9,-27.98,0,0,0,0,0,0,0,0,0,0,0,0,0,0,0,0,0,0,0,0,0,0,0
101,2017,247,2210,12.13,0,0,0,0,0,0,0,-20.23,-27.88,0,0,0,0,0,0,0,0,0,0,0,0,0,0,0,0,0,0,0,0,0,0,0
101,2017,247,2220,12.13,0,0,0,0,0,0,0,-50.92,-27.75,0,0,0,0,0,0,0,0,0,0,0,0,0,0,0,0,0,0,0,0,0,0,0
101,2017,247,2230,12.13,0,0,0,0,0,0,0,-46.88,-24.72,0,0,0,0,0,0,0,0,0,0,0,0,0,0,0,0,0,0,0,0,0,0,0
101,2017,247,2240,12.13,0,0,0,0,0,0,0,-51.22,-22.88,0,0,0,0,0,0,0,0,0,0,0,0,0,0,0,0,0,0,0,0,0,0,0
101,2017,247,2250,12.13,0,0,0,0,0,0,0,-57.83,-21.44,0,0,0,0,0,0,0,0,0,0,0,0,0,0,0,0,0,0,0,0,0,0,0
101,2017,247,2300,12.13,0,0,0,0,0,0,0,-34.71,-20.55,0,0,0,0,0,0,0,0,0,0,0,0,0,0,0,0,0,0,0,0,0,0,0
101,2017,247,2310,12.13,0,0,0,0,0,0,0,-18.8,-20.41,0,0,0,0,0,0,0,0,0,0,0,0,0,0,0,0,0,0,0,0,0,0,0
101,2017,247,2320,12.13,0,0,0,0,0,0,0,-15.46,-20.43,0,0,0,0,0,0,0,0,0,0,0,0,0,0,0,0,0,0,0,0,0,0,0
101,2017,247,2330,12.14,0,0,0,0,0,0,0,-18.46,-20.55,0,0,0,0,0,0,0,0,0,0,0,0,0,0,0,0,0,0,0,0,0,0,0
101,2017,247,2340,12.14,0,0,0,0,0,0,0,-30.05,-20.14,0,0,0,0,0,0,0,0,0,0,0,0,0,0,0,0,0,0,0,0,0,0,0
101,2017,247,2350,12.14,0,0,0,0,0,0,0,-58.2,-19.95,0,0,0,0,0,0,0,0,0,0,0,0,0,0,0,0,0,0,0,0,0,0,0
101,2017,247,2400,12.14,0,0,0,0,0,0,0,-64.91,-19.6,0,0,0,0,0,0,0,0,0,0,0,0,0,0,0,0,0,0,0,0,0,0,0
102,2017,247,2400,12.05,5266
101,2017,248,10,12.14,0,0,0,0,0,0,0,-102.3,-18.8,0,0,0,0,0,0,0,0,0,0,0,0,0,0,0,0,0,0,0,0,0,0,0
101,2017,248,20,12.14,0,0,0,0,0,0,0,-111.4,-18.42,0,0,0,0,0,0,0,0,0,0,0,0,0,0,0,0,0,0,0,0,0,0,0
101,2017,248,30,12.13,0,0,0,0,0,0,0,-111.4,-18.57,0,0,0,0,0,0,0,0,0,0,0,0,0,0,0,0,0,0,0,0,0,0,0
101,2017,248,40,12.14,0,0,0,0,0,0,0,-118.1,-18.43,0,0,0,0,0,0,0,0,0,0,0,0,0,0,0,0,0,0,0,0,0,0,0
101,2017,248,50,12.14,0,0,0,0,0,0,0,-113.7,-18.21,0,0,0,0,0,0,0,0,0,0,0,0,0,0,0,0,0,0,0,0,0,0,0
101,2017,248,100,12.14,0,0,0,0,0,0,0,-121.6,-18.25,0,0,0,0,0,0,0,0,0,0,0,0,0,0,0,0,0,0,0,0,0,0,0
101,2017,248,110,12.14,0,0,0,0,0,0,0,-121.2,-17.63,0,0,0,0,0,0,0,0,0,0,0,0,0,0,0,0,0,0,0,0,0,0,0
101,2017,248,120,12.13,0,0,0,0,0,0,0,-120,-17.27,0,0,0,0,0,0,0,0,0,0,0,0,0,0,0,0,0,0,0,0,0,0,0
101,2017,248,130,12.14,0,0,0,0,0,0,0,-116.8,-17.2,0,0,0,0,0,0,0,0,0,0,0,0,0,0,0,0,0,0,0,0,0,0,0
101,2017,248,140,12.13,0,0,0,0,0,0,0,-115.5,-16.68,0,0,0,0,0,0,0,0,0,0,0,0,0,0,0,0,0,0,0,0,0,0,0
101,2017,248,150,12.14,0,0,0,0,0,0,0,-117.4,-16.34,0,0,0,0,0,0,0,0,0,0,0,0,0,0,0,0,0,0,0,0,0,0,0
101,2017,248,200,12.13,0,0,0,0,0,0,0,-121.6,-16.28,0,0,0,0,0,0,0,0,0,0,0,0,0,0,0,0,0,0,0,0,0,0,0
101,2017,248,210,12.13,0,0,0,0,0,0,0,-128,-16.29,0,0,0,0,0,0,0,0,0,0,0,0,0,0,0,0,0,0,0,0,0,0,0
101,2017,248,220,12.13,0,0,0,0,0,0,0,-123.2,-17.16,0,0,0,0,0,0,0,0,0,0,0,0,0,0,0,0,0,0,0,0,0,0,0
101,2017,248,230,12.13,0,0,0,0,0,0,0,-123.5,-17.17,0,0,0,0,0,0,0,0,0,0,0,0,0,0,0,0,0,0,0,0,0,0,0
101,2017,248,240,12.13,0,0,0,0,0,0,0,-121.9,-16.3,0,0,0,0,0,0,0,0,0,0,0,0,0,0,0,0,0,0,0,0,0,0,0
101,2017,248,250,12.13,0,0,0,0,0,0,0,-122.2,-16.22,0,0,0,0,0,0,0,0,0,0,0,0,0,0,0,0,0,0,0,0,0,0,0
101,2017,248,300,12.13,0,0,0,0,0,0,0,-119.6,-16.53,0,0,0,0,0,0,0,0,0,0,0,0,0,0,0,0,0,0,0,0,0,0,0
101,2017,248,310,12.13,0,0,0,0,0,0,0,-119.5,-16.72,0,0,0,0,0,0,0,0,0,0,0,0,0,0,0,0,0,0,0,0,0,0,0
101,2017,248,320,12.13,0,0,0,0,0,0,0,-128.1,-16.33,0,0,0,0,0,0,0,0,0,0,0,0,0,0,0,0,0,0,0,0,0,0,0
101,2017,248,330,12.13,0,0,0,0,0,0,0,-121.3,-16.06,0,0,0,0,0,0,0,0,0,0,0,0,0,0,0,0,0,0,0,0,0,0,0
101,2017,248,340,12.13,0,0,0,0,0,0,0,-112.2,-16.27,0,0,0,0,0,0,0,0,0,0,0,0,0,0,0,0,0,0,0,0,0,0,0
101,2017,248,350,12.13,0,0,0,0,0,0,0,-94.6,-16.08,0,0,0,0,0,0,0,0,0,0,0,0,0,0,0,0,0,0,0,0,0,0,0
101,2017,248,400,12.13,0,0,0,0,0,0,0,-89.9,-15.88,0,0,0,0,0,0,0,0,0,0,0,0,0,0,0,0,0,0,0,0,0,0,0
101,2017,248,410,12.13,0,0,0,0,0,0,0,-86.6,-15.66,0,0,0,0,0,0,0,0,0,0,0,0,0,0,0,0,0,0,0,0,0,0,0
101,2017,248,420,12.13,0,0,0,0,0,0,0,-81.6,-15.79,0,0,0,0,0,0,0,0,0,0,0,0,0,0,0,0,0,0,0,0,0,0,0
101,2017,248,430,12.13,0,0,0,0,0,0,0,-69.02,-15.85,0,0,0,0,0,0,0,0,0,0,0,0,0,0,0,0,0,0,0,0,0,0,0
101,2017,248,440,12.13,0,0,0,0,0,0,0,-69.28,-15.81,0,0,0,0,0,0,0,0,0,0,0,0,0,0,0,0,0,0,0,0,0,0,0
101,2017,248,450,12.13,0,0,0,0,0,0,0,-76.5,-16.05,0,0,0,0,0,0,0,0,0,0,0,0,0,0,0,0,0,0,0,0,0,0,0
101,2017,248,500,12.13,0,0,0,0,0,0,0,-66.37,-15.81,0,0,0,0,0,0,0,0,0,0,0,0,0,0,0,0,0,0,0,0,0,0,0
101,2017,248,510,12.13,0,0,0,0,0,0,0,-62.91,-16.09,0,0,0,0,0,0,0,0,0,0,0,0,0,0,0,0,0,0,0,0,0,0,0
101,2017,248,520,12.13,0,0,0,0,0,0,0,-62.83,-16.32,0,0,0,0,0,0,0,0,0,0,0,0,0,0,0,0,0,0,0,0,0,0,0
101,2017,248,530,12.13,0,0,0,0,0,0,0,-65.14,-16.21,0,0,0,0,0,0,0,0,0,0,0,0,0,0,0,0,0,0,0,0,0,0,0
101,2017,248,540,12.13,0,0,0,0,0,0,0,-65.3,-16.35,0,0,0,0,0,0,0,0,0,0,0,0,0,0,0,0,0,0,0,0,0,0,0
101,2017,248,550,12.13,0,0,0,0,0,0,0,-65.4,-16.21,0,0,0,0,0,0,0,0,0,0,0,0,0,0,0,0,0,0,0,0,0,0,0
101,2017,248,600,12.13,0,0,0,0,0,0,0,-65.56,-16.41,0,0,0,0,0,0,0,0,0,0,0,0,0,0,0,0,0,0,0,0,0,0,0
101,2017,248,610,12.13,0,0,0,0,0,0,0,-65.85,-16.37,0,.005,0,0,0,0,.002,0,.002,0,0,0,0,0,0,0,0,0,0,0,0,0,0
101,2017,248,620,12.13,.01,0,0,.02,.007,.003,0,-68.06,-16.13,0,.097,0,.007,.003,.065,.07,.018,.072,.018,.002,.02,.003,.007,.057,.005,.007,.015,0,0,.008,0,0
101,2017,248,630,12.13,.064,.023,.022,.126,.057,.039,.027,-67.48,-15.93,.032,.548,.037,.05,.047,.429,.429,.112,.424,.117,.03,.126,.04,.044,.357,.044,.04,.116,.01,.023,.045,.012,.025
101,2017,248,640,12.13,.188,.062,.05,.364,.179,.116,.065,-67.47,-16.23,.087,1.616,.106,.166,.147,1.358,1.389,.318,1.234,.332,.091,.391,.117,.134,1.155,.127,.111,.355,.034,.054,.153,.037,.057
101,2017,248,650,12.13,.355,.131,.102,.669,.349,.221,.132,-66.36,-16.08,.169,3.387,.199,.339,.273,2.64,2.754,.618,2.475,.602,.173,.808,.24,.261,2.261,.25,.233,.61,.062,.117,.292,.079,.111
101,2017,248,700,12.13,.632,.238,.166,1.213,.509,.367,.194,-68.18,-16.1,.27,5.591,.308,.503,.401,3.977,4.183,1.103,4.049,.98,.263,1.279,.392,.407,3.312,.374,.362,.917,.101,.183,.407,.109,.163
101,2017,248,710,12.13,.642,.261,.189,1.371,.622,.454,.238,-64.71,-16.14,.325,7.61,.389,.607,.464,4.897,5.035,1.373,5.397,1.282,.325,1.619,.473,.498,4.101,.449,.446,1.133,.112,.206,.473,.142,.194
101,2017,248,720,12.13,.742,.3,.231,1.567,.721,.489,.282,-63.5,-15.81,.401,14.53,.473,.696,.568,7.12,5.904,1.611,7.84,1.532,.394,1.857,.553,.58,4.867,.56,.499,1.383,.141,.241,.572,.168,.236
101,2017,248,730,12.13,.86,.345,.283,1.83,.853,.61,.34,-61.78,-15.38,.456,52.64,.699,.853,.803,9.88,6.838,2.164,30.94,1.862,.436,2.574,1.036,.882,5.541,.803,.679,1.545,.171,.288,.649,.198,.29
101,2017,248,740,12.13,1.036,.407,.36,2.206,1.078,.804,.432,-61.35,-15.27,.572,62.52,1.071,1.113,.989,10.77,8.21,2.474,39.37,2.251,.486,4.138,1.941,1.351,6.431,.736,1.897,1.763,.228,.362,.768,.248,.35
101,2017,248,750,12.13,2.026,.702,.521,3.959,1.83,1.272,.659,-60.03,-15.47,.895,74,1.312,2.108,1.351,13.51,11.78,3.612,48.76,2.943,.6,5.544,2.601,1.825,9.96,.972,2.42,2.268,.385,2.638,1.15,.362,.459
101,2017,248,800,12.12,4.311,1.403,1.086,7.77,3.169,2.284,1.131,-57.29,-16.59,1.673,89.3,1.942,3.577,2.169,20.38,19.73,6.664,63.18,5.615,1.037,7.71,2.861,3.856,14.37,1.632,5.028,4.854,.551,1.007,2.011,.525,.865
101,2017,248,810,12.13,3.218,1.156,1.059,6.468,3.188,2.363,1.312,-50.74,-16.93,1.669,92.7,2.058,3.188,2.373,20.78,20.02,5.703,67.36,10.18,1.18,7.32,2.655,3.137,17.36,1.75,2.113,5.353,.531,.935,2.247,.555,.928
101,2017,248,820,12.13,1.899,.793,.848,4.483,2.956,3.089,1.252,-45.65,-17.53,1.339,92.8,1.713,2.678,2.075,17.07,27.23,4.039,67.62,17.11,1.047,6.387,2.345,2.611,16.41,1.517,5.346,4.14,.489,.761,1.998,.518,.791
101,2017,248,830,12.13,2.796,.964,.892,6.796,3.558,9.57,1.145,-49.62,-17.95,1.364,93.6,1.723,2.915,1.787,15.78,30.7,5.554,68.82,10.36,.86,6.937,2.836,3.228,14.15,1.435,1.549,2.759,.478,.731,1.572,.518,.608
101,2017,248,840,12.13,3.401,1.047,.932,6.888,2.63,2.645,.86,-60.19,-17.33,1.292,26.56,1.373,2.199,1.875,18.15,19.25,5.175,21.88,6.714,.999,4.808,1.651,2.616,14.11,1.557,1.771,5.199,.399,.778,1.954,.466,.774
101,2017,248,850,12.13,5.137,1.575,1.321,14.02,5.02,6.488,1.166,-67.91,-16.13,1.921,42.5,2.023,5.47,2.457,24.78,27.61,7.63,35.03,8.48,1.431,6.726,2.224,4.156,18.14,2.068,2.494,6.639,.577,1.161,2.475,.561,3.937
101,2017,248,900,12.13,2.978,.989,.952,5.62,2.643,1.671,.991,-70.6,-15.9,1.353,24.18,1.939,2.12,2.229,21.3,20.06,4.456,20.76,6.141,1.44,4.415,1.463,2.003,16.07,1.839,1.907,6.84,.424,.853,2.487,.528,1.006
101,2017,248,910,12.13,4.022,1.361,1.297,11.91,3.773,3.114,1.267,-77.4,-15.06,1.859,41.05,2.309,3.161,2.675,26.83,28.06,6.458,34.23,7.88,1.693,6.188,2.077,9.17,18.9,2.113,2.44,7.7,.545,1.113,2.779,.602,1.227
101,2017,248,920,12.13,3.69,1.198,1.292,9.38,3.682,2.385,1.317,-69.75,-15.49,1.797,34.93,2.269,5.8,2.769,27.6,27.7,5.881,30.07,8.83,1.82,5.862,2.222,3.823,20.29,2.309,2.499,8.15,.566,1.109,3.099,.66,1.24
101,2017,248,930,12.13,6.886,2.127,2.509,16.81,5.415,3.913,1.786,-65.35,-15.97,2.683,57.51,3.053,10.24,3.655,37.9,40.56,10.42,49.35,11.25,2.267,8.81,3.075,12,25.58,3.182,3.591,10.56,.734,1.641,3.675,.878,1.669
101,2017,248,940,12.13,7.16,2.554,11.61,19.02,6.074,4.717,1.8,-63.39,-15.48,2.936,65.16,2.78,5.412,4.065,41.53,47.01,11.64,55.9,10.76,2.08,10.14,3.489,5.577,27.07,3.936,3.898,10.41,.866,1.761,3.929,.947,1.8
101,2017,248,950,12.13,7.75,2.686,3.117,16.42,5.501,4.274,1.65,-62.86,-15.62,5.134,55.94,2.113,6.902,4.097,35.68,40.8,10.82,46.79,9.18,1.716,9.91,7.07,3.782,24.32,9.01,3.8,8.26,.759,1.562,3.277,.848,1.248
101,2017,248,1000,12.13,6.189,2.833,6.972,21.06,5.727,4.323,1.367,-64.2,-15.65,14.35,87.9,2.17,24.88,7.09,43.54,54.5,11.82,73.4,9.89,1.567,11.2,7.6,4.279,20.92,9.22,3.793,6.756,.704,1.617,2.314,.826,1.188
101,2017,248,1010,12.13,7.4,5.42,39.24,21.66,4.671,3.143,1.258,-63.56,-14.12,3.158,114.1,1.989,21.77,3.158,56.55,71.7,10.97,98.3,9.26,1.528,27.62,2.724,19.1,22.95,3.85,44.35,4.727,.605,1.335,2.036,.744,1.107
101,2017,248,1020,12.13,14.14,55.38,2.106,18.27,4.39,4.84,1.052,-59.49,-15.62,5.526,129,1.823,3.899,2.359,63.17,78.8,7.23,111.7,38.35,1.454,53.47,2.26,30.19,23.63,3.245,49.86,3.852,.467,.91,1.563,.653,4.69
101,2017,248,1030,12.13,23.25,55.98,1.945,22.44,40.34,5.933,1.329,-59.39,-12.8,58.04,135,1.933,2.847,2.46,70.6,84.8,7.89,118.2,57.11,1.57,67.07,2.428,3.235,28.27,3.626,15.66,4.147,.501,.99,1.94,.695,1.004
101,2017,248,1040,12.13,19.54,7.53,1.535,26.79,60.7,2.902,1.585,-64.81,-11.35,63.75,128.7,1.843,2.113,2.387,74.4,85.9,5.685,114.8,27.44,1.645,57.04,1.905,2.295,31.41,19.18,3.364,4.13,.483,.933,1.597,.695,.903
101,2017,248,1050,12.13,16.53,1.856,4.438,35.56,22.06,1.758,1.835,-66.33,-13.63,52.4,127.7,1.843,1.925,2.408,80,89.1,4.902,115.5,6.353,2.548,49.42,1.746,2.052,34.91,95.7,2.339,5.256,.472,.937,1.61,.717,.898
101,2017,248,1100,12.13,23.83,2.247,8.37,44.36,3.056,1.716,2.27,-71.3,-15.1,58.36,127.3,1.861,1.878,5.882,84.8,92,4.509,116.7,8.45,1.949,48.19,1.66,2.009,38.06,100.3,2.016,4.792,.484,.93,1.632,.751,.97
101,2017,248,1110,12.13,30.85,1.654,23.07,51.86,2.749,4.83,1.136,-71.2,-15.75,1.865,127.2,1.969,1.86,14.18,89.3,94.8,4.2,117.9,100.7,2.954,39.43,1.612,17.12,41.34,103.4,3.874,5.474,.494,.928,1.675,.737,.942
101,2017,248,1120,12.14,10.68,1.634,7.84,60.63,2.498,2.597,1.067,-79.4,-18.43,1.58,126.2,3.027,1.855,2.456,92.8,96.9,4.127,118.3,59.22,5.167,19.94,1.582,5.006,44.66,104.4,48.66,19.61,.503,.958,1.737,.762,1.022
101,2017,248,1130,12.14,17.04,2.203,10.4,67.68,2.568,2.072,1.22,-74,-19.23,1.873,129.1,2.203,2.292,2.914,99.9,103.1,5.884,123,6.864,7.87,48.68,2.004,2.213,50.88,45.68,18.41,77.5,.65,1.282,2.203,.888,1.211
101,2017,248,1140,12.14,13.67,42.63,1.387,75,2.515,1.918,1.231,-66.07,-19.5,1.781,126.8,2.131,2.262,2.753,101.2,103.3,5.621,121.4,7.51,8.42,32,1.972,3.076,52.6,2.957,15.08,88.1,.655,1.166,2.285,.846,1.141
101,2017,248,1150,12.14,2.939,78.1,1.218,75.5,2.019,1.62,1.148,-64.33,-20.59,1.533,122.1,2.046,1.855,3.138,102,102.5,3.802,119,66.16,8.79,5.105,1.493,2.086,54.36,2.361,3.458,90.9,.573,5.616,8.67,.831,1.156
101,2017,248,1200,12.14,2.84,79.3,1.201,74.9,1.952,1.585,1.146,-67.74,-20.72,1.483,120.2,5.5,1.845,8.08,104.3,104,3.721,118.6,114.1,4.009,6.449,1.479,4.162,57.25,2.146,2.094,93.4,.583,4.313,65.35,.843,1.151
101,2017,248,1210,12.14,2.716,59.33,1.128,22.08,1.915,1.605,1.185,-83.2,-21.51,1.476,118.1,2.119,1.866,3.056,106.6,105.4,3.703,118.2,102.4,2.583,4.639,1.478,12.24,60.17,2.111,2.238,95.2,.605,1.039,42.4,.895,1.169
101,2017,248,1220,12.14,2.702,41.19,1.138,23.26,1.928,1.92,1.253,-80,-21.65,1.645,115.9,2.272,1.962,5.926,108.3,106.5,3.807,117.5,40.99,2.558,4.436,1.556,2.297,62.4,2.168,22.2,96.8,.63,1.084,14.24,.98,1.288
101,2017,248,1230,12.14,2.657,8.05,1.759,21.77,1.937,1.967,1.213,-80.4,-22.14,1.525,113.4,2.505,2.049,3.115,109.7,107,3.892,116.1,6.665,2.711,4.299,1.778,2.766,64.38,2.238,38.52,97.8,.655,1.139,3.803,1.024,1.394
101,2017,248,1240,12.14,2.771,3.294,4.53,4.13,1.937,4.207,1.235,-86,-21.52,1.531,110.9,23.15,3.823,2.984,111.5,107.8,3.885,115.4,6.524,3.032,4.148,3.796,3.368,66.46,2.431,31.82,99.3,.684,1.208,3.51,1.064,1.58
101,2017,248,1250,12.14,4.261,1.649,1.154,3.937,1.897,1.816,1.215,-81.4,-21.36,1.608,108,54.74,20.97,3.714,112.8,108.1,3.818,113.9,12.35,3.23,4.132,6.365,2.662,68.23,25.19,91.5,100.4,.712,1.277,3.543,2.037,1.746
101,2017,248,1300,12.14,2.684,22.28,1.126,3.85,1.881,1.873,1.231,-77.2,-22.17,31.82,105.4,59.84,2.218,3.554,114.2,108.7,3.778,112.7,59.88,3.388,4.118,10.38,11.59,69.9,23.66,88.6,101.5,.749,1.394,3.605,12.61,1.784
101,2017,248,1310,12.14,2.464,1.461,1.168,3.795,1.932,23.68,1.26,-73.7,-23.21,2.119,102.2,68.11,2.376,3.257,115.2,109.6,3.731,111.2,59.9,3.429,3.907,2.329,4.832,71.4,2.329,84.4,102.1,.791,14.69,3.689,4.115,1.585
101,2017,248,1320,12.14,2.238,1.014,1.055,3.545,1.892,18.64,1.275,-75.4,-22.07,1.724,99.1,24.89,1.989,3.388,116.3,111,3.577,109.5,71.2,3.071,3.8,1.781,3.709,73,2.232,64.45,103.1,.784,29.74,3.698,1.431,1.697
101,2017,248,1330,12.14,2.265,.96,1.012,3.413,8.35,17.76,1.272,-76.1,-21.57,1.575,95.2,49.68,2.012,19.66,116.6,110.8,3.492,107.5,61.12,3.155,3.741,1.499,40.36,74.2,2.26,16.82,103.3,.766,10.49,3.649,1.446,1.669
101,2017,248,1340,12.14,2.466,.94,1.129,3.386,2.15,4.743,1.305,-80.4,-21.85,1.617,90.7,84.6,2.089,52.05,116.2,108.2,3.463,104.3,5.959,3.47,3.733,1.494,100.5,74.3,2.267,31.59,101.9,.741,1.662,3.731,3.424,1.751
101,2017,248,1350,12.14,2.124,.824,.973,3.201,1.982,1.766,1.188,-86.1,-21.55,1.555,87.6,90.2,2.099,62.18,117.4,106.5,3.186,102.6,4.964,3.438,3.607,1.458,112.6,75.8,2.166,9.22,103.7,.757,1.556,3.862,1.402,2.213
101,2017,248,1400,12.14,5.528,.74,.925,3.094,3.267,4.059,1.164,-77.2,-21.04,1.538,83,87.6,24.42,57.15,116.9,89.6,3.007,99.7,4.676,3.282,3.887,1.444,53.82,76,2.151,3.285,103.1,.745,1.635,3.93,1.379,66.8
101,2017,248,1410,12.14,8.7,.69,2.659,2.955,1.731,1.945,1.176,-83.4,-21.12,1.546,78.5,84.1,3.684,49.31,116.5,81.9,2.955,97.1,4.444,3.079,3.496,1.421,4.191,76.3,2.146,3.002,102.6,.759,19.08,3.992,1.365,14
101,2017,248,1420,12.14,6.242,.64,.923,2.868,1.687,1.953,1.536,-81.5,-21.47,1.608,74,77,1.952,46.69,116.2,89,2.977,94.2,4.379,3.319,5.069,1.417,9.39,76.4,2.225,2.779,101.6,.747,11.83,4.015,1.488,34.18
101,2017,248,1430,12.14,1.591,.61,.846,2.786,10.92,5.682,12.82,-80.6,-19,1.789,68.61,23.07,1.871,41.88,115.3,91.2,2.871,91.1,5.158,11.25,10.98,1.343,5.483,76.2,2.256,2.518,100.5,.745,20.63,4.108,1.591,58.11
101,2017,248,1440,12.14,1.472,.563,.817,2.692,1.791,5.451,1.606,-84.7,-21.13,5.406,63.64,3.819,1.833,24.98,114.7,99.2,2.833,87.9,4.004,3.228,3.796,1.263,1.881,76.3,2.256,2.352,99.3,.766,1.859,4.175,1.548,10.98
101,2017,248,1450,12.14,1.397,.524,.864,2.665,1.931,1.58,6.741,-80.3,-20.22,1.933,58.32,3.181,1.848,8.91,114.4,99.2,2.863,84.8,4.034,3.384,4.508,1.204,1.957,76.4,2.494,2.248,77.7,.772,1.853,3.796,1.409,38.99
101,2017,248,1500,12.14,1.452,.576,.807,2.883,6.049,1.789,1.213,-76,-20.91,2.148,52.1,2.97,1.705,4.28,109.5,94.3,2.849,79.1,13.73,3.054,3.712,1.159,2.617,73.1,2.829,2.266,8.48,.71,1.511,2.849,1.221,68.54
101,2017,248,1510,12.14,1.615,.523,2.079,2.843,47.41,1.469,1.186,-74.2,-17.42,2.04,47.66,2.809,1.838,3.932,111.5,96.2,2.826,77.1,12.09,3.153,3.56,1.228,1.871,75.1,2.551,2.158,7.3,.623,1.345,2.714,1.137,20.4
101,2017,248,1520,12.14,1.424,.474,1.007,2.693,8.18,1.273,1.07,-76.4,-19.9,1.625,40.94,2.471,1.561,3.382,107.1,92.6,2.668,71.1,3.628,2.802,3.243,1.112,4.1,73,2.275,1.938,5.412,.529,1.132,2.777,.972,2
101,2017,248,1530,12.14,1.189,.442,.635,2.333,1.477,1.152,1.069,-73.5,-19.94,1.407,34.81,2.275,1.472,3.201,104,89.3,2.328,65.36,3.583,7.08,3.03,1.023,1.658,71.4,2.226,1.779,5.038,.454,.921,2.673,.958,1.712
101,2017,248,1540,12.14,1.157,.434,.638,2.268,1.434,1.243,5.391,-70.3,-19.11,1.306,29.89,2.117,1.405,3.013,100.8,86.1,2.258,59.32,3.877,44.47,2.918,.993,3.01,69.82,2.603,1.678,4.785,.425,.775,3.71,.983,1.41
101,2017,248,1550,12.14,1.127,.434,.784,2.221,1.43,21.44,2.633,-64.51,-19.3,1.199,25.72,1.95,1.34,2.747,98.3,83.4,2.254,54.25,3.588,4.428,2.829,.978,1.583,68.67,2.373,1.605,4.85,.407,.708,4.15,1.032,1.228
101,2017,248,1600,12.14,1.553,.501,.68,2.717,1.501,3.189,2.313,-68.52,-19.43,1.544,20.85,2.033,1.579,2.867,69.24,57.99,2.661,36.1,3.681,2.914,2.944,1.077,1.919,48.4,2.351,1.668,6.931,.39,.742,3.581,.904,1.511
101,2017,248,1610,12.14,1.36,.511,.745,2.576,1.521,1.397,1.072,-76.8,-19.45,1.678,18.02,2.251,1.72,3.276,42.8,34.66,2.489,19.86,3.959,3.346,2.968,1.047,2.095,29.74,2.32,1.646,9.29,.373,.826,3.348,.652,1.899
101,2017,248,1620,12.14,1.047,.39,.643,2.134,1.489,1.156,1.136,-78.8,-19.43,1.568,15.88,1.96,1.474,2.842,40.76,33.05,2.34,17.61,3.876,3.442,2.725,1.099,1.884,28.85,2.427,1.303,8.41,.377,.765,3.462,.598,1.648
101,2017,248,1630,12.14,.97,.384,.506,2.02,1.342,1.005,.908,-78.5,-19.49,1.253,14.07,1.71,1.216,2.106,68.21,54.64,2.223,12.95,2.953,2.56,2.702,.95,1.476,48.97,2.677,1.343,5.499,.303,.57,2.524,.799,1.32
101,2017,248,1640,12.14,.863,.335,.409,1.839,1.27,.781,.725,-76.9,-19.82,.831,12.09,1.399,.972,1.513,69,55.4,1.965,9.25,2.387,1.509,2.501,.789,1.188,50.58,2.347,1.193,3.466,.25,.434,1.556,.685,1.719
101,2017,248,1650,12.14,.804,.302,.348,1.704,1.067,.658,.568,-74.8,-20.39,.653,11.21,.9,.881,1.32,59.12,48.5,1.806,7.81,1.995,1.06,2.356,.74,.953,45.57,1.935,1.047,2.98,.231,.39,1.283,.452,7.16
101,2017,248,1700,12.13,.757,.281,.312,1.59,.94,.586,.477,-72.6,-22.06,.565,9.44,.687,.808,1.159,54.35,48,1.732,6.919,1.783,.859,2.227,.643,.853,46.37,1.762,1.005,2.597,.208,.352,1.099,.335,.789
101,2017,248,1710,12.13,.792,.276,.317,1.607,.91,.58,.439,-70.7,-22.53,.563,8.49,.665,.776,1.077,41.49,41.84,1.719,6.938,1.801,.911,2.103,.6,.818,41.27,1.314,.88,2.594,.206,.354,1.017,.278,.576
101,2017,248,1720,12.13,.724,.268,.342,1.459,.918,.603,.511,-67.12,-22.26,.675,8.43,.757,.873,1.329,31.52,35.59,1.511,7.94,1.825,1.141,1.95,.576,.903,24.85,1.218,.799,3.585,.223,.404,1.268,.293,.672
101,2017,248,1730,12.1,.643,.25,.248,1.298,.742,.439,.377,-65.79,-22.07,.439,6.613,.518,.69,.779,13.31,15.39,1.19,5.693,1.499,.72,1.634,.469,.618,7.81,.808,.509,2.114,.169,.302,.848,.213,.379
101,2017,248,1740,12.1,.821,.243,.235,1.541,.732,.454,.332,-63.75,-21.82,.424,6.152,.462,.68,.694,10.73,18.88,1.28,5.187,1.262,.534,1.56,.452,.57,6.303,.668,.462,1.746,.151,.268,.705,.183,.315
101,2017,248,1750,12.1,.477,.178,.164,.962,.513,.342,.235,-63,-21.77,.305,4.423,.33,.474,.498,5.529,6.395,.831,3.693,.913,.416,1.124,.338,.434,4.415,.472,.345,1.252,.117,.193,.534,.141,.228
101,2017,248,1800,12.1,.352,.119,.111,.635,.355,.214,.159,-61.89,-21.8,.196,2.89,.218,.322,.34,3.443,3.411,.539,2.409,.628,.266,.732,.219,.292,2.81,.327,.226,.821,.069,.124,.352,.087,.141
101,2017,248,1810,12.09,.191,.057,.057,.355,.188,.116,.082,-61.98,-21.91,.104,1.454,.116,.169,.178,1.726,1.701,.302,1.25,.337,.137,.377,.114,.151,1.414,.169,.122,.427,.034,.064,.193,.049,.074
101,2017,248,1820,12.11,.057,.017,.02,.106,.057,.037,.027,-61.45,-22.04,.037,.427,.04,.05,.055,.511,.491,.087,.384,.109,.042,.111,.035,.049,.422,.05,.04,.147,.012,.027,.057,.018,.03
101,2017,248,1830,12.12,.01,0,0,.017,.007,0,0,-61.46,-22.16,0,.065,.003,.003,.008,.087,.089,.015,.06,.017,.002,.017,0,.002,.077,.008,0,.023,0,0,.01,0,0
101,2017,248,1840,12.12,0,0,0,0,0,0,0,-61.36,-22.3,0,0,0,0,0,.007,.008,0,.003,0,0,0,0,0,.007,0,0,0,0,0,0,0,0
101,2017,248,1850,12.12,0,0,0,0,0,0,0,-60.6,-23.49,0,0,0,0,0,0,0,0,0,0,0,0,0,0,0,0,0,0,0,0,0,0,0
101,2017,248,1900,12.12,0,0,0,0,0,0,0,-60,-23.73,0,0,0,0,0,0,0,0,0,0,0,0,0,0,0,0,0,0,0,0,0,0,0
101,2017,248,1910,12.12,0,0,0,0,0,0,0,-58.24,-24.69,0,0,0,0,0,0,0,0,0,0,0,0,0,0,0,0,0,0,0,0,0,0,0
101,2017,248,1920,12.13,0,0,0,0,0,0,0,-56.25,-25.45,0,0,0,0,0,0,0,0,0,0,0,0,0,0,0,0,0,0,0,0,0,0,0
101,2017,248,1930,12.13,0,0,0,0,0,0,0,-54.24,-25,0,0,0,0,0,0,0,0,0,0,0,0,0,0,0,0,0,0,0,0,0,0,0
101,2017,248,1940,12.13,0,0,0,0,0,0,0,-52.88,-24.51,0,0,0,0,0,0,0,0,0,0,0,0,0,0,0,0,0,0,0,0,0,0,0
101,2017,248,1950,12.13,0,0,0,0,0,0,0,-51.03,-24.14,0,0,0,0,0,0,0,0,0,0,0,0,0,0,0,0,0,0,0,0,0,0,0
101,2017,248,2000,12.13,0,0,0,0,0,0,0,-49.9,-23.76,0,0,0,0,0,0,0,0,0,0,0,0,0,0,0,0,0,0,0,0,0,0,0
101,2017,248,2010,12.13,0,0,0,0,0,0,0,-49.11,-23.39,0,0,0,0,0,0,0,0,0,0,0,0,0,0,0,0,0,0,0,0,0,0,0
101,2017,248,2020,12.13,0,0,0,0,0,0,0,-49.17,-23.13,0,0,0,0,0,0,0,0,0,0,0,0,0,0,0,0,0,0,0,0,0,0,0
101,2017,248,2030,12.13,0,0,0,0,0,0,0,-49.26,-23.24,0,0,0,0,0,0,0,0,0,0,0,0,0,0,0,0,0,0,0,0,0,0,0
101,2017,248,2040,12.13,0,0,0,0,0,0,0,-49.46,-23.27,0,0,0,0,0,0,0,0,0,0,0,0,0,0,0,0,0,0,0,0,0,0,0
101,2017,248,2050,12.13,0,0,0,0,0,0,0,-48.17,-22.92,0,0,0,0,0,0,0,0,0,0,0,0,0,0,0,0,0,0,0,0,0,0,0
101,2017,248,2100,12.13,0,0,0,0,0,0,0,-46.97,-22.86,0,0,0,0,0,0,0,0,0,0,0,0,0,0,0,0,0,0,0,0,0,0,0
101,2017,248,2110,12.13,0,0,0,0,0,0,0,-46.24,-22.82,0,0,0,0,0,0,0,0,0,0,0,0,0,0,0,0,0,0,0,0,0,0,0
101,2017,248,2120,12.13,0,0,0,0,0,0,0,-46.15,-22.55,0,0,0,0,0,0,0,0,0,0,0,0,0,0,0,0,0,0,0,0,0,0,0
101,2017,248,2130,12.13,0,0,0,0,0,0,0,-45.34,-22.32,0,0,0,0,0,0,0,0,0,0,0,0,0,0,0,0,0,0,0,0,0,0,0
101,2017,248,2140,12.13,0,0,0,0,0,0,0,-44.29,-22.14,0,0,0,0,0,0,0,0,0,0,0,0,0,0,0,0,0,0,0,0,0,0,0
101,2017,248,2150,12.13,0,0,0,0,0,0,0,-43.63,-21.97,0,0,0,0,0,0,0,0,0,0,0,0,0,0,0,0,0,0,0,0,0,0,0
101,2017,248,2200,12.13,0,0,0,0,0,0,0,-43.42,-21.88,0,0,0,0,0,0,0,0,0,0,0,0,0,0,0,0,0,0,0,0,0,0,0
101,2017,248,2210,12.13,0,0,0,0,0,0,0,-43.78,-21.87,0,0,0,0,0,0,0,0,0,0,0,0,0,0,0,0,0,0,0,0,0,0,0
101,2017,248,2220,12.13,0,0,0,0,0,0,0,-43.02,-21.91,0,0,0,0,0,0,0,0,0,0,0,0,0,0,0,0,0,0,0,0,0,0,0
101,2017,248,2230,12.13,0,0,0,0,0,0,0,-41.52,-21.83,0,0,0,0,0,0,0,0,0,0,0,0,0,0,0,0,0,0,0,0,0,0,0
101,2017,248,2240,12.13,0,0,0,0,0,0,0,-39.42,-21.65,0,0,0,0,0,0,0,0,0,0,0,0,0,0,0,0,0,0,0,0,0,0,0
101,2017,248,2250,12.13,0,0,0,0,0,0,0,-37.58,-21.58,0,0,0,0,0,0,0,0,0,0,0,0,0,0,0,0,0,0,0,0,0,0,0
101,2017,248,2300,12.13,0,0,0,0,0,0,0,-36.07,-21.79,0,0,0,0,0,0,0,0,0,0,0,0,0,0,0,0,0,0,0,0,0,0,0
101,2017,248,2310,12.13,0,0,0,0,0,0,0,-36.46,-21.54,0,0,0,0,0,0,0,0,0,0,0,0,0,0,0,0,0,0,0,0,0,0,0
101,2017,248,2320,12.13,0,0,0,0,0,0,0,-38.4,-21.48,0,0,0,0,0,0,0,0,0,0,0,0,0,0,0,0,0,0,0,0,0,0,0
101,2017,248,2330,12.13,0,0,0,0,0,0,0,-39.96,-21.73,0,0,0,0,0,0,0,0,0,0,0,0,0,0,0,0,0,0,0,0,0,0,0
101,2017,248,2340,12.13,0,0,0,0,0,0,0,-40.91,-21.64,0,0,0,0,0,0,0,0,0,0,0,0,0,0,0,0,0,0,0,0,0,0,0
101,2017,248,2350,12.13,0,0,0,0,0,0,0,-41.19,-21.54,0,0,0,0,0,0,0,0,0,0,0,0,0,0,0,0,0,0,0,0,0,0,0
101,2017,248,2400,12.13,0,0,0,0,0,0,0,-40.87,-21.46,0,0,0,0,0,0,0,0,0,0,0,0,0,0,0,0,0,0,0,0,0,0,0
102,2017,248,2400,12.04,5266
101,2017,249,10,12.13,0,0,0,0,0,0,0,-42.31,-21.57,0,0,0,0,0,0,0,0,0,0,0,0,0,0,0,0,0,0,0,0,0,0,0
101,2017,249,20,12.13,0,0,0,0,0,0,0,-42,-21.42,0,0,0,0,0,0,0,0,0,0,0,0,0,0,0,0,0,0,0,0,0,0,0
101,2017,249,30,12.13,0,0,0,0,0,0,0,-42.33,-21.33,0,0,0,0,0,0,0,0,0,0,0,0,0,0,0,0,0,0,0,0,0,0,0
101,2017,249,40,12.13,0,0,0,0,0,0,0,-44.16,-20.99,0,0,0,0,0,0,0,0,0,0,0,0,0,0,0,0,0,0,0,0,0,0,0
101,2017,249,50,12.13,0,0,0,0,0,0,0,-44.25,-20.84,0,0,0,0,0,0,0,0,0,0,0,0,0,0,0,0,0,0,0,0,0,0,0
101,2017,249,100,12.13,0,0,0,0,0,0,0,-45.5,-20.74,0,0,0,0,0,0,0,0,0,0,0,0,0,0,0,0,0,0,0,0,0,0,0
101,2017,249,110,12.13,0,0,0,0,0,0,0,-44.9,-20.63,0,0,0,0,0,0,0,0,0,0,0,0,0,0,0,0,0,0,0,0,0,0,0
101,2017,249,120,12.13,0,0,0,0,0,0,0,-45.65,-20.58,0,0,0,0,0,0,0,0,0,0,0,0,0,0,0,0,0,0,0,0,0,0,0
101,2017,249,130,12.13,0,0,0,0,0,0,0,-45.69,-20.7,0,0,0,0,0,0,0,0,0,0,0,0,0,0,0,0,0,0,0,0,0,0,0
101,2017,249,140,12.13,0,0,0,0,0,0,0,-45.89,-20.54,0,0,0,0,0,0,0,0,0,0,0,0,0,0,0,0,0,0,0,0,0,0,0
101,2017,249,150,12.13,0,0,0,0,0,0,0,-45.23,-20.97,0,0,0,0,0,0,0,0,0,0,0,0,0,0,0,0,0,0,0,0,0,0,0
101,2017,249,200,12.13,0,0,0,0,0,0,0,-46.38,-21.14,0,0,0,0,0,0,0,0,0,0,0,0,0,0,0,0,0,0,0,0,0,0,0
101,2017,249,210,12.13,0,0,0,0,0,0,0,-47.17,-20.87,0,0,0,0,0,0,0,0,0,0,0,0,0,0,0,0,0,0,0,0,0,0,0
101,2017,249,220,12.13,0,0,0,0,0,0,0,-46.67,-20.64,0,0,0,0,0,0,0,0,0,0,0,0,0,0,0,0,0,0,0,0,0,0,0
101,2017,249,230,12.13,0,0,0,0,0,0,0,-45.64,-20.82,0,0,0,0,0,0,0,0,0,0,0,0,0,0,0,0,0,0,0,0,0,0,0
101,2017,249,240,12.13,0,0,0,0,0,0,0,-44.99,-20.72,0,0,0,0,0,0,0,0,0,0,0,0,0,0,0,0,0,0,0,0,0,0,0
101,2017,249,250,12.12,0,0,0,0,0,0,0,-44.31,-20.42,0,0,0,0,0,0,0,0,0,0,0,0,0,0,0,0,0,0,0,0,0,0,0
101,2017,249,300,12.12,0,0,0,0,0,0,0,-44.3,-20.6,0,0,0,0,0,0,0,0,0,0,0,0,0,0,0,0,0,0,0,0,0,0,0
101,2017,249,310,12.13,0,0,0,0,0,0,0,-43.66,-20.75,0,0,0,0,0,0,0,0,0,0,0,0,0,0,0,0,0,0,0,0,0,0,0
101,2017,249,320,12.13,0,0,0,0,0,0,0,-43.32,-20.78,0,0,0,0,0,0,0,0,0,0,0,0,0,0,0,0,0,0,0,0,0,0,0
101,2017,249,330,12.12,0,0,0,0,0,0,0,-43.58,-20.69,0,0,0,0,0,0,0,0,0,0,0,0,0,0,0,0,0,0,0,0,0,0,0
101,2017,249,340,12.12,0,0,0,0,0,0,0,-43.47,-20.76,0,0,0,0,0,0,0,0,0,0,0,0,0,0,0,0,0,0,0,0,0,0,0
101,2017,249,350,12.12,0,0,0,0,0,0,0,-43.64,-20.8,0,0,0,0,0,0,0,0,0,0,0,0,0,0,0,0,0,0,0,0,0,0,0
101,2017,249,400,12.12,0,0,0,0,0,0,0,-43.16,-20.73,0,0,0,0,0,0,0,0,0,0,0,0,0,0,0,0,0,0,0,0,0,0,0
101,2017,249,410,12.12,0,0,0,0,0,0,0,-42.83,-19.34,0,0,0,0,0,0,0,0,0,0,0,0,0,0,0,0,0,0,0,0,0,0,0
101,2017,249,420,12.12,0,0,0,0,0,0,0,-44.03,-19.17,0,0,0,0,0,0,0,0,0,0,0,0,0,0,0,0,0,0,0,0,0,0,0
101,2017,249,430,12.12,0,0,0,0,0,0,0,-45.4,-19.32,0,0,0,0,0,0,0,0,0,0,0,0,0,0,0,0,0,0,0,0,0,0,0
101,2017,249,440,12.12,0,0,0,0,0,0,0,-45.26,-19.44,0,0,0,0,0,0,0,0,0,0,0,0,0,0,0,0,0,0,0,0,0,0,0
101,2017,249,450,12.12,0,0,0,0,0,0,0,-45.46,-19.32,0,0,0,0,0,0,0,0,0,0,0,0,0,0,0,0,0,0,0,0,0,0,0
101,2017,249,500,12.12,0,0,0,0,0,0,0,-46,-19.19,0,0,0,0,0,0,0,0,0,0,0,0,0,0,0,0,0,0,0,0,0,0,0
101,2017,249,510,12.12,0,0,0,0,0,0,0,-45.17,-18.86,0,0,0,0,0,0,0,0,0,0,0,0,0,0,0,0,0,0,0,0,0,0,0
101,2017,249,520,12.12,0,0,0,0,0,0,0,-44.48,-18.63,0,0,0,0,0,0,0,0,0,0,0,0,0,0,0,0,0,0,0,0,0,0,0
101,2017,249,530,12.12,0,0,0,0,0,0,0,-44.5,-18.41,0,0,0,0,0,0,0,0,0,0,0,0,0,0,0,0,0,0,0,0,0,0,0
101,2017,249,540,12.12,0,0,0,0,0,0,0,-45.01,-18.04,0,0,0,0,0,0,0,0,0,0,0,0,0,0,0,0,0,0,0,0,0,0,0
101,2017,249,550,12.12,0,0,0,0,0,0,0,-44.61,-18.16,0,0,0,0,0,0,0,0,0,0,0,0,0,0,0,0,0,0,0,0,0,0,0
101,2017,249,600,12.12,0,0,0,0,0,0,0,-44.94,-18.34,0,0,0,0,0,0,0,0,0,0,0,0,0,0,0,0,0,0,0,0,0,0,0
101,2017,249,610,12.12,0,0,0,0,0,0,0,-45.36,-18.68,0,.003,0,0,0,0,0,0,.002,0,0,0,0,0,.002,0,0,0,0,0,0,0,0
101,2017,249,620,12.12,.012,.002,0,.02,.008,.005,0,-45.98,-18.36,0,.077,.003,.01,.01,.067,.069,.015,.067,.018,.002,.02,.003,.003,.055,.007,.003,.022,0,0,.008,0,0
101,2017,249,630,12.12,.06,.025,.022,.121,.059,.04,.023,-45.17,-18.15,.032,.513,.039,.054,.045,.401,.409,.107,.411,.116,.03,.126,.037,.045,.344,.047,.042,.121,.012,.025,.045,.012,.03
101,2017,249,640,12.13,.193,.064,.052,.37,.181,.117,.067,-44.7,-18.98,.087,1.52,.104,.163,.142,1.285,1.301,.307,1.205,.342,.092,.357,.106,.132,1.071,.124,.107,.364,.034,.059,.153,.034,.059
101,2017,249,650,12.12,.342,.099,.101,.593,.292,.183,.117,-45.36,-19.82,.163,2.553,.189,.258,.253,2.425,2.304,.488,2.122,.538,.171,.489,.168,.209,1.885,.206,.201,.697,.049,.106,.285,.06,.112
101,2017,249,700,12.12,.582,.178,.169,1.086,.441,.315,.173,-53.64,-19.62,.255,4.817,.302,.431,.382,3.603,3.504,.898,3.831,.918,.24,.897,.308,.355,2.744,.298,.349,1.108,.089,.171,.396,.089,.174
101,2017,249,710,12.12,1.079,.339,.295,2.03,.798,.53,.28,-47.11,-19.38,.414,7.37,.469,.783,.573,5.687,5.727,1.596,6.035,1.602,.362,1.544,.459,.553,4.312,.453,.531,1.688,.153,.282,.602,.141,.273
101,2017,249,720,12.12,.85,.258,.268,1.597,.722,.442,.315,-44.97,-19.43,.407,6.072,.473,.632,.662,6.392,6.146,1.195,5.482,1.358,.421,1.319,.421,.504,5.123,.494,.518,2.028,.147,.287,.736,.168,.307
101,2017,249,730,12.12,.841,.245,.28,1.555,.771,.446,.347,-44.21,-19.44,.434,5.945,.466,.659,.751,6.739,6.722,1.15,5.537,1.26,.409,1.446,.446,.543,5.79,.531,.55,2.177,.164,.295,.806,.191,.332
101,2017,249,740,12.12,1.274,.369,.384,2.393,1.089,.665,.432,-47.72,-19.47,.565,8.41,.607,1.021,.954,8.75,9.03,1.807,7.65,1.778,.496,2.05,.588,.784,7.37,.709,.763,2.702,.228,.399,1.039,.243,.407
101,2017,249,750,12.12,2.703,.783,.625,4.644,1.713,1.146,.572,-44.01,-19.61,.925,14.3,.969,1.763,1.262,12.56,12.77,3.555,12.85,3.188,.771,3.109,.932,1.185,9.25,1.024,1.274,3.957,.318,.613,1.356,.305,.553
101,2017,249,800,12.12,1.267,.38,.436,2.425,1.212,.736,.501,-43.15,-19.53,.657,9.88,.855,1.047,1.161,10.74,10.09,1.872,9.33,2.435,.717,2.11,.635,.878,8.39,.853,.912,3.623,.25,.453,1.282,.265,.511
101,2017,249,810,12.12,2.405,.696,.608,4.502,1.802,1.249,.612,-42.69,-19.3,.895,17.03,1.006,1.715,1.287,12.51,13.1,3.603,14.12,3.372,.714,3.704,1.098,1.347,9.89,1.066,1.26,3.664,.323,.597,1.366,.339,.533
101,2017,249,820,12.12,3.982,1.153,1.024,7.44,3.012,2.135,1.041,-41.07,-18.89,1.53,28.83,1.755,2.878,2.137,20.83,21.27,6.03,23.69,6.033,1.309,6.075,1.823,2.18,15.9,1.703,2.12,6.186,.489,.982,2.294,.503,.925
101,2017,249,830,12.13,5.098,1.532,1.272,9.82,3.761,2.754,1.198,-39.57,-18.62,1.874,32.92,1.922,3.541,2.326,23.82,24.75,7.69,26.95,7.32,1.463,7.12,2.118,2.755,17.87,2.045,2.427,6.511,.546,1.088,2.539,.561,1.014
101,2017,249,840,12.13,4.455,1.48,1.356,9.24,3.818,2.69,1.218,-41.15,-18.13,1.865,32.71,2.105,3.303,2.521,25.12,25.49,7.12,27.21,7.69,1.587,6.905,2.038,2.966,18.93,2.202,2.492,7.47,.558,1.153,2.703,.592,1.091
101,2017,249,850,12.13,5.247,1.537,1.291,10.02,3.726,2.774,1.156,-42.03,-18.23,1.942,34.16,2.202,3.578,2.581,25.68,26.2,7.73,28.16,7.66,1.661,7.26,2.172,2.951,19.16,2.182,2.598,7.6,.592,1.232,2.497,.595,1.217
101,2017,249,900,12.13,6.952,2.15,1.875,18.42,6.535,6.453,1.688,-41.19,-17.44,4.921,55.49,2.564,6.263,2.844,30.13,33.69,11.23,45.1,11.62,1.815,9.21,2.869,11.16,19.94,2.546,3.24,7.83,.657,1.391,2.517,.654,1.411
101,2017,249,910,12.13,5.792,1.944,2.077,31.46,6.964,17.04,1.773,-37.96,-17.27,3.089,93.6,2.725,12.07,3.439,38.43,49.34,10.42,76.4,11.01,1.911,9.64,3.362,38.46,21.63,2.678,3.169,8.37,.734,1.455,3.047,.816,1.589
101,2017,249,920,12.13,5.144,1.758,1.864,30.47,5.423,4.49,1.28,-39.7,-17.37,2.39,92.7,1.795,38.06,2.581,32.84,47.14,10.54,73.5,11.26,1.197,9.88,4.094,38.21,17.23,2.169,2.678,4.064,.68,1.291,1.998,.685,1.359
101,2017,249,930,12.13,7.46,2.32,2.475,19.99,6.126,4.262,1.932,-41.55,-16.99,2.983,65.6,2.977,15.7,4.011,41.84,46.8,10.97,56.5,12.16,2.231,10.47,3.347,12.25,28.51,3.476,3.939,11.29,.887,1.847,4.14,.964,1.704
101,2017,249,940,12.13,8.93,2.752,2.856,16.82,6.387,4.498,2.088,-45.59,-16.51,3.394,56.11,3.675,5.951,4.54,44.2,44.96,13.07,49.17,13.06,2.817,11.4,3.581,4.919,31.71,4.02,4.562,13.57,1.016,2.095,4.815,1.052,2.034
101,2017,249,950,12.13,9.99,3.34,4.456,21.71,7.51,5.828,2.327,-45.24,-15.74,4.466,73.4,3.936,7.09,5.865,52.04,54.92,15.76,64.55,15.28,3.117,13.44,4.92,5.87,34.49,8.69,5.324,14.8,1.052,2.291,5.045,1.223,2.222
101,2017,249,1000,12.13,6.739,2.16,2.557,14.29,5.551,3.805,1.939,-46.22,-15.86,5.926,54.39,3.522,7.78,5.234,43.82,44.39,10.23,48.77,12.17,2.76,9.94,4.236,4.281,30.97,4.139,4.117,13.89,.905,1.89,4.598,1.009,1.994
101,2017,249,1010,12.13,8.56,2.86,2.604,15.34,5.862,3.879,2.037,-47.75,-16.03,3.301,52.06,3.686,5.588,4.554,44.18,44.4,11.71,45.76,12.48,2.91,11.27,3.544,4.262,32.36,3.874,4.792,13.98,1.007,2.113,4.507,1.02,2.016
101,2017,249,1020,12.13,11.17,4.554,3.046,19.79,7.48,4.911,2.515,-46.5,-16.01,4.43,64.18,4.202,6.429,5.159,53.24,53.99,15.07,57.15,16.26,3.477,14.33,4.349,5.445,38.17,4.916,6.13,16.33,1.173,2.49,5.397,1.29,2.284
101,2017,249,1030,12.13,11.18,30.94,2.977,24.35,41.89,4.881,5.326,-42.65,-13.3,48.18,125.5,3.639,5.144,4.86,80.7,90,14.5,111.4,74.8,3.208,55.37,3.937,4.917,43.41,5.765,19.28,12.53,1.057,2.161,4.512,1.293,3.458
101,2017,249,1040,12.13,14.87,13.09,2.84,24.54,32.91,4.661,3.977,-41.14,-13.67,33.82,101.1,2.612,4.574,3.57,62.72,69.98,15.93,89.1,31.69,2.418,35.48,3.187,4.579,33.4,16.89,5.767,9.85,.714,2.367,2.823,1.037,1.464
101,2017,249,1050,12.13,20.5,6.388,9.9,38.42,22.06,3.825,2.82,-41.94,-13.99,15.91,135.9,2.86,5.318,4.633,92.2,103.4,17.4,123.6,10.78,2.682,42.38,3.723,3.79,49.38,84.5,4.75,10.74,1.077,2.724,3.748,1.329,1.798
101,2017,249,1100,12.13,41.97,4.408,12.04,42.63,4.891,2.493,1.947,-41.68,-14.37,13.37,134.9,2.166,3.756,6.224,95.8,105.3,6.162,123.2,8.48,2.262,51.73,2.622,2.868,50.47,101.3,3.23,7.64,.98,1.598,3.666,1.183,2.128
101,2017,249,1110,12.13,45.42,4.018,9.17,46.77,3.694,2.577,1.481,-43.24,-14.39,1.99,129.2,2.014,2.48,6.368,92.2,99,4.778,118.5,97.8,2.753,38.82,2.049,7.1,46.57,102.7,4.984,10.26,.672,1.143,1.989,.888,1.067
101,2017,249,1120,12.13,10.18,2.882,4.085,57.21,2.992,2.062,1.314,-43.76,-15.65,1.766,127.4,2.57,2.176,2.85,94.2,98.8,4.646,119,55.9,4.359,27.92,1.96,4.039,47.8,104.1,12.91,56.58,.583,1.121,1.96,.868,1.107
101,2017,249,1130,12.13,18.43,2.557,8.95,67.08,2.543,1.873,1.221,-43.64,-15.28,1.706,126.1,1.997,2.101,2.769,97.3,100.7,4.408,119.2,7.03,6.301,53.23,1.763,4.006,50.37,48.83,3.212,82.8,.568,1.109,2.083,.903,1.932
101,2017,249,1140,12.14,6.09,34.94,1.788,71.5,2.305,1.751,1.248,-39.7,-15.94,1.645,124.3,1.985,2.024,2.853,100,101.8,4.195,119.3,7.54,8.17,28.15,1.701,11.89,52.81,3.066,38.43,88.3,.566,1.091,3.476,.875,1.129
101,2017,249,1150,12.13,9.31,65.72,1.277,75.2,2.14,1.675,1.2,-35.75,-15.76,1.598,122.5,2.047,1.992,4.271,102.2,103,4.034,119,75.2,12.7,5.19,1.608,2.649,55.41,2.473,2.843,91.3,.573,4.844,7.57,.868,1.178
101,2017,249,1200,12.14,3.151,63.48,1.235,74.7,2.083,1.649,1.193,-39.3,-16.05,1.55,120.9,5.794,1.97,8.32,104.9,104.7,3.957,119.3,113.6,4.567,5.881,1.612,3.899,58.44,2.242,2.168,93.7,.596,4.204,63,.973,1.163
101,2017,249,1210,12.14,4.934,47.55,1.164,29.64,2.042,1.68,1.238,-43.7,-15.94,1.543,119.2,2.119,1.989,3.376,107.4,106.5,3.931,119,107.5,2.493,4.963,1.585,11.75,61.44,2.193,2.413,95.9,.635,1.089,44.19,.93,1.208
101,2017,249,1220,12.14,2.751,31.67,1.133,18.08,2.029,2.674,1.297,-45.23,-15.88,2.475,117.2,2.186,2.022,7.12,109.7,108.1,3.946,118.4,31.44,2.634,4.745,1.645,2.292,64.12,2.217,11.03,97.9,.645,1.111,15.44,.992,1.292
101,2017,249,1230,12.14,2.805,4.964,1.195,18.95,2.066,5.356,1.285,-47.75,-15.8,1.575,114.8,2.374,2.153,5.043,111.3,109,4.038,117.5,6.429,2.697,4.686,1.935,2.466,66.39,2.29,41.03,99.1,.689,1.173,5.162,1.052,1.421
101,2017,249,1240,12.14,5.311,4.145,6.192,4.341,2.046,14.16,1.262,-45.45,-15.65,1.553,112.5,20.29,3.205,3.009,112.9,109.7,4.001,116.3,6.207,2.778,4.602,4.418,11.8,68.34,2.488,28.11,100.4,.702,1.216,3.535,1.069,1.53
101,2017,249,1250,12.14,15.93,1.292,1.265,4.361,3.907,1.876,1.282,-46.6,-15.26,1.63,109.9,63.28,48.02,4.547,114.5,110.1,4.054,115.4,11.21,3.234,4.641,8.03,3.791,70.3,19.83,92.2,101.5,.751,1.319,3.673,2.31,1.707
101,2017,249,1300,12.14,4.111,6.013,5.871,4.222,2.15,3.497,1.32,-41.94,-15.4,17.47,107.8,58.89,2.433,3.456,116.1,111.1,4.13,114.7,43.32,3.111,4.666,4.056,3.557,72.4,28.94,89,102.5,.803,1.446,3.795,12.59,1.845
101,2017,249,1310,12.14,2.552,1.228,5.273,4.113,2.578,7.9,1.376,-41.28,-15.13,2.696,106,72.9,2.332,3.451,117.9,112.8,4.118,113.7,47.44,3.28,4.824,4.532,3.589,74.4,2.475,85.5,103.4,.836,6.093,4.003,4.483,1.625
101,2017,249,1320,12.14,2.548,1.104,1.223,4.287,2.337,5.346,2.088,-42.64,-14.94,2.468,104,42.58,2.505,5.169,120.6,115.2,4.448,113.6,59.31,3.43,5.16,2.15,4.455,77.3,3.032,73.3,104.4,.896,22.2,4.279,1.499,2.004
101,2017,249,1330,12.14,2.672,1.143,1.141,4.572,6.569,5.727,1.406,-45.81,-14.73,1.773,101.4,62.38,2.503,20.55,120.4,115,4.721,111.5,61.06,3.403,5.257,1.925,42.98,77.4,2.495,18.21,104.2,.836,12.45,3.956,1.58,1.781
101,2017,249,1340,12.14,3.001,1.272,1.24,5.118,2.828,2.54,1.397,-46.45,-14.87,1.871,99.1,89.9,2.714,52.55,120.8,114.1,4.859,110.5,7.82,3.656,5.514,1.954,110.7,77.8,2.659,31.66,104.5,.863,1.758,3.998,3.632,1.798
101,2017,249,1350,12.14,4.081,1.577,1.459,6.281,5.706,2.614,1.473,-41.32,-14.71,2.108,96.8,89.6,3.631,63.03,122.2,113.7,5.534,109.8,7.61,4.133,6.119,3.2,112,79.3,2.841,6.531,104.6,.893,1.825,4.344,1.582,2.594
101,2017,249,1400,12.14,12.06,1.903,1.704,8.88,3.54,6.469,1.731,-21.6,-14.25,2.473,97.4,87.3,6.96,62.08,127.5,111.5,7.16,112.5,8.62,4.185,7,2.493,60.77,83.3,3.24,5.205,106.4,1.024,2.269,4.813,1.652,49.7
101,2017,249,1410,12.14,9.3,1.761,4.473,7.64,3.423,2.97,1.95,-33.08,-14.14,2.634,92.6,83,5.969,48.11,130.1,112.8,6.119,111.2,8.28,4.071,6.563,2.557,6.422,86.6,3.311,5.247,107.6,1.119,10.86,5.452,1.696,8.59
101,2017,249,1420,12.14,4.919,1.179,1.763,5.52,3.317,3.024,2.079,-36.61,-14.4,2.669,85.1,75,4.143,30.66,132.4,116,4.758,108.6,6.549,3.915,8.55,2.386,15.33,89.8,3.379,4.46,109,1.555,5.894,6.524,1.895,24.63
101,2017,249,1430,12.14,2.104,.762,1.174,3.646,6.351,3.408,3.992,-40.18,-14.14,16.91,72.9,21.68,2.828,14.63,125.9,111.6,3.585,98,5.16,6.12,18.96,1.85,5.902,85.9,3.188,3.151,103.9,1.089,15.22,6.569,1.979,35.48
101,2017,249,1440,12.14,1.64,.628,.948,3.15,2.27,4.661,1.639,-38.8,-14.18,20.98,65.45,4.222,2.109,5.432,118.6,103.7,3.341,90.9,4.88,3.807,6.184,1.563,2.212,79.7,2.662,2.562,99.6,.831,1.923,4.797,1.664,23.29
101,2017,249,1450,12.14,1.685,.65,1.985,3.267,4.441,2.176,12.48,-39.71,-12.53,2.632,62.05,3.527,2.143,6.785,121.6,106.1,3.697,90.1,5.183,4.445,11.16,1.638,2.414,81.5,2.928,2.401,71.3,.859,1.679,4.899,1.546,50.42
101,2017,249,1500,12.14,1.771,.65,.943,3.489,15.34,1.742,1.421,-34.12,-12.87,2.188,56.83,3.141,2.19,6.089,120.5,105.2,3.793,85.8,20.29,3.964,19.35,1.689,2.337,81.3,2.915,2.29,7.06,.838,1.516,3.806,1.4,63.99
101,2017,249,1510,12.14,1.622,.611,1.129,3.472,32.74,1.757,1.305,-34.86,-11.94,1.977,51.21,3.062,1.943,3.831,117.9,102.1,3.692,81.6,17.63,3.57,9.82,1.59,2.312,79.4,2.806,2.183,6.153,.672,1.369,3.007,1.265,10.35
101,2017,249,1520,12.14,1.817,.703,.899,3.559,12.31,1.645,1.27,-39.83,-12.39,2.169,44.74,2.732,2.054,3.77,112.4,96.4,3.574,73.9,4.918,4.181,4.891,1.501,3.385,76.1,3.064,2.147,5.774,.648,1.3,2.997,1.087,2.087
101,2017,249,1530,12.14,2.072,.836,1.012,3.899,3.336,2.035,1.72,-46.04,-12.06,2.079,38.79,2.981,2.924,4.589,106.9,93,3.489,67.9,5.15,11,5.489,1.656,3.1,75,3.321,2.615,8.7,.739,1.397,4.933,1.255,2.323
101,2017,249,1540,12.14,1.914,.615,.802,4.269,3.14,2.147,6.108,-46.24,-11.16,2.256,25.2,2.45,2.611,4.003,73.4,62.95,3.449,44.05,4.829,13.18,5.189,1.571,6.222,52.89,3.442,2.06,7.43,.615,1.127,4.874,1.228,1.846
101,2017,249,1550,12.14,2.892,.836,.935,5.457,3.149,18.47,4.405,-38.26,-10.72,2.042,30.48,2.425,2.68,4.051,104.3,90.7,4.474,60.78,5.52,3.276,5.569,1.79,2.516,74.8,3.373,2.353,6.398,.665,1.131,6.329,1.492,1.678
101,2017,249,1600,12.14,3.325,1.01,1.26,5.909,3.318,2.943,1.97,-41.56,-11.27,2.263,32.55,3.055,3.244,4.45,99.8,86.9,4.877,51.06,5.77,3.04,5.621,1.948,3.246,72.3,3.514,2.948,11.6,.765,1.429,6.465,1.563,2.137
101,2017,249,1610,12.14,3.018,.92,1.199,5.415,2.864,2.034,1.779,-37.22,-11.61,2.09,28.02,3.089,3.01,4.154,100.6,86.6,4.576,27.68,4.92,2.791,5.188,1.849,3.012,73.3,3.233,2.774,11.04,.675,1.315,5.992,1.543,2.29
101,2017,249,1620,12.14,2.663,.874,1.149,4.987,2.992,1.895,1.841,-39.47,-10.99,2.013,24.42,2.861,2.95,4.069,94.6,81.6,4.186,23.89,4.798,2.667,5.052,1.843,2.868,70.4,3.501,2.73,11.25,.715,1.26,6.474,1.509,2.117
101,2017,249,1630,12.14,2.029,.622,.756,3.867,2.603,1.446,1.481,-39.04,-10.11,1.478,18.23,2.039,2.19,2.794,88.5,75,3.344,16.28,3.377,1.997,4.156,1.422,2.025,66.44,3.213,2.01,7.29,.531,.883,3.965,1.213,1.61
101,2017,249,1640,12.14,2.034,.618,.791,3.83,2.89,1.404,1.334,-35.86,-8.83,1.439,18.06,2.118,1.97,2.759,77.9,65.55,3.21,17.02,3.872,1.95,3.515,1.317,2.034,58.85,3.017,2.036,7.73,.477,.863,3.131,1.032,5.073
101,2017,249,1650,12.14,1.391,.415,.446,2.604,1.344,.796,.575,-38.24,-8.72,.739,10.74,.952,1.163,1.252,15.88,14.18,2.118,10.06,2.605,.935,2.188,.751,1.029,12.02,1.246,.972,3.746,.268,.471,1.444,.347,1.052
101,2017,249,1700,12.14,1.109,.348,.399,2.118,1.086,.67,.476,-38.42,-8.39,.6,9.25,.843,.942,1.007,11.15,9.71,1.766,8.74,2.374,.799,1.737,.595,.844,8.07,.905,.796,3.322,.225,.419,1.218,.265,.469
101,2017,249,1710,12.14,1.045,.317,.348,1.935,.891,.57,.394,-36.82,-8.31,.521,8.16,.689,.789,.801,9.6,8.11,1.592,7.5,2.044,.732,1.494,.518,.692,6.594,.779,.675,2.687,.183,.352,.901,.198,.399
101,2017,249,1720,12.14,.715,.214,.243,1.317,.62,.416,.288,-36.61,-8.71,.385,6.021,.533,.571,.58,6.948,5.869,1.136,5.432,1.454,.506,1.064,.397,.494,4.793,.545,.479,1.933,.129,.258,.687,.152,.298
101,2017,249,1730,12.14,.69,.228,.236,1.33,.601,.412,.26,-35.84,-9.1,.362,5.643,.464,.538,.529,6.571,6.296,1.045,5.053,1.29,.392,1.052,.372,.472,4.306,.471,.466,1.823,.122,.238,.578,.134,.27
101,2017,249,1740,12.14,.513,.173,.188,.972,.476,.352,.223,-34.22,-9.6,.347,4.674,.431,.409,.454,5.624,4.666,.804,4.391,1.181,.454,.759,.297,.421,3.838,.449,.404,1.732,.092,.204,.474,.112,.258
101,2017,249,1750,12.14,.268,.07,.09,.451,.23,.161,.104,-34.88,-10.06,.164,2.29,.241,.206,.228,3.085,2.629,.422,2.056,.602,.265,.374,.142,.199,1.987,.265,.181,.709,.042,.097,.248,.05,.121
101,2017,249,1800,12.13,.159,.04,.049,.278,.141,.087,.065,-35.03,-10.62,.082,1.148,.109,.126,.131,1.295,1.165,.246,1.025,.285,.087,.233,.087,.104,.957,.112,.101,.395,.034,.055,.146,.034,.06
101,2017,249,1810,12.13,.082,.028,.03,.137,.06,.044,.034,-35.32,-11.22,.034,.551,.052,.055,.057,.548,.496,.116,.494,.146,.037,.107,.034,.049,.416,.055,.047,.193,.015,.034,.064,.025,.034
101,2017,249,1820,12.13,.027,0,.002,.045,.022,.01,.003,-35.85,-11.83,.012,.179,.022,.025,.025,.184,.178,.037,.161,.042,.012,.035,.013,.022,.147,.015,.018,.062,0,.01,.028,0,.005
101,2017,249,1830,12.13,0,0,0,.005,0,0,0,-35.75,-12.28,0,.037,0,0,0,.035,.03,.003,.027,.008,0,.003,0,0,.027,0,0,.01,0,0,0,0,0
101,2017,249,1840,12.13,0,0,0,0,0,0,0,-34.7,-12.72,0,0,0,0,0,0,0,0,0,0,0,0,0,0,0,0,0,0,0,0,0,0,0
101,2017,249,1850,12.13,0,0,0,0,0,0,0,-33.08,-13.12,0,0,0,0,0,0,0,0,0,0,0,0,0,0,0,0,0,0,0,0,0,0,0
101,2017,249,1900,12.13,0,0,0,0,0,0,0,-32.18,-13.76,0,0,0,0,0,0,0,0,0,0,0,0,0,0,0,0,0,0,0,0,0,0,0
101,2017,249,1910,12.13,0,0,0,0,0,0,0,-30.49,-14.23,0,0,0,0,0,0,0,0,0,0,0,0,0,0,0,0,0,0,0,0,0,0,0
101,2017,249,1920,12.13,0,0,0,0,0,0,0,-29.51,-14.54,0,0,0,0,0,0,0,0,0,0,0,0,0,0,0,0,0,0,0,0,0,0,0
101,2017,249,1930,12.13,0,0,0,0,0,0,0,-29.05,-14.92,0,0,0,0,0,0,0,0,0,0,0,0,0,0,0,0,0,0,0,0,0,0,0
101,2017,249,1940,12.13,0,0,0,0,0,0,0,-29.07,-15.2,0,0,0,0,0,0,0,0,0,0,0,0,0,0,0,0,0,0,0,0,0,0,0
101,2017,249,1950,12.13,0,0,0,0,0,0,0,-29.08,-15.17,0,0,0,0,0,0,0,0,0,0,0,0,0,0,0,0,0,0,0,0,0,0,0
101,2017,249,2000,12.13,0,0,0,0,0,0,0,-28.67,-15.18,0,0,0,0,0,0,0,0,0,0,0,0,0,0,0,0,0,0,0,0,0,0,0
101,2017,249,2010,12.13,0,0,0,0,0,0,0,-29.48,-15.49,0,0,0,0,0,0,0,0,0,0,0,0,0,0,0,0,0,0,0,0,0,0,0
101,2017,249,2020,12.13,0,0,0,0,0,0,0,-29.16,-15.75,0,0,0,0,0,0,0,0,0,0,0,0,0,0,0,0,0,0,0,0,0,0,0
101,2017,249,2030,12.13,0,0,0,0,0,0,0,-30.34,-16.14,0,0,0,0,0,0,0,0,0,0,0,0,0,0,0,0,0,0,0,0,0,0,0
101,2017,249,2040,12.13,0,0,0,0,0,0,0,-34.8,-16.43,0,0,0,0,0,0,0,0,0,0,0,0,0,0,0,0,0,0,0,0,0,0,0
101,2017,249,2050,12.13,0,0,0,0,0,0,0,-33.14,-16.67,0,0,0,0,0,0,0,0,0,0,0,0,0,0,0,0,0,0,0,0,0,0,0
101,2017,249,2100,12.13,0,0,0,0,0,0,0,-29.54,-16.88,0,0,0,0,0,0,0,0,0,0,0,0,0,0,0,0,0,0,0,0,0,0,0
101,2017,249,2110,12.13,0,0,0,0,0,0,0,-27.99,-17.06,0,0,0,0,0,0,0,0,0,0,0,0,0,0,0,0,0,0,0,0,0,0,0
101,2017,249,2120,12.13,0,0,0,0,0,0,0,-29.02,-17.19,0,0,0,0,0,0,0,0,0,0,0,0,0,0,0,0,0,0,0,0,0,0,0
101,2017,249,2130,12.13,0,0,0,0,0,0,0,-27.82,-17.38,0,0,0,0,0,0,0,0,0,0,0,0,0,0,0,0,0,0,0,0,0,0,0
101,2017,249,2140,12.13,0,0,0,0,0,0,0,-28.69,-17.53,0,0,0,0,0,0,0,0,0,0,0,0,0,0,0,0,0,0,0,0,0,0,0
101,2017,249,2150,12.13,0,0,0,0,0,0,0,-27.44,-17.54,0,0,0,0,0,0,0,0,0,0,0,0,0,0,0,0,0,0,0,0,0,0,0
101,2017,249,2200,12.13,0,0,0,0,0,0,0,-27.89,-17.58,0,0,0,0,0,0,0,0,0,0,0,0,0,0,0,0,0,0,0,0,0,0,0
101,2017,249,2210,12.13,0,0,0,0,0,0,0,-28.49,-17.79,0,0,0,0,0,0,0,0,0,0,0,0,0,0,0,0,0,0,0,0,0,0,0
101,2017,249,2220,12.13,0,0,0,0,0,0,0,-28.94,-18,0,0,0,0,0,0,0,0,0,0,0,0,0,0,0,0,0,0,0,0,0,0,0
101,2017,249,2230,12.13,0,0,0,0,0,0,0,-27.69,-18.09,0,0,0,0,0,0,0,0,0,0,0,0,0,0,0,0,0,0,0,0,0,0,0
101,2017,249,2240,12.13,0,0,0,0,0,0,0,-27.57,-18.23,0,0,0,0,0,0,0,0,0,0,0,0,0,0,0,0,0,0,0,0,0,0,0
101,2017,249,2250,12.13,0,0,0,0,0,0,0,-26.52,-18.3,0,0,0,0,0,0,0,0,0,0,0,0,0,0,0,0,0,0,0,0,0,0,0
101,2017,249,2300,12.13,0,0,0,0,0,0,0,-25.61,-18.17,0,0,0,0,0,0,0,0,0,0,0,0,0,0,0,0,0,0,0,0,0,0,0
101,2017,249,2310,12.13,0,0,0,0,0,0,0,-23.88,-18.05,0,0,0,0,0,0,0,0,0,0,0,0,0,0,0,0,0,0,0,0,0,0,0
101,2017,249,2320,12.13,0,0,0,0,0,0,0,-23.7,-18.08,0,0,0,0,0,0,0,0,0,0,0,0,0,0,0,0,0,0,0,0,0,0,0
101,2017,249,2330,12.13,0,0,0,0,0,0,0,-24.06,-18.19,0,0,0,0,0,0,0,0,0,0,0,0,0,0,0,0,0,0,0,0,0,0,0
101,2017,249,2340,12.13,0,0,0,0,0,0,0,-22.68,-18.41,0,0,0,0,0,0,0,0,0,0,0,0,0,0,0,0,0,0,0,0,0,0,0
101,2017,249,2350,12.13,0,0,0,0,0,0,0,-23.52,-18.6,0,0,0,0,0,0,0,0,0,0,0,0,0,0,0,0,0,0,0,0,0,0,0
101,2017,249,2400,12.12,0,0,0,0,0,0,0,-24.6,-18.8,0,0,0,0,0,0,0,0,0,0,0,0,0,0,0,0,0,0,0,0,0,0,0
102,2017,249,2400,12.11,5266
101,2017,250,10,12.13,0,0,0,0,0,0,0,-25.13,-18.82,0,0,0,0,0,0,0,0,0,0,0,0,0,0,0,0,0,0,0,0,0,0,0
101,2017,250,20,12.13,0,0,0,0,0,0,0,-49.44,-19.57,0,0,0,0,0,0,0,0,0,0,0,0,0,0,0,0,0,0,0,0,0,0,0
101,2017,250,30,12.12,0,0,0,0,0,0,0,-73.2,-19.33,0,0,0,0,0,0,0,0,0,0,0,0,0,0,0,0,0,0,0,0,0,0,0
101,2017,250,40,12.12,0,0,0,0,0,0,0,-74.1,-18.8,0,0,0,0,0,0,0,0,0,0,0,0,0,0,0,0,0,0,0,0,0,0,0
101,2017,250,50,12.12,0,0,0,0,0,0,0,-64.94,-18.57,0,0,0,0,0,0,0,0,0,0,0,0,0,0,0,0,0,0,0,0,0,0,0
101,2017,250,100,12.12,0,0,0,0,0,0,0,-56.48,-18.69,0,0,0,0,0,0,0,0,0,0,0,0,0,0,0,0,0,0,0,0,0,0,0
101,2017,250,110,12.12,0,0,0,0,0,0,0,-64.83,-18.96,0,0,0,0,0,0,0,0,0,0,0,0,0,0,0,0,0,0,0,0,0,0,0
101,2017,250,120,12.12,0,0,0,0,0,0,0,-59.36,-19.21,0,0,0,0,0,0,0,0,0,0,0,0,0,0,0,0,0,0,0,0,0,0,0
101,2017,250,130,12.12,0,0,0,0,0,0,0,-57.13,-19.46,0,0,0,0,0,0,0,0,0,0,0,0,0,0,0,0,0,0,0,0,0,0,0
101,2017,250,140,12.12,0,0,0,0,0,0,0,-53.18,-20.51,0,0,0,0,0,0,0,0,0,0,0,0,0,0,0,0,0,0,0,0,0,0,0
101,2017,250,150,12.12,0,0,0,0,0,0,0,-51.14,-21.08,0,0,0,0,0,0,0,0,0,0,0,0,0,0,0,0,0,0,0,0,0,0,0
101,2017,250,200,12.12,0,0,0,0,0,0,0,-50.28,-21.04,0,0,0,0,0,0,0,0,0,0,0,0,0,0,0,0,0,0,0,0,0,0,0
101,2017,250,210,12.12,0,0,0,0,0,0,0,-48.27,-21.28,0,0,0,0,0,0,0,0,0,0,0,0,0,0,0,0,0,0,0,0,0,0,0
101,2017,250,220,12.12,0,0,0,0,0,0,0,-43.69,-21.54,0,0,0,0,0,0,0,0,0,0,0,0,0,0,0,0,0,0,0,0,0,0,0
101,2017,250,230,12.12,0,0,0,0,0,0,0,-42.62,-21.59,0,0,0,0,0,0,0,0,0,0,0,0,0,0,0,0,0,0,0,0,0,0,0
101,2017,250,240,12.12,0,0,0,0,0,0,0,-36.98,-21.72,0,0,0,0,0,0,0,0,0,0,0,0,0,0,0,0,0,0,0,0,0,0,0
101,2017,250,250,12.12,0,0,0,0,0,0,0,-35.57,-21.69,0,0,0,0,0,0,0,0,0,0,0,0,0,0,0,0,0,0,0,0,0,0,0
101,2017,250,300,12.12,0,0,0,0,0,0,0,-32.33,-21.65,0,0,0,0,0,0,0,0,0,0,0,0,0,0,0,0,0,0,0,0,0,0,0
101,2017,250,310,12.12,0,0,0,0,0,0,0,-32.69,-21.06,0,0,0,0,0,0,0,0,0,0,0,0,0,0,0,0,0,0,0,0,0,0,0
101,2017,250,320,12.12,0,0,0,0,0,0,0,-35,-20.86,0,0,0,0,0,0,0,0,0,0,0,0,0,0,0,0,0,0,0,0,0,0,0
101,2017,250,330,12.12,0,0,0,0,0,0,0,-33.65,-20.95,0,0,0,0,0,0,0,0,0,0,0,0,0,0,0,0,0,0,0,0,0,0,0
101,2017,250,340,12.12,0,0,0,0,0,0,0,-29.7,-20.96,0,0,0,0,0,0,0,0,0,0,0,0,0,0,0,0,0,0,0,0,0,0,0
101,2017,250,350,12.12,0,0,0,0,0,0,0,-25.89,-20.92,0,0,0,0,0,0,0,0,0,0,0,0,0,0,0,0,0,0,0,0,0,0,0
101,2017,250,400,12.12,0,0,0,0,0,0,0,-24.52,-21.08,0,0,0,0,0,0,0,0,0,0,0,0,0,0,0,0,0,0,0,0,0,0,0
101,2017,250,410,12.12,0,0,0,0,0,0,0,-25.84,-21.03,0,0,0,0,0,0,0,0,0,0,0,0,0,0,0,0,0,0,0,0,0,0,0
101,2017,250,420,12.12,0,0,0,0,0,0,0,-26.28,-20.75,0,0,0,0,0,0,0,0,0,0,0,0,0,0,0,0,0,0,0,0,0,0,0
101,2017,250,430,12.12,0,0,0,0,0,0,0,-23,-20.57,0,0,0,0,0,0,0,0,0,0,0,0,0,0,0,0,0,0,0,0,0,0,0
101,2017,250,440,12.12,0,0,0,0,0,0,0,-22.98,-20.52,0,0,0,0,0,0,0,0,0,0,0,0,0,0,0,0,0,0,0,0,0,0,0
101,2017,250,450,12.12,0,0,0,0,0,0,0,-22.97,-20.47,0,0,0,0,0,0,0,0,0,0,0,0,0,0,0,0,0,0,0,0,0,0,0
101,2017,250,500,12.12,0,0,0,0,0,0,0,-19.84,-20.39,0,0,0,0,0,0,0,0,0,0,0,0,0,0,0,0,0,0,0,0,0,0,0
101,2017,250,510,12.12,0,0,0,0,0,0,0,-22.9,-20.47,0,0,0,0,0,0,0,0,0,0,0,0,0,0,0,0,0,0,0,0,0,0,0
101,2017,250,520,12.12,0,0,0,0,0,0,0,-24.32,-20.13,0,0,0,0,0,0,0,0,0,0,0,0,0,0,0,0,0,0,0,0,0,0,0
101,2017,250,530,12.12,0,0,0,0,0,0,0,-23.05,-20.09,0,0,0,0,0,0,0,0,0,0,0,0,0,0,0,0,0,0,0,0,0,0,0
101,2017,250,540,12.12,0,0,0,0,0,0,0,-21.76,-20.12,0,0,0,0,0,0,0,0,0,0,0,0,0,0,0,0,0,0,0,0,0,0,0
101,2017,250,550,12.12,0,0,0,0,0,0,0,-22.38,-20.29,0,0,0,0,0,0,0,0,0,0,0,0,0,0,0,0,0,0,0,0,0,0,0
101,2017,250,600,12.12,0,0,0,0,0,0,0,-24.23,-20.36,0,0,0,0,0,0,0,0,0,0,0,0,0,0,0,0,0,0,0,0,0,0,0
101,2017,250,610,12.13,0,0,0,0,0,0,0,-23.23,-20.27,0,.017,0,0,0,.01,.008,0,.008,0,0,0,0,0,.005,0,0,0,0,0,0,0,0
101,2017,250,620,12.12,.017,0,0,.032,.017,.01,.003,-22.68,-20.07,.003,.146,.008,.017,.01,.101,.102,.032,.107,.03,.003,.035,.012,.013,.084,.012,.012,.027,0,.003,.013,0,0
101,2017,250,630,12.13,.08,.034,.03,.156,.075,.047,.032,-23.92,-19.78,.04,.702,.045,.072,.057,.56,.572,.144,.536,.149,.042,.176,.052,.059,.471,.057,.045,.149,.022,.032,.062,.028,.032
101,2017,250,640,12.12,.208,.07,.057,.402,.206,.132,.082,-25.59,-19.45,.099,1.884,.124,.193,.156,1.544,1.589,.364,1.435,.379,.106,.459,.141,.161,1.301,.154,.134,.387,.034,.067,.168,.042,.067
101,2017,250,650,12.13,.397,.139,.122,.771,.384,.255,.147,-25.92,-19.52,.193,3.746,.226,.362,.29,2.928,3.003,.697,2.834,.719,.199,.88,.263,.297,2.425,.285,.258,.704,.065,.126,.305,.082,.122
101,2017,250,700,12.13,.526,.183,.161,1.084,.503,.354,.208,-25.62,-19.63,.265,5.43,.323,.479,.402,4.118,4.218,1.006,4.007,1.011,.287,1.255,.382,.416,3.466,.397,.354,.982,.101,.168,.427,.112,.168
101,2017,250,710,12.12,.632,.228,.189,1.319,.627,.426,.246,-25.24,-19.77,.332,6.835,.396,.583,.454,5.014,5.135,1.272,5.001,1.259,.354,1.554,.447,.476,4.272,.466,.426,1.195,.119,.215,.491,.154,.203
101,2017,250,720,12.12,.751,.27,.236,1.574,.747,.488,.298,-23.06,-19.74,.414,24.72,.503,.722,.605,8.69,6.104,1.646,17.38,1.619,.426,1.849,.531,.582,5.038,.583,.501,1.441,.156,.251,.602,.176,.243
101,2017,250,730,12.12,.89,.32,.297,1.89,.92,.635,.37,-21.89,-19.74,.489,57.58,.784,.897,.853,10.56,7.12,2.202,34.86,2.105,.478,2.512,.992,.939,5.737,.717,2.048,1.693,.179,.31,.702,.218,.307
101,2017,250,740,12.12,1.006,.37,.367,2.078,1.063,.779,.437,-24.06,-19.83,.595,66.55,1.115,1.158,.982,11.07,7.98,2.47,41.99,2.348,.538,4.118,1.837,1.25,6.394,.753,1.151,1.877,.236,.491,.781,.241,.37
101,2017,250,750,12.12,1.155,.402,.426,2.425,1.29,.954,.528,-22.26,-20.14,.709,75.1,1.205,2.955,1.115,11.19,8.5,2.79,49.22,2.596,.566,4.54,2.05,1.416,7.35,.818,12.73,1.969,.277,.952,.853,.305,.441
101,2017,250,800,12.12,1.668,.525,.394,3.561,1.473,1.084,.466,-22.9,-20.73,.654,22.19,.759,1.582,.848,9.07,9.59,3.213,15.59,2.596,.488,3.649,1.024,1.106,7.28,.773,.86,1.834,.243,.401,.789,.25,.36
101,2017,250,810,12.12,2.938,.922,.791,5.516,2.38,1.446,.741,-23.8,-20.87,1.076,22,.893,2.288,1.327,14.23,15.76,4.379,16.88,3.674,.644,5.169,1.515,1.554,11.59,1.311,1.46,2.973,.426,.719,1.513,.38,.484
101,2017,250,820,12.12,4.267,1.379,1.255,8.52,3.731,7.83,1.267,-19.75,-20.97,1.703,57.24,1.567,3.199,2.134,20.46,26.5,6.56,43.89,6.908,1.036,7.31,2.321,2.831,16.84,1.842,2.278,5.484,.531,1.011,2.199,.565,.823
101,2017,250,830,12.13,2.202,1.15,1.014,5.547,3.516,29.68,1.309,-8.69,-21.21,1.376,100,1.743,2.526,1.877,16.36,32.53,4.549,74.4,11.25,.982,6.814,2.665,2.725,14.93,1.565,1.497,3.587,.471,.758,1.679,.52,.704
101,2017,250,840,12.13,4.602,.774,.892,34.29,3.357,32.51,.952,-5.048,-21.2,1.121,102.9,1.847,2.152,1.544,15.02,33.73,4.024,77.4,32.47,.88,5.873,2.187,2.598,11.01,1.17,1.59,2.559,.409,.585,1.136,.437,6.117
101,2017,250,850,12.13,1.8,.84,.975,45.98,18.76,36.6,.789,-3.265,-20.35,1.222,106.9,1.81,10.1,1.612,18.85,38.97,4.12,81.8,13.2,.959,5.955,2.025,27.95,10.85,1.252,3.168,2.604,.432,.639,1.141,.469,14.87
101,2017,250,900,12.13,1.787,.747,1.041,45.82,29.8,38.8,2.472,2.489,-19.1,11.33,109.9,1.436,32.21,1.639,23.89,44.13,4.183,86,22.47,.9,5.677,2.061,60.42,10.96,1.341,1.393,2.7,.446,.612,1.192,.474,4.756
101,2017,250,910,12.13,1.902,.769,1.118,43.4,9.52,30.05,1.232,-3.286,-19.99,2.477,113.7,1.45,13.71,1.731,28.93,50.06,4.632,90.4,4.844,.949,5.836,2.195,67.02,11.05,1.433,1.766,2.779,.436,.647,1.25,.499,.605
101,2017,250,920,12.13,2.128,.918,1.282,39.45,3.635,2.993,.885,-12.57,-20.12,1.461,118.5,1.528,66.63,1.877,34.37,56.91,5.089,95.2,32.32,1.027,6.405,2.254,48.31,11.91,1.547,1.714,2.891,.499,6.122,1.302,.521,.643
101,2017,250,930,12.13,3.76,1.31,4.191,38.22,4.481,3.485,1.203,-14.04,-19.86,1.862,122.4,1.801,41.29,2.42,42.32,65.29,7.41,99.7,7.41,1.195,8.29,2.748,48.92,15.92,2.683,2.267,3.433,.633,1.061,1.979,.69,.784
101,2017,250,940,12.13,6.065,2.274,21.51,30.24,5.543,4.12,1.404,-13.44,-18.76,3.237,103.6,2.267,4.403,3.292,44.03,60.51,13.41,86.2,9.65,1.639,10.13,3.376,30.83,19.07,23.98,3.252,6.328,.632,1.272,2.12,1.667,1.02
101,2017,250,950,12.13,6.647,2.964,7.92,28.13,5.805,4.093,1.821,-17.23,-18.82,5.092,113.1,2.984,13.49,11.08,58.55,73.8,22.3,98.9,10.32,2.26,12.22,14.17,4.721,26.88,39.33,4.318,11.79,.816,1.709,3.493,1.355,1.788
101,2017,250,1000,12.13,3.388,2.5,10.8,24.08,3.994,2.396,1.319,-19.95,-18.64,8.23,128.4,2.255,48.24,15.93,61.25,80.9,10.56,110.7,7.21,1.89,16.86,7.47,2.853,21.85,8.99,2.563,6.444,.553,3.746,2.255,3.363,1.273
101,2017,250,1010,12.13,3.433,3.607,39.43,20.23,3.456,1.992,1.032,-19.34,-17.44,1.912,126.1,1.895,7.02,5.696,60.54,79.2,6.333,109.1,21.28,1.528,44.23,2.011,3.612,20.06,2.795,8.79,4.103,.459,1.806,1.625,.682,.893
101,2017,250,1020,12.14,15.68,43.91,1.546,18.84,5.737,4.566,.988,-16.8,-17.6,17.46,127.3,1.719,2.072,2.336,64.65,80.7,10.71,110.9,91.8,1.469,65.28,1.801,24.63,23.07,3.017,68.7,3.619,.444,.808,1.613,.674,4.549
101,2017,250,1030,12.14,18.78,40.62,1.484,18.07,53.62,2.979,6.251,-18.87,-14.55,46.2,128.6,1.955,2.017,2.583,69.51,83.8,21.45,113.1,105,1.587,65.01,1.761,2.047,27.16,3.277,22.02,3.79,.466,1.262,1.59,.68,18.76
101,2017,250,1040,12.13,16.9,25.8,1.622,21.23,55.3,6.884,3.805,-21.47,-14.46,65.11,127.7,2.399,2.066,2.473,73.8,85,27.35,113,34.33,1.98,46.9,1.938,2.408,30.11,26.97,2.95,4.621,.481,1.188,1.722,.724,.995
101,2017,250,1050,12.14,15.26,9.75,3.136,25.93,24.88,3.001,1.312,-25.22,-15.8,11.33,117.9,3.379,2.367,2.845,73.2,78.8,17.02,105.8,14.76,2.627,32.94,2.252,3.371,31.56,75,3.301,8.87,.489,3.651,1.987,2.163,1.195
101,2017,250,1100,12.14,44.05,2.535,8.07,32.98,4.673,3.609,1.593,-26.35,-15.41,4.344,124.9,4.234,2.746,5.371,85.4,89,8.01,114.7,20.3,3.153,41.29,2.118,3.483,39.11,84.3,13.38,16.17,.603,1.498,2.525,1.002,1.954
101,2017,250,1110,12.14,23.39,6.698,5.47,37.54,4.515,5.474,1.759,-24.5,-15.43,6.588,117.9,3.942,2.778,4.447,86,87.3,7.06,109.6,74.6,3.627,25.85,2.297,4.773,42.4,76.8,4.554,23.43,.68,1.603,3.242,1.025,1.875
101,2017,250,1120,12.14,6.258,9.67,2.831,51.8,3.409,2.366,1.295,-26.11,-15.67,2.01,124.9,3.058,2.225,2.86,91,94.1,5.819,116,54.85,4.172,40.36,2.074,4.999,43.63,95.9,3.086,64.32,.56,1.582,2.131,.865,1.243
101,2017,250,1130,12.14,23.73,2.637,5.306,57.32,2.957,2.186,1.21,-25.65,-15.05,1.823,125,2.521,2.372,2.793,93.7,95.9,5.345,116.8,9.05,5.748,51.16,1.928,2.567,46.59,56.61,4.78,77.4,.575,1.283,2.004,.871,1.248
101,2017,250,1140,12.14,18.24,21.23,3.683,55.32,5.638,4.237,2.183,-23.67,-14.7,3.666,122.7,4.45,4.287,5.157,97.6,97.4,11.75,116.7,22.31,9.92,25.08,3.389,23.03,53.09,6.566,18.37,69.38,.94,2.421,5.207,1.33,1.982
101,2017,250,1150,12.14,7.64,57.75,2.084,66.98,3.905,2.979,1.784,-23.7,-14.82,2.671,116.1,3.875,3.297,8.57,102.9,102.5,8.09,118.3,78.4,17.83,8.68,2.684,6.231,56.48,3.636,3.808,82.5,.808,4.43,8.18,1.064,1.677
101,2017,250,1200,12.14,4.882,23.39,1.339,72.2,2.47,1.923,1.374,-24.53,-14.5,1.739,111.3,3.388,2.255,8.69,106.9,106.8,4.651,119.8,112.7,4.85,6.96,1.799,4.775,59.43,2.589,2.513,93.6,.675,2.93,61.17,1.427,1.283
101,2017,250,1210,12.14,3.626,25.42,1.443,34.32,2.434,2.15,1.278,-26.34,-14.08,1.801,91.3,3.088,2.245,3.78,96,94.3,4.701,105.3,86.7,3.048,5.269,1.85,7.49,55.05,2.567,3.565,81.7,.647,1.34,33.17,1.365,1.376
101,2017,250,1220,12.14,3.332,43.49,1.401,13.62,2.496,3.919,1.461,-24.47,-13.41,2.724,99.4,3.5,2.282,9.74,113,109.2,5.08,120.6,37.3,3.763,5.192,1.856,3.007,64.41,2.927,15.51,97.8,.685,1.34,12.68,1.054,1.543
101,2017,250,1230,12.14,6.373,2.341,1.263,7.46,4.307,7.83,1.355,-22.75,-12.86,1.742,91.8,3.55,2.168,4.297,114.4,110.6,4.597,119.7,8.51,3.364,4.624,2.635,3.701,66.73,2.667,41.9,99.6,.697,1.277,5.013,1.047,1.588
101,2017,250,1240,12.14,2.907,4.165,6.403,4.42,2.165,4.376,1.295,-25.58,-12.58,1.682,78.2,13,16.68,4.41,104.1,100.1,4.183,105.8,7.7,3.399,4.462,5.083,50.89,62.64,2.689,20.59,89.7,.704,1.339,3.579,1.032,1.712
101,2017,250,1250,12.14,9.8,1.196,1.111,4.396,3.336,5.81,1.228,-25.29,-12.09,1.548,82.7,73.2,78.1,4.621,114.8,110.8,4.009,115.6,13.17,3.136,4.217,17.75,2.907,69.8,16.34,93.1,102.2,.724,1.265,3.522,2.677,1.667
101,2017,250,1300,12.14,8.14,4.15,8.32,3.82,1.952,12.05,1.238,-22.85,-11.37,4.396,81.4,52.89,2.171,3.48,117,111.1,4.121,114.5,39.72,3.183,4.152,3.602,2.639,71.7,32.58,89.7,103.2,.769,1.332,3.642,10.05,1.796
101,2017,250,1310,12.14,2.337,1.117,2.222,3.711,1.948,15.31,1.297,-22.91,-10.97,7.5,79.1,79.1,2.093,3.486,118.5,108.4,4.058,113,39.33,3.538,4.093,5.855,2.789,73.6,2.533,85.5,103.8,.811,4.336,3.783,3.252,1.541
101,2017,250,1320,12.14,2.399,1.059,1.148,3.736,2.024,2.203,1.3,-31.79,-10.52,1.731,76.2,60.16,2.113,5.053,118.6,113,3.965,111.2,42.91,3.392,3.996,1.746,14.62,74.9,2.51,77.3,103.7,.781,14.67,3.826,1.315,1.752
101,2017,250,1330,12.14,2.947,1.132,1.134,4.046,3.223,2.253,1.34,-30.65,-10.13,1.742,73.9,81.5,2.25,23.97,120.9,114.4,4.182,111.3,58.6,3.65,4.19,1.729,46.19,77.4,2.602,19.66,105.5,.792,14.66,3.902,1.466,1.846
101,2017,250,1340,12.14,2.459,.982,1.169,3.714,2.484,3.031,1.392,-32.48,-10.07,1.761,63.45,73.3,2.523,32.72,106.6,98.8,3.952,96.1,7.09,3.954,4.213,1.635,92.3,69.08,2.56,25.38,91.5,.766,1.705,3.846,2.267,2.007
101,2017,250,1350,12.14,5.632,.849,1.228,3.538,5.655,2.623,1.769,-28.5,-9.44,2.2,77.5,75.1,3.421,54.07,110.8,100.7,3.615,95.1,5.996,4.558,4.52,3.404,92,73.5,2.965,4.54,92.6,.879,1.871,5.083,1.333,3.201
101,2017,250,1400,12.14,8.84,.811,2.02,3.431,2.349,2.332,1.637,-28.76,-9.2,2.193,86,85.9,8.3,63.1,124.3,112.1,3.533,104.8,5.682,4.267,4.322,1.797,69.83,83,3.005,3.853,105.9,.916,2.005,5.235,1.472,35.39
101,2017,250,1410,12.14,3.665,.761,2.213,3.272,2.106,2.114,1.493,-29.09,-9.45,2.153,82.2,84.4,2.933,58.81,124.6,109.5,3.674,102,5.684,4.168,4.141,1.751,3.548,83,2.985,3.231,105,1.057,2.851,5.109,1.387,3.334
101,2017,250,1420,12.14,2.742,.982,1.504,4.369,2.593,2.931,1.745,-33.33,-9.17,2.627,53.19,34.05,3.211,25.56,77.5,65.66,4.379,63.17,8.45,4.645,4.734,1.9,3.933,52.01,3.104,4.027,55.58,.816,3.012,4.776,1.067,4.677
101,2017,250,1430,12.14,2.786,1.018,1.583,4.779,2.963,2.96,2.153,-30.13,-7.7,3.044,30.41,4.937,3.31,7.99,49.26,41.58,4.288,39.72,8.82,4.672,5.18,1.918,4.057,35.68,3.442,3.595,25.96,.819,2.22,5.834,1.069,4.866
101,2017,250,1440,12.15,3.851,1.216,1.879,6.506,4.019,3.747,2.539,-29.62,-6.136,5.419,35.86,4.972,4.181,9.9,58.76,51.25,5.473,48.12,9.16,4.764,6.369,2.315,4.788,42.97,3.962,4.129,31.73,.921,2.382,6.367,1.27,8.55
101,2017,250,1450,12.15,4.588,1.32,1.906,7.67,4.126,3.112,2.35,-31.37,-5.622,3.243,33.49,4.139,4.491,7,49.85,46,6.314,40.64,8.58,3.667,6.223,2.488,4.394,37.92,3.623,3.876,22.04,.95,1.987,6.243,1.266,4.623
101,2017,250,1500,12.14,4.622,1.369,1.672,7.79,4.384,2.831,2.014,-28.94,-5.85,3.295,32.37,3.774,3.644,5.845,50.43,45.68,6.341,39.24,8.49,3.97,6.235,2.426,3.972,37.41,3.696,3.381,17.57,.903,1.806,5.85,1.138,4.567
101,2017,250,1510,12.14,4.57,1.236,1.769,7.6,5.378,2.759,2.123,-32.44,-5.658,3.051,32.84,3.637,4.292,6.083,53.17,48.69,6.376,40.87,8.65,3.736,6.495,2.516,3.852,40.7,3.766,3.617,18.22,.987,1.972,6.055,1.183,4.192
101,2017,250,1520,12.14,3.57,.947,1.598,5.963,7.01,3.115,2.389,-36.53,-5.554,3.022,33.79,3.656,4.083,7.01,83.2,74.9,5.04,57.8,6.375,3.917,6.006,2.307,3.867,62.26,3.626,3.455,17.7,1.044,2.009,7.01,1.416,3.637
101,2017,250,1530,12.14,1.416,.501,1.081,2.82,3.125,1.707,1.474,-36.99,-7.23,1.779,29.44,2.721,1.898,4.235,106.9,92.5,2.796,66.79,4.736,9.94,3.855,1.344,2.898,76.2,2.959,2.066,6.74,.568,1.097,3.957,1.173,1.98
101,2017,250,1540,12.14,1.298,.464,.742,2.565,1.721,1.531,1.925,-37.78,-9.81,1.972,26.54,2.724,1.625,4.075,101.9,85.7,2.808,60.89,5.323,16.12,3.342,1.236,6.569,71.4,2.991,1.86,7.21,.451,.99,4.316,1.037,2.093
101,2017,250,1550,12.14,1.754,.613,.854,3.319,1.86,1.746,1.417,-35.75,-10.83,1.682,20.07,2.409,1.845,3.652,50.4,42.91,3.16,32.26,5.303,3.45,3.465,1.205,2.312,36.03,2.217,1.933,9.21,.407,.905,3.847,.685,1.796
101,2017,250,1600,12.15,2.329,.767,1.03,4.176,2.486,1.757,1.389,-34.96,-9.35,1.684,19.92,2.406,2.59,3.825,31.03,28.67,3.649,23.14,5.071,2.319,4.16,1.473,2.615,23.81,2.203,2.181,11.63,.553,1.091,3.622,.705,1.89
101,2017,250,1610,12.14,2.263,.677,.906,4.089,2.623,1.637,1.462,-31.08,-6.632,1.652,18.91,2.267,2.344,3.416,36.62,32.44,3.407,20.67,4.804,2.416,4.195,1.404,2.461,28.34,2.479,1.952,10.42,.578,1.084,4.072,.864,1.57
101,2017,250,1620,12.14,2.181,.677,.876,4.074,2.504,1.58,1.462,-36.51,-5.073,1.603,18.4,2.102,2.31,3.423,28.39,26.48,3.379,20.81,4.629,2.169,4.094,1.471,2.389,23.2,2.143,1.963,10.75,.529,1.054,3.774,.747,1.66
101,2017,250,1630,12.14,1.788,.573,.754,3.243,2.215,1.332,1.201,-35.25,-4.678,1.344,15.51,1.674,1.935,2.887,21.94,20.76,2.659,16.89,3.872,1.662,3.518,1.139,1.985,18.18,1.997,1.602,8.25,.454,.829,3.26,.667,1.27
101,2017,250,1640,12.14,1.94,.541,.673,3.423,1.819,1.133,.932,-32.89,-4.807,1.106,13.8,1.308,1.605,2.237,17.65,17.21,2.702,14.63,3.277,1.21,3.344,1.015,1.578,14.78,1.473,1.411,6.765,.414,.747,2.602,.506,.923
101,2017,250,1650,12.14,1.62,.486,.543,2.974,1.572,.95,.682,-25.85,-4.917,.833,11.89,.985,1.414,1.628,13.53,13.44,2.406,11.52,2.702,.809,2.88,.819,1.208,11.33,1.144,1.186,4.756,.333,.581,1.83,.402,.606
101,2017,250,1700,12.14,1.431,.446,.508,2.572,1.505,.928,.685,-26.36,-5.127,.851,11.35,1.123,1.473,1.742,15.47,14.45,2.17,11.41,2.691,.928,2.578,.764,1.25,12.57,1.188,1.176,5.267,.325,.581,1.717,.405,.737
101,2017,250,1710,12.14,1.345,.429,.499,2.458,1.426,.866,.714,-26.02,-5.318,.865,10.64,1.074,1.302,1.677,21.21,20.82,2.121,11.09,2.58,1.121,2.421,.749,1.173,19.68,1.315,1.109,5.038,.317,.558,1.736,.37,.771
101,2017,250,1720,12.14,1.181,.374,.451,2.176,1.28,.777,.606,-26.18,-5.733,.799,9.47,.94,1.148,1.548,19.26,20.1,1.87,10.1,2.391,1.139,2.111,.685,1.094,18.21,1.27,.995,4.502,.268,.496,1.602,.342,.637
101,2017,250,1730,12.14,.96,.307,.387,1.803,1.047,.632,.508,-25.85,-6.186,.637,8.11,.741,.947,1.32,12.03,11.48,1.491,8.21,1.826,.888,1.811,.566,.93,9.47,.958,.741,3.49,.238,.402,1.394,.322,.534
101,2017,250,1740,12.14,.699,.226,.258,1.327,.774,.451,.377,-29.5,-6.568,.442,5.824,.464,.655,.831,7.65,7.32,1.124,5.564,1.257,.556,1.394,.429,.61,6.3,.655,.488,2.163,.159,.298,.903,.221,.345
101,2017,250,1750,12.14,.528,.164,.179,.983,.526,.333,.253,-28.12,-6.742,.312,4.165,.347,.462,.521,5.246,5.033,.831,3.917,.958,.394,.985,.315,.417,4.299,.442,.374,1.444,.116,.199,.573,.149,.228
101,2017,250,1800,12.14,.328,.104,.111,.56,.322,.191,.156,-28.16,-6.956,.193,2.367,.199,.29,.338,3.247,3.046,.476,2.258,.514,.248,.591,.189,.251,2.637,.288,.23,.849,.067,.122,.367,.087,.139
101,2017,250,1810,12.14,.157,.044,.049,.273,.144,.085,.064,-27.7,-7.01,.08,1.079,.092,.124,.149,1.322,1.27,.226,.997,.271,.102,.286,.085,.107,1.077,.122,.101,.385,.032,.05,.154,.04,.054
101,2017,250,1820,12.14,.05,.012,.02,.09,.047,.032,.028,-27.37,-7.13,.032,.385,.037,.044,.052,.474,.429,.079,.37,.101,.04,.092,.03,.04,.37,.047,.039,.152,.002,.027,.054,.013,.027
101,2017,250,1830,12.14,.008,0,0,.015,.003,0,.002,-27.8,-7.46,.002,.074,.003,.005,.01,.101,.097,.015,.074,.018,.005,.02,0,.007,.087,.008,.002,.032,0,0,.012,0,0
101,2017,250,1840,12.14,0,0,0,0,0,0,0,-30.43,-7.68,0,.005,0,0,0,.01,.005,0,0,0,0,0,0,0,.003,0,0,0,0,0,0,0,0
101,2017,250,1850,12.14,0,0,0,0,0,0,0,-31.71,-7.97,0,0,0,0,0,0,0,0,0,0,0,0,0,0,0,0,0,0,0,0,0,0,0
101,2017,250,1900,12.13,0,0,0,0,0,0,0,-30.24,-8.33,0,0,0,0,0,0,0,0,0,0,0,0,0,0,0,0,0,0,0,0,0,0,0
101,2017,250,1910,12.13,0,0,0,0,0,0,0,-30.42,-8.6,0,0,0,0,0,0,0,0,0,0,0,0,0,0,0,0,0,0,0,0,0,0,0
101,2017,250,1920,12.13,0,0,0,0,0,0,0,-30.9,-8.93,0,0,0,0,0,0,0,0,0,0,0,0,0,0,0,0,0,0,0,0,0,0,0
101,2017,250,1930,12.13,0,0,0,0,0,0,0,-33.5,-9.18,0,0,0,0,0,0,0,0,0,0,0,0,0,0,0,0,0,0,0,0,0,0,0
101,2017,250,1940,12.13,0,0,0,0,0,0,0,-44.12,-9.35,0,0,0,0,0,0,0,0,0,0,0,0,0,0,0,0,0,0,0,0,0,0,0
101,2017,250,1950,12.13,0,0,0,0,0,0,0,-49.79,-9.74,0,0,0,0,0,0,0,0,0,0,0,0,0,0,0,0,0,0,0,0,0,0,0
101,2017,250,2000,12.13,0,0,0,0,0,0,0,-52.41,-10.14,0,0,0,0,0,0,0,0,0,0,0,0,0,0,0,0,0,0,0,0,0,0,0
101,2017,250,2010,12.13,0,0,0,0,0,0,0,-52.61,-10.44,0,0,0,0,0,0,0,0,0,0,0,0,0,0,0,0,0,0,0,0,0,0,0
101,2017,250,2020,12.13,0,0,0,0,0,0,0,-50.54,-10.59,0,0,0,0,0,0,0,0,0,0,0,0,0,0,0,0,0,0,0,0,0,0,0
101,2017,250,2030,12.13,0,0,0,0,0,0,0,-49.89,-10.79,0,0,0,0,0,0,0,0,0,0,0,0,0,0,0,0,0,0,0,0,0,0,0
101,2017,250,2040,12.13,0,0,0,0,0,0,0,-48.17,-11.02,0,0,0,0,0,0,0,0,0,0,0,0,0,0,0,0,0,0,0,0,0,0,0
101,2017,250,2050,12.13,0,0,0,0,0,0,0,-47.92,-11.25,0,0,0,0,0,0,0,0,0,0,0,0,0,0,0,0,0,0,0,0,0,0,0
101,2017,250,2100,12.13,0,0,0,0,0,0,0,-44.96,-11.39,0,0,0,0,0,0,0,0,0,0,0,0,0,0,0,0,0,0,0,0,0,0,0
101,2017,250,2110,12.13,0,0,0,0,0,0,0,-45.75,-11.67,0,0,0,0,0,0,0,0,0,0,0,0,0,0,0,0,0,0,0,0,0,0,0
101,2017,250,2120,12.13,0,0,0,0,0,0,0,-42.29,-11.77,0,0,0,0,0,0,0,0,0,0,0,0,0,0,0,0,0,0,0,0,0,0,0
101,2017,250,2130,12.13,0,0,0,0,0,0,0,-41.54,-11.77,0,0,0,0,0,0,0,0,0,0,0,0,0,0,0,0,0,0,0,0,0,0,0
101,2017,250,2140,12.13,0,0,0,0,0,0,0,-41.68,-11.85,0,0,0,0,0,0,0,0,0,0,0,0,0,0,0,0,0,0,0,0,0,0,0
101,2017,250,2150,12.13,0,0,0,0,0,0,0,-44.07,-12.34,0,0,0,0,0,0,0,0,0,0,0,0,0,0,0,0,0,0,0,0,0,0,0
101,2017,250,2200,12.13,0,0,0,0,0,0,0,-47.62,-12.68,0,0,0,0,0,0,0,0,0,0,0,0,0,0,0,0,0,0,0,0,0,0,0
101,2017,250,2210,12.13,0,0,0,0,0,0,0,-48.52,-12.81,0,0,0,0,0,0,0,0,0,0,0,0,0,0,0,0,0,0,0,0,0,0,0
101,2017,250,2220,12.13,0,0,0,0,0,0,0,-46.53,-12.74,0,0,0,0,0,0,0,0,0,0,0,0,0,0,0,0,0,0,0,0,0,0,0
101,2017,250,2230,12.13,0,0,0,0,0,0,0,-41.19,-12.59,0,0,0,0,0,0,0,0,0,0,0,0,0,0,0,0,0,0,0,0,0,0,0
101,2017,250,2240,12.13,0,0,0,0,0,0,0,-30.79,-12.74,0,0,0,0,0,0,0,0,0,0,0,0,0,0,0,0,0,0,0,0,0,0,0
101,2017,250,2250,12.13,0,0,0,0,0,0,0,-27.14,-13.22,0,0,0,0,0,0,0,0,0,0,0,0,0,0,0,0,0,0,0,0,0,0,0
101,2017,250,2300,12.13,0,0,0,0,0,0,0,-26.02,-13.67,0,0,0,0,0,0,0,0,0,0,0,0,0,0,0,0,0,0,0,0,0,0,0
101,2017,250,2310,12.13,0,0,0,0,0,0,0,-25.22,-14.02,0,0,0,0,0,0,0,0,0,0,0,0,0,0,0,0,0,0,0,0,0,0,0
101,2017,250,2320,12.13,0,0,0,0,0,0,0,-25.11,-14.18,0,0,0,0,0,0,0,0,0,0,0,0,0,0,0,0,0,0,0,0,0,0,0
101,2017,250,2330,12.13,0,0,0,0,0,0,0,-28.62,-14.09,0,0,0,0,0,0,0,0,0,0,0,0,0,0,0,0,0,0,0,0,0,0,0
101,2017,250,2340,12.13,0,0,0,0,0,0,0,-22.45,-13.6,0,0,0,0,0,0,0,0,0,0,0,0,0,0,0,0,0,0,0,0,0,0,0
101,2017,250,2350,12.13,0,0,0,0,0,0,0,-19.92,-13.27,0,0,0,0,0,0,0,0,0,0,0,0,0,0,0,0,0,0,0,0,0,0,0
101,2017,250,2400,12.13,0,0,0,0,0,0,0,-20.91,-13.31,0,0,0,0,0,0,0,0,0,0,0,0,0,0,0,0,0,0,0,0,0,0,0
102,2017,250,2400,12.11,5266
101,2017,251,10,12.13,0,0,0,0,0,0,0,-22.45,-13.22,0,0,0,0,0,0,0,0,0,0,0,0,0,0,0,0,0,0,0,0,0,0,0
101,2017,251,20,12.13,0,0,0,0,0,0,0,-23.39,-12.87,0,0,0,0,0,0,0,0,0,0,0,0,0,0,0,0,0,0,0,0,0,0,0
101,2017,251,30,12.13,0,0,0,0,0,0,0,-40.16,-12.57,0,0,0,0,0,0,0,0,0,0,0,0,0,0,0,0,0,0,0,0,0,0,0
101,2017,251,40,12.13,0,0,0,0,0,0,0,-44.1,-12.71,0,0,0,0,0,0,0,0,0,0,0,0,0,0,0,0,0,0,0,0,0,0,0
101,2017,251,50,12.13,0,0,0,0,0,0,0,-43.17,-12.85,0,0,0,0,0,0,0,0,0,0,0,0,0,0,0,0,0,0,0,0,0,0,0
101,2017,251,100,12.13,0,0,0,0,0,0,0,-43.21,-12.99,0,0,0,0,0,0,0,0,0,0,0,0,0,0,0,0,0,0,0,0,0,0,0
101,2017,251,110,12.13,0,0,0,0,0,0,0,-44.33,-13.24,0,0,0,0,0,0,0,0,0,0,0,0,0,0,0,0,0,0,0,0,0,0,0
101,2017,251,120,12.13,0,0,0,0,0,0,0,-43.16,-13.31,0,0,0,0,0,0,0,0,0,0,0,0,0,0,0,0,0,0,0,0,0,0,0
101,2017,251,130,12.13,0,0,0,0,0,0,0,-40.76,-13.19,0,0,0,0,0,0,0,0,0,0,0,0,0,0,0,0,0,0,0,0,0,0,0
101,2017,251,140,12.13,0,0,0,0,0,0,0,-37.15,-13.05,0,0,0,0,0,0,0,0,0,0,0,0,0,0,0,0,0,0,0,0,0,0,0
101,2017,251,150,12.12,0,0,0,0,0,0,0,-34.61,-12.96,0,0,0,0,0,0,0,0,0,0,0,0,0,0,0,0,0,0,0,0,0,0,0
101,2017,251,200,12.13,0,0,0,0,0,0,0,-39.66,-13.62,0,0,0,0,0,0,0,0,0,0,0,0,0,0,0,0,0,0,0,0,0,0,0
101,2017,251,210,12.12,0,0,0,0,0,0,0,-40.56,-14.35,0,0,0,0,0,0,0,0,0,0,0,0,0,0,0,0,0,0,0,0,0,0,0
101,2017,251,220,12.13,0,0,0,0,0,0,0,-37.07,-14.72,0,0,0,0,0,0,0,0,0,0,0,0,0,0,0,0,0,0,0,0,0,0,0
101,2017,251,230,12.13,0,0,0,0,0,0,0,-38.02,-15.05,0,0,0,0,0,0,0,0,0,0,0,0,0,0,0,0,0,0,0,0,0,0,0
101,2017,251,240,12.13,0,0,0,0,0,0,0,-38.11,-15.26,0,0,0,0,0,0,0,0,0,0,0,0,0,0,0,0,0,0,0,0,0,0,0
101,2017,251,250,12.13,0,0,0,0,0,0,0,-27.74,-14.91,0,0,0,0,0,0,0,0,0,0,0,0,0,0,0,0,0,0,0,0,0,0,0
101,2017,251,300,12.12,0,0,0,0,0,0,0,-26.28,-14.64,0,0,0,0,0,0,0,0,0,0,0,0,0,0,0,0,0,0,0,0,0,0,0
101,2017,251,310,12.12,0,0,0,0,0,0,0,-25.61,-14.25,0,0,0,0,0,0,0,0,0,0,0,0,0,0,0,0,0,0,0,0,0,0,0
101,2017,251,320,12.12,0,0,0,0,0,0,0,-25.37,-13.96,0,0,0,0,0,0,0,0,0,0,0,0,0,0,0,0,0,0,0,0,0,0,0
101,2017,251,330,12.12,0,0,0,0,0,0,0,-28.01,-13.58,0,0,0,0,0,0,0,0,0,0,0,0,0,0,0,0,0,0,0,0,0,0,0
101,2017,251,340,12.12,0,0,0,0,0,0,0,-38.59,-13.41,0,0,0,0,0,0,0,0,0,0,0,0,0,0,0,0,0,0,0,0,0,0,0
101,2017,251,350,12.12,0,0,0,0,0,0,0,-39.07,-14.27,0,0,0,0,0,0,0,0,0,0,0,0,0,0,0,0,0,0,0,0,0,0,0
101,2017,251,400,12.12,0,0,0,0,0,0,0,-38.15,-14.9,0,0,0,0,0,0,0,0,0,0,0,0,0,0,0,0,0,0,0,0,0,0,0
101,2017,251,410,12.12,0,0,0,0,0,0,0,-36.23,-15.24,0,0,0,0,0,0,0,0,0,0,0,0,0,0,0,0,0,0,0,0,0,0,0
101,2017,251,420,12.12,0,0,0,0,0,0,0,-35.41,-15.34,0,0,0,0,0,0,0,0,0,0,0,0,0,0,0,0,0,0,0,0,0,0,0
101,2017,251,430,12.12,0,0,0,0,0,0,0,-32.81,-15.38,0,0,0,0,0,0,0,0,0,0,0,0,0,0,0,0,0,0,0,0,0,0,0
101,2017,251,440,12.12,0,0,0,0,0,0,0,-31.08,-15.05,0,0,0,0,0,0,0,0,0,0,0,0,0,0,0,0,0,0,0,0,0,0,0
101,2017,251,450,12.12,0,0,0,0,0,0,0,-36,-14.67,0,0,0,0,0,0,0,0,0,0,0,0,0,0,0,0,0,0,0,0,0,0,0
101,2017,251,500,12.12,0,0,0,0,0,0,0,-34.67,-14.85,0,0,0,0,0,0,0,0,0,0,0,0,0,0,0,0,0,0,0,0,0,0,0
101,2017,251,510,12.12,0,0,0,0,0,0,0,-33.02,-15.51,0,0,0,0,0,0,0,0,0,0,0,0,0,0,0,0,0,0,0,0,0,0,0
101,2017,251,520,12.12,0,0,0,0,0,0,0,-38.18,-16.23,0,0,0,0,0,0,0,0,0,0,0,0,0,0,0,0,0,0,0,0,0,0,0
101,2017,251,530,12.12,0,0,0,0,0,0,0,-32.6,-16.57,0,0,0,0,0,0,0,0,0,0,0,0,0,0,0,0,0,0,0,0,0,0,0
101,2017,251,540,12.12,0,0,0,0,0,0,0,-31.13,-16.56,0,0,0,0,0,0,0,0,0,0,0,0,0,0,0,0,0,0,0,0,0,0,0
101,2017,251,550,12.12,0,0,0,0,0,0,0,-27.22,-16.26,0,0,0,0,0,0,0,0,0,0,0,0,0,0,0,0,0,0,0,0,0,0,0
101,2017,251,600,12.12,0,0,0,0,0,0,0,-35.26,-15.99,0,0,0,0,0,0,0,0,0,0,0,0,0,0,0,0,0,0,0,0,0,0,0
101,2017,251,610,12.12,0,0,0,0,0,0,0,-37.62,-16.01,0,.015,0,0,0,.01,.008,0,.008,0,0,0,0,0,.003,0,0,.002,0,0,0,0,0
101,2017,251,620,12.12,.012,0,0,.018,.01,0,0,-33.21,-16.1,0,.094,.007,.012,.005,.079,.077,.022,.074,.028,0,.025,0,.003,.065,.007,.005,.03,0,0,.003,0,0
101,2017,251,630,12.12,.075,.023,.025,.131,.059,.035,.027,-33.77,-16.4,.032,.481,.034,.06,.044,.379,.396,.112,.374,.089,.025,.114,.039,.039,.317,.034,.042,.099,.015,.03,.044,.01,.018
101,2017,251,640,12.12,.292,.082,.069,.496,.226,.147,.077,-35.12,-16.45,.109,1.951,.107,.228,.154,1.368,1.468,.426,1.527,.359,.07,.436,.134,.149,1.118,.127,.153,.382,.04,.075,.169,.042,.06
101,2017,251,650,12.12,.401,.137,.117,.731,.385,.253,.153,-38.7,-16.42,.186,3.515,.225,.374,.318,2.725,2.789,.654,2.744,.714,.191,.747,.228,.292,2.242,.261,.255,.789,.074,.134,.328,.089,.126
101,2017,251,700,12.12,.761,.236,.183,1.401,.563,.397,.22,-34.95,-16.27,.317,5.588,.349,.623,.453,4.306,4.497,1.297,4.329,1.098,.287,1.314,.399,.422,3.498,.384,.421,1.096,.109,.201,.436,.122,.186
101,2017,251,710,12.12,1.329,.394,.323,2.489,.975,.702,.35,-27.61,-16.02,.496,9.82,.518,1.066,.707,6.83,7.21,2.216,7.57,1.782,.412,2.189,.632,.694,5.48,.553,.674,1.787,.196,.36,.694,.181,.29
101,2017,251,720,12.12,1.235,.442,.402,2.608,1.187,.835,.409,-29.56,-16.26,.511,11.41,.588,.992,.82,7.68,7.92,2.264,8.89,2.34,.463,2.212,.684,.964,6.018,.672,.779,2.296,.184,.365,.747,.201,.347
101,2017,251,730,12.12,1.334,.417,.352,2.734,1.131,.791,.374,-25.31,-16.57,.516,11.12,.727,1.094,.813,7.77,7.84,2.237,8.51,2.408,.515,2.155,.732,.848,5.94,.655,.714,2.192,.178,.339,.727,.201,.369
101,2017,251,740,12.12,1.426,.446,.453,2.812,1.292,.83,.456,-30.19,-16.65,.637,14.82,.838,1.047,1.001,10.01,9.53,2.294,11.56,2.93,.647,2.343,1.347,.994,7.48,.878,.939,2.812,.213,.409,1.042,.243,.399
101,2017,251,750,12.12,1.321,.411,.446,2.509,1.208,.774,.493,-31.64,-17.1,.667,11.27,.918,1.079,1.235,10.97,10.16,2.026,10.35,2.797,.756,2.078,.679,.954,8.37,.872,.898,3.717,.243,.449,1.242,.263,.526
101,2017,251,800,12.12,2.008,.613,.62,3.908,1.624,1.234,.59,-29.55,-23.95,.873,16.49,.979,1.59,1.339,11.98,12.87,3.122,15.68,3.634,.741,3.117,1.071,1.358,9.71,1.019,1.222,3.811,.288,.553,1.329,.293,.538
101,2017,251,810,12.12,5.873,1.777,1.507,11.19,4.23,3.975,1.396,-30.2,-29.23,2.246,51.32,2.154,4.921,2.77,25.5,26.39,9.57,51.45,8.06,1.43,8.23,3.044,3.504,19.75,2.127,2.993,6.645,.674,1.342,2.635,.533,1.123
101,2017,251,820,12.12,4.411,1.421,1.26,8.35,3.652,12.59,1.57,-13.43,-28.04,1.914,63.62,2.127,4.017,2.804,24.69,30.01,6.999,64.59,7.1,1.488,7.23,2.712,3.204,20.77,2.142,2.447,7.05,.593,1.161,2.497,.555,1.088
101,2017,251,830,12.12,3.825,1.103,1.019,7.63,3.059,12.28,3.555,-20.08,-26.24,1.559,47.13,1.441,3.027,2.12,20.19,24.84,5.968,47,7.29,1.091,5.804,2.157,2.558,16.94,1.699,1.991,4.609,.476,.902,2.112,.491,.741
101,2017,251,840,12.12,5.894,1.559,1.428,38.63,5.363,29.35,3.265,-7.89,-24.46,1.953,94.8,2.514,4.071,2.44,28.16,37.88,8.05,91.3,25.81,1.436,8.06,3.883,5.102,16.36,2.095,3.142,5.455,.558,1.101,1.941,.541,5.586
101,2017,251,850,12.12,4.673,1.472,1.29,38.46,17.46,30.63,1.284,20.11,-23.31,2.145,92.7,2.117,14.79,2.269,29.08,39.85,8.32,85.2,17.88,1.177,8.75,4.299,32.89,15.68,1.825,3.101,4.079,.679,1.125,2.184,.513,8.75
101,2017,251,900,12.12,5.155,1.617,1.534,47.3,32.03,39.97,1.512,9.63,-22.81,14.71,115,2.004,40.76,2.725,36.42,52.68,9.42,104.9,24.16,1.165,9.7,3.208,47.81,18.12,2.093,2.68,4.572,.831,1.212,2.371,.702,3.615
101,2017,251,910,12.12,3.253,1.296,1.361,36.72,11.69,24.37,.99,8.62,-22.44,2.107,104.4,1.592,16.83,2.004,29.97,47.43,6.865,94,8.5,1.037,7.51,2.578,53.09,12.52,1.72,6.196,3.344,.501,1.369,1.492,.498,.687
101,2017,251,920,12.12,2.966,1.027,1.472,39.9,5.494,3.149,.882,1.27,-21.83,1.671,116.1,1.589,59.41,1.963,35.2,55.95,6.047,102.8,41.71,1.108,6.513,3.238,62.72,11.82,1.808,2.554,3.339,.441,6.154,1.353,.459,.665
101,2017,251,930,12.12,2.547,.944,2.923,33.48,3.349,2.79,1.029,-11.61,-21.27,1.43,117.9,1.575,35.59,2.222,39.26,61.03,5.053,102.4,6.342,1.133,6.064,1.959,25.78,11.7,13.32,1.699,3.374,.436,.729,1.378,.473,.687
101,2017,251,940,12.12,2.397,1.203,17.43,26.16,3.582,4.758,1.024,-16.97,-20.91,2.211,111.6,1.733,2.487,3.407,41.72,61.23,14.68,96.7,5.868,1.269,6.491,2.041,44.4,12.15,24.31,2.018,4.232,.427,.773,1.431,.499,.773
101,2017,251,950,12.13,3.758,1.86,9.33,23.33,3.67,2.769,1.032,-19.23,-20.97,1.89,124.5,2.088,11.97,12.99,52.6,72.9,48.31,108.3,6.816,1.621,9.65,20.35,2.537,15.28,23.1,2.469,5.693,.466,.939,1.683,.65,.979
101,2017,251,1000,12.13,6.777,2.482,9.64,19.51,4.53,3.617,1.379,17.58,-20.93,2.767,100.3,2.388,17.79,11.88,51.71,65.06,37.2,89.3,11.77,2.088,19.27,20.84,3.871,21.02,14.88,3.999,8.42,.577,1.456,2.433,.588,1.364