101,2017,233,900,12.18,4.283,1.882,1.448,13.3,4.276,20.81,1.191,.079,-11.33,1.717,83.2,2.021,9.84,2.125,23.6,32.48,6.997,63.77,8.11,1.518,13.78,2.89,10.56,15.28,2.393,2.166,5.097,.498,.937,1.843,.667,.984
101,2017,233,910,12.18,4.805,2.223,1.937,36.77,5.643,10.28,1.231,-15,-11.36,2.039,120.3,2.644,3.679,2.567,32.49,47.25,8.59,94.1,9.82,1.853,13.96,4.1,5.092,16.9,2.59,6.177,6.003,.556,1.051,2.062,.613,1.072
101,2017,233,920,12.18,5.531,2.711,2.708,24.44,5.438,3.621,1.141,-26.19,-11.68,2.145,82.4,2.429,3.999,2.47,31.74,38.85,9.46,66.96,11.25,1.908,10.32,11.29,8.43,16.32,2.847,4.214,6.821,.457,1.044,2.064,.57,1.092
101,2017,233,930,12.18,3.711,1.992,12.49,26.62,5.35,3.175,1.154,-28.16,-11.75,1.923,106.6,2.612,8.49,2.944,38.16,48.9,6.588,86.8,13.77,2.168,8.13,2.979,18.84,16.23,2.89,3.478,6.916,.481,.947,2.078,.59,1.04
101,2017,233,940,12.18,2.439,1.233,43.43,25.9,5.035,3.128,1.032,-27.29,-11.52,1.439,121.8,2.644,8.57,2.386,41.66,57.06,5.021,99,10.08,1.823,6,8.61,29.3,13.87,2.145,3.058,5.537,.454,.809,1.679,.526,.885
101,2017,233,950,12.18,4.323,2.007,63.83,22.48,10.88,14.19,5.15,-23.18,-9.79,1.649,111.5,2.099,5.08,3.329,41.54,56.2,6.651,91.5,6.986,1.771,6.351,39.67,3.621,13.42,3.334,2.265,3.967,.432,.828,1.505,.534,.844
101,2017,233,1000,12.19,3.178,2.074,43.89,15.94,18.5,11.51,.895,-27.11,-10.84,1.623,83.7,1.577,2.808,2.78,35.33,43.85,5.815,69.14,9.86,1.312,6.308,16.65,13.53,12.43,4.805,2.337,4.44,.385,.781,1.397,.493,.769
101,2017,233,1010,12.19,2.201,1.947,61.54,18.44,30.9,11.36,.896,-27.34,-9.74,1.387,110.3,1.843,3.168,3.684,47.99,51.21,4.378,92.4,45.35,1.481,5.671,13.46,68.69,14.05,3.825,2.021,4.527,.419,.705,1.448,1.228,.808
101,2017,233,1020,12.19,2.099,5.507,12.12,23.13,36.86,1.768,.888,-31.33,-10.62,1.607,122.6,1.895,1.813,2.441,56.47,32.63,4.13,103.8,94.1,1.489,10.01,2.965,4.096,16.39,2.558,1.737,3.619,.436,.705,1.575,.55,.769
101,2017,233,1030,12.19,2.709,1.897,1.501,28.29,45.37,1.866,.932,-33.43,-10.58,18.93,119.8,1.766,1.85,2.255,59.98,16.53,4.565,103.1,63.31,1.521,9.82,2.129,5.028,19.55,2.545,5.99,3.77,.456,.782,1.561,.58,.813
101,2017,233,1040,12.19,2.766,1.918,1.432,35.56,67.93,17.04,.997,-21.96,-10.67,16.06,122.6,1.776,1.809,2.248,65.67,14.18,4.419,106.7,6.418,1.615,24.24,1.717,15.73,23.31,2.816,2.141,3.932,.462,1.154,1.519,.603,.824
101,2017,233,1050,12.19,2.468,1.732,1.26,42.41,66.2,5.609,.916,-29.6,-10.96,22.79,122.1,1.816,1.714,2.198,69.72,12.31,4.037,107.5,6.377,1.732,37.27,1.603,1.868,26.74,32.4,13.81,4.29,.461,12.92,1.506,2.25,.881
101,2017,233,1100,12.19,2.623,1.757,1.27,49.36,22.94,1.677,.925,-33.33,-12.58,1.565,122.1,1.925,1.694,2.248,74.5,12.38,4.079,108.7,60.9,1.807,26.94,1.588,1.876,29.96,4.935,25.04,5.466,.482,1.092,1.541,.648,.838
101,2017,233,1110,12.19,2.678,1.745,1.322,56.07,7.06,1.895,.938,-33.41,-13.06,1.476,122.2,1.963,1.692,2.895,79.3,12.49,4.069,110.1,105.7,1.943,13.76,1.524,1.869,33.05,2.886,7.52,8.53,.503,8.38,1.627,.648,.906
101,2017,233,1120,12.19,2.914,1.789,5.521,60.96,7.2,1.759,1.178,-34.2,-12.87,1.471,121.5,2.055,1.719,2.332,83.1,12.85,4.115,110.6,105.5,2.144,13.77,1.502,1.946,35.69,2.851,75.2,51.48,.502,.871,1.792,.921,.928
101,2017,233,1130,12.19,2.732,1.894,2.229,61.04,2.444,5.308,.95,-32.24,-13.12,1.63,117.4,2.122,1.744,2.529,84.3,13.47,4.129,108.2,99.4,2.352,7.97,1.479,1.978,36.99,2.626,2.549,71.6,.514,.888,2.07,.727,1.281
101,2017,233,1140,12.19,2.906,2.393,1.603,60.4,2.618,2.98,.99,-34.66,-13.19,12.86,116,2.214,1.795,9.09,86.7,15.09,4.236,107.7,12.71,2.869,8,1.455,2.063,39.35,2.574,2.457,73.4,.534,.941,2.571,.73,1.069
101,2017,233,1150,12.19,2.742,2.871,1.445,63.94,2.596,4.906,1.06,-35.12,-12.99,3.693,122.6,13.57,1.934,4.824,94.3,18.69,4.723,114.8,50.62,3.521,20.62,1.605,2.454,43.84,2.326,2.723,80.5,.588,.975,2.804,.77,1.097
101,2017,233,1200,12.19,2.635,47.91,2.442,63.08,2.072,1.908,1.025,-40.53,-12.9,1.472,120.4,15.96,1.787,15.24,96.8,64.75,4.196,114,31.49,4.804,12.57,1.494,2.164,46.9,2.211,2.236,83.4,.638,.976,2.911,.787,1.129
101,2017,233,1210,12.19,2.643,101.8,1.388,61.51,2.094,1.804,1.074,-41.14,-12.71,1.539,119.4,2.842,1.864,3.063,100.3,96.4,4.492,114.1,55.61,20.04,6.152,1.501,4.167,49.93,2.372,3.356,85.7,.678,1.092,3.326,.827,1.275
101,2017,233,1220,12.19,2.77,82,1.517,14.32,2.676,4.666,1.209,-43.59,-12.44,1.899,109,4.316,2.025,4.14,93.9,87.1,5.485,104,24.43,5.035,8.14,1.685,3.315,47.49,2.946,3.304,76.7,.685,2.688,3.837,.853,1.645
101,2017,233,1230,12.19,3.557,21.48,1.745,9.76,3.268,19.26,1.496,-40.76,-11.72,13.53,102.5,6.18,5.333,4.008,92.1,81.5,7.33,98.2,31.67,6.004,5.492,2.087,4.174,47.95,3.715,4.72,69.96,.77,1.896,5.907,.981,2.122
101,2017,233,1240,12.19,3.77,3.197,1.554,7.35,3.083,2.936,1.432,-48.33,-11.39,2.794,124.5,5.684,5.15,3.696,113.8,100.3,7.27,121.8,82.4,32.58,5.932,2.177,3.618,60.18,3.263,3.929,93.4,.878,1.598,4.996,1.154,1.841
101,2017,233,1250,12.19,4.137,2.506,1.856,8.18,3.566,3.77,1.526,-46.49,-10.83,6.361,110.6,4.763,3.953,3.827,103.9,80.1,7.64,108.8,83.3,65.34,6.204,2.286,7.11,56.75,3.263,8.08,83,.918,1.754,4.502,1.171,2.3
101,2017,233,1300,12.19,5.934,3.382,1.958,10.54,3.802,26.17,1.683,-33.98,-10.44,2.899,71.4,5.822,3.464,4.031,65.34,49.33,8.75,67.46,26.37,18.61,6.539,2.365,9.43,36.43,3.869,25.9,41.98,.75,1.916,3.485,1.059,2.134
101,2017,233,1310,12.2,5.777,3.648,2.31,10.03,3.845,23.76,2.124,-35.19,-9.59,3.062,85,8.83,3.71,4.515,83.6,63.17,8.79,84.5,16.48,6.21,6.721,3.263,7.77,47.61,4.02,30.15,60.91,.921,2.427,3.872,1.37,2.477
101,2017,233,1320,12.19,6.56,3.293,3.586,10.53,3.648,5.438,2.445,-46.04,-8.75,2.805,70.1,15.34,3.859,4.584,69.33,59.33,9.42,68.91,14,4.909,6.656,2.556,8.46,41.47,3.403,24.74,45.48,.889,2.584,3.812,5.261,2.397
101,2017,233,1330,12.19,5.765,2.817,2.094,10.2,5.031,3.951,3.316,-43.29,-7.65,4.541,62.93,17.93,4.329,4.956,63.14,51.26,8.96,61.54,13.58,4.51,6.678,2.561,8.22,39.26,3.442,10.86,38.02,.961,6.704,4.232,1.082,2.407
101,2017,233,1340,12.19,4.201,2.435,1.628,7.49,3.338,3.279,4.309,-35.78,-6.735,3.048,100.3,16.05,3.154,4.309,112.1,54.6,7.32,106.1,12.08,5.333,5.947,2.119,6.931,65.2,3.447,31.38,91,1.015,3.321,4.479,1.254,2.387
101,2017,233,1350,12.2,2.847,1.68,1.231,5.624,2.887,2.407,1.775,-34.13,-7.12,2.077,95.2,4.447,2.919,4.293,113.8,21.05,5.445,103.2,7.37,4.147,6.344,4.747,40.07,67.63,2.702,3.936,95.5,.968,2.134,3.874,1.137,1.996
101,2017,233,1400,12.2,3.073,1.668,1.144,5.952,3.742,2.437,1.497,-32.86,-6.331,2.901,89.4,22.67,3.264,10.26,112.9,20.28,5.172,99.1,6.179,3.797,9.46,3.785,12.81,68.96,2.45,3.485,94.2,1.062,2.129,4,1.134,1.867
101,2017,233,1410,12.2,3.212,1.722,1.266,6.16,6.971,4.113,1.685,-32.62,-7.16,3.43,85.5,75.9,3.442,19.52,114,21.32,5.132,97.1,6.311,4.904,6.366,2.05,3.172,70.4,2.797,3.571,94,1.089,2.762,4.169,1.149,2.161
101,2017,233,1420,12.2,4.544,2.135,1.521,8.09,4.457,2.625,1.769,-34.03,-7.77,2.393,85.4,21.73,3.279,25.83,116.7,26.19,6.398,99,7.09,5.271,6.766,2.398,3.05,72.6,3.413,3.812,94.2,1.035,39.07,4.271,1.251,2.412
101,2017,233,1430,12.2,5.174,2.055,1.717,9.1,3.753,18.14,58.51,-24.06,7.9,2.653,84,4.087,3.693,30.22,119.1,28.63,7.55,99.7,7.16,4.261,7.25,2.655,3.058,75.5,3.43,4.062,94.7,1.191,2.681,4.599,1.248,2.681
101,2017,233,1440,12.2,4.075,1.829,1.484,7.43,3.455,19.62,51.06,-23.5,6.133,2.802,78.5,3.983,3.686,29.58,119.9,32.38,6.234,96.5,8.43,5.515,6.822,2.444,3.993,76.7,3.5,4.048,96,1.243,19.48,4.465,1.372,20.9
101,2017,233,1450,12.2,3.874,1.564,1.591,7.17,4.239,10.83,5.15,-30.39,-5.835,17.67,50.12,5.18,4.835,14.07,74.5,45.21,5.917,58.3,8.1,10.01,7.93,2.375,4.469,51.39,4.17,4.263,44.2,1.124,10.53,5.845,1.231,8.82
101,2017,233,1500,12.2,4.596,1.862,1.821,9.02,4.788,9.6,3.923,-29.33,-4.974,16.76,47.38,5.102,4.718,9.82,68.21,51.35,7.13,53.36,9.44,14.05,8.34,2.655,4.723,48.19,6.371,4.35,26.74,1.161,2.959,6.616,1.219,15.88
101,2017,233,1510,12.2,4.576,1.894,1.816,8.39,4.363,3.366,2.368,-32.21,-4.443,10.31,41.36,3.991,4.222,6.447,59.84,49.2,6.976,45.79,8.77,6.5,6.934,2.517,4.125,42.88,6.125,3.837,19,1.069,2.154,6.14,1.131,3.794
101,2017,233,1520,12.2,4.207,1.663,1.586,7.69,3.939,2.79,1.945,-31.61,-3.651,3.934,33.41,2.981,3.767,4.73,45.26,39.94,6.391,35,7.43,4.663,6.14,2.278,3.45,33.61,3.8,3.33,15.06,.913,1.718,5.154,.899,2.331
101,2017,233,1530,12.2,3.608,1.504,1.368,6.704,3.497,2.355,1.72,-30.97,-3.09,2.264,28.87,2.869,3.438,4.177,37.03,33.56,5.582,28.88,6.534,2.951,5.552,1.903,3.219,27.92,2.842,2.956,13.46,.816,1.484,4.475,.876,2.04
101,2017,233,1540,12.2,3.021,1.194,1.127,5.723,2.849,2.218,1.471,-30.53,-2.918,2.258,27.03,2.752,2.897,4.065,36.23,30.84,4.931,27.47,5.949,3.433,4.837,1.732,2.872,25.67,2.75,2.537,12.76,.67,1.332,3.911,.74,2.145
101,2017,233,1550,12.2,3.112,1.224,1.182,5.865,3.144,2.219,1.841,-29.89,-2.695,2.432,27.98,2.745,3.077,4.043,45.41,38.02,4.989,30.85,5.867,4.232,4.934,1.712,2.871,31.25,2.924,2.576,12.3,.667,1.32,4.105,.787,2.156
101,2017,233,1600,12.2,1.872,.762,.854,3.861,2.738,1.759,1.816,-29.47,-2.943,2.063,21.52,2.119,2.422,3.542,40.58,34.43,3.371,23.61,4.527,3.48,4.045,1.459,2.454,29.14,2.769,1.924,9.94,.601,1.094,3.988,.702,1.849
101,2017,233,1610,12.2,1.472,.698,.636,4.035,6.944,1.392,1.229,-30.39,-3.696,1.469,21.85,2.182,1.538,2.596,75.9,61.41,3.07,16.64,4.348,2.636,3.298,1.127,2.197,49.57,2.871,1.673,6.329,.412,.75,3.105,.807,1.29
101,2017,233,1620,12.19,1.154,.553,.477,2.372,1.44,.97,.925,-33.64,-5.04,1.02,16.2,1.718,1.226,2.025,78.1,62.5,2.209,11.7,2.887,1.675,2.747,.878,2.174,50.65,25.28,1.425,5.078,.332,.578,2.176,.717,.948
101,2017,233,1630,12.19,.948,.44,.407,1.933,1.152,.789,.829,-34.59,-6.761,.811,12.49,1.345,1.055,1.666,74.3,58.89,1.896,9.29,2.159,1.308,2.496,.786,1.961,48.87,30.48,1.079,3.852,.291,.457,1.871,.511,.769
101,2017,233,1640,12.19,.864,.425,.363,1.809,1.072,.717,.742,-34.79,-7.25,.713,11.54,1.018,.935,1.44,68.78,53.75,1.772,8.3,1.983,1.136,2.365,.735,2.539,45.66,21.77,1.038,3.331,.268,.427,1.611,.422,.673
101,2017,233,1650,12.19,.787,.397,.328,1.68,1.266,.64,.598,-33.54,-6.835,.621,9.88,.724,.822,1.253,61.43,47.31,1.65,7.52,1.827,1.017,2.216,1.494,.914,41.4,15.37,.988,2.871,.238,.385,1.345,.328,.61
101,2017,233,1700,12.19,.73,.36,.291,1.571,.928,.578,.481,-33.72,-6.103,.554,8.17,.643,.76,1.12,53.87,40.98,1.526,6.924,1.693,.901,2.07,1.345,.824,37,9.93,.928,2.601,.208,.338,1.115,.271,.551
101,2017,233,1710,12.19,.675,.33,.266,1.437,.812,.502,.419,-32.7,-4.921,.487,7.43,.568,.697,.973,40.61,25.11,1.399,6.276,1.546,.787,1.856,.575,1.801,28.82,6.609,.804,2.311,.196,.312,.958,.224,.464
101,2017,233,1720,12.19,.578,.28,.213,1.211,.653,.417,.313,-36.03,-4.146,.395,6.102,.454,.583,.673,7.47,7.04,1.104,5.04,1.28,.561,1.471,.434,.533,5.946,.638,.446,1.744,.141,.243,.71,.171,.313
101,2017,233,1730,12.19,.499,.258,.196,1.059,.566,.384,.265,-35.69,-4.295,.333,5.397,.431,.496,.58,6.733,6.113,.952,4.505,1.179,.499,1.25,.387,.467,5.116,.549,.425,1.633,.134,.224,.6,.137,.268
101,2017,233,1740,12.19,.426,.201,.151,.846,.461,.3,.221,-33.69,-4.431,.278,4.245,.333,.432,.472,4.962,4.733,.761,3.525,.849,.409,1.027,.317,.4,4.069,.434,.33,1.251,.111,.178,.488,.121,.221
101,2017,233,1750,12.19,.342,.151,.117,.645,.374,.226,.163,-31.62,-4.53,.204,3.175,.243,.33,.359,3.51,3.349,.561,2.568,.623,.28,.781,.236,.29,2.875,.33,.243,.875,.072,.129,.385,.084,.151
101,2017,233,1800,12.19,.231,.102,.072,.439,.243,.146,.106,-30.01,-4.746,.132,2.027,.156,.223,.226,2.155,2.088,.387,1.647,.417,.169,.501,.159,.184,1.789,.206,.159,.543,.054,.085,.245,.055,.097
101,2017,233,1810,12.18,.116,.049,.039,.225,.119,.072,.05,-28.27,-5.187,.062,.953,.074,.107,.112,1.032,.992,.193,.789,.213,.085,.25,.075,.092,.853,.101,.075,.286,.03,.044,.122,.034,.05
101,2017,233,1820,12.18,.032,.008,.007,.062,.037,.02,.015,-26.68,-5.552,.017,.268,.018,.032,.034,.308,.295,.055,.235,.064,.023,.07,.02,.03,.261,.035,.018,.085,0,.012,.037,.005,.012
101,2017,233,1830,12.18,0,0,0,.003,0,0,0,-25.05,-6.07,0,.03,0,0,0,.039,.039,.003,.027,.005,0,.005,0,0,.034,0,0,.012,0,0,0,0,0
101,2017,233,1840,12.18,0,0,0,0,0,0,0,-22.23,-6.688,0,0,0,0,0,0,0,0,0,0,0,0,0,0,0,0,0,0,0,0,0,0,0
101,2017,233,1850,12.18,0,0,0,0,0,0,0,-19.54,-6.78,0,0,0,0,0,0,0,0,0,0,0,0,0,0,0,0,0,0,0,0,0,0,0
101,2017,233,1900,12.18,0,0,0,0,0,0,0,-17.7,-6.834,0,0,0,0,0,0,0,0,0,0,0,0,0,0,0,0,0,0,0,0,0,0,0
101,2017,233,1910,12.18,0,0,0,0,0,0,0,-16,-7.02,0,0,0,0,0,0,0,0,0,0,0,0,0,0,0,0,0,0,0,0,0,0,0
101,2017,233,1920,12.18,0,0,0,0,0,0,0,-14.98,-7.09,0,0,0,0,0,0,0,0,0,0,0,0,0,0,0,0,0,0,0,0,0,0,0
101,2017,233,1930,12.18,0,0,0,0,0,0,0,-13.42,-7.3,0,0,0,0,0,0,0,0,0,0,0,0,0,0,0,0,0,0,0,0,0,0,0
101,2017,233,1940,12.18,0,0,0,0,0,0,0,-13.06,-6.885,0,0,0,0,0,0,0,0,0,0,0,0,0,0,0,0,0,0,0,0,0,0,0
101,2017,233,1950,12.18,0,0,0,0,0,0,0,-13.43,-6.527,0,0,0,0,0,0,0,0,0,0,0,0,0,0,0,0,0,0,0,0,0,0,0
101,2017,233,2000,12.18,0,0,0,0,0,0,0,-14.43,-6.428,0,0,0,0,0,0,0,0,0,0,0,0,0,0,0,0,0,0,0,0,0,0,0
101,2017,233,2010,12.17,0,0,0,0,0,0,0,-14.11,-6.65,0,0,0,0,0,0,0,0,0,0,0,0,0,0,0,0,0,0,0,0,0,0,0
101,2017,233,2020,12.17,0,0,0,0,0,0,0,-13.38,-6.54,0,0,0,0,0,0,0,0,0,0,0,0,0,0,0,0,0,0,0,0,0,0,0
101,2017,233,2030,12.17,0,0,0,0,0,0,0,-13.1,-6.397,0,0,0,0,0,0,0,0,0,0,0,0,0,0,0,0,0,0,0,0,0,0,0
101,2017,233,2040,12.17,0,0,0,0,0,0,0,-13.97,-6.297,0,0,0,0,0,0,0,0,0,0,0,0,0,0,0,0,0,0,0,0,0,0,0
101,2017,233,2050,12.17,0,0,0,0,0,0,0,-14.54,-6.459,0,0,0,0,0,0,0,0,0,0,0,0,0,0,0,0,0,0,0,0,0,0,0
101,2017,233,2100,12.17,0,0,0,0,0,0,0,-13.94,-6.536,0,0,0,0,0,0,0,0,0,0,0,0,0,0,0,0,0,0,0,0,0,0,0
101,2017,233,2110,12.17,0,0,0,0,0,0,0,-13.52,-6.437,0,0,0,0,0,0,0,0,0,0,0,0,0,0,0,0,0,0,0,0,0,0,0
101,2017,233,2120,12.17,0,0,0,0,0,0,0,-12.57,-6.483,0,0,0,0,0,0,0,0,0,0,0,0,0,0,0,0,0,0,0,0,0,0,0
101,2017,233,2130,12.17,0,0,0,0,0,0,0,-11.14,-6.499,0,0,0,0,0,0,0,0,0,0,0,0,0,0,0,0,0,0,0,0,0,0,0
101,2017,233,2140,12.17,0,0,0,0,0,0,0,-10.77,-6.347,0,0,0,0,0,0,0,0,0,0,0,0,0,0,0,0,0,0,0,0,0,0,0
101,2017,233,2150,12.17,0,0,0,0,0,0,0,-9.82,-6.417,0,0,0,0,0,0,0,0,0,0,0,0,0,0,0,0,0,0,0,0,0,0,0
101,2017,233,2200,12.17,0,0,0,0,0,0,0,-8.54,-6.427,0,0,0,0,0,0,0,0,0,0,0,0,0,0,0,0,0,0,0,0,0,0,0
101,2017,233,2210,12.16,0,0,0,0,0,0,0,-7.46,-6.488,0,0,0,0,0,0,0,0,0,0,0,0,0,0,0,0,0,0,0,0,0,0,0
101,2017,233,2220,12.17,0,0,0,0,0,0,0,-8.46,-6.518,0,0,0,0,0,0,0,0,0,0,0,0,0,0,0,0,0,0,0,0,0,0,0
101,2017,233,2230,12.16,0,0,0,0,0,0,0,-8.31,-6.659,0,0,0,0,0,0,0,0,0,0,0,0,0,0,0,0,0,0,0,0,0,0,0
101,2017,233,2240,12.16,0,0,0,0,0,0,0,-8.26,-6.684,0,0,0,0,0,0,0,0,0,0,0,0,0,0,0,0,0,0,0,0,0,0,0
101,2017,233,2250,12.16,0,0,0,0,0,0,0,-7.3,-6.814,0,0,0,0,0,0,0,0,0,0,0,0,0,0,0,0,0,0,0,0,0,0,0
101,2017,233,2300,12.16,0,0,0,0,0,0,0,-5.749,-6.905,0,0,0,0,0,0,0,0,0,0,0,0,0,0,0,0,0,0,0,0,0,0,0
101,2017,233,2310,12.16,0,0,0,0,0,0,0,-4.954,-6.769,0,0,0,0,0,0,0,0,0,0,0,0,0,0,0,0,0,0,0,0,0,0,0
101,2017,233,2320,12.16,0,0,0,0,0,0,0,-4.193,-6.816,0,0,0,0,0,0,0,0,0,0,0,0,0,0,0,0,0,0,0,0,0,0,0
101,2017,233,2330,12.16,0,0,0,0,0,0,0,-3.763,-6.528,0,0,0,0,0,0,0,0,0,0,0,0,0,0,0,0,0,0,0,0,0,0,0
101,2017,233,2340,12.16,0,0,0,0,0,0,0,-4.076,-6.478,0,0,0,0,0,0,0,0,0,0,0,0,0,0,0,0,0,0,0,0,0,0,0
101,2017,233,2350,12.16,0,0,0,0,0,0,0,-3.707,-6.516,0,0,0,0,0,0,0,0,0,0,0,0,0,0,0,0,0,0,0,0,0,0,0
101,2017,233,2400,12.16,0,0,0,0,0,0,0,-3.032,-6.607,0,0,0,0,0,0,0,0,0,0,0,0,0,0,0,0,0,0,0,0,0,0,0
102,2017,233,2400,12.15,5266
101,2017,234,10,12.16,0,0,0,0,0,0,0,-2.931,-6.697,0,0,0,0,0,0,0,0,0,0,0,0,0,0,0,0,0,0,0,0,0,0,0
101,2017,234,20,12.16,0,0,0,0,0,0,0,-2.382,-6.813,0,0,0,0,0,0,0,0,0,0,0,0,0,0,0,0,0,0,0,0,0,0,0
101,2017,234,30,12.16,0,0,0,0,0,0,0,-2.293,-6.791,0,0,0,0,0,0,0,0,0,0,0,0,0,0,0,0,0,0,0,0,0,0,0
101,2017,234,40,12.16,0,0,0,0,0,0,0,-.719,-6.895,0,0,0,0,0,0,0,0,0,0,0,0,0,0,0,0,0,0,0,0,0,0,0
101,2017,234,50,12.16,0,0,0,0,0,0,0,-1.507,-6.732,0,0,0,0,0,0,0,0,0,0,0,0,0,0,0,0,0,0,0,0,0,0,0
101,2017,234,100,12.16,0,0,0,0,0,0,0,-1.53,-6.711,0,0,0,0,0,0,0,0,0,0,0,0,0,0,0,0,0,0,0,0,0,0,0
101,2017,234,110,12.16,0,0,0,0,0,0,0,-1.951,-6.677,0,0,0,0,0,0,0,0,0,0,0,0,0,0,0,0,0,0,0,0,0,0,0
101,2017,234,120,12.16,0,0,0,0,0,0,0,-1.507,-6.763,0,0,0,0,0,0,0,0,0,0,0,0,0,0,0,0,0,0,0,0,0,0,0
101,2017,234,130,12.16,0,0,0,0,0,0,0,-.059,-6.838,0,0,0,0,0,0,0,0,0,0,0,0,0,0,0,0,0,0,0,0,0,0,0
101,2017,234,140,12.16,0,0,0,0,0,0,0,1.557,-6.789,0,0,0,0,0,0,0,0,0,0,0,0,0,0,0,0,0,0,0,0,0,0,0
101,2017,234,150,12.16,0,0,0,0,0,0,0,2.167,-6.791,0,0,0,0,0,0,0,0,0,0,0,0,0,0,0,0,0,0,0,0,0,0,0
101,2017,234,200,12.16,0,0,0,0,0,0,0,3.223,-6.796,0,0,0,0,0,0,0,0,0,0,0,0,0,0,0,0,0,0,0,0,0,0,0
101,2017,234,210,12.16,0,0,0,0,0,0,0,4.257,-6.831,0,0,0,0,0,0,0,0,0,0,0,0,0,0,0,0,0,0,0,0,0,0,0
101,2017,234,220,12.16,0,0,0,0,0,0,0,5.351,-6.761,0,0,0,0,0,0,0,0,0,0,0,0,0,0,0,0,0,0,0,0,0,0,0
101,2017,234,230,12.16,0,0,0,0,0,0,0,5.306,-6.628,0,0,0,0,0,0,0,0,0,0,0,0,0,0,0,0,0,0,0,0,0,0,0
101,2017,234,240,12.16,0,0,0,0,0,0,0,5.073,-6.709,0,0,0,0,0,0,0,0,0,0,0,0,0,0,0,0,0,0,0,0,0,0,0
101,2017,234,250,12.16,0,0,0,0,0,0,0,4.614,-6.764,0,0,0,0,0,0,0,0,0,0,0,0,0,0,0,0,0,0,0,0,0,0,0
101,2017,234,300,12.16,0,0,0,0,0,0,0,3.209,-6.808,0,0,0,0,0,0,0,0,0,0,0,0,0,0,0,0,0,0,0,0,0,0,0
101,2017,234,310,12.16,0,0,0,0,0,0,0,3.221,-6.907,0,0,0,0,0,0,0,0,0,0,0,0,0,0,0,0,0,0,0,0,0,0,0
101,2017,234,320,12.16,0,0,0,0,0,0,0,2.241,-7.01,0,0,0,0,0,0,0,0,0,0,0,0,0,0,0,0,0,0,0,0,0,0,0
101,2017,234,330,12.16,0,0,0,0,0,0,0,4.046,-6.997,0,0,0,0,0,0,0,0,0,0,0,0,0,0,0,0,0,0,0,0,0,0,0
101,2017,234,340,12.16,0,0,0,0,0,0,0,3.783,-7.08,0,0,0,0,0,0,0,0,0,0,0,0,0,0,0,0,0,0,0,0,0,0,0
101,2017,234,350,12.16,0,0,0,0,0,0,0,3.216,-7.18,0,0,0,0,0,0,0,0,0,0,0,0,0,0,0,0,0,0,0,0,0,0,0
101,2017,234,400,12.16,0,0,0,0,0,0,0,3.642,-7.34,0,0,0,0,0,0,0,0,0,0,0,0,0,0,0,0,0,0,0,0,0,0,0
101,2017,234,410,12.16,0,0,0,0,0,0,0,4.151,-7.45,0,0,0,0,0,0,0,0,0,0,0,0,0,0,0,0,0,0,0,0,0,0,0
101,2017,234,420,12.16,0,0,0,0,0,0,0,3.645,-7.61,0,0,0,0,0,0,0,0,0,0,0,0,0,0,0,0,0,0,0,0,0,0,0
101,2017,234,430,12.16,0,0,0,0,0,0,0,1.877,-7.61,0,0,0,0,0,0,0,0,0,0,0,0,0,0,0,0,0,0,0,0,0,0,0
101,2017,234,440,12.16,0,0,0,0,0,0,0,1.068,-7.79,0,0,0,0,0,0,0,0,0,0,0,0,0,0,0,0,0,0,0,0,0,0,0
101,2017,234,450,12.16,0,0,0,0,0,0,0,.655,-7.79,0,0,0,0,0,0,0,0,0,0,0,0,0,0,0,0,0,0,0,0,0,0,0
101,2017,234,500,12.16,0,0,0,0,0,0,0,1.126,-7.81,0,0,0,0,0,0,0,0,0,0,0,0,0,0,0,0,0,0,0,0,0,0,0
101,2017,234,510,12.16,0,0,0,0,0,0,0,.682,-7.7,0,0,0,0,0,0,0,0,0,0,0,0,0,0,0,0,0,0,0,0,0,0,0
101,2017,234,520,12.16,0,0,0,0,0,0,0,-.753,-7.61,0,0,0,0,0,0,0,0,0,0,0,0,0,0,0,0,0,0,0,0,0,0,0
101,2017,234,530,12.16,0,0,0,0,0,0,0,-1.116,-7.45,0,0,0,0,0,0,0,0,0,0,0,0,0,0,0,0,0,0,0,0,0,0,0
101,2017,234,540,12.16,0,0,0,0,0,0,0,-.93,-7.37,0,0,0,0,0,0,0,0,0,0,0,0,0,0,0,0,0,0,0,0,0,0,0
101,2017,234,550,12.16,0,0,0,0,0,0,0,-.287,-7.24,0,0,0,0,0,0,0,0,0,0,0,0,0,0,0,0,0,0,0,0,0,0,0
101,2017,234,600,12.15,0,0,0,0,0,0,0,.127,-7.1,0,0,0,0,0,0,0,0,0,0,0,0,0,0,0,0,0,0,0,0,0,0,0
101,2017,234,610,12.15,0,0,0,0,0,0,0,.679,-7.09,0,0,0,0,0,0,0,0,0,0,0,0,0,0,0,0,0,0,0,0,0,0,0
101,2017,234,620,12.15,0,0,0,0,0,0,0,1.213,-7.09,0,.003,0,0,0,0,0,0,0,0,0,0,0,0,0,0,0,0,0,0,0,0,0
101,2017,234,630,12.15,.005,0,0,.013,.003,0,0,1.309,-6.922,0,.069,0,.007,.002,.045,.042,.013,.049,.013,0,.018,0,.002,.034,.003,0,.013,0,0,.002,0,0
101,2017,234,640,12.16,.047,.023,.015,.092,.044,.032,.022,.937,-6.853,.023,.424,.032,.044,.037,.318,.318,.084,.315,.087,.027,.102,.034,.039,.273,.037,.03,.087,.007,.02,.04,.012,.015
101,2017,234,650,12.15,.142,.057,.04,.278,.142,.092,.049,.174,-6.679,.067,1.269,.084,.127,.109,1.022,1.044,.253,.952,.265,.075,.318,.094,.106,.87,.104,.087,.268,.034,.044,.121,.034,.044
101,2017,234,700,12.15,.26,.114,.079,.501,.263,.169,.099,.456,-6.605,.124,2.41,.158,.233,.208,1.994,2.043,.444,1.807,.474,.141,.558,.173,.199,1.718,.201,.168,.483,.049,.085,.223,.054,.087
101,2017,234,710,12.15,.392,.178,.117,.781,.397,.255,.153,.474,-6.535,.188,3.68,.233,.354,.315,3.049,3.139,.68,2.765,.724,.211,.866,.265,.307,2.635,.303,.258,.722,.074,.117,.339,.087,.122
101,2017,234,720,12.15,.525,.253,.171,1.14,.531,.372,.206,.816,-6.493,.265,5.797,.337,.476,.421,4.321,4.332,1.032,4.109,1.066,.297,1.294,.391,.424,3.639,.414,.369,1.006,.102,.171,.442,.114,.179
101,2017,234,730,12.15,.64,.308,.203,1.389,.635,.439,.238,.665,-6.553,.317,7.98,.397,.566,.486,5.645,5.177,1.279,4.961,1.272,.342,1.569,.451,.493,4.296,.468,.437,1.178,.132,.204,.504,.134,.203
101,2017,234,740,12.15,.769,.365,.253,1.674,.774,.526,.297,1.668,-6.441,.394,29.22,.592,.719,.644,7.55,6.08,1.654,6.618,1.609,.401,4.929,.758,.687,5.013,.56,.523,1.389,.151,.25,.595,.168,.251
101,2017,234,750,12.15,.887,.422,.317,1.954,.925,.679,.379,1.765,-6.526,.491,59.62,.967,.969,.895,10.05,6.922,2.04,11.74,1.976,.458,17.04,1.465,2.288,5.737,.675,.659,1.637,.198,.302,.706,.203,.308
101,2017,234,800,12.15,.959,.437,.372,2.128,1.042,.796,.431,1.235,-6.602,.566,68.49,1.14,1.163,.99,10.41,7.42,2.174,43.06,2.236,.509,15.02,1.795,5.888,6.139,.732,.704,1.785,.231,1.094,.766,.233,.352
101,2017,234,810,12.15,1.135,.474,.431,2.383,1.222,.96,.506,2.563,-7,.649,76.5,1.304,1.331,1.073,10.3,7.95,2.38,50.02,2.573,.553,15.59,7.8,7.62,7.8,.801,.783,1.934,.256,.379,.82,.261,.387
101,2017,234,820,12.16,1.141,.521,.481,2.608,1.433,1.163,.682,1.024,-7.35,.727,83,1.473,1.47,1.143,10.29,8.37,2.574,55.71,2.898,.595,15.23,3.204,3.359,11.67,.856,.84,2.051,.288,.414,.868,.317,.429
101,2017,234,830,12.16,1.207,.55,.55,2.868,1.753,4.228,.721,1.924,-7.95,.789,87.9,1.612,1.567,1.218,10.57,11.05,2.782,61.15,3.163,.632,14.91,2.618,1.755,11.14,.922,.888,2.149,.302,.436,.91,.699,.436
101,2017,234,840,12.16,1.316,.608,.615,3.273,2.082,28.83,1.663,20.82,-8.02,.846,92.6,1.731,1.656,1.307,11.01,22.63,2.992,66.52,3.374,.674,13.9,1.879,9.37,10.52,.996,.965,2.236,.322,.436,.952,3.853,.456
101,2017,234,850,12.16,8.18,.701,.69,3.985,2.561,30.92,.741,21.03,-8.37,.915,97,1.482,1.775,1.409,12.77,27.7,3.24,71.5,4.098,.737,10.56,1.947,45.81,9.81,1.185,1.061,2.348,.342,.468,1.011,.821,.483
101,2017,234,900,12.16,1.58,.754,.783,9.18,2.977,33.79,1.379,18.06,-8.61,.984,100.1,1.369,14.56,1.46,16.24,32.67,3.533,75.3,3.972,.808,8.48,2.066,33.18,9.5,1.182,1.153,2.46,.369,.491,1.058,.622,.528
101,2017,234,910,12.16,1.709,.848,.91,31.43,3.209,9.01,.687,-2.371,-9.11,1.049,103.1,1.453,2.465,1.565,20.89,37.28,3.948,79.1,4.345,.876,6.566,2.334,3.266,9.8,1.255,3.4,2.594,.387,.531,1.118,.402,.548
101,2017,234,920,12.16,1.786,.906,1.141,29.14,3.415,2.23,.727,-10.48,-9.77,1.087,105.1,1.49,3.289,1.639,25.48,41.86,4.144,82,5.055,.962,6.272,19.22,18.34,10.11,1.387,8.55,2.701,.402,.555,1.168,.434,.57
101,2017,234,930,12.16,1.843,.942,12.69,27.17,3.651,2.465,.762,-15.81,-9.81,1.148,109.9,1.51,6.251,2.046,30.49,47.75,4.169,87,6.878,1.129,5.881,2.463,20.7,10.48,1.528,3.147,2.82,.404,.59,1.218,.436,.59
101,2017,234,940,12.16,2.006,1.015,33.84,24.35,4.324,2.687,.798,-18.14,-9.48,1.203,113,1.582,12.16,1.955,35.42,53.22,4.272,90.9,13.16,1.181,5.566,5.566,26.19,10.98,1.627,1.52,2.994,.431,.62,1.278,.457,.627
101,2017,234,950,12.16,2.232,1.255,65.53,20.97,9.36,17.56,2.051,-10.76,-8.58,1.344,111.9,1.63,6.754,3.217,39.19,56.04,4.636,91.1,6.085,1.791,5.743,27.12,3.594,11.56,5.489,1.701,3.22,.431,.672,1.349,.488,.695
101,2017,234,1000,12.16,3.788,2.011,28.26,14,12.87,3.438,.915,-23.29,-9.59,1.543,68.05,1.851,2.615,2.186,29.58,36.85,6.814,55.51,8.53,1.329,6.345,3.093,4.318,12.65,2.763,2.253,4.458,.392,.813,1.441,.488,.796
101,2017,234,1010,12.17,2.862,4.783,44.17,15.05,22.01,2.83,.816,-24.02,-8.95,1.459,87.7,2.034,2.503,2.806,37.99,44.09,5.651,72.5,45.06,1.382,6.442,3.795,49.73,13.13,4.701,4.43,3.8,.387,.71,1.365,.471,.762
101,2017,234,1020,12.17,2.403,12.5,13.99,22.19,32.07,1.932,.921,-21.5,-8.97,1.55,121.4,1.793,1.989,2.369,55.73,48.06,4.53,102.3,89.3,1.471,8.41,2.381,9.93,16.98,4.145,1.918,3.718,.436,.741,1.489,.545,.784
101,2017,234,1030,12.17,4.986,2.366,1.821,24.82,33.61,1.985,.952,-26.4,-8.78,24.44,107.4,1.791,2.086,2.235,54.83,30.12,5.216,92.3,55.47,1.531,12.23,2.133,2.712,19.91,2.575,3.808,4.115,.454,.806,1.637,.608,.839
101,2017,234,1040,12.17,4.073,2.453,1.789,36.77,62.25,11.91,1.354,-21.57,-7.69,15.04,129.6,2.444,2.466,2.729,71.2,25.1,6.345,113.1,9.1,2.061,33.99,2.26,6.621,28.15,3.332,2.878,5.345,.585,1.19,2.138,.729,.994
101,2017,234,1050,12.17,4.617,2.175,1.352,10.3,5.098,2.604,.942,-32.32,-9.92,2.061,36.78,2.232,2.171,1.95,23.62,21.11,7.07,29.83,10.76,1.692,6.506,1.938,2.349,14.94,2.644,2.521,5.971,.392,.96,1.823,.493,.89
101,2017,234,1100,12.17,6.475,2.771,1.982,48.1,26.8,2.66,1.454,-28.61,-8.94,2.64,128.8,3.429,2.778,3.458,82,25.71,8.05,115.5,50.64,2.798,28.94,2.588,3.064,37.16,8.91,11.93,9.93,.685,1.54,2.821,.886,1.427
101,2017,234,1110,12.17,6.378,3.458,2.598,44.01,7.13,3.334,1.799,-28.99,-9.37,3.079,114.1,4.297,3.057,4.702,81.8,35.52,8.47,104.7,79,3.928,15.43,2.781,3.913,41.67,5.657,7.48,18.46,.814,10.52,3.913,1.034,2.012
101,2017,234,1120,12.17,8.36,4.354,5.716,35.36,6.826,4.221,1.725,-32.26,-9.55,3.339,93,5.245,3.334,4.34,69.55,38.86,10.98,84.9,54.79,4.272,12.68,2.717,4.225,35.88,5.877,20.83,37.14,.692,1.885,3.546,1.008,2.009
101,2017,234,1130,12.17,6.734,3.838,6.225,52.05,5.729,6.127,1.657,-30.26,-9.7,3.096,117.4,5.057,3.273,4.548,86.2,32.95,9.31,107.6,79.6,4.298,12.51,2.617,4.318,41.58,4.831,7.57,62.09,.727,1.667,3.62,1.018,2.166
101,2017,234,1140,12.17,5.394,4.022,3.109,44.42,4.487,11.37,1.363,-28.66,-9.69,17.44,100.6,4.628,2.59,5.898,75.8,30.36,7.55,92.5,20.24,4.436,13.26,2.193,3.513,37.22,4.067,4.911,54.86,.64,1.481,4.034,.848,1.709
101,2017,234,1150,12.17,3.352,3.28,2.229,64.47,2.938,4.296,1.291,-33.04,-9.88,15.52,129.2,5.889,2.203,7.28,101.5,38.73,5.864,120.7,49.14,4.705,26.21,1.889,2.898,48.43,3.012,3.283,83.1,.714,1.301,4.522,.904,1.541
101,2017,234,1200,12.17,4.879,23.97,2.417,39.93,3.027,3.047,1.455,-35.73,-9.72,2.589,92.6,10.99,2.558,10.01,78.4,66.8,6.82,87.5,27.02,5.661,10.14,2.119,5.425,42.44,3.325,4.383,57.37,.742,1.755,3.993,.938,1.747
101,2017,234,1210,12.17,5.911,43.24,2.608,36.49,4.721,3.889,1.578,-35.31,-9.4,2.738,93.7,5.988,3.097,4.231,76.7,68.29,9.23,86.9,36.58,15.19,7.76,2.278,18.17,40.04,4.422,5.346,52.31,.703,2.129,4.12,.97,1.785
101,2017,234,1220,12.17,4.338,75.2,2.089,26.22,4.232,4.325,1.573,-34.1,-9.05,2.596,113.9,4.847,3.412,4.775,96.6,91.2,7.9,107.7,23.41,5.247,8.22,2.355,5.343,51.21,3.43,4.353,75.6,.868,2.008,4.653,1.01,2.058
101,2017,234,1230,12.17,4.062,35.07,1.832,7.97,3.588,31.79,1.722,-10.9,-8.62,9.08,125.5,5.246,6.775,5.065,116.5,110.8,7.23,122.1,27.89,4.798,6.669,2.387,4.077,63.93,3.447,4.366,92.3,1.06,2.37,7.2,1.268,2.542
101,2017,234,1240,12.17,5.321,3.71,2.122,9.85,4.443,4.321,2.134,-30.66,-7.9,3.358,102.7,5.85,5.344,6.351,101.7,92.3,8.12,101.9,47.58,22.86,7.69,2.775,5.189,61.25,3.901,6.287,74.1,1.243,2.271,6.641,1.499,2.844
101,2017,234,1250,12.17,6.457,3.561,2.333,11.53,4.549,4.127,2.06,-32.24,-7.72,3.192,84.4,5.147,4.619,5.408,81.9,68.67,8.8,83.7,48.61,32.04,7.39,2.755,4.891,50.25,4.087,7.75,56.67,1.057,2.243,5.512,1.325,2.774
101,2017,234,1300,12.17,4.738,2.777,1.884,8.11,3.768,57.29,2.048,1.881,-7.78,6.698,96.8,5.842,3.663,7.67,96.6,70.9,6.993,97.6,44.39,18.18,6.386,3.328,9.8,55.86,3.665,43.91,75.6,.986,2.062,4.443,1.402,2.573
101,2017,234,1310,12.17,4.432,2.941,3.591,8.44,3.715,14.81,2.129,-27.77,-7.26,2.985,101,8.91,3.576,5.164,103.5,81.2,7.23,103.2,16.38,5.788,6.19,7.05,7.36,59.18,3.221,51.74,81.5,.988,2.224,4.514,1.477,2.574
101,2017,234,1320,12.17,4.199,2.015,3.465,7.9,2.894,2.846,1.512,-38.98,-7.02,2.013,42.47,6.792,2.839,3.817,41.59,36.67,6.416,41.25,10.48,3.01,5.308,2.033,4.559,26.98,2.32,11.81,23.17,.571,1.422,2.924,1,1.911
101,2017,234,1330,12.17,4.01,1.883,1.435,7.37,2.882,2.397,1.204,-40.8,-6.621,2.135,33.96,3.713,2.73,3.566,32.93,28.93,6.282,32.24,9.47,2.918,4.951,1.846,2.872,22.15,2.492,3.085,13.94,.628,1.345,3.268,.585,2.02
101,2017,234,1340,12.17,5.128,2.045,1.836,9.08,3.37,3.09,1.692,-38.3,-5.684,2.675,43.52,4.844,3.785,4.968,43.43,36.4,7.91,42.51,11.01,3.742,5.984,2.425,4.174,28.89,2.983,4.418,20.66,.842,1.812,4.127,.765,2.762
101,2017,234,1350,12.17,5.902,2.541,2.169,9.83,4.118,3.727,2.623,-34.06,-4.39,3.765,76.8,7.71,4.52,7.23,89.5,46.07,8.42,82.6,12.96,5.761,6.9,2.819,8.71,56.19,4.139,6.205,61.64,1.171,2.735,6.045,1.229,3.995
101,2017,234,1400,12.17,5.957,2.43,1.986,9.94,3.936,3.281,2.099,-33.88,-4.509,2.956,43.88,5.73,4.396,6.302,48.66,42,7.76,45.67,10.59,3.794,6.344,2.45,5.537,33.83,3.36,4.7,24.88,.938,2.117,5.095,.889,3.37
101,2017,234,1410,12.17,4.619,2.084,1.72,8.25,3.601,2.867,1.769,-34.71,-4.775,2.891,36.97,3.452,3.732,4.958,41.53,36.72,6.606,38.14,9.43,3.979,5.606,2.107,3.703,29.07,3.288,3.66,18.67,.906,1.819,5.1,.837,2.723
101,2017,234,1420,12.17,3.397,1.558,1.489,6.256,3.325,2.7,2.104,-35.17,-4.522,2.934,36.49,3.46,3.433,6.433,43.8,33.11,5.416,38.71,8.03,4.035,5.41,1.958,3.438,30.26,3.288,2.993,22.07,.849,2.822,4.839,.819,3.554
101,2017,234,1430,12.17,2.832,1.519,1.605,5.39,3.047,3.166,12.91,-33.78,.161,2.643,45.51,4.889,3.387,11.73,58.38,32.97,4.974,50.4,8.72,4.142,4.959,1.765,3.919,38.29,3.033,3.556,36.59,.802,2.268,4.716,.945,4.124
101,2017,234,1440,12.17,2.882,1.546,1.472,5.475,2.966,2.414,1.573,-33.42,-4.495,2.358,31.44,3.268,3.043,4.552,38.66,33.76,4.725,32.73,8.44,3.78,4.643,1.68,3.49,27.64,3.023,3.075,16.79,.702,1.466,4.397,.806,2.387
101,2017,234,1450,12.17,3.311,1.687,1.486,6.186,3.378,2.548,1.816,-31.77,-4.454,3.147,33.33,3.554,2.914,4.668,43.34,37.68,5.197,35.15,8.68,4.398,5.229,1.97,3.742,31.47,3.748,3.395,16.76,.791,1.61,5.026,.894,2.936
101,2017,234,1500,12.17,3.047,1.61,1.65,5.841,3.492,7.22,2.64,-27.59,-4.05,39.92,52.79,4.723,3.524,14.41,88.5,56.22,5.462,66.57,9.32,25.94,7.78,2.105,4.156,57.06,27.24,3.841,32.52,1.03,2.367,5.43,1.082,36.86
101,2017,234,1510,12.17,2.899,1.427,1.727,5.342,3.176,4.836,2.087,-29.51,-4.42,37.72,49.57,4.506,3.539,9.73,86.7,62.88,5.198,64.33,8.47,8.65,5.295,2.04,4.109,56.12,24.32,3.983,22.27,.983,2.318,4.796,.945,9.64
101,2017,234,1520,12.17,2.89,1.313,2.759,5.379,4.268,5.407,2.124,-30.48,-4.796,54.45,56.24,4.762,3.789,7.85,112.4,89.5,5.476,78.9,8.03,6.359,5.513,2.025,4.052,71.7,6.039,4.154,19.06,1.074,2.241,5.245,1.082,4.29
101,2017,234,1530,12.17,2.417,1.107,2.064,4.975,3.137,2.68,1.777,-35.22,-5.59,6.206,35.8,3.404,3.488,5.117,65.06,52.9,4.496,45.33,6.164,5.529,5.022,1.692,3.241,43.29,17.03,4.72,15.02,.811,1.72,3.97,.732,3.06
101,2017,234,1540,12.17,2.787,1.102,1.291,4.951,3.308,4.236,1.873,-34,-5.71,3.092,36.73,3.146,3.052,4.735,78.8,65.27,4.754,51.81,5.658,6.621,4.836,1.851,3.07,52.23,6.59,5.183,12.63,.802,1.534,4.054,.824,2.454
101,2017,234,1550,12.17,1.645,.807,1.106,2.982,2.697,2.765,1.923,-35.95,-6.373,2.089,30.59,3.181,3.285,5.174,78.4,64.36,3.244,47.06,4.533,4.638,4.241,1.444,3.434,52.31,3.037,3.057,14.52,.712,1.365,4.392,.938,2.685
101,2017,234,1600,12.17,1.447,.658,.894,3.107,2.191,1.904,3.697,-38.24,-6.825,2.229,26.55,2.715,2.338,4.48,76.6,62.08,2.869,31.7,4.083,4.167,3.72,1.33,2.717,50.66,3.068,2.258,12.2,.64,1.266,4.629,.878,2.348
101,2017,234,1610,12.17,1.028,.486,.553,3.187,1.817,1.224,.938,-41.64,-8.2,1.452,16.8,1.626,1.464,2.501,40.67,33.34,2.328,15.19,3.065,2.603,3.08,1.01,1.727,27.8,2.296,1.275,6.286,.377,.67,2.665,.574,1.209
101,2017,234,1620,12.17,.998,.482,.446,2.206,1.7,1.017,.938,-42.02,-8.17,1.147,17.37,1.747,1.147,1.995,84.4,67.37,2.315,11.68,2.743,1.971,3.107,1.02,1.827,54.72,29.97,1.382,4.479,.323,.569,2.117,.787,.879
101,2017,234,1630,12.17,.911,.439,.42,1.976,1.271,.846,.78,-43.28,-8.19,.928,12.79,1.131,1.115,1.817,39.97,33.11,1.99,10.81,2.452,1.68,2.8,.906,1.777,27.6,11.09,.946,4.494,.317,.479,1.996,.499,.869
101,2017,234,1640,12.17,.919,.44,.434,1.941,1.36,1.028,.874,-41.51,-7.67,1.087,13.34,1.303,1.171,1.981,49.48,39.6,1.938,11.44,2.48,1.852,3.026,.948,1.727,34.13,11.3,1.169,5.095,.333,.529,2.097,.496,1.017
101,2017,234,1650,12.17,.824,.434,.375,1.811,1.214,.786,.786,-39.6,-6.951,.764,11.37,.816,.986,1.538,57.96,45.98,1.777,8.78,2.077,1.226,3.266,1.477,1.191,40.61,11.39,1.048,3.495,.283,.429,1.769,.452,.791
101,2017,234,1700,12.17,1.045,.499,.397,2.085,1.32,.792,.729,-36.33,-5.979,.903,10.83,.814,1.249,1.479,38.14,30.9,2.018,9.69,2.219,1.358,2.961,.911,1.094,27.5,5.385,1.005,3.767,.333,.494,1.795,.379,.708
101,2017,234,1710,12.17,.792,.429,.307,1.653,1.042,.603,.477,-31.46,-5.616,.523,8.69,.611,.982,1.013,11.52,10.48,1.511,6.986,1.693,.67,2.457,.645,.824,10.13,1.023,.645,2.496,.266,.377,1.196,.285,.447
101,2017,234,1720,12.17,.762,.385,.313,1.606,1.067,.558,.476,-28.64,-5.085,.501,7.61,.541,.923,1.013,17.44,11.45,1.382,6.518,1.442,.727,2.168,.591,.712,13.98,1.112,.652,2.399,.256,.355,1.229,.248,.462
101,2017,234,1730,12.17,.963,.355,.348,1.834,.963,.558,.431,-26.55,-4.845,.58,7.88,.553,.965,1.084,15.3,13.11,1.612,7.34,1.514,.628,1.692,.586,.714,8.15,.796,.73,2.757,.26,.397,1.181,.236,.481
101,2017,234,1740,12.16,.642,.278,.226,1.2,.546,.404,.258,-23.08,-4.806,.369,5.503,.446,.548,.648,7.24,6.312,1.057,5.063,1.112,.472,1.072,.384,.498,4.584,.514,.471,1.947,.122,.231,.628,.141,.317
101,2017,234,1750,12.17,.462,.208,.178,.916,.513,.357,.236,17.4,-24.14,.273,3.739,.312,.429,.483,4.202,4.177,.719,3.666,.824,.283,.769,.302,.394,3.677,.39,.364,1.305,.124,.194,.613,.121,.219
101,2017,234,1800,12.16,.142,.059,.052,.268,.193,.114,.077,-52.63,-28.25,.082,1.231,.111,.146,.164,1.349,1.324,.226,1.138,.308,.107,.292,.111,.126,1.26,.141,.112,.394,.039,.059,.196,.04,.072
101,2017,234,1810,12.17,.141,.055,.049,.236,.117,.087,.052,-1.243,-33.84,.067,.967,.087,.129,.119,.906,.92,.203,.913,.225,.059,.208,.077,.085,.789,.082,.099,.342,.028,.052,.124,.028,.057
101,2017,234,1820,12.16,.039,.012,.008,.064,.042,.023,.013,-10,-32.38,.017,.268,.023,.037,.03,.28,.276,.057,.253,.069,.025,.059,.018,.028,.246,.03,.022,.09,0,.017,.035,.002,.01
101,2017,234,1830,12.16,0,0,0,.003,0,0,0,-20.88,-28.78,0,.037,0,0,0,.049,.04,.005,.035,.008,0,.005,0,0,.039,0,0,.012,0,0,0,0,0
101,2017,234,1840,12.16,0,0,0,0,0,0,0,-53.04,-26.34,0,0,0,0,0,0,0,0,0,0,0,0,0,0,0,0,0,0,0,0,0,0,0
101,2017,234,1850,12.16,0,0,0,0,0,0,0,-44.5,-24.43,0,0,0,0,0,0,0,0,0,0,0,0,0,0,0,0,0,0,0,0,0,0,0
101,2017,234,1900,12.16,0,0,0,0,0,0,0,-64.68,-23.22,0,0,0,0,0,0,0,0,0,0,0,0,0,0,0,0,0,0,0,0,0,0,0
101,2017,234,1910,12.16,0,0,0,0,0,0,0,-77.6,-20.67,0,0,0,0,0,0,0,0,0,0,0,0,0,0,0,0,0,0,0,0,0,0,0
101,2017,234,1920,12.16,0,0,0,0,0,0,0,-77.4,-19.77,0,0,0,0,0,0,0,0,0,0,0,0,0,0,0,0,0,0,0,0,0,0,0
101,2017,234,1930,12.16,0,0,0,0,0,0,0,-81.1,-19.94,0,0,0,0,0,0,0,0,0,0,0,0,0,0,0,0,0,0,0,0,0,0,0
101,2017,234,1940,12.16,0,0,0,0,0,0,0,-82.9,-19.43,0,0,0,0,0,0,0,0,0,0,0,0,0,0,0,0,0,0,0,0,0,0,0
101,2017,234,1950,12.16,0,0,0,0,0,0,0,-83.2,-19.37,0,0,0,0,0,0,0,0,0,0,0,0,0,0,0,0,0,0,0,0,0,0,0
101,2017,234,2000,12.16,0,0,0,0,0,0,0,-83.6,-18.48,0,0,0,0,0,0,0,0,0,0,0,0,0,0,0,0,0,0,0,0,0,0,0
101,2017,234,2010,12.16,0,0,0,0,0,0,0,-82.2,-18.86,0,0,0,0,0,0,0,0,0,0,0,0,0,0,0,0,0,0,0,0,0,0,0
101,2017,234,2020,12.15,0,0,0,0,0,0,0,-83.7,-17.57,0,0,0,0,0,0,0,0,0,0,0,0,0,0,0,0,0,0,0,0,0,0,0
101,2017,234,2030,12.15,0,0,0,0,0,0,0,-79.6,-15.71,0,0,0,0,0,0,0,0,0,0,0,0,0,0,0,0,0,0,0,0,0,0,0
101,2017,234,2040,12.15,0,0,0,0,0,0,0,-71.5,-14.33,0,0,0,0,0,0,0,0,0,0,0,0,0,0,0,0,0,0,0,0,0,0,0
101,2017,234,2050,12.15,0,0,0,0,0,0,0,-73.5,-13.2,0,0,0,0,0,0,0,0,0,0,0,0,0,0,0,0,0,0,0,0,0,0,0
101,2017,234,2100,12.15,0,0,0,0,0,0,0,-75.5,-12.44,0,0,0,0,0,0,0,0,0,0,0,0,0,0,0,0,0,0,0,0,0,0,0
101,2017,234,2110,12.15,0,0,0,0,0,0,0,-82.8,-12.09,0,0,0,0,0,0,0,0,0,0,0,0,0,0,0,0,0,0,0,0,0,0,0
101,2017,234,2120,12.15,0,0,0,0,0,0,0,-81.2,-12.45,0,0,0,0,0,0,0,0,0,0,0,0,0,0,0,0,0,0,0,0,0,0,0
101,2017,234,2130,12.15,0,0,0,0,0,0,0,-79.1,-12.69,0,0,0,0,0,0,0,0,0,0,0,0,0,0,0,0,0,0,0,0,0,0,0
101,2017,234,2140,12.15,0,0,0,0,0,0,0,-82.9,-13.63,0,0,0,0,0,0,0,0,0,0,0,0,0,0,0,0,0,0,0,0,0,0,0
101,2017,234,2150,12.15,0,0,0,0,0,0,0,-86.8,-15.13,0,0,0,0,0,0,0,0,0,0,0,0,0,0,0,0,0,0,0,0,0,0,0
101,2017,234,2200,12.15,0,0,0,0,0,0,0,-84.1,-15.31,0,0,0,0,0,0,0,0,0,0,0,0,0,0,0,0,0,0,0,0,0,0,0
101,2017,234,2210,12.15,0,0,0,0,0,0,0,-86.3,-15.5,0,0,0,0,0,0,0,0,0,0,0,0,0,0,0,0,0,0,0,0,0,0,0
101,2017,234,2220,12.15,0,0,0,0,0,0,0,-83.3,-16.13,0,0,0,0,0,0,0,0,0,0,0,0,0,0,0,0,0,0,0,0,0,0,0
101,2017,234,2230,12.15,0,0,0,0,0,0,0,-77.3,-17.24,0,0,0,0,0,0,0,0,0,0,0,0,0,0,0,0,0,0,0,0,0,0,0
101,2017,234,2240,12.15,0,0,0,0,0,0,0,-81.3,-17.69,0,0,0,0,0,0,0,0,0,0,0,0,0,0,0,0,0,0,0,0,0,0,0
101,2017,234,2250,12.15,0,0,0,0,0,0,0,-82.6,-18.23,0,0,0,0,0,0,0,0,0,0,0,0,0,0,0,0,0,0,0,0,0,0,0
101,2017,234,2300,12.14,0,0,0,0,0,0,0,-81.4,-19.42,0,0,0,0,0,0,0,0,0,0,0,0,0,0,0,0,0,0,0,0,0,0,0
101,2017,234,2310,12.15,0,0,0,0,0,0,0,-85.3,-21.29,0,0,0,0,0,0,0,0,0,0,0,0,0,0,0,0,0,0,0,0,0,0,0
101,2017,234,2320,12.15,0,0,0,0,0,0,0,-88,-22.79,0,0,0,0,0,0,0,0,0,0,0,0,0,0,0,0,0,0,0,0,0,0,0
101,2017,234,2330,12.15,0,0,0,0,0,0,0,-81.3,-23.2,0,0,0,0,0,0,0,0,0,0,0,0,0,0,0,0,0,0,0,0,0,0,0
101,2017,234,2340,12.15,0,0,0,0,0,0,0,-77.5,-22.99,0,0,0,0,0,0,0,0,0,0,0,0,0,0,0,0,0,0,0,0,0,0,0
101,2017,234,2350,12.15,0,0,0,0,0,0,0,-78.6,-25.02,0,0,0,0,0,0,0,0,0,0,0,0,0,0,0,0,0,0,0,0,0,0,0
101,2017,234,2400,12.15,0,0,0,0,0,0,0,-79.1,-28.55,0,0,0,0,0,0,0,0,0,0,0,0,0,0,0,0,0,0,0,0,0,0,0
102,2017,234,2400,12.14,5266
101,2017,235,10,12.14,0,0,0,0,0,0,0,-77.6,-29.22,0,0,0,0,0,0,0,0,0,0,0,0,0,0,0,0,0,0,0,0,0,0,0
101,2017,235,20,12.15,0,0,0,0,0,0,0,-76,-29.53,0,0,0,0,0,0,0,0,0,0,0,0,0,0,0,0,0,0,0,0,0,0,0
101,2017,235,30,12.15,0,0,0,0,0,0,0,-75.9,-29.27,0,0,0,0,0,0,0,0,0,0,0,0,0,0,0,0,0,0,0,0,0,0,0
101,2017,235,40,12.15,0,0,0,0,0,0,0,-74.5,-29.47,0,0,0,0,0,0,0,0,0,0,0,0,0,0,0,0,0,0,0,0,0,0,0
101,2017,235,50,12.15,0,0,0,0,0,0,0,-59.47,-28.74,0,0,0,0,0,0,0,0,0,0,0,0,0,0,0,0,0,0,0,0,0,0,0
101,2017,235,100,12.15,0,0,0,0,0,0,0,-32.82,-28.87,0,0,0,0,0,0,0,0,0,0,0,0,0,0,0,0,0,0,0,0,0,0,0
101,2017,235,110,12.15,0,0,0,0,0,0,0,-29.83,-28.08,0,0,0,0,0,0,0,0,0,0,0,0,0,0,0,0,0,0,0,0,0,0,0
101,2017,235,120,12.15,0,0,0,0,0,0,0,-24.4,-26.62,0,0,0,0,0,0,0,0,0,0,0,0,0,0,0,0,0,0,0,0,0,0,0
101,2017,235,130,12.15,0,0,0,0,0,0,0,-19.81,-24.17,0,0,0,0,0,0,0,0,0,0,0,0,0,0,0,0,0,0,0,0,0,0,0
101,2017,235,140,12.15,0,0,0,0,0,0,0,-18.6,-21.8,0,0,0,0,0,0,0,0,0,0,0,0,0,0,0,0,0,0,0,0,0,0,0
101,2017,235,150,12.15,0,0,0,0,0,0,0,-15.03,-20.91,0,0,0,0,0,0,0,0,0,0,0,0,0,0,0,0,0,0,0,0,0,0,0
101,2017,235,200,12.15,0,0,0,0,0,0,0,-11.59,-20.02,0,0,0,0,0,0,0,0,0,0,0,0,0,0,0,0,0,0,0,0,0,0,0
101,2017,235,210,12.15,0,0,0,0,0,0,0,-12.43,-19.82,0,0,0,0,0,0,0,0,0,0,0,0,0,0,0,0,0,0,0,0,0,0,0
101,2017,235,220,12.14,0,0,0,0,0,0,0,-12.44,-19.43,0,0,0,0,0,0,0,0,0,0,0,0,0,0,0,0,0,0,0,0,0,0,0
101,2017,235,230,12.14,0,0,0,0,0,0,0,-11.71,-20.36,0,0,0,0,0,0,0,0,0,0,0,0,0,0,0,0,0,0,0,0,0,0,0
101,2017,235,240,12.14,0,0,0,0,0,0,0,-11.89,-21.47,0,0,0,0,0,0,0,0,0,0,0,0,0,0,0,0,0,0,0,0,0,0,0
101,2017,235,250,12.15,0,0,0,0,0,0,0,-11.37,-21.59,0,0,0,0,0,0,0,0,0,0,0,0,0,0,0,0,0,0,0,0,0,0,0
101,2017,235,300,12.15,0,0,0,0,0,0,0,-12.52,-21.75,0,0,0,0,0,0,0,0,0,0,0,0,0,0,0,0,0,0,0,0,0,0,0
101,2017,235,310,12.15,0,0,0,0,0,0,0,-12.23,-21.92,0,0,0,0,0,0,0,0,0,0,0,0,0,0,0,0,0,0,0,0,0,0,0
101,2017,235,320,12.15,0,0,0,0,0,0,0,-10.31,-21.26,0,0,0,0,0,0,0,0,0,0,0,0,0,0,0,0,0,0,0,0,0,0,0
101,2017,235,330,12.15,0,0,0,0,0,0,0,-10.57,-20.93,0,0,0,0,0,0,0,0,0,0,0,0,0,0,0,0,0,0,0,0,0,0,0
101,2017,235,340,12.14,0,0,0,0,0,0,0,-11.21,-20.8,0,0,0,0,0,0,0,0,0,0,0,0,0,0,0,0,0,0,0,0,0,0,0
101,2017,235,350,12.14,0,0,0,0,0,0,0,-13.14,-20.26,0,0,0,0,0,0,0,0,0,0,0,0,0,0,0,0,0,0,0,0,0,0,0
101,2017,235,400,12.14,0,0,0,0,0,0,0,-13.83,-20.8,0,0,0,0,0,0,0,0,0,0,0,0,0,0,0,0,0,0,0,0,0,0,0
101,2017,235,410,12.14,0,0,0,0,0,0,0,-14.5,-19.77,0,0,0,0,0,0,0,0,0,0,0,0,0,0,0,0,0,0,0,0,0,0,0
101,2017,235,420,12.14,0,0,0,0,0,0,0,-13.97,-18.97,0,0,0,0,0,0,0,0,0,0,0,0,0,0,0,0,0,0,0,0,0,0,0
101,2017,235,430,12.14,0,0,0,0,0,0,0,-15.09,-18.31,0,0,0,0,0,0,0,0,0,0,0,0,0,0,0,0,0,0,0,0,0,0,0
101,2017,235,440,12.14,0,0,0,0,0,0,0,-15.25,-17.7,0,0,0,0,0,0,0,0,0,0,0,0,0,0,0,0,0,0,0,0,0,0,0
101,2017,235,450,12.14,0,0,0,0,0,0,0,5.097,-16.88,0,0,0,0,0,0,0,0,0,0,0,0,0,0,0,0,0,0,0,0,0,0,0
101,2017,235,500,12.14,0,0,0,0,0,0,0,16.77,-16.53,0,0,0,0,0,0,0,0,0,0,0,0,0,0,0,0,0,0,0,0,0,0,0
101,2017,235,510,12.14,0,0,0,0,0,0,0,19.13,-16.24,0,0,0,0,0,0,0,0,0,0,0,0,0,0,0,0,0,0,0,0,0,0,0
101,2017,235,520,12.14,0,0,0,0,0,0,0,17.43,-16.22,0,0,0,0,0,0,0,0,0,0,0,0,0,0,0,0,0,0,0,0,0,0,0
101,2017,235,530,12.14,0,0,0,0,0,0,0,19.27,-16.02,0,0,0,0,0,0,0,0,0,0,0,0,0,0,0,0,0,0,0,0,0,0,0
101,2017,235,540,12.14,0,0,0,0,0,0,0,19.05,-16,0,0,0,0,0,0,0,0,0,0,0,0,0,0,0,0,0,0,0,0,0,0,0
101,2017,235,550,12.14,0,0,0,0,0,0,0,15.7,-16.03,0,0,0,0,0,0,0,0,0,0,0,0,0,0,0,0,0,0,0,0,0,0,0
101,2017,235,600,12.14,0,0,0,0,0,0,0,13.42,-16.07,0,0,0,0,0,0,0,0,0,0,0,0,0,0,0,0,0,0,0,0,0,0,0
101,2017,235,610,12.14,0,0,0,0,0,0,0,10.8,-16.51,0,0,0,0,0,0,0,0,0,0,0,0,0,0,0,0,0,0,0,0,0,0,0
101,2017,235,620,12.14,0,0,0,0,0,0,0,7.62,-16.6,0,.005,0,0,0,0,.002,0,0,0,0,0,0,0,0,0,0,0,0,0,0,0,0
101,2017,235,630,12.14,.012,0,0,.015,.007,.002,0,9.75,-16.49,0,.085,.002,.01,.002,.057,.052,.022,.057,.018,0,.023,.003,.008,.045,0,0,.015,0,0,.002,0,0
101,2017,235,640,12.14,.054,.027,.022,.102,.052,.035,.025,11.22,-16.49,.028,.489,.032,.047,.04,.362,.365,.096,.357,.099,.028,.119,.039,.042,.307,.042,.037,.094,.01,.027,.044,.015,.02
101,2017,235,650,12.14,.154,.067,.045,.313,.159,.099,.054,6.716,-17.21,.075,1.465,.092,.144,.121,1.163,1.185,.283,1.076,.302,.08,.352,.109,.121,.996,.119,.099,.298,.034,.045,.132,.034,.049
101,2017,235,700,12.14,.29,.129,.085,.561,.302,.191,.112,7.43,-16.77,.137,2.819,.179,.266,.231,2.271,2.32,.508,2.08,.538,.154,.645,.203,.226,1.951,.223,.196,.531,.052,.091,.25,.06,.091
101,2017,235,710,12.14,.426,.196,.129,.873,.431,.283,.163,6.526,-16.93,.209,4.356,.27,.396,.34,3.431,3.471,.779,3.178,.825,.228,.97,.3,.345,2.873,.337,.29,.794,.08,.139,.369,.099,.139
101,2017,235,720,12.14,.546,.261,.174,1.183,.561,.384,.218,3.525,-17.94,.28,5.971,.349,.494,.437,4.859,4.569,1.076,4.27,1.12,.308,1.342,.407,.442,3.838,.437,.387,1.068,.101,.179,.466,.124,.181
101,2017,235,730,12.14,.662,.317,.216,1.44,.694,.451,.268,-1.668,-20.17,.367,11.56,.434,.607,.618,8.84,5.618,1.428,5.234,1.388,.379,1.664,.476,.553,4.751,.545,.461,1.307,.132,.223,.573,.164,.225
101,2017,235,740,12.14,.769,.365,.263,1.669,.811,.546,.322,-4.708,-20.39,.441,53.71,.786,.773,.803,9.79,6.499,1.775,6.808,1.653,.431,5.814,.917,.788,5.568,.623,.566,1.483,.166,.263,.66,.178,.273
101,2017,235,750,12.14,1.081,.456,.33,2.201,1.002,.712,.396,-9.58,-20.11,.531,63.08,1.014,1.118,.94,10.42,7.4,2.221,14.29,1.996,.458,14.01,1.508,2.082,6.38,.699,.714,1.681,.204,.337,.747,.213,.32
101,2017,235,800,12.14,1.099,.493,.402,2.402,1.165,.861,.456,-11.13,-21.38,.623,70.7,1.185,1.277,1.046,10.95,8.09,2.368,45.52,2.361,.536,11.9,1.74,7.41,6.603,.791,.779,1.941,.235,1.205,.855,.255,.375
101,2017,235,810,12.14,1.324,.476,.432,2.398,1.249,.937,.546,-15.32,-19.18,.667,77.7,1.327,1.361,1.093,10.32,8.16,2.335,51.71,2.559,.551,11.56,5.197,9.36,8.72,.808,.793,1.966,.236,.391,.845,.27,.402
101,2017,235,820,12.14,1.088,.488,.473,2.462,1.401,1.086,.699,-16.5,-18.49,.721,83.6,1.463,1.453,1.138,10.06,8.23,2.439,57.36,2.775,.578,12.06,2.894,2.842,11.62,.838,.809,2.025,.263,.409,.861,.287,.422
101,2017,235,830,12.14,1.151,.528,.546,2.708,1.735,8.46,.615,-12.78,-18.42,.784,89.3,1.602,1.54,1.215,10.39,12.09,2.621,63.08,3.035,.615,12.55,2.519,1.671,11.05,.903,.87,2.123,.287,.436,.897,1.175,.449
101,2017,235,840,12.14,1.306,.587,.607,3.062,2.082,29.75,1.545,3.752,-19.02,.818,94.3,1.743,1.639,1.304,10.88,23.79,2.874,68.47,3.246,.669,11.38,1.867,14.71,10.31,1.017,.952,2.217,.302,.436,.947,6.106,.811
101,2017,235,850,12.14,5.807,.682,.674,3.865,2.531,31.72,1.163,11.78,-20.65,.89,98.4,1.503,1.966,1.393,12.83,28.71,3.117,73.3,4.163,.719,6.883,1.892,48.79,9.54,3.253,1.047,2.315,.31,.464,.997,.925,.55
101,2017,235,900,12.15,1.512,.727,.768,9.09,3.005,35.13,1.877,14.62,-21.89,.964,102.2,1.351,13.76,1.456,16.53,33.81,3.401,77.8,3.828,.779,6.339,2.009,46.68,9.37,1.14,1.141,2.418,.335,.489,1.044,.374,.62
101,2017,235,910,12.15,1.57,.776,.84,32.93,3.171,11.2,.67,-11.05,-21.66,1.009,105.8,1.445,3.079,1.554,21.46,38.6,3.623,82,4.114,.85,5.738,2.082,14.55,9.65,1.195,1.785,2.519,.365,.518,1.091,.402,.533
101,2017,235,920,12.15,1.741,.871,1.002,31.29,3.331,2.09,.7,-23.87,-18.2,1.081,109,1.53,6.246,1.654,26.56,43.73,3.962,85.7,4.707,.95,5.689,13.61,42.52,10.06,1.374,11.57,2.68,.374,.561,1.161,.426,.57
101,2017,235,930,12.15,2.173,1.096,15.23,28.01,3.785,2.793,1.186,-27.41,-17.16,1.25,111,1.609,6.402,1.878,30.92,47.75,5.147,87.8,6.133,1.099,6.394,2.374,14.69,10.64,1.568,4.358,2.855,.397,.62,1.24,.439,.627
101,2017,235,940,12.15,2.537,1.178,22.92,26,4.251,2.889,.839,-29.46,-15.13,1.339,119,1.927,11.5,2.104,37.67,55.53,5.127,95.8,18.52,1.297,6.186,3.21,34.16,11.87,1.788,1.756,3.391,.419,.699,1.387,.489,.734
101,2017,235,950,12.15,4.068,2.016,51.88,22.91,8.15,8.07,1.193,-27.7,-14.59,1.779,108.7,2.173,6.457,2.939,40.25,54.82,7.77,88.2,9.63,1.536,7.6,9.6,8.18,13.69,8.15,2.362,4.502,.57,.916,1.603,.556,1.062
101,2017,235,1000,12.15,5.519,2.511,44.82,20.02,20.1,10.67,1.106,-31.74,-12.95,1.908,96.5,2.302,3.709,2.501,40.03,50.78,8.75,78.9,22.27,1.543,8.09,4.224,5.691,15,8.58,2.614,4.564,.484,.997,1.709,.555,.906
101,2017,235,1010,12.15,5.604,2.818,5.894,12.62,6.849,3.877,1.288,-41.21,-15.15,2.136,47.2,2.451,3.56,2.649,30.05,30.43,9.06,39.74,14.54,1.87,7.92,2.786,4.906,19.09,3.148,3.259,7.84,.534,1.193,2.776,.578,1.166
101,2017,235,1020,12.15,6.608,4.56,4.554,16.81,12.03,3.458,1.235,-42.26,-17.38,2.684,69.64,2.3,3.465,2.496,37.89,38.71,9.91,59.94,33.6,2.108,9.02,2.821,8.13,18.99,4.346,3.356,7.52,.498,1.195,2.163,.575,1.086
101,2017,235,1030,12.15,6.926,3.116,1.779,13.39,5.276,2.954,1.193,-44.63,-19.3,2.625,42.66,2.414,3.681,2.558,29.53,30.07,9.56,36.13,12.38,1.655,8.49,2.471,2.914,20.06,2.852,3.337,8.07,.6,1.29,2.481,.55,1.101
101,2017,235,1040,12.15,10.22,6.102,3.076,30.6,37.63,5.722,2.191,-39.09,-19.12,25.93,111.8,3.47,5.355,4.849,71.4,55.52,11.86,99.2,16.16,2.964,32.58,3.865,5.477,38.06,5.241,5.273,13.61,1.022,2.48,4.627,1.044,2.113
101,2017,235,1050,12.15,7.01,3.493,2.2,18.93,14.71,5.598,1.761,-47.33,-18.85,14.17,66.48,3.391,3.899,4.034,47.97,38.39,9.98,59.35,13.06,2.756,16.91,3.074,3.827,29.41,5.365,4.167,12.38,.722,2.607,4.033,.916,1.773
101,2017,235,1100,12.15,7.05,2.999,2.116,14.26,5.68,3.582,1.763,-49.31,-15.92,2.681,48.78,3.538,4.297,3.6,39.24,37.79,10.45,43.13,13.97,2.716,9,3.032,3.934,27.89,3.47,4.351,12.36,.781,1.687,4.165,.811,1.644
101,2017,235,1110,12.15,7.42,3.105,2.201,15.5,6.021,3.626,1.769,-50.56,-14.88,3.049,50.61,3.15,4.391,3.827,40.11,37.95,10.31,44.8,14.63,2.493,9.56,3.022,3.992,27.89,3.875,4.209,12.45,.809,1.742,4.125,.794,1.741
101,2017,235,1120,12.15,7.89,3.941,4.406,23.49,6.41,4.014,1.737,-49.34,-13.74,3.11,71.4,4.849,4.106,4.178,55.18,39.97,10.64,63.83,32.89,3.624,11.71,2.843,4.341,32.36,4.778,7.17,21.56,.791,2.017,4.093,.928,1.927
101,2017,235,1130,12.15,8.14,4.219,8.04,41.02,7.23,6.492,1.781,-46.31,-13.22,3.14,98.3,4.49,3.761,4.142,73.3,39.75,10.31,88.7,58.01,3.75,13.07,3.002,4.207,39,5.192,9.17,45.4,.766,1.747,4.1,1.081,1.709
101,2017,235,1140,12.15,7.71,4.235,3.934,24.24,5.465,6.021,2.081,-50.42,-13.21,4.705,71.3,5.499,4.517,5.562,62.43,46.03,9.89,67.29,18.07,4.601,11.96,2.888,4.388,39,4.705,5.655,33.55,.915,2.158,5.391,1.106,2.656
101,2017,235,1150,12.16,7,4.869,2.471,33.05,5.423,4.009,2.33,-52.29,-13.14,10.32,81.7,7.56,4.272,9.46,74.3,64.5,9.25,77.7,19.95,4.619,16.16,2.855,4.195,45.3,4.827,4.837,43.67,.93,1.997,6.511,1.24,2.322
101,2017,235,1200,12.16,6.705,18.12,2.91,44.3,5.316,4.261,2.024,-50.8,-13.61,3.817,105.7,11.84,4.239,9.63,87.8,80.5,9.67,99.8,35.88,6.135,12.43,2.942,15.16,48.68,4.572,5.254,60.17,.982,4.302,5.606,1.154,2.233
101,2017,235,1210,12.16,6.32,48.75,2.624,41.71,4.939,3.979,1.984,-51.13,-13.21,3.006,103,5.505,4.212,5.226,88.5,82.6,9.26,97.5,34.68,21.39,8.64,2.816,47.1,49.84,4.199,5.795,61.67,1.002,4.152,5.423,1.117,2.387
101,2017,235,1220,12.16,7.97,17.57,2.825,18.36,5.351,4.574,2.134,-55.87,-12.62,3.575,77.3,5.822,5.231,5.721,69.73,64.13,11.09,71.8,18.68,5.465,10.1,3.463,5.728,44.54,4.299,6.365,37.72,1.059,2.572,5.189,1.074,2.684
101,2017,235,1230,12.16,8.07,11,2.469,15.93,5.621,4.751,1.898,-56.88,-12.32,3.364,77.6,5.659,5.076,4.386,65.7,60.9,11.41,70.7,19.44,4.699,9.77,3.483,4.971,40.64,4.218,5.941,36.59,.903,2.129,4.853,1.012,1.88
101,2017,235,1240,12.16,6.059,5.411,2.215,13.82,4.756,4.206,1.764,-57.11,-13.01,3.059,114.9,5.779,4.349,6.16,102.4,88.2,9.8,111.4,52.75,25.95,8.49,2.895,4.994,57.33,3.962,5.706,79,.967,2.126,5.155,1.231,2.27
101,2017,235,1250,12.16,6.069,3.717,1.965,11.17,3.942,4.553,1.663,-58.45,-12.91,5.496,99.4,5.583,4.273,4.362,92.2,73.6,8.97,96,63.94,43.08,7.45,2.727,4.751,52.52,3.829,8.69,67.92,.826,2.414,4.372,1.405,2.213
101,2017,235,1300,12.16,3.518,1.965,1.397,6.109,2.834,48.83,2.771,-30.59,-13.18,18.87,107.2,3.749,2.908,9.81,108,80.1,5.694,108.5,63.76,16.83,5.32,2.194,8.06,62.3,2.73,44.74,88.9,.864,1.687,4.303,1.194,2.092
101,2017,235,1310,12.16,2.695,1.719,1.444,4.633,2.24,2.921,3.933,-59.49,-12.73,2.087,105.3,12.91,2.198,3.628,111.7,93.9,4.581,109.7,16.01,4.597,4.324,7.62,17.08,64.44,2.727,72.6,94.2,.769,1.523,3.928,1.327,2.029
101,2017,235,1320,12.16,2.737,2.122,3.298,5.123,2.29,13.32,4.587,-52.24,-12.53,1.926,103.5,69.24,2.266,3.819,113.6,103.7,4.615,109.4,11.57,5.545,4.302,1.883,19.46,66.5,2.801,59.57,95.5,.806,1.752,4.04,7.19,2.096
101,2017,235,1330,12.16,2.318,1.449,1.101,3.838,2.099,4.169,31.4,-59.72,-9,6.359,98.8,63.09,2.112,3.781,113.6,98.4,4.054,106.3,8.26,5.442,3.881,1.637,26.66,66.95,2.533,23.15,96.7,.772,34.67,3.968,3.75,2.09
101,2017,235,1340,12.16,2.134,1.255,1.025,3.79,2.077,1.842,19.96,-62.48,-10.79,2.1,94.9,7.01,1.96,3.497,113.4,62.4,4.154,103.2,7.24,4.63,3.857,1.668,4.052,67.12,2.553,25.7,95.4,.749,3.315,3.901,1.172,1.789
101,2017,235,1350,12.16,2.151,1.241,1.043,4.052,2.373,2.11,1.528,-64.2,-13.34,3.467,83.1,5.8,2.069,4.303,100.9,22.45,4.474,90.4,8.08,4.139,6.405,1.693,43.81,60.04,2.608,4.243,83,.68,1.839,3.68,1,1.899
101,2017,235,1400,12.16,3.822,1.996,1.574,7.25,3.934,4.078,1.794,-63.05,-13.52,8.8,86.9,33.62,3.139,12.47,107,30.26,6.696,95.4,10.73,5.507,6.329,2.274,15.15,63.98,3.604,4.308,83.4,.814,2.424,4.576,1.166,3.229
101,2017,235,1410,12.16,3.832,1.774,1.42,6.941,19.44,2.558,1.737,-64.26,-13.2,10.65,83.9,67.82,6.929,22.74,110.3,25.97,6.227,94.1,7.99,5.174,9.37,2.301,3.437,68.27,2.963,3.861,86,.985,7.6,4.956,1.209,2.876
101,2017,235,1420,12.16,2.517,1.244,1.109,4.906,2.614,2.236,1.409,-64.07,-14.14,1.955,82.4,31.44,3.177,34.39,116.3,25.77,5.011,95.7,7.07,4.373,24.62,1.857,3.164,71.1,2.753,3.551,94.2,.837,54.75,4.222,1.182,2.422
101,2017,235,1430,12.16,2.105,1.174,1.043,3.988,2.434,2.839,34.5,-62.19,-9.33,1.934,71.1,4.74,2.447,33.09,106.5,27.39,4.251,84.8,6.877,4.154,5.284,1.74,2.71,66.04,2.815,3.053,84.9,.821,2.511,3.902,1.097,5.252
101,2017,235,1440,12.16,4.927,2.172,1.817,8.83,3.859,9.39,27.46,-58.31,-10.02,4.837,82.9,5.149,3.966,33.05,124.5,47.5,7.84,99.7,9.62,11.96,7.59,2.745,3.81,78.8,4.219,4.643,93.3,1.114,22.27,4.569,1.367,56.2
101,2017,235,1450,12.17,3.882,1.849,1.613,9.04,4.018,28.22,10.99,-44.41,-12.36,68.18,70,4.196,3.929,26.6,115.3,65.05,6.472,86.7,8.41,22.74,26.22,2.593,3.507,75.1,4.192,3.953,66.77,1.182,31.46,5.045,1.33,15.66
101,2017,235,1500,12.16,4.105,1.963,1.658,7.78,3.789,7.74,2.809,-58.21,-13.68,19.97,47.48,4.547,3.785,9.85,68.38,50.35,6.458,53.12,9.49,13.1,9.66,2.427,4.102,45.99,11.12,3.936,22.3,.864,2.924,4.537,.983,20.38
101,2017,235,1510,12.16,3.348,1.363,1.352,6.465,3.422,5.041,1.782,-61.09,-13.73,49.61,49.36,3.268,3.088,7.8,92.4,72,5.522,64.83,6.828,5.931,5.839,2.082,2.923,60.58,31.7,3.09,11.46,.873,1.8,4.447,.866,11.9
101,2017,235,1520,12.16,1.675,.916,1.017,3.32,2.162,5.49,1.38,-63.04,-14,13.08,28.68,3.303,2.114,4.241,49.27,38.29,3.308,33.68,6.43,5.406,3.579,1.452,2.708,32.36,3.938,2.355,12.89,.489,1.228,3.507,.657,2.608
101,2017,235,1530,12.16,2.023,1.008,2.223,3.681,2.707,2.439,1.797,-64.55,-13.7,3.768,29.76,3.711,3.321,5.184,51.25,42.06,3.557,35.62,6.671,4.971,4.17,1.574,3.438,35.7,7.01,3.222,17.07,.695,1.599,5.145,.919,3.021
101,2017,235,1540,12.16,2.097,.859,1.079,3.777,2.586,2.001,1.658,-64.46,-14.02,2.638,28.83,3.304,2.526,4.502,58.29,47.15,3.683,36.87,5.316,5.21,4.206,1.482,3.137,39.11,4.849,4.336,13.03,.586,1.33,4.393,.864,2.422
101,2017,235,1550,12.16,1.149,.533,.727,2.234,1.933,1.449,1.355,-63.64,-14.08,1.846,17.78,2.279,1.946,3.648,31.11,25.31,2.258,19.92,3.361,3.137,3.181,1.137,2.403,22.79,2.625,1.643,11.21,.432,1.002,3.428,.63,2.085
101,2017,235,1600,12.16,.866,.435,.414,1.876,1.298,.831,.866,-62.79,-13.99,1.048,11.78,1.152,1.104,2.057,18.42,16.25,1.811,11.72,2.382,1.667,2.42,.837,1.383,14.62,1.668,.869,5.879,.31,.531,2.43,.457,1.136
101,2017,235,1610,12.16,.978,.479,.43,2.332,7.63,.868,.826,-61.31,-13.82,.916,16.79,1.461,1.099,1.792,69.83,56.75,2.047,10.45,2.645,1.752,2.615,.853,1.323,46.06,2.6,1.276,4.469,.291,.514,2.337,.724,.779
101,2017,235,1620,12.16,.973,.464,.41,2.072,2.387,.814,.829,-62.58,-15.03,.838,14.6,1.462,1.057,1.658,78.4,62.94,2.022,9.44,2.38,1.355,2.571,.812,8.01,51.57,25.52,1.23,3.821,.27,.479,1.972,.76,.72
101,2017,235,1630,12.16,.911,.439,.397,1.895,1.121,.774,.782,-61.96,-15.14,.781,12.46,1.35,.995,1.524,74.1,58.4,1.947,8.93,2.228,1.256,2.457,.787,3.868,48.9,22.81,1.086,3.479,.26,.437,1.774,.516,.687
101,2017,235,1640,12.16,.834,.422,.36,1.779,1.045,.709,.683,-61.57,-14.95,.702,11.69,1.079,.895,1.349,65.64,50.95,1.866,8.38,2.176,1.273,2.325,.742,3.2,43.58,14.34,1.024,3.102,.223,.415,1.586,.419,.635
101,2017,235,1650,12.16,.784,.404,.35,1.7,1.044,.727,.61,-59.11,-14.65,.92,11.3,.931,.846,1.349,55.45,42.08,1.781,8.93,2.285,1.555,2.196,.759,1.015,37.12,9.1,1.027,3.511,.219,.425,1.365,.333,.745
101,2017,235,1700,12.16,.821,.424,.395,1.722,1.047,.729,.583,-58.47,-14.53,.759,10.05,1.019,.953,1.585,56.21,42.95,1.746,9.41,2.3,1.266,2.178,.864,1.109,38.85,6.063,1.193,4.317,.235,.444,1.481,.327,.879
101,2017,235,1710,12.15,.791,.389,.313,1.622,.918,.581,.461,-55.94,-14.35,.591,8.27,.677,.781,1.114,44.1,30.84,1.536,7.33,1.774,.963,1.94,.613,1.045,32.19,4.068,.96,2.979,.203,.367,1.168,.258,.541
101,2017,235,1720,12.15,.618,.31,.25,1.288,.725,.444,.359,-54.58,-14.09,.444,6.544,.488,.632,.809,21.52,15.13,1.203,5.557,1.355,.657,1.605,.479,.625,16.6,.98,.568,2.072,.151,.28,.866,.208,.375
101,2017,235,1730,12.15,.529,.261,.203,1.117,.618,.4,.303,-51.85,-13.89,.39,5.651,.432,.538,.668,24.93,21.99,1.066,4.701,1.164,.546,1.407,.424,.519,6.363,.7,.462,1.707,.134,.236,.7,.171,.303
101,2017,235,1740,12.15,.449,.221,.166,.933,.511,.33,.245,-50.43,-13.84,.312,4.691,.369,.457,.519,11.99,9.43,.833,3.863,.97,.436,1.166,.36,.434,4.733,.509,.367,1.372,.109,.191,.556,.134,.238
101,2017,235,1750,12.15,.38,.174,.129,.725,.412,.253,.186,-48.75,-13.86,.24,3.54,.275,.375,.402,4.329,4.093,.64,2.919,.732,.342,.883,.273,.34,3.466,.397,.275,1.007,.077,.147,.426,.106,.176
101,2017,235,1800,12.15,.27,.117,.087,.498,.288,.171,.127,-49.1,-13.88,.164,2.27,.184,.253,.281,2.838,2.718,.434,1.962,.483,.233,.568,.183,.231,2.337,.271,.188,.689,.057,.101,.307,.07,.122
101,2017,235,1810,12.15,.129,.054,.045,.241,.136,.079,.062,-48.67,-14.03,.077,1.014,.087,.119,.136,1.258,1.231,.201,.901,.233,.102,.278,.085,.104,1.079,.126,.095,.352,.032,.05,.151,.035,.054
101,2017,235,1820,12.15,.039,.015,.01,.067,.037,.022,.013,-46.03,-13.16,.02,.285,.02,.034,.04,.342,.337,.059,.258,.07,.027,.074,.02,.034,.298,.04,.025,.101,0,.012,.044,.007,.013
101,2017,235,1830,12.15,0,0,0,.003,0,0,0,-43.57,-12.23,0,.037,0,0,0,.047,.045,.002,.032,.007,0,.007,0,0,.039,0,0,.013,0,0,.002,0,0
101,2017,235,1840,12.15,0,0,0,0,0,0,0,-41.25,-12.39,0,0,0,0,0,0,0,0,0,0,0,0,0,0,0,0,0,0,0,0,0,0,0
101,2017,235,1850,12.15,0,0,0,0,0,0,0,-39.62,-12.92,0,0,0,0,0,0,0,0,0,0,0,0,0,0,0,0,0,0,0,0,0,0,0
101,2017,235,1900,12.15,0,0,0,0,0,0,0,-38.3,-13.68,0,0,0,0,0,0,0,0,0,0,0,0,0,0,0,0,0,0,0,0,0,0,0
101,2017,235,1910,12.15,0,0,0,0,0,0,0,-37.65,-14.1,0,0,0,0,0,0,0,0,0,0,0,0,0,0,0,0,0,0,0,0,0,0,0
101,2017,235,1920,12.15,0,0,0,0,0,0,0,-37.45,-13.9,0,0,0,0,0,0,0,0,0,0,0,0,0,0,0,0,0,0,0,0,0,0,0
101,2017,235,1930,12.15,0,0,0,0,0,0,0,-36.61,-13.57,0,0,0,0,0,0,0,0,0,0,0,0,0,0,0,0,0,0,0,0,0,0,0
101,2017,235,1940,12.15,0,0,0,0,0,0,0,-35.63,-13.25,0,0,0,0,0,0,0,0,0,0,0,0,0,0,0,0,0,0,0,0,0,0,0
101,2017,235,1950,12.15,0,0,0,0,0,0,0,-36.02,-13.42,0,0,0,0,0,0,0,0,0,0,0,0,0,0,0,0,0,0,0,0,0,0,0
101,2017,235,2000,12.15,0,0,0,0,0,0,0,-34.89,-14.03,0,0,0,0,0,0,0,0,0,0,0,0,0,0,0,0,0,0,0,0,0,0,0
101,2017,235,2010,12.15,0,0,0,0,0,0,0,-32.73,-14.31,0,0,0,0,0,0,0,0,0,0,0,0,0,0,0,0,0,0,0,0,0,0,0
101,2017,235,2020,12.14,0,0,0,0,0,0,0,-30.84,-14.74,0,0,0,0,0,0,0,0,0,0,0,0,0,0,0,0,0,0,0,0,0,0,0
101,2017,235,2030,12.14,0,0,0,0,0,0,0,-29.37,-14.5,0,0,0,0,0,0,0,0,0,0,0,0,0,0,0,0,0,0,0,0,0,0,0
101,2017,235,2040,12.14,0,0,0,0,0,0,0,-32.24,-14.21,0,0,0,0,0,0,0,0,0,0,0,0,0,0,0,0,0,0,0,0,0,0,0
101,2017,235,2050,12.14,0,0,0,0,0,0,0,-31.22,-13.9,0,0,0,0,0,0,0,0,0,0,0,0,0,0,0,0,0,0,0,0,0,0,0
101,2017,235,2100,12.14,0,0,0,0,0,0,0,-31.45,-13.89,0,0,0,0,0,0,0,0,0,0,0,0,0,0,0,0,0,0,0,0,0,0,0
101,2017,235,2110,12.14,0,0,0,0,0,0,0,-31.03,-13.21,0,0,0,0,0,0,0,0,0,0,0,0,0,0,0,0,0,0,0,0,0,0,0
101,2017,235,2120,12.14,0,0,0,0,0,0,0,-30.52,-12.99,0,0,0,0,0,0,0,0,0,0,0,0,0,0,0,0,0,0,0,0,0,0,0
101,2017,235,2130,12.14,0,0,0,0,0,0,0,-30.88,-13.15,0,0,0,0,0,0,0,0,0,0,0,0,0,0,0,0,0,0,0,0,0,0,0
101,2017,235,2140,12.14,0,0,0,0,0,0,0,-32.03,-13.56,0,0,0,0,0,0,0,0,0,0,0,0,0,0,0,0,0,0,0,0,0,0,0
101,2017,235,2150,12.14,0,0,0,0,0,0,0,-31.52,-13.64,0,0,0,0,0,0,0,0,0,0,0,0,0,0,0,0,0,0,0,0,0,0,0
101,2017,235,2200,12.14,0,0,0,0,0,0,0,-30.29,-13.34,0,0,0,0,0,0,0,0,0,0,0,0,0,0,0,0,0,0,0,0,0,0,0
101,2017,235,2210,12.14,0,0,0,0,0,0,0,-29.3,-13.31,0,0,0,0,0,0,0,0,0,0,0,0,0,0,0,0,0,0,0,0,0,0,0
101,2017,235,2220,12.14,0,0,0,0,0,0,0,-28.17,-13.56,0,0,0,0,0,0,0,0,0,0,0,0,0,0,0,0,0,0,0,0,0,0,0
101,2017,235,2230,12.14,0,0,0,0,0,0,0,-27.12,-13.57,0,0,0,0,0,0,0,0,0,0,0,0,0,0,0,0,0,0,0,0,0,0,0
101,2017,235,2240,12.13,0,0,0,0,0,0,0,-27.45,-13.35,0,0,0,0,0,0,0,0,0,0,0,0,0,0,0,0,0,0,0,0,0,0,0
101,2017,235,2250,12.13,0,0,0,0,0,0,0,-27.04,-13.24,0,0,0,0,0,0,0,0,0,0,0,0,0,0,0,0,0,0,0,0,0,0,0
101,2017,235,2300,12.13,0,0,0,0,0,0,0,-26.7,-13.51,0,0,0,0,0,0,0,0,0,0,0,0,0,0,0,0,0,0,0,0,0,0,0
101,2017,235,2310,12.13,0,0,0,0,0,0,0,-25.45,-13.74,0,0,0,0,0,0,0,0,0,0,0,0,0,0,0,0,0,0,0,0,0,0,0
101,2017,235,2320,12.13,0,0,0,0,0,0,0,-25.01,-14.12,0,0,0,0,0,0,0,0,0,0,0,0,0,0,0,0,0,0,0,0,0,0,0
101,2017,235,2330,12.13,0,0,0,0,0,0,0,-24.8,-14.29,0,0,0,0,0,0,0,0,0,0,0,0,0,0,0,0,0,0,0,0,0,0,0
101,2017,235,2340,12.13,0,0,0,0,0,0,0,-24.95,-14.29,0,0,0,0,0,0,0,0,0,0,0,0,0,0,0,0,0,0,0,0,0,0,0
101,2017,235,2350,12.13,0,0,0,0,0,0,0,-21.34,-14.77,0,0,0,0,0,0,0,0,0,0,0,0,0,0,0,0,0,0,0,0,0,0,0
101,2017,235,2400,12.13,0,0,0,0,0,0,0,-18.68,-15.62,0,0,0,0,0,0,0,0,0,0,0,0,0,0,0,0,0,0,0,0,0,0,0
102,2017,235,2400,12.13,5266
101,2017,236,10,12.13,0,0,0,0,0,0,0,-17.92,-15.87,0,0,0,0,0,0,0,0,0,0,0,0,0,0,0,0,0,0,0,0,0,0,0
101,2017,236,20,12.13,0,0,0,0,0,0,0,-21.36,-15.45,0,0,0,0,0,0,0,0,0,0,0,0,0,0,0,0,0,0,0,0,0,0,0
101,2017,236,30,12.13,0,0,0,0,0,0,0,-23.08,-15.09,0,0,0,0,0,0,0,0,0,0,0,0,0,0,0,0,0,0,0,0,0,0,0
101,2017,236,40,12.13,0,0,0,0,0,0,0,-25.98,-14.5,0,0,0,0,0,0,0,0,0,0,0,0,0,0,0,0,0,0,0,0,0,0,0
101,2017,236,50,12.13,0,0,0,0,0,0,0,-29.67,-13.74,0,0,0,0,0,0,0,0,0,0,0,0,0,0,0,0,0,0,0,0,0,0,0
101,2017,236,100,12.13,0,0,0,0,0,0,0,-28.35,-13.32,0,0,0,0,0,0,0,0,0,0,0,0,0,0,0,0,0,0,0,0,0,0,0
101,2017,236,110,12.13,0,0,0,0,0,0,0,-27.72,-13.64,0,0,0,0,0,0,0,0,0,0,0,0,0,0,0,0,0,0,0,0,0,0,0
101,2017,236,120,12.13,0,0,0,0,0,0,0,-26.94,-13.44,0,0,0,0,0,0,0,0,0,0,0,0,0,0,0,0,0,0,0,0,0,0,0
101,2017,236,130,12.13,0,0,0,0,0,0,0,-26.4,-13.37,0,0,0,0,0,0,0,0,0,0,0,0,0,0,0,0,0,0,0,0,0,0,0
101,2017,236,140,12.13,0,0,0,0,0,0,0,-25.81,-13.33,0,0,0,0,0,0,0,0,0,0,0,0,0,0,0,0,0,0,0,0,0,0,0
101,2017,236,150,12.13,0,0,0,0,0,0,0,-22.92,-13.82,0,0,0,0,0,0,0,0,0,0,0,0,0,0,0,0,0,0,0,0,0,0,0
101,2017,236,200,12.13,0,0,0,0,0,0,0,-20.03,-14,0,0,0,0,0,0,0,0,0,0,0,0,0,0,0,0,0,0,0,0,0,0,0
101,2017,236,210,12.13,0,0,0,0,0,0,0,-26.25,-13.2,0,0,0,0,0,0,0,0,0,0,0,0,0,0,0,0,0,0,0,0,0,0,0
101,2017,236,220,12.13,0,0,0,0,0,0,0,-28.26,-13.24,0,0,0,0,0,0,0,0,0,0,0,0,0,0,0,0,0,0,0,0,0,0,0
101,2017,236,230,12.13,0,0,0,0,0,0,0,-27.39,-12.97,0,0,0,0,0,0,0,0,0,0,0,0,0,0,0,0,0,0,0,0,0,0,0
101,2017,236,240,12.13,0,0,0,0,0,0,0,-26.67,-12.91,0,0,0,0,0,0,0,0,0,0,0,0,0,0,0,0,0,0,0,0,0,0,0
101,2017,236,250,12.13,0,0,0,0,0,0,0,-25.49,-12.97,0,0,0,0,0,0,0,0,0,0,0,0,0,0,0,0,0,0,0,0,0,0,0
101,2017,236,300,12.13,0,0,0,0,0,0,0,-25.61,-12.94,0,0,0,0,0,0,0,0,0,0,0,0,0,0,0,0,0,0,0,0,0,0,0
101,2017,236,310,12.12,0,0,0,0,0,0,0,-26.25,-12.96,0,0,0,0,0,0,0,0,0,0,0,0,0,0,0,0,0,0,0,0,0,0,0
101,2017,236,320,12.13,0,0,0,0,0,0,0,-26.07,-13.01,0,0,0,0,0,0,0,0,0,0,0,0,0,0,0,0,0,0,0,0,0,0,0
101,2017,236,330,12.13,0,0,0,0,0,0,0,-26.48,-12.92,0,0,0,0,0,0,0,0,0,0,0,0,0,0,0,0,0,0,0,0,0,0,0
101,2017,236,340,12.13,0,0,0,0,0,0,0,-25.44,-12.81,0,0,0,0,0,0,0,0,0,0,0,0,0,0,0,0,0,0,0,0,0,0,0
101,2017,236,350,12.13,0,0,0,0,0,0,0,-23.48,-13.04,0,0,0,0,0,0,0,0,0,0,0,0,0,0,0,0,0,0,0,0,0,0,0
101,2017,236,400,12.12,0,0,0,0,0,0,0,-25,-12.95,0,0,0,0,0,0,0,0,0,0,0,0,0,0,0,0,0,0,0,0,0,0,0
101,2017,236,410,12.12,0,0,0,0,0,0,0,-25.48,-13.19,0,0,0,0,0,0,0,0,0,0,0,0,0,0,0,0,0,0,0,0,0,0,0
101,2017,236,420,12.12,0,0,0,0,0,0,0,-25.95,-12.77,0,0,0,0,0,0,0,0,0,0,0,0,0,0,0,0,0,0,0,0,0,0,0
101,2017,236,430,12.12,0,0,0,0,0,0,0,-25.33,-12.88,0,0,0,0,0,0,0,0,0,0,0,0,0,0,0,0,0,0,0,0,0,0,0
101,2017,236,440,12.12,0,0,0,0,0,0,0,-25.31,-12.83,0,0,0,0,0,0,0,0,0,0,0,0,0,0,0,0,0,0,0,0,0,0,0
101,2017,236,450,12.12,0,0,0,0,0,0,0,-25.01,-12.87,0,0,0,0,0,0,0,0,0,0,0,0,0,0,0,0,0,0,0,0,0,0,0
101,2017,236,500,12.12,0,0,0,0,0,0,0,-24.41,-12.77,0,0,0,0,0,0,0,0,0,0,0,0,0,0,0,0,0,0,0,0,0,0,0
101,2017,236,510,12.13,0,0,0,0,0,0,0,-24.35,-12.68,0,0,0,0,0,0,0,0,0,0,0,0,0,0,0,0,0,0,0,0,0,0,0
101,2017,236,520,12.12,0,0,0,0,0,0,0,-24.09,-12.57,0,0,0,0,0,0,0,0,0,0,0,0,0,0,0,0,0,0,0,0,0,0,0
101,2017,236,530,12.12,0,0,0,0,0,0,0,-24.27,-12.49,0,0,0,0,0,0,0,0,0,0,0,0,0,0,0,0,0,0,0,0,0,0,0
101,2017,236,540,12.12,0,0,0,0,0,0,0,-24.34,-12.67,0,0,0,0,0,0,0,0,0,0,0,0,0,0,0,0,0,0,0,0,0,0,0
101,2017,236,550,12.12,0,0,0,0,0,0,0,-24.6,-12.96,0,0,0,0,0,0,0,0,0,0,0,0,0,0,0,0,0,0,0,0,0,0,0
101,2017,236,600,12.12,0,0,0,0,0,0,0,-24.39,-12.99,0,0,0,0,0,0,0,0,0,0,0,0,0,0,0,0,0,0,0,0,0,0,0
101,2017,236,610,12.12,0,0,0,0,0,0,0,-21.14,-13.15,0,0,0,0,0,0,0,0,0,0,0,0,0,0,0,0,0,0,0,0,0,0,0
101,2017,236,620,12.12,0,0,0,0,0,0,0,-21.52,-12.96,0,.012,0,0,0,.002,0,0,.003,0,0,0,0,0,0,0,0,0,0,0,0,0,0
101,2017,236,630,12.12,.013,0,0,.018,.01,.002,0,-22.47,-13.21,.002,.102,.002,.008,.007,.065,.065,.02,.072,.02,0,.028,.005,.008,.054,.005,.007,.018,0,0,.007,0,0
101,2017,236,640,12.12,.06,.027,.023,.117,.06,.042,.027,-23.86,-13.13,.034,.555,.039,.054,.044,.422,.422,.109,.407,.116,.034,.137,.044,.045,.357,.045,.04,.109,.012,.032,.05,.018,.025
101,2017,236,650,12.12,.169,.075,.047,.337,.171,.107,.065,-24.55,-12.65,.079,1.59,.099,.153,.134,1.272,1.297,.307,1.17,.325,.089,.382,.116,.131,1.091,.131,.112,.325,.034,.05,.144,.034,.052
101,2017,236,700,12.12,.31,.137,.091,.595,.32,.199,.114,-23.92,-12.66,.149,2.951,.184,.278,.25,2.395,2.46,.53,2.18,.561,.168,.694,.215,.241,2.07,.24,.204,.561,.05,.099,.266,.069,.096
101,2017,236,710,12.12,.449,.213,.141,.935,.454,.308,.178,-23.88,-12.61,.221,4.671,.277,.412,.36,3.612,3.684,.841,3.377,.88,.245,1.078,.328,.367,3.075,.354,.308,.838,.084,.149,.385,.099,.147
101,2017,236,720,12.12,.573,.278,.179,1.242,.578,.402,.223,-23.08,-12.69,.3,6.369,.362,.513,.449,5.36,4.745,1.138,4.485,1.178,.323,1.418,.424,.451,3.99,.447,.402,1.101,.101,.184,.474,.127,.184
101,2017,236,730,12.12,.696,.334,.223,1.505,.704,.469,.275,-22.58,-12.89,.38,12.96,.444,.632,.63,8.94,5.71,1.537,6.146,1.461,.389,1.72,.499,.57,4.755,.541,.476,1.332,.132,.228,.572,.163,.228
101,2017,236,740,12.12,.811,.389,.277,1.76,.835,.575,.33,-22.76,-12.78,.444,53.3,.825,.798,.793,9.81,6.605,1.867,6.647,1.773,.436,5.103,.987,.836,5.847,.625,.585,1.52,.166,.277,.654,.174,.28
101,2017,236,750,12.12,.913,.436,.328,2.004,.962,.701,.392,-23.3,-12.84,.509,62.11,1.002,1.022,.923,10.18,7.1,2.068,16.06,2.055,.464,12.04,1.49,1.317,6.134,.687,.677,1.678,.186,.317,.721,.208,.313
101,2017,236,800,12.12,.997,.451,.385,2.212,1.091,.823,.449,-23.98,-13.11,.59,69.95,1.131,1.225,1.004,10.46,7.6,2.224,44.8,2.333,.516,10.45,1.683,7.33,6.3,.751,.747,1.825,.223,.387,.774,.238,.36
101,2017,236,810,12.12,1.088,.488,.437,2.44,1.265,.977,.563,-26.05,-13.57,.665,75.7,1.296,1.369,1.066,10.09,8.04,2.423,50.28,2.64,.55,10.03,2.955,7.66,9.28,.808,.803,1.944,.235,.391,.82,.268,.402
101,2017,236,820,12.12,1.163,.531,.503,2.65,1.455,1.195,.699,-27.72,-13.42,.744,82.2,1.443,1.5,1.138,10.16,8.43,2.608,56.38,3.002,.592,9.84,2.547,2.539,11.27,.85,.851,2.063,.265,.422,.866,.315,.422
101,2017,236,830,12.12,1.228,.563,.568,2.916,1.795,9.64,.615,-22.66,-13.59,.813,88.5,1.601,1.574,1.232,10.52,13.1,2.785,62.56,3.23,.635,8.68,2.43,1.753,10.82,.92,.897,2.164,.285,.436,.91,3.699,.533
101,2017,236,840,12.13,1.383,.835,.627,3.323,2.149,29.24,1.001,-10.12,-12.76,.863,93.7,1.741,1.671,1.306,11.03,24.09,3.028,67.94,3.461,.675,7.79,1.894,14.64,10.1,1.359,.979,2.258,.302,.453,.95,1.425,.934
101,2017,236,850,12.13,17.11,1.001,.712,5.149,2.633,31.23,.804,-7.66,-11.68,.922,98.2,1.518,2.398,1.403,13.14,29.02,3.307,72.9,4.347,.736,6.617,1.954,47.94,9.45,5.041,1.086,2.365,.313,.469,1.004,1.275,.62
101,2017,236,900,12.13,1.818,.758,.788,11.36,3.023,34.86,.806,-12.98,-11.13,1.15,102.1,1.359,10.02,1.451,16.77,34.01,3.54,77.4,4.049,.803,6.238,2.066,44.01,9.36,1.158,1.217,2.442,.335,.498,1.051,.446,.694
101,2017,236,910,12.13,1.676,.865,.922,32.93,3.285,10.97,.685,-36.61,-10.79,1.071,105.9,1.46,3.88,1.557,21.8,39.07,3.834,82,4.364,.87,5.867,2.127,35.93,9.62,1.225,3.915,2.539,.36,.53,1.101,.417,.541
101,2017,236,920,12.13,1.823,.97,1.126,30.8,3.44,2.292,.727,-50.74,-12.66,1.151,108.9,1.567,13.72,1.666,26.76,44.27,4.246,85.8,4.771,.958,5.803,9.43,56.45,9.94,1.394,6.738,2.651,.369,.568,1.158,.436,.739
101,2017,236,930,12.14,1.734,.9,24.53,27.81,3.353,2.356,1.017,-53.23,-11.01,1.126,111.3,1.459,3.282,1.748,31.21,49.35,3.864,89.1,4.718,1.014,5.276,1.915,5.167,10.05,1.439,3.633,2.706,.369,.57,1.178,.436,.622
101,2017,236,940,12.15,1.753,.923,20.82,24.64,3.634,2.507,.737,-54.17,-10.69,1.151,114.4,1.478,3.594,1.88,36.07,55.01,3.813,93,16.76,1.096,5.06,2.317,35.79,10.36,1.536,1.417,2.773,.385,.598,1.211,.457,.622
101,2017,236,950,12.15,1.811,1.024,69.46,21.03,6.61,5.889,.771,-55.23,-8.68,1.185,116.2,1.531,5.276,2.617,40.71,59.82,3.855,95.9,6.432,1.801,5.04,3.088,22.96,10.75,12.98,1.469,2.888,.813,.613,1.25,.474,.781
101,2017,236,1000,12.14,1.888,1.288,77.4,18.94,29.67,26.82,.777,-42.95,-6.936,1.235,118.1,1.608,2.6,2.454,45.89,64.15,3.822,98.5,41.34,1.198,5.041,2.2,2.285,11.88,21.16,1.533,2.989,.402,.64,1.293,.481,.648
101,2017,236,1010,12.15,2.694,4.115,68.27,19.38,37.51,2.491,.833,-58.31,-7.06,1.335,119.4,1.674,2.002,4.567,51.23,67.42,4.078,100.9,60.42,1.268,5.554,2.096,46.3,14.18,10.56,6.459,3.21,.407,.685,1.364,.503,.715
101,2017,236,1020,12.15,2.396,3.291,4.658,21.07,21.75,1.814,.859,-61.14,-10.09,1.531,120.6,1.66,1.99,2.227,56.11,69.44,4.374,103.1,90.5,1.359,7.58,1.893,27.71,17,3.941,1.742,3.393,.436,.704,1.396,.531,.747
101,2017,236,1030,12.15,2.451,2.155,1.443,25.48,27.19,1.764,.891,-61.63,-10.73,16.87,122.4,1.731,1.871,2.178,61.16,67.33,4.43,105.6,74.9,1.439,23.94,2.009,2.064,20.73,2.54,1.858,3.549,.436,.742,1.439,.573,.781
101,2017,236,1040,12.15,4.651,2.002,1.424,33.13,48.18,2.086,1.01,-62.48,-9.84,55.07,126.2,1.942,2.064,2.322,66.68,50.14,5.172,109.1,7.47,1.64,47.57,1.938,2.225,25.1,2.686,2.163,3.907,.452,.926,1.509,.606,.841
101,2017,236,1050,12.15,3.93,2.583,1.645,34.55,24.38,3.406,1.045,-60.19,-11.6,39.23,111.3,2.525,2.402,3.454,61.98,27.98,6.592,97.8,11.93,1.854,35.31,2.689,2.891,25.68,29.35,4.238,5.23,.466,1.359,1.648,.643,.955
101,2017,236,1100,12.15,5.789,3.391,2.124,40.38,16.57,2.834,1.22,-57.19,-11.51,3.55,112.6,2.978,2.57,2.664,67.82,25.41,8.3,98.6,34.75,2.277,28.07,2.379,3.007,29.88,25.49,8.83,7.14,.477,1.493,1.93,.734,1.072
101,2017,236,1110,12.15,4.983,2.903,2.101,44.41,4.819,2.826,1.127,-57.91,-12.34,2.323,107.6,2.99,2.357,2.665,69.98,21.94,7.73,95.7,80.7,2.338,18.18,2.238,2.982,31.46,4.206,3.695,8.56,.471,1.29,1.953,.68,1.114
101,2017,236,1120,12.15,3.218,2.042,17.83,60.39,3.523,2.013,1.007,-57.36,-12.84,1.575,126.7,2.657,1.871,2.479,86.6,15.4,4.641,115.3,107.5,2.474,21.68,1.7,2.241,38.09,3.193,39.4,60.8,.482,.968,1.95,.75,1.028
101,2017,236,1130,12.15,6.06,1.899,9.02,65.29,3.197,3.174,1.023,-57.47,-18.39,1.546,126.8,3.065,1.844,2.538,91.6,17.25,4.578,116.8,103.3,3.584,12.39,1.626,2.182,41.29,2.797,18.31,77.3,.502,.992,3.355,.764,1.112
101,2017,236,1140,12.15,2.708,2.336,13.25,65.77,2.494,3.896,1.032,-58.81,-22.02,19.79,124.8,2.877,1.789,2.604,93.6,39.31,4.405,116,11,4.973,28.83,1.544,2.135,43.68,2.447,3.869,79.6,.509,.998,5.765,.75,1.154
101,2017,236,1150,12.15,2.747,3.037,1.382,65.16,2.373,2.08,1.129,-58.27,-19.11,40.58,124,15.24,1.812,9.68,97.9,85,4.676,116.7,33.63,4.319,33.88,1.539,2.308,46.94,2.527,3.919,82.7,.561,1.11,9.89,.799,1.332
101,2017,236,1200,12.15,2.574,17.84,1.254,65.96,2.089,1.581,1.03,-57.36,-17.35,1.779,121.7,36.88,1.754,11.58,99.8,97.7,4.137,116,35.03,4.695,12.19,1.434,17.82,49.67,2.149,2.202,85.8,.573,1.147,2.871,.786,1.156
101,2017,236,1210,12.15,2.561,95.4,1.273,64.52,1.951,1.588,1.064,-55.06,-16.86,1.476,120.7,2.72,1.822,2.981,102.6,100.7,4.202,115.9,32.32,43.91,4.433,1.469,75.2,52.68,2.211,2.64,88.2,.615,1.132,3.422,.849,1.241
101,2017,236,1220,12.15,2.492,58.15,1.442,12.58,2.278,2.114,1.3,-60.26,-16.51,1.747,124.5,3.923,1.985,3.206,109.3,103.8,5.128,120.6,16.25,4.08,4.755,1.673,3.33,56.98,2.574,3.092,92.9,.665,1.358,4.408,.935,1.618
101,2017,236,1230,12.15,3.537,30.21,1.44,7.14,2.973,3.405,1.291,-61.33,-16.09,2.161,121.2,3.077,2.804,3.661,107.3,104.3,6.356,118.1,18.17,3.363,5.581,1.901,2.941,57.5,2.765,2.938,90.2,.76,1.375,5.296,1,1.558
101,2017,236,1240,12.15,5.482,17.51,1.563,13.35,2.926,4.348,1.38,-69.61,-15.06,2.065,122.8,3.119,2.949,6.626,113,104.6,7.46,121.2,46.42,25.14,6.205,2.192,2.8,62.94,2.906,4.458,93.9,.824,1.489,4.773,1.157,1.514
101,2017,236,1250,12.15,3.201,1.837,1.045,6.488,2.201,2.181,1.172,-71.5,-14.79,2.239,114.2,2.737,2.566,2.74,110,91.2,5.095,114.3,96.5,69.29,4.872,1.747,2.541,61.84,2.233,17.73,95,.779,1.425,4.03,1.157,1.692
101,2017,236,1300,12.15,4.723,1.996,1.152,6.864,2.703,17.87,3.722,-61.76,-14.01,22.27,114.2,3.038,3.117,11.71,113.8,84.9,6.237,115.2,95,16.12,5.807,2.164,11.45,65.2,2.335,33.44,96.3,.881,1.465,3.82,1.187,1.745
101,2017,236,1310,12.15,2.961,2.04,1.725,5.269,2.626,2.489,11.42,-66.82,-12.91,2.03,109.9,25.5,2.697,3.239,114.8,91.5,5.016,112,31.86,4.651,5.346,5.478,70.6,66.63,2.63,82.3,95.6,.898,1.628,3.688,4.623,1.805
101,2017,236,1320,12.15,2.114,1.462,1.988,3.851,2.037,2.904,17.9,-65.8,-12.26,2.047,105.3,85.6,1.955,3.073,117.1,106,4.519,110.3,8.04,6.13,4.35,1.807,24.58,67.56,2.521,58.84,97.8,.749,1.623,3.671,7.37,1.695
101,2017,236,1330,12.15,1.918,1.288,1.092,3.519,2.087,3.318,41.2,-65.92,-8.98,2.836,90.4,46.37,1.981,3.695,104.6,88.6,4.202,96.4,8.98,5.964,3.782,1.606,33.88,60.92,2.77,25.64,86.1,.683,14.95,3.562,4.661,2.075
101,2017,236,1340,12.15,1.956,1.199,.966,3.651,2.008,1.769,20.79,-66.6,-11.54,1.824,88,4.899,1.774,3.229,106.1,56.79,4.103,96.4,7.52,4.574,3.753,1.593,4.351,63.03,2.475,11.76,88.9,.687,7.24,3.519,1.095,1.553
101,2017,236,1350,12.15,1.891,1.079,.916,3.388,7.2,3.889,1.218,-65.61,-14.06,4.949,93.3,4.551,1.804,3.459,117.7,21.8,4.073,103.5,6.472,4.43,4.1,1.623,55.38,69.91,2.509,3.445,98.7,.734,1.685,3.74,1.079,1.651
101,2017,236,1400,12.15,1.996,1.097,.879,3.636,2.547,1.759,1.146,-67.83,-13.93,11.88,88.2,50.37,2.105,14,115.3,15.47,4.117,100.1,5.572,4.028,5.331,1.593,13.23,69.82,2.346,3.095,97.9,.754,1.78,3.698,1.102,1.703
101,2017,236,1410,12.15,2.129,1.156,.916,3.936,4.546,1.899,1.221,-68.25,-13.61,11.51,84,81.5,9.64,26.83,115.3,17.38,4.299,97.1,5.55,4.884,19.46,2.194,3.609,70.3,2.482,3.021,96,.799,8.7,3.909,1.139,2.285
101,2017,236,1420,12.15,2.422,1.241,.896,4.415,3.795,1.96,1.332,-67.84,-13.16,1.722,74.8,36.93,3.157,34.05,105.7,17.21,4.465,87.2,5.296,3.71,31.66,1.718,3.583,65.09,2.278,2.713,87.1,.786,52.82,3.574,1.117,2.601
101,2017,236,1430,12.15,3.068,1.281,.918,4.745,2.387,4.475,23.17,-66.04,-8.99,2.012,77.6,3.948,2.702,41.34,118.2,18.8,4.584,93.9,5.554,4.135,5.557,1.824,4.284,72.8,2.82,2.825,96.9,.847,4.961,3.688,1.167,13.48
101,2017,236,1440,12.15,2.578,1.208,.842,4.953,2.407,6.5,22.36,-62.89,-8.91,8.07,71.7,3.445,2.665,35.31,114.3,26.37,4.475,89,5.519,16.95,5.753,1.688,2.115,71.4,2.586,2.673,94.2,.844,27.36,2.676,1.085,78.3
101,2017,236,1450,12.16,2.68,1.432,1.191,8.97,2.69,3.346,14.96,-66.12,-9.94,86.3,70.4,4.252,3.382,30.93,118.7,49.56,4.602,90.9,7.14,31.61,26.65,1.749,2.896,74.5,2.864,3.557,77.8,.99,49.38,3.147,1.151,14.46
101,2017,236,1500,12.16,2.946,1.316,1.003,5.654,2.822,5.882,1.604,-66.23,-12.08,74.7,59.5,3.365,2.76,19.13,107,63.39,5.048,78.6,5.927,32.51,20.53,1.753,2.616,67.41,36.71,2.658,15.24,.884,5.887,2.909,.923,87
101,2017,236,1510,12.16,3.351,1.226,1.102,6.449,3.034,3.349,1.402,-68.13,-11.5,29.3,42.96,3.487,2.795,5.948,72.5,54.38,5.613,52.73,6.072,4.934,5.61,1.825,2.621,46.76,26.33,2.768,10.5,.658,1.567,2.89,.67,19.34
101,2017,236,1520,12.15,3.559,1.254,2.557,6.932,3.361,2.917,1.598,-68.51,-10.65,20.54,39.94,3.353,3.219,4.696,72.5,59.88,5.751,51.44,5.459,4.26,5.748,1.929,2.788,48.21,7.68,2.891,10.43,.638,1.556,3.249,.67,3.418
101,2017,236,1530,12.16,3.229,1.259,13.99,6.528,3.05,4.448,1.415,-65.99,-10.43,22.05,47.17,2.716,9.77,4.187,109.6,93.1,5.415,70.9,5.088,3.594,5.786,1.834,2.155,70.9,39.39,4.003,6.17,.707,1.519,2.711,.725,1.918
101,2017,236,1540,12.15,2.058,.955,1.437,4.299,2.375,2.348,1.373,-69.36,-11.71,2.226,37.45,2.356,3.105,3.174,92,76.3,3.956,56.02,5.272,9.63,4.673,1.529,3.825,58.92,3.582,7.82,5.808,.581,1.172,2.385,.677,1.32
101,2017,236,1550,12.15,2.444,.943,.745,5.336,2.511,2.117,1.72,-69.3,-12.87,1.943,31.63,2.422,2.557,2.998,78.1,65.45,4.674,45.95,5.004,7.44,4.797,1.682,2.651,51.05,2.675,3.951,5.457,.457,1.013,2.7,.682,1.244