101,2017,199,1500,12.65,1.151,.544,.509,2.506,1.323,1.417,5.507,21.25,.908,4.138,52.08,1.724,1.258,3.391,90.7,15.49,2.548,64.98,3.381,12.18,2.659,1.171,1.35,48.68,85.1,1.942,75.4,21.16,32.49,1.608,.462,1.042
101,2017,199,1510,12.67,1.122,.536,.504,2.449,1.282,19.99,2.416,1.325,.851,1.875,46.87,2.372,1.196,4.862,89,11.33,2.429,60.66,3.329,44.74,2.474,.913,1.962,47.39,30.92,1.714,43.37,24.89,6.53,1.587,.436,.928
101,2017,199,1520,12.68,1.091,.528,.479,2.408,1.377,9.52,.786,1.28,.806,28.19,41.33,1.62,1.533,4.87,86.8,27.68,2.359,56.03,3.314,81.6,2.409,.881,1.248,45.99,2.067,1.563,15.63,23.77,1.141,1.565,.431,.833
101,2017,199,1530,12.68,1.084,.491,.811,2.341,1.277,10.46,.734,1.23,.756,43.83,36.09,1.57,1.161,18.28,84,57.44,2.255,51.51,3.321,79,2.247,.903,1.173,43.24,1.63,1.312,4.085,1.164,1.133,1.556,.402,.774
101,2017,199,1540,12.68,1.056,.472,.617,2.274,1.468,1.243,.687,1.166,.709,60.6,30.49,1.478,1.111,21.46,80.5,54.25,2.168,46.44,7.16,72.6,2.215,.829,1.123,18.76,1.337,1.112,3.924,.506,1.096,1.533,.375,.737
101,2017,199,1550,12.68,1.015,.461,4.706,2.195,1.156,.826,.655,1.111,.66,9.89,20.8,1.362,1.05,14.04,76.9,50.64,2.083,41.49,30.21,63.66,2.171,.821,1.074,10.03,1.21,.947,3.748,.431,.821,1.515,.34,.699
101,2017,199,1600,12.68,1.004,.444,15.25,2.131,1.116,.774,.628,1.059,.62,.93,18.05,1.292,1.059,17.55,73.2,46.97,1.974,36.65,27.31,23.66,2.081,.725,1.029,9.74,1.176,.846,3.647,.387,.628,1.479,.312,.67
101,2017,199,1610,12.68,1.116,.437,.407,2.036,1.054,.715,.595,1,.573,.779,17.87,1.169,.945,1.932,68.66,42.78,1.816,32.62,19.86,25.52,2.007,.692,.968,9.46,1.134,.761,3.451,.345,.499,1.434,.3,.64
101,2017,199,1620,12.68,.903,.416,.352,1.938,1.002,.652,.566,.928,.528,.679,14.32,1.025,.851,1.627,63.94,31.83,1.66,30.05,4.803,3.146,1.923,.643,.893,9,1.089,.687,3.185,.313,.436,1.35,.28,.576
101,2017,199,1630,12.68,.854,.399,.327,1.843,.952,.598,.533,.875,.498,.62,11.45,.801,.781,1.401,58.29,12.98,1.531,12.89,2.078,1.436,1.823,.622,.841,8.68,1.067,.647,2.986,.288,.397,1.255,.255,.536
101,2017,199,1640,12.68,.813,.382,.298,1.739,.905,.555,.491,.819,.457,.561,8.84,.694,.737,1.208,40.1,9.42,1.411,7.26,1.764,1.268,1.719,.58,.766,8.25,1.037,.603,2.771,.268,.359,1.19,.235,.499
101,2017,199,1650,12.68,.747,.34,.268,1.613,.833,.508,.444,.744,.436,.509,7.66,.622,.694,1.076,11.31,8.71,1.298,6.583,1.575,1.102,1.597,.534,.695,7.73,1,.553,2.513,.24,.327,1.067,.206,.451
101,2017,199,1700,12.68,.682,.312,.256,1.488,.776,.466,.419,.685,.426,.466,7.11,.568,.653,1.015,9.63,8.2,1.216,6.129,1.446,1.024,1.456,.496,.648,11.77,.943,.514,2.336,.223,.3,1.005,.201,.436
101,2017,199,1710,12.68,.612,.278,.221,1.339,.697,.434,.355,.605,.384,.431,6.352,.496,.586,.896,8.56,7.38,1.102,5.46,1.285,.895,1.297,.446,.57,7.07,.789,.454,2.049,.199,.26,.888,.176,.395
101,2017,199,1720,12.67,.536,.243,.201,1.174,.608,.389,.29,.526,.332,.382,5.457,.436,.509,.751,7.23,6.385,.96,4.676,1.101,.732,1.123,.409,.488,5.683,.652,.419,1.732,.169,.225,.752,.151,.337
101,2017,199,1730,12.67,.457,.208,.168,1.014,.536,.337,.251,.451,.286,.318,4.53,.367,.444,.615,6.01,5.381,.804,3.877,.901,.585,.942,.345,.422,4.78,.531,.357,1.422,.139,.199,.637,.132,.278
101,2017,199,1740,12.67,.38,.159,.117,.757,.394,.24,.174,.354,.213,.221,3.257,.258,.347,.427,4.098,3.723,.59,2.78,.642,.405,.655,.246,.303,3.264,.382,.258,.982,.101,.141,.451,.089,.191
101,2017,199,1750,12.67,.233,.094,.07,.461,.243,.141,.109,.208,.124,.129,1.913,.154,.209,.256,2.282,2.123,.369,1.615,.394,.228,.405,.152,.181,1.866,.219,.156,.565,.057,.084,.276,.049,.109
101,2017,199,1800,12.67,.107,.045,.034,.218,.107,.06,.045,.09,.052,.054,.816,.065,.095,.111,.945,.888,.166,.689,.181,.094,.178,.065,.077,.774,.097,.065,.256,.025,.039,.112,.032,.049
101,2017,199,1810,12.68,.027,.005,.003,.055,.03,.013,.01,.02,.015,.015,.218,.018,.022,.03,.263,.24,.045,.189,.05,.023,.045,.013,.018,.214,.028,.013,.072,0,.012,.03,.002,.008
101,2017,199,1820,12.67,0,0,0,0,0,0,0,0,0,0,.023,0,0,0,.039,.028,0,.022,.003,0,0,0,0,.027,0,0,.007,0,0,0,0,0
101,2017,199,1830,12.67,0,0,0,0,0,0,0,0,0,0,0,0,0,0,0,0,0,0,0,0,0,0,0,0,0,0,0,0,0,0,0,0
101,2017,199,1840,12.67,0,0,0,0,0,0,0,0,0,0,0,0,0,0,0,0,0,0,0,0,0,0,0,0,0,0,0,0,0,0,0,0
101,2017,199,1850,12.67,0,0,0,0,0,0,0,0,0,0,0,0,0,0,0,0,0,0,0,0,0,0,0,0,0,0,0,0,0,0,0,0
101,2017,199,1900,12.67,0,0,0,0,0,0,0,0,0,0,0,0,0,0,0,0,0,0,0,0,0,0,0,0,0,0,0,0,0,0,0,0
101,2017,199,1910,12.67,0,0,0,0,0,0,0,0,0,0,0,0,0,0,0,0,0,0,0,0,0,0,0,0,0,0,0,0,0,0,0,0
101,2017,199,1920,12.67,0,0,0,0,0,0,0,0,0,0,0,0,0,0,0,0,0,0,0,0,0,0,0,0,0,0,0,0,0,0,0,0
101,2017,199,1930,12.67,0,0,0,0,0,0,0,0,0,0,0,0,0,0,0,0,0,0,0,0,0,0,0,0,0,0,0,0,0,0,0,0
101,2017,199,1940,12.67,0,0,0,0,0,0,0,0,0,0,0,0,0,0,0,0,0,0,0,0,0,0,0,0,0,0,0,0,0,0,0,0
101,2017,199,1950,12.67,0,0,0,0,0,0,0,0,0,0,0,0,0,0,0,0,0,0,0,0,0,0,0,0,0,0,0,0,0,0,0,0
101,2017,199,2000,12.67,0,0,0,0,0,0,0,0,0,0,0,0,0,0,0,0,0,0,0,0,0,0,0,0,0,0,0,0,0,0,0,0
101,2017,199,2010,12.67,0,0,0,0,0,0,0,0,0,0,0,0,0,0,0,0,0,0,0,0,0,0,0,0,0,0,0,0,0,0,0,0
101,2017,199,2020,12.67,0,0,0,0,0,0,0,0,0,0,0,0,0,0,0,0,0,0,0,0,0,0,0,0,0,0,0,0,0,0,0,0
101,2017,199,2030,12.67,0,0,0,0,0,0,0,0,0,0,0,0,0,0,0,0,0,0,0,0,0,0,0,0,0,0,0,0,0,0,0,0
101,2017,199,2040,12.67,0,0,0,0,0,0,0,0,0,0,0,0,0,0,0,0,0,0,0,0,0,0,0,0,0,0,0,0,0,0,0,0
101,2017,199,2050,12.67,0,0,0,0,0,0,0,0,0,0,0,0,0,0,0,0,0,0,0,0,0,0,0,0,0,0,0,0,0,0,0,0
101,2017,199,2100,12.67,0,0,0,0,0,0,0,0,0,0,0,0,0,0,0,0,0,0,0,0,0,0,0,0,0,0,0,0,0,0,0,0
101,2017,199,2110,12.67,0,0,0,0,0,0,0,0,0,0,0,0,0,0,0,0,0,0,0,0,0,0,0,0,0,0,0,0,0,0,0,0
101,2017,199,2120,12.67,0,0,0,0,0,0,0,0,0,0,0,0,0,0,0,0,0,0,0,0,0,0,0,0,0,0,0,0,0,0,0,0
101,2017,199,2130,12.67,0,0,0,0,0,0,0,0,0,0,0,0,0,0,0,0,0,0,0,0,0,0,0,0,0,0,0,0,0,0,0,0
101,2017,199,2140,12.67,0,0,0,0,0,0,0,0,0,0,0,0,0,0,0,0,0,0,0,0,0,0,0,0,0,0,0,0,0,0,0,0
101,2017,199,2150,12.67,0,0,0,0,0,0,0,0,0,0,0,0,0,0,0,0,0,0,0,0,0,0,0,0,0,0,0,0,0,0,0,0
101,2017,199,2200,12.67,0,0,0,0,0,0,0,0,0,0,0,0,0,0,0,0,0,0,0,0,0,0,0,0,0,0,0,0,0,0,0,0
101,2017,199,2210,12.67,0,0,0,0,0,0,0,0,0,0,0,0,0,0,0,0,0,0,0,0,0,0,0,0,0,0,0,0,0,0,0,0
101,2017,199,2220,12.67,0,0,0,0,0,0,0,0,0,0,0,0,0,0,0,0,0,0,0,0,0,0,0,0,0,0,0,0,0,0,0,0
101,2017,199,2230,12.67,0,0,0,0,0,0,0,0,0,0,0,0,0,0,0,0,0,0,0,0,0,0,0,0,0,0,0,0,0,0,0,0
101,2017,199,2240,12.67,0,0,0,0,0,0,0,0,0,0,0,0,0,0,0,0,0,0,0,0,0,0,0,0,0,0,0,0,0,0,0,0
101,2017,199,2250,12.67,0,0,0,0,0,0,0,0,0,0,0,0,0,0,0,0,0,0,0,0,0,0,0,0,0,0,0,0,0,0,0,0
101,2017,199,2300,12.67,0,0,0,0,0,0,0,0,0,0,0,0,0,0,0,0,0,0,0,0,0,0,0,0,0,0,0,0,0,0,0,0
101,2017,199,2310,12.67,0,0,0,0,0,0,0,0,0,0,0,0,0,0,0,0,0,0,0,0,0,0,0,0,0,0,0,0,0,0,0,0
101,2017,199,2320,12.67,0,0,0,0,0,0,0,0,0,0,0,0,0,0,0,0,0,0,0,0,0,0,0,0,0,0,0,0,0,0,0,0
101,2017,199,2330,12.67,0,0,0,0,0,0,0,0,0,0,0,0,0,0,0,0,0,0,0,0,0,0,0,0,0,0,0,0,0,0,0,0
101,2017,199,2340,12.67,0,0,0,0,0,0,0,0,0,0,0,0,0,0,0,0,0,0,0,0,0,0,0,0,0,0,0,0,0,0,0,0
101,2017,199,2350,12.67,0,0,0,0,0,0,0,0,0,0,0,0,0,0,0,0,0,0,0,0,0,0,0,0,0,0,0,0,0,0,0,0
101,2017,199,2400,12.67,0,0,0,0,0,0,0,0,0,0,0,0,0,0,0,0,0,0,0,0,0,0,0,0,0,0,0,0,0,0,0,0
101,2017,200,10,12.67,0,0,0,0,0,0,0,0,0,0,0,0,0,0,0,0,0,0,0,0,0,0,0,0,0,0,0,0,0,0,0,0
101,2017,200,20,12.68,0,0,0,0,0,0,0,0,0,0,0,0,0,0,0,0,0,0,0,0,0,0,0,0,0,0,0,0,0,0,0,0
101,2017,200,30,12.68,0,0,0,0,0,0,0,0,0,0,0,0,0,0,0,0,0,0,0,0,0,0,0,0,0,0,0,0,0,0,0,0
101,2017,200,40,12.68,0,0,0,0,0,0,0,0,0,0,0,0,0,0,0,0,0,0,0,0,0,0,0,0,0,0,0,0,0,0,0,0
101,2017,200,50,12.68,0,0,0,0,0,0,0,0,0,0,0,0,0,0,0,0,0,0,0,0,0,0,0,0,0,0,0,0,0,0,0,0
101,2017,200,100,12.68,0,0,0,0,0,0,0,0,0,0,0,0,0,0,0,0,0,0,0,0,0,0,0,0,0,0,0,0,0,0,0,0
101,2017,200,110,12.68,0,0,0,0,0,0,0,0,0,0,0,0,0,0,0,0,0,0,0,0,0,0,0,0,0,0,0,0,0,0,0,0
101,2017,200,120,12.68,0,0,0,0,0,0,0,0,0,0,0,0,0,0,0,0,0,0,0,0,0,0,0,0,0,0,0,0,0,0,0,0
101,2017,200,130,12.68,0,0,0,0,0,0,0,0,0,0,0,0,0,0,0,0,0,0,0,0,0,0,0,0,0,0,0,0,0,0,0,0
101,2017,200,140,12.68,0,0,0,0,0,0,0,0,0,0,0,0,0,0,0,0,0,0,0,0,0,0,0,0,0,0,0,0,0,0,0,0
101,2017,200,150,12.68,0,0,0,0,0,0,0,0,0,0,0,0,0,0,0,0,0,0,0,0,0,0,0,0,0,0,0,0,0,0,0,0
101,2017,200,200,12.68,0,0,0,0,0,0,0,0,0,0,0,0,0,0,0,0,0,0,0,0,0,0,0,0,0,0,0,0,0,0,0,0
101,2017,200,210,12.68,0,0,0,0,0,0,0,0,0,0,0,0,0,0,0,0,0,0,0,0,0,0,0,0,0,0,0,0,0,0,0,0
101,2017,200,220,12.68,0,0,0,0,0,0,0,0,0,0,0,0,0,0,0,0,0,0,0,0,0,0,0,0,0,0,0,0,0,0,0,0
101,2017,200,230,12.68,0,0,0,0,0,0,0,0,0,0,0,0,0,0,0,0,0,0,0,0,0,0,0,0,0,0,0,0,0,0,0,0
101,2017,200,240,12.68,0,0,0,0,0,0,0,0,0,0,0,0,0,0,0,0,0,0,0,0,0,0,0,0,0,0,0,0,0,0,0,0
101,2017,200,250,12.68,0,0,0,0,0,0,0,0,0,0,0,0,0,0,0,0,0,0,0,0,0,0,0,0,0,0,0,0,0,0,0,0
101,2017,200,300,12.67,0,0,0,0,0,0,0,0,0,0,0,0,0,0,0,0,0,0,0,0,0,0,0,0,0,0,0,0,0,0,0,0
101,2017,200,310,12.67,0,0,0,0,0,0,0,0,0,0,0,0,0,0,0,0,0,0,0,0,0,0,0,0,0,0,0,0,0,0,0,0
101,2017,200,320,12.67,0,0,0,0,0,0,0,0,0,0,0,0,0,0,0,0,0,0,0,0,0,0,0,0,0,0,0,0,0,0,0,0
101,2017,200,330,12.67,0,0,0,0,0,0,0,0,0,0,0,0,0,0,0,0,0,0,0,0,0,0,0,0,0,0,0,0,0,0,0,0
101,2017,200,340,12.67,0,0,0,0,0,0,0,0,0,0,0,0,0,0,0,0,0,0,0,0,0,0,0,0,0,0,0,0,0,0,0,0
101,2017,200,350,12.67,0,0,0,0,0,0,0,0,0,0,0,0,0,0,0,0,0,0,0,0,0,0,0,0,0,0,0,0,0,0,0,0
101,2017,200,400,12.67,0,0,0,0,0,0,0,0,0,0,0,0,0,0,0,0,0,0,0,0,0,0,0,0,0,0,0,0,0,0,0,0
101,2017,200,410,12.67,0,0,0,0,0,0,0,0,0,0,0,0,0,0,0,0,0,0,0,0,0,0,0,0,0,0,0,0,0,0,0,0
101,2017,200,420,12.67,0,0,0,0,0,0,0,0,0,0,0,0,0,0,0,0,0,0,0,0,0,0,0,0,0,0,0,0,0,0,0,0
101,2017,200,430,12.67,0,0,0,0,0,0,0,0,0,0,0,0,0,0,0,0,0,0,0,0,0,0,0,0,0,0,0,0,0,0,0,0
101,2017,200,440,12.67,0,0,0,0,0,0,0,0,0,0,0,0,0,0,0,0,0,0,0,0,0,0,0,0,0,0,0,0,0,0,0,0
101,2017,200,450,12.67,0,0,0,0,0,0,0,0,0,0,0,0,0,0,0,0,0,0,0,0,0,0,0,0,0,0,0,0,0,0,0,0
101,2017,200,500,12.67,0,0,0,0,0,0,0,0,0,0,0,0,0,0,0,0,0,0,0,0,0,0,0,0,0,0,0,0,0,0,0,0
101,2017,200,510,12.67,0,0,0,0,0,0,0,0,0,0,0,0,0,0,0,0,0,0,0,0,0,0,0,0,0,0,0,0,0,0,0,0
101,2017,200,520,12.67,0,0,0,0,0,0,0,0,0,0,0,0,0,0,0,0,0,0,0,0,0,0,0,0,0,0,0,0,0,0,0,0
101,2017,200,530,12.67,0,0,0,0,0,0,0,0,0,0,0,0,0,0,0,0,0,0,0,0,0,0,0,0,0,0,0,0,0,0,0,0
101,2017,200,540,12.67,0,0,0,0,0,0,0,0,0,0,0,0,0,0,0,0,0,0,0,0,0,0,0,0,0,0,0,0,0,0,0,0
101,2017,200,550,12.67,0,0,0,0,0,0,0,0,0,0,0,0,0,0,0,0,0,0,0,0,0,0,0,0,0,0,0,0,0,0,0,0
101,2017,200,600,12.67,0,0,0,0,0,0,0,0,0,0,0,0,0,0,0,0,0,0,0,0,0,0,0,0,0,0,0,0,0,0,0,0
101,2017,200,610,12.67,0,0,0,0,0,0,0,0,0,0,0,0,0,0,0,0,0,0,0,0,0,0,0,0,0,0,0,0,0,0,0,0
101,2017,200,620,12.67,0,0,0,0,0,0,0,0,0,0,0,0,0,0,0,0,0,0,0,0,0,0,0,0,0,0,0,0,0,0,0,0
101,2017,200,630,12.67,0,0,0,0,0,0,0,0,0,0,0,0,0,0,0,0,0,0,0,0,0,0,0,0,0,0,0,0,0,0,0,0
101,2017,200,640,12.67,0,0,0,0,0,0,0,0,0,0,.007,0,0,0,.003,.002,0,.003,0,0,0,0,0,0,0,0,0,0,0,0,0,0
101,2017,200,650,12.67,.012,0,0,.023,.012,.002,0,.005,.002,0,.111,.002,.012,.007,.074,.074,.022,.08,.023,0,.023,.003,.007,.06,.01,.003,.02,0,0,.003,0,0
101,2017,200,700,12.67,.06,.027,.02,.132,.06,.04,.027,.052,.035,.028,.533,.035,.052,.049,.416,.422,.104,.406,.116,.032,.107,.044,.045,.355,.045,.042,.111,.008,.028,.054,.02,.02
101,2017,200,710,12.67,.163,.065,.047,.359,.169,.102,.057,.141,.082,.072,1.451,.096,.137,.137,1.192,1.227,.283,1.101,.303,.092,.29,.107,.124,1.026,.126,.101,.313,.034,.047,.149,.034,.054
101,2017,200,720,12.67,.3,.124,.085,.635,.315,.193,.111,.261,.158,.134,2.839,.176,.253,.258,2.261,2.333,.501,2.113,.535,.174,.53,.209,.223,1.947,.225,.191,.543,.062,.089,.28,.062,.101
101,2017,200,730,12.67,.442,.191,.134,1.011,.461,.293,.166,.394,.236,.204,4.658,.272,.385,.389,3.429,3.546,.794,3.31,.84,.26,.863,.339,.347,2.958,.34,.29,.806,.091,.131,.404,.097,.147
101,2017,200,740,12.67,.578,.26,.179,1.389,.612,.409,.22,.508,.334,.275,7.09,.372,.483,.503,5.802,4.716,1.148,4.611,1.185,.339,1.2,.451,.453,3.928,.441,.394,1.068,.117,.176,.498,.121,.191
101,2017,200,750,12.67,.719,.322,.223,1.723,.756,.479,.273,.632,.417,.355,29.72,.61,.613,.664,8.3,5.728,1.47,5.769,1.497,.421,1.549,.612,.597,4.778,.538,.469,1.324,.153,.22,.613,.166,.246
101,2017,200,800,12.67,.88,.396,.285,2.155,.942,.617,.325,.789,.488,.426,41.54,.994,.799,.808,9.47,6.739,1.84,7.29,1.869,.458,3.025,1.021,.853,5.506,.639,.583,1.547,.181,.258,.714,.183,.292
101,2017,200,810,12.67,1.007,.436,.337,2.524,1.093,.753,.379,.915,.573,.461,47.16,1.138,.949,.92,10.09,7.59,2.118,11.24,2.253,.525,5.677,1.451,1.066,6.277,.721,.675,1.728,.206,.302,.791,.209,.33
101,2017,200,820,12.67,1.177,.52,.414,3.08,1.317,.94,.429,1.099,.691,.548,57.59,1.344,1.161,1.064,11.07,8.51,2.708,25.78,2.806,.602,9.05,1.733,1.292,6.811,.858,.789,1.939,.24,.35,.872,.235,.385
101,2017,200,830,12.67,1.465,.639,.466,3.662,1.567,1.128,.486,1.301,.818,.642,65.79,1.461,1.361,1.205,11.76,9.49,2.938,43.83,3.323,.689,11.94,1.981,1.446,7.36,.944,.912,2.165,.275,.391,.959,.256,.431
101,2017,200,840,12.67,1.498,.659,.531,4.036,1.763,1.275,.639,1.426,.895,.701,72.2,1.507,1.473,1.324,12.05,12.57,4.488,49.54,3.893,.747,15.55,2.185,1.58,7.91,1.143,.999,2.335,.302,.431,1.024,.29,.464
101,2017,200,850,12.67,1.668,.753,.608,4.569,2.025,1.448,.825,1.564,.989,.778,78.4,1.704,1.596,1.468,12.81,21.91,6.747,55.33,4.532,.821,19.59,17.32,1.711,10.37,1.16,1.113,2.537,.322,.444,1.093,.305,.645
101,2017,200,900,12.67,1.793,.823,.687,5.055,2.46,1.896,.895,1.715,1.076,.858,82.9,1.917,1.686,1.589,13.47,25.86,3.85,59.82,5.571,.878,22.09,38.22,1.889,10.5,1.235,1.202,2.665,.335,.469,1.136,.332,.568
101,2017,200,910,12.67,1.823,.84,.742,6.178,2.653,2.206,.836,1.756,1.128,.892,87.5,1.755,1.735,1.668,14.28,29.39,4.26,64.48,13.47,.939,24.47,43.68,1.909,10.34,1.299,1.249,2.765,.367,.486,1.188,.35,.546
101,2017,200,920,12.67,1.855,.873,.803,8.58,2.977,2.366,.64,1.795,1.14,.934,92.9,1.674,1.76,1.961,16.62,33.12,23.43,69.76,5.541,1.024,26.99,38.75,1.907,10.55,1.398,1.277,2.868,.369,.503,1.228,.369,.561
101,2017,200,930,12.67,1.927,.913,.855,32.12,3.109,1.976,.677,1.849,1.177,.977,97,1.704,1.917,1.963,20.28,36.44,55.92,74.2,5.925,1.222,28.86,6.231,2.009,10.86,1.453,1.349,3.005,.392,.533,1.279,.394,.595
101,2017,200,940,12.67,1.976,.95,.937,32.86,3.233,3.605,.727,1.956,1.21,1.024,99.5,1.765,2.197,2.09,24.53,39.44,6.004,77.4,6.495,1.295,24.42,3.151,2.1,11.15,1.486,1.414,3.154,.402,.538,1.371,.416,.628
101,2017,200,950,12.67,1.996,.965,.982,34.19,3.701,5.504,.845,3.336,2.141,1.061,103.2,1.778,1.878,2.133,28.9,42.89,4.284,81.6,15.29,1.413,18.35,2.2,2.237,11.52,1.617,1.488,3.293,.404,.568,1.389,.436,.67
101,2017,200,1000,12.67,2.058,1.012,1.012,35.45,6.231,10.58,.831,4.552,1.577,1.319,105.6,1.856,1.815,2.317,32.89,39.26,4.39,84.6,7.83,1.491,18.86,3.646,4.08,11.94,1.717,1.577,3.475,.427,.59,1.434,.456,.712
101,2017,200,1010,12.67,2.235,1.369,1.091,36.71,9.95,26.96,4.869,2.019,1.347,1.198,107.4,1.984,1.887,6.022,37.1,24.18,4.705,87.2,64.69,1.624,26.5,44.27,36.93,12.66,1.89,1.736,3.783,.434,.63,1.513,.503,.761
101,2017,200,1020,12.67,2.279,1.25,1.158,37.48,13.43,23.38,21.67,3.711,1.354,1.218,108.6,2.083,1.93,15.75,41.09,14.47,4.747,89.2,78.3,1.704,28,5.986,29.87,13.95,2.089,1.753,4.038,.437,.663,1.578,1.171,.804
101,2017,200,1030,12.68,2.329,1.188,1.206,38.55,27.56,4.286,4.254,2.024,1.367,1.263,109.6,2.202,1.876,19.34,45.45,14.15,4.964,91.3,32.71,2.215,20.64,2.783,12.1,15.92,2.416,1.912,4.388,.436,.694,1.655,.506,.851
101,2017,200,1040,12.68,2.341,1.223,1.216,39.46,54.21,2.262,7.81,2.021,1.372,1.298,111.2,2.252,1.853,11.42,50.12,14.1,5.051,93.7,83.7,3.656,13.68,2.017,16.79,18.34,2.491,2.022,4.587,.439,.72,1.699,.528,1.401
101,2017,200,1050,12.68,2.349,1.26,2.074,37.27,63.57,2.324,6.817,2.031,1.374,1.332,112.4,2.408,1.838,23.21,54.81,14.32,5.063,95.8,86.5,3.053,7.41,1.94,4.323,21.37,2.607,2.101,7.24,.462,.752,1.769,.561,.92
101,2017,200,1100,12.68,2.389,1.305,1.483,32.94,25.92,4.467,.937,2.042,1.372,1.355,112.7,2.583,1.833,20.83,59.2,14.84,4.947,97.2,87.9,2.213,5.864,1.87,2.088,24.74,2.749,2.222,11.06,.483,.784,1.845,.601,.95
101,2017,200,1110,12.68,2.386,1.35,1.248,26.6,15.04,2.329,.925,2.037,1.416,1.379,112.9,2.615,1.85,17.75,63.51,15.57,4.85,98.6,89.3,2.359,8.84,1.769,2.088,28.01,2.689,1.99,35.56,.501,.816,1.895,.638,1.005
101,2017,200,1120,12.68,2.419,1.384,2.788,20.61,13.79,3.614,.933,2.034,1.421,1.401,113.1,2.954,1.814,12.43,67.6,17.46,4.862,99.7,90.2,2.532,10.13,1.68,2.136,30.81,2.617,2.245,52.2,.531,.851,1.959,.665,1.059
101,2017,200,1130,12.68,2.428,1.441,3.617,16.34,7.07,3.373,.938,2.009,1.384,1.419,112.3,3.168,1.814,2.981,71.2,26.11,4.927,100.2,90.3,2.652,6.073,1.645,2.165,33.14,2.607,2.099,55.28,.571,1.99,2.032,.699,1.106
101,2017,200,1140,12.68,2.53,1.54,1.241,10.08,2.948,5.133,.97,2.061,1.409,1.449,113.1,18.6,1.789,19.03,75.5,48.05,8.04,102,91.9,2.898,4.141,1.63,2.51,35.83,2.712,2.339,58.88,.638,.95,2.163,.745,1.295
101,2017,200,1150,12.68,2.419,1.471,1.792,9.68,2.533,18.74,1.04,2.151,1.427,1.521,113.6,37.61,1.866,28.24,80.9,67.6,8.95,103.7,92.8,3.491,3.985,1.62,2.411,38.77,2.739,8,63.52,.709,9.89,2.36,.796,1.424
101,2017,200,1200,12.68,2.298,1.429,1.188,16.21,2.434,3.38,1.109,2.111,1.394,1.576,111.5,9.05,1.761,27.16,83.8,72.9,4.761,103,87.4,3.571,3.839,1.514,2.303,40.38,2.841,28.05,65.43,.754,1.059,2.588,.826,1.416
101,2017,200,1210,12.68,2.302,1.685,1.198,19.48,3.31,10.31,1.039,2.255,1.365,1.461,108.9,4.891,1.7,23.58,84.3,63.97,4.54,101.5,92.4,3.248,3.658,1.451,17.65,41.07,2.769,20.86,67.21,.749,1.273,2.337,.834,1.422
101,2017,200,1220,12.68,2.36,1.769,1.157,9.66,2.263,79.9,1.017,2.045,1.372,1.451,106.9,3.255,1.702,19.61,85.8,41.21,4.544,100.7,91.2,3.496,3.566,1.446,31.23,42.38,9.36,36.92,68.77,.71,4.425,2.363,.826,2.511
101,2017,200,1230,12.68,11.29,1.775,1.161,15.66,2.593,9.07,1.002,2.502,1.375,1.456,97.2,3.429,1.703,14.05,81.3,37.5,5.12,92.3,81.8,20.71,3.415,1.4,2.414,41.39,50.85,2.682,64.48,.65,4.243,2.494,.848,10.31
101,2017,200,1240,12.68,16.15,1.703,2.862,5.058,10.3,2.136,1.075,5.499,1.43,1.501,103.1,3.449,1.732,4.696,89.6,62.9,30.49,99,88.3,45.68,3.447,1.427,2.465,45.9,8.37,2.646,71.9,.71,1.26,2.636,.973,1.695
101,2017,200,1250,12.68,2.599,1.598,29.23,5.058,7.91,2.032,1.105,2.759,9.66,1.529,100.7,3.618,1.75,3.276,90.7,55.65,84.4,97.3,64.07,38.67,3.403,1.427,2.506,47.18,30.73,34.16,72.6,.745,2.341,2.747,.935,1.75
101,2017,200,1300,12.69,2.373,1.524,7.62,4.763,4.348,3.052,1.194,2.48,2.114,1.651,99.6,3.633,1.78,3.492,93.2,35.78,36.98,97.5,11.06,19.95,3.428,1.506,2.663,49.36,8.07,10.91,74.6,.809,31.1,2.879,.968,1.923
101,2017,200,1310,12.69,2.224,1.432,4.343,4.881,2.3,2.266,1.162,4.088,1.382,1.571,97.8,3.507,1.764,3.358,93.5,25.79,4.807,96.4,8.55,11.42,3.519,1.573,4.584,49.81,2.953,28.29,74.9,.806,1.522,2.854,.971,1.78
101,2017,200,1320,12.69,2.145,1.342,5.962,4.763,2.529,1.945,1.605,4.683,1.424,1.64,93.1,3.552,1.764,3.263,92.1,20.01,4.713,92.5,7.79,7.67,3.495,1.559,5.427,49.49,3.098,8.75,73.4,.804,1.476,2.981,.943,1.73
101,2017,200,1330,12.69,2.201,1.352,1.05,4.715,3.686,1.936,3.427,8.55,1.501,11.21,92.5,5.127,1.814,3.395,95.9,18.16,4.837,93.6,10.21,6.535,3.47,1.593,4.323,51.72,3.222,11.88,76.6,.878,1.571,3.241,.943,1.795
101,2017,200,1340,12.69,1.889,1.126,1,4.249,4.005,1.764,1.254,16.07,1.41,6.157,71.8,17.24,1.666,3.304,77.1,16.84,4.405,72.4,10.06,5.808,3.072,1.362,13.54,42.42,2.892,4.966,57.93,.774,4.219,3.174,.779,1.78
101,2017,200,1350,12.69,1.854,.997,1.189,3.961,8.49,2.084,1.432,3.306,10.26,1.876,60.26,27.94,2.209,4.355,68.62,19.68,4.226,62.15,12.63,6.242,3.259,1.38,11.75,39.35,2.695,3.886,49.11,.777,2.4,3.629,.787,2.382
101,2017,200,1400,12.69,1.867,1.069,4.653,4.174,2.33,15.4,1.288,2.264,30.28,2.092,80.4,57.88,1.899,4.177,95,17.55,4.278,85.6,7.09,23.97,3.512,1.527,3.021,52.39,2.901,3.243,75.2,.951,1.744,3.467,.95,2.243
101,2017,200,1410,12.69,1.814,.997,3.939,3.934,2.02,1.867,1.402,2.12,3.11,1.847,76.2,58.99,1.821,4.003,93.9,16.92,4.212,82.3,6.693,51.9,3.376,1.44,3.552,51.59,3.025,2.914,74.2,.899,1.645,2.817,.945,1.998
101,2017,200,1420,12.69,1.728,.936,1.246,3.738,1.936,1.79,1.233,2.107,1.352,15.38,70.6,6.033,1.772,4.098,91.8,17.11,4.102,77.9,8.25,11.44,6.381,1.454,2.775,50.45,3.464,2.777,71.9,.869,1.554,2.764,.767,2.084
101,2017,200,1430,12.69,1.643,.863,.837,3.586,2.038,1.74,1.273,2.712,1.283,26.74,66.05,3.388,2.135,4.457,90.9,17.91,3.948,74.5,24,6.107,6.368,1.521,14.08,49.81,6.184,2.571,70.7,.918,1.489,2.668,.678,2.219
101,2017,200,1440,12.69,1.568,.799,.801,3.346,1.837,1.635,3.531,2.442,1.219,5.728,60.68,2.949,8.13,5.4,89.7,24.13,3.675,70.5,5.495,7.2,3.145,2.077,24.8,49.25,7.12,2.459,69.44,.98,1.404,2.648,.621,2.107
101,2017,200,1450,12.69,1.46,.73,.812,3.147,1.774,1.551,2.017,5.8,1.152,1.794,55.12,2.708,5.839,4.591,87,29.06,3.438,65.55,4.998,8.82,2.993,5.934,20.42,47.73,29.13,2.355,67.06,1.06,1.392,2.514,.569,1.943
101,2017,200,1500,12.69,1.377,.683,.688,2.991,1.725,1.64,1.844,19.71,1.067,2.269,50.4,2.46,1.631,5.115,86.1,18.46,3.224,61.91,4.614,11.73,2.886,1.328,1.936,46.89,71.2,2.229,66.42,16.17,27.1,2.338,.521,1.636
101,2017,200,1510,12.69,1.318,.641,.641,2.872,1.574,11.42,2.504,1.695,.985,2.035,45.37,4.155,1.507,4.132,83.7,16.15,3.093,57.2,4.442,41.32,2.752,1.12,2.472,45.28,24.53,1.973,38.97,21.92,3.187,2.276,.477,1.471
101,2017,200,1520,12.69,1.308,.626,.631,2.809,2.187,5.932,.995,1.618,.941,10.88,40.27,2.192,1.514,3.929,81,33.15,2.938,52.6,4.264,67.97,2.64,1.094,1.75,43.65,2.74,1.819,15.98,21.44,1.278,2.243,.454,1.36
101,2017,200,1530,12.69,1.255,.569,.791,2.692,1.509,6.859,.93,1.528,.868,37.35,35.25,2.018,1.399,12.34,77.9,53.24,2.767,48.12,4.092,65.02,2.494,1.057,1.625,41.46,2.31,1.554,6.432,.891,1.204,2.152,.435,1.223
101,2017,200,1540,12.69,1.201,.551,2.132,2.591,1.61,1.719,.856,1.424,.812,50.55,30.75,1.856,1.323,17.41,75.1,51.02,2.611,43.81,7.54,61.8,2.424,.975,1.472,29.4,2.052,1.348,5.871,.621,1.124,2.065,.419,1.137
101,2017,200,1550,12.69,1.156,.529,3.952,2.484,1.345,1.04,.801,1.325,.759,9.25,26.44,1.673,1.327,10.52,72.5,48.29,2.447,39.7,26.54,55.9,2.353,.883,1.369,13.13,1.672,1.157,5.322,.516,.886,1.978,.392,1.02
101,2017,200,1600,12.69,1.094,.501,14.78,2.362,1.278,.951,.752,1.236,.702,1.223,22.02,1.538,1.209,17.05,67.25,43.88,2.261,34.56,22.86,27.03,2.251,.833,1.278,12.4,1.57,1.013,4.938,.446,.705,1.89,.355,.951
101,2017,200,1610,12.69,1.164,.479,.451,2.243,1.208,.871,.707,1.161,.648,1.027,18.47,1.367,1.114,2.323,63.17,40.19,2.092,30.8,15.81,20.68,2.161,.781,1.184,11.81,1.493,.906,4.555,.424,.571,1.799,.335,.873
101,2017,200,1620,12.69,.997,.436,.42,2.149,1.149,.806,.675,1.091,.606,.915,15.41,1.226,1,2.042,59.9,31.37,1.933,28.73,4.392,3.161,2.087,.734,1.111,11.27,1.422,.839,4.265,.397,.503,1.727,.322,.807
101,2017,200,1630,12.69,.94,.436,.387,2.034,1.081,.744,.625,1.012,.561,.802,12.63,.985,.913,1.756,55,14.96,1.772,14.25,2.448,2,1.992,.684,1.019,10.58,1.35,.769,3.863,.348,.444,1.575,.29,.727
101,2017,200,1640,12.69,.886,.404,.347,1.907,1.019,.662,.56,.926,.516,.705,9.91,.846,.841,1.486,37.9,11.18,1.612,8.73,2.093,1.694,1.843,.627,.903,9.8,1.287,.7,3.426,.322,.417,1.422,.265,.64
101,2017,200,1650,12.69,.816,.375,.315,1.768,.926,.586,.498,.839,.474,.62,8.69,.739,.779,1.303,13.49,10.21,1.484,7.78,1.845,1.454,1.721,.578,.806,9.08,1.241,.633,3.029,.285,.369,1.298,.238,.561
101,2017,200,1700,12.69,.749,.338,.278,1.617,.843,.536,.441,.757,.436,.55,7.9,.662,.715,1.166,11.55,9.27,1.365,7.03,1.66,1.287,1.551,.521,.727,13.93,1.128,.573,2.707,.255,.33,1.144,.214,.493
101,2017,200,1710,12.68,.655,.297,.25,1.441,.746,.462,.38,.655,.409,.467,6.878,.555,.632,.988,9.65,8.04,1.208,6.033,1.432,1.056,1.367,.457,.622,7.58,.898,.499,2.279,.214,.286,.98,.188,.427
101,2017,200,1720,12.68,.556,.251,.204,1.225,.627,.412,.31,.546,.348,.405,5.715,.456,.534,.801,7.88,6.73,1.012,4.998,1.176,.826,1.149,.41,.516,5.968,.709,.427,1.856,.183,.24,.803,.156,.364
101,2017,200,1730,12.68,.459,.209,.159,.997,.501,.327,.24,.442,.276,.313,4.442,.369,.439,.596,5.926,5.247,.786,3.874,.903,.596,.911,.323,.414,4.624,.529,.352,1.421,.139,.189,.62,.124,.27
101,2017,200,1740,12.68,.367,.151,.117,.73,.39,.235,.173,.338,.201,.221,3.118,.251,.338,.426,3.996,3.674,.546,2.699,.612,.395,.642,.236,.298,3.225,.384,.253,.977,.102,.137,.444,.087,.184
101,2017,200,1750,12.68,.233,.092,.07,.462,.243,.144,.102,.208,.122,.131,1.853,.149,.206,.258,2.25,2.143,.355,1.592,.377,.221,.407,.142,.178,1.866,.225,.154,.565,.06,.079,.266,.05,.107
101,2017,200,1800,12.68,.111,.045,.035,.223,.112,.065,.049,.094,.055,.055,.804,.06,.095,.111,.947,.918,.161,.685,.171,.094,.189,.064,.082,.803,.097,.067,.263,.027,.04,.116,.032,.05
101,2017,200,1810,12.68,.028,.003,.003,.057,.032,.015,.008,.02,.013,.012,.216,.015,.022,.03,.273,.258,.047,.191,.049,.027,.052,.012,.022,.231,.03,.017,.074,0,.005,.03,0,.008
101,2017,200,1820,12.68,0,0,0,0,0,0,0,0,0,0,.028,0,0,0,.037,.03,.002,.023,.002,0,.002,0,0,.03,0,0,.008,0,0,0,0,0
101,2017,200,1830,12.68,0,0,0,0,0,0,0,0,0,0,0,0,0,0,0,0,0,0,0,0,0,0,0,0,0,0,0,0,0,0,0,0
101,2017,200,1840,12.68,0,0,0,0,0,0,0,0,0,0,0,0,0,0,0,0,0,0,0,0,0,0,0,0,0,0,0,0,0,0,0,0
101,2017,200,1850,12.68,0,0,0,0,0,0,0,0,0,0,0,0,0,0,0,0,0,0,0,0,0,0,0,0,0,0,0,0,0,0,0,0
101,2017,200,1900,12.68,0,0,0,0,0,0,0,0,0,0,0,0,0,0,0,0,0,0,0,0,0,0,0,0,0,0,0,0,0,0,0,0
101,2017,200,1910,12.68,0,0,0,0,0,0,0,0,0,0,0,0,0,0,0,0,0,0,0,0,0,0,0,0,0,0,0,0,0,0,0,0
101,2017,200,1920,12.68,0,0,0,0,0,0,0,0,0,0,0,0,0,0,0,0,0,0,0,0,0,0,0,0,0,0,0,0,0,0,0,0
101,2017,200,1930,12.68,0,0,0,0,0,0,0,0,0,0,0,0,0,0,0,0,0,0,0,0,0,0,0,0,0,0,0,0,0,0,0,0
101,2017,200,1940,12.68,0,0,0,0,0,0,0,0,0,0,0,0,0,0,0,0,0,0,0,0,0,0,0,0,0,0,0,0,0,0,0,0
101,2017,200,1950,12.68,0,0,0,0,0,0,0,0,0,0,0,0,0,0,0,0,0,0,0,0,0,0,0,0,0,0,0,0,0,0,0,0
101,2017,200,2000,12.68,0,0,0,0,0,0,0,0,0,0,0,0,0,0,0,0,0,0,0,0,0,0,0,0,0,0,0,0,0,0,0,0
101,2017,200,2010,12.68,0,0,0,0,0,0,0,0,0,0,0,0,0,0,0,0,0,0,0,0,0,0,0,0,0,0,0,0,0,0,0,0
101,2017,200,2020,12.68,0,0,0,0,0,0,0,0,0,0,0,0,0,0,0,0,0,0,0,0,0,0,0,0,0,0,0,0,0,0,0,0
101,2017,200,2030,12.68,0,0,0,0,0,0,0,0,0,0,0,0,0,0,0,0,0,0,0,0,0,0,0,0,0,0,0,0,0,0,0,0
101,2017,200,2040,12.67,0,0,0,0,0,0,0,0,0,0,0,0,0,0,0,0,0,0,0,0,0,0,0,0,0,0,0,0,0,0,0,0
101,2017,200,2050,12.67,0,0,0,0,0,0,0,0,0,0,0,0,0,0,0,0,0,0,0,0,0,0,0,0,0,0,0,0,0,0,0,0
101,2017,200,2100,12.67,0,0,0,0,0,0,0,0,0,0,0,0,0,0,0,0,0,0,0,0,0,0,0,0,0,0,0,0,0,0,0,0
101,2017,200,2110,12.67,0,0,0,0,0,0,0,0,0,0,0,0,0,0,0,0,0,0,0,0,0,0,0,0,0,0,0,0,0,0,0,0
101,2017,200,2120,12.67,0,0,0,0,0,0,0,0,0,0,0,0,0,0,0,0,0,0,0,0,0,0,0,0,0,0,0,0,0,0,0,0
101,2017,200,2130,12.67,0,0,0,0,0,0,0,0,0,0,0,0,0,0,0,0,0,0,0,0,0,0,0,0,0,0,0,0,0,0,0,0
101,2017,200,2140,12.67,0,0,0,0,0,0,0,0,0,0,0,0,0,0,0,0,0,0,0,0,0,0,0,0,0,0,0,0,0,0,0,0
101,2017,200,2150,12.67,0,0,0,0,0,0,0,0,0,0,0,0,0,0,0,0,0,0,0,0,0,0,0,0,0,0,0,0,0,0,0,0
101,2017,200,2200,12.67,0,0,0,0,0,0,0,0,0,0,0,0,0,0,0,0,0,0,0,0,0,0,0,0,0,0,0,0,0,0,0,0
101,2017,200,2210,12.67,0,0,0,0,0,0,0,0,0,0,0,0,0,0,0,0,0,0,0,0,0,0,0,0,0,0,0,0,0,0,0,0
101,2017,200,2220,12.67,0,0,0,0,0,0,0,0,0,0,0,0,0,0,0,0,0,0,0,0,0,0,0,0,0,0,0,0,0,0,0,0
101,2017,200,2230,12.67,0,0,0,0,0,0,0,0,0,0,0,0,0,0,0,0,0,0,0,0,0,0,0,0,0,0,0,0,0,0,0,0
101,2017,200,2240,12.67,0,0,0,0,0,0,0,0,0,0,0,0,0,0,0,0,0,0,0,0,0,0,0,0,0,0,0,0,0,0,0,0
101,2017,200,2250,12.67,0,0,0,0,0,0,0,0,0,0,0,0,0,0,0,0,0,0,0,0,0,0,0,0,0,0,0,0,0,0,0,0
101,2017,200,2300,12.67,0,0,0,0,0,0,0,0,0,0,0,0,0,0,0,0,0,0,0,0,0,0,0,0,0,0,0,0,0,0,0,0
101,2017,200,2310,12.67,0,0,0,0,0,0,0,0,0,0,0,0,0,0,0,0,0,0,0,0,0,0,0,0,0,0,0,0,0,0,0,0
101,2017,200,2320,12.67,0,0,0,0,0,0,0,0,0,0,0,0,0,0,0,0,0,0,0,0,0,0,0,0,0,0,0,0,0,0,0,0
101,2017,200,2330,12.67,0,0,0,0,0,0,0,0,0,0,0,0,0,0,0,0,0,0,0,0,0,0,0,0,0,0,0,0,0,0,0,0
101,2017,200,2340,12.67,0,0,0,0,0,0,0,0,0,0,0,0,0,0,0,0,0,0,0,0,0,0,0,0,0,0,0,0,0,0,0,0
101,2017,200,2350,12.67,0,0,0,0,0,0,0,0,0,0,0,0,0,0,0,0,0,0,0,0,0,0,0,0,0,0,0,0,0,0,0,0
101,2017,200,2400,12.67,0,0,0,0,0,0,0,0,0,0,0,0,0,0,0,0,0,0,0,0,0,0,0,0,0,0,0,0,0,0,0,0
101,2017,201,10,12.67,0,0,0,0,0,0,0,0,0,0,0,0,0,0,0,0,0,0,0,0,0,0,0,0,0,0,0,0,0,0,0,0
101,2017,201,20,12.67,0,0,0,0,0,0,0,0,0,0,0,0,0,0,0,0,0,0,0,0,0,0,0,0,0,0,0,0,0,0,0,0
101,2017,201,30,12.67,0,0,0,0,0,0,0,0,0,0,0,0,0,0,0,0,0,0,0,0,0,0,0,0,0,0,0,0,0,0,0,0
101,2017,201,40,12.67,0,0,0,0,0,0,0,0,0,0,0,0,0,0,0,0,0,0,0,0,0,0,0,0,0,0,0,0,0,0,0,0
101,2017,201,50,12.67,0,0,0,0,0,0,0,0,0,0,0,0,0,0,0,0,0,0,0,0,0,0,0,0,0,0,0,0,0,0,0,0
101,2017,201,100,12.67,0,0,0,0,0,0,0,0,0,0,0,0,0,0,0,0,0,0,0,0,0,0,0,0,0,0,0,0,0,0,0,0
101,2017,201,110,12.67,0,0,0,0,0,0,0,0,0,0,0,0,0,0,0,0,0,0,0,0,0,0,0,0,0,0,0,0,0,0,0,0
101,2017,201,120,12.67,0,0,0,0,0,0,0,0,0,0,0,0,0,0,0,0,0,0,0,0,0,0,0,0,0,0,0,0,0,0,0,0
101,2017,201,130,12.67,0,0,0,0,0,0,0,0,0,0,0,0,0,0,0,0,0,0,0,0,0,0,0,0,0,0,0,0,0,0,0,0
101,2017,201,140,12.67,0,0,0,0,0,0,0,0,0,0,0,0,0,0,0,0,0,0,0,0,0,0,0,0,0,0,0,0,0,0,0,0
101,2017,201,150,12.67,0,0,0,0,0,0,0,0,0,0,0,0,0,0,0,0,0,0,0,0,0,0,0,0,0,0,0,0,0,0,0,0
101,2017,201,200,12.67,0,0,0,0,0,0,0,0,0,0,0,0,0,0,0,0,0,0,0,0,0,0,0,0,0,0,0,0,0,0,0,0
101,2017,201,210,12.66,0,0,0,0,0,0,0,0,0,0,0,0,0,0,0,0,0,0,0,0,0,0,0,0,0,0,0,0,0,0,0,0
101,2017,201,220,12.66,0,0,0,0,0,0,0,0,0,0,0,0,0,0,0,0,0,0,0,0,0,0,0,0,0,0,0,0,0,0,0,0
101,2017,201,230,12.67,0,0,0,0,0,0,0,0,0,0,0,0,0,0,0,0,0,0,0,0,0,0,0,0,0,0,0,0,0,0,0,0
101,2017,201,240,12.66,0,0,0,0,0,0,0,0,0,0,0,0,0,0,0,0,0,0,0,0,0,0,0,0,0,0,0,0,0,0,0,0
101,2017,201,250,12.66,0,0,0,0,0,0,0,0,0,0,0,0,0,0,0,0,0,0,0,0,0,0,0,0,0,0,0,0,0,0,0,0
101,2017,201,300,12.66,0,0,0,0,0,0,0,0,0,0,0,0,0,0,0,0,0,0,0,0,0,0,0,0,0,0,0,0,0,0,0,0
101,2017,201,310,12.66,0,0,0,0,0,0,0,0,0,0,0,0,0,0,0,0,0,0,0,0,0,0,0,0,0,0,0,0,0,0,0,0
101,2017,201,320,12.66,0,0,0,0,0,0,0,0,0,0,0,0,0,0,0,0,0,0,0,0,0,0,0,0,0,0,0,0,0,0,0,0
101,2017,201,330,12.66,0,0,0,0,0,0,0,0,0,0,0,0,0,0,0,0,0,0,0,0,0,0,0,0,0,0,0,0,0,0,0,0
101,2017,201,340,12.66,0,0,0,0,0,0,0,0,0,0,0,0,0,0,0,0,0,0,0,0,0,0,0,0,0,0,0,0,0,0,0,0
101,2017,201,350,12.66,0,0,0,0,0,0,0,0,0,0,0,0,0,0,0,0,0,0,0,0,0,0,0,0,0,0,0,0,0,0,0,0
101,2017,201,400,12.66,0,0,0,0,0,0,0,0,0,0,0,0,0,0,0,0,0,0,0,0,0,0,0,0,0,0,0,0,0,0,0,0
101,2017,201,410,12.66,0,0,0,0,0,0,0,0,0,0,0,0,0,0,0,0,0,0,0,0,0,0,0,0,0,0,0,0,0,0,0,0
101,2017,201,420,12.66,0,0,0,0,0,0,0,0,0,0,0,0,0,0,0,0,0,0,0,0,0,0,0,0,0,0,0,0,0,0,0,0
101,2017,201,430,12.66,0,0,0,0,0,0,0,0,0,0,0,0,0,0,0,0,0,0,0,0,0,0,0,0,0,0,0,0,0,0,0,0
101,2017,201,440,12.66,0,0,0,0,0,0,0,0,0,0,0,0,0,0,0,0,0,0,0,0,0,0,0,0,0,0,0,0,0,0,0,0
101,2017,201,450,12.66,0,0,0,0,0,0,0,0,0,0,0,0,0,0,0,0,0,0,0,0,0,0,0,0,0,0,0,0,0,0,0,0
101,2017,201,500,12.66,0,0,0,0,0,0,0,0,0,0,0,0,0,0,0,0,0,0,0,0,0,0,0,0,0,0,0,0,0,0,0,0
101,2017,201,510,12.66,0,0,0,0,0,0,0,0,0,0,0,0,0,0,0,0,0,0,0,0,0,0,0,0,0,0,0,0,0,0,0,0
101,2017,201,520,12.66,0,0,0,0,0,0,0,0,0,0,0,0,0,0,0,0,0,0,0,0,0,0,0,0,0,0,0,0,0,0,0,0
101,2017,201,530,12.66,0,0,0,0,0,0,0,0,0,0,0,0,0,0,0,0,0,0,0,0,0,0,0,0,0,0,0,0,0,0,0,0
101,2017,201,540,12.66,0,0,0,0,0,0,0,0,0,0,0,0,0,0,0,0,0,0,0,0,0,0,0,0,0,0,0,0,0,0,0,0
101,2017,201,550,12.66,0,0,0,0,0,0,0,0,0,0,0,0,0,0,0,0,0,0,0,0,0,0,0,0,0,0,0,0,0,0,0,0
101,2017,201,600,12.66,0,0,0,0,0,0,0,0,0,0,0,0,0,0,0,0,0,0,0,0,0,0,0,0,0,0,0,0,0,0,0,0
101,2017,201,610,12.66,0,0,0,0,0,0,0,0,0,0,0,0,0,0,0,0,0,0,0,0,0,0,0,0,0,0,0,0,0,0,0,0
101,2017,201,620,12.66,0,0,0,0,0,0,0,0,0,0,0,0,0,0,0,0,0,0,0,0,0,0,0,0,0,0,0,0,0,0,0,0
101,2017,201,630,12.67,0,0,0,0,0,0,0,0,0,0,0,0,0,0,0,0,0,0,0,0,0,0,0,0,0,0,0,0,0,0,0,0
101,2017,201,640,12.67,0,0,0,0,0,0,0,0,0,0,.003,0,0,0,.002,.002,0,0,0,0,0,0,0,0,0,0,0,0,0,0,0,0
101,2017,201,650,12.67,.01,0,0,.02,.005,0,0,.002,0,0,.067,0,.005,.003,.057,.06,.015,.062,.018,0,.013,0,.002,.045,0,0,.018,0,0,.002,0,0
101,2017,201,700,12.66,.049,.022,.017,.097,.044,.027,.015,.034,.027,.023,.305,.028,.035,.042,.3,.303,.064,.277,.077,.022,.052,.023,.032,.261,.034,.032,.101,0,.017,.045,.003,.015
101,2017,201,710,12.67,.111,.034,.034,.22,.102,.059,.042,.072,.052,.052,.679,.062,.082,.104,.821,.788,.146,.65,.161,.065,.124,.052,.07,.706,.079,.067,.298,.027,.034,.121,.032,.044
101,2017,201,720,12.67,.201,.07,.06,.396,.168,.092,.067,.121,.087,.091,1.141,.099,.139,.171,1.404,1.378,.258,1.101,.255,.117,.209,.082,.114,1.222,.127,.117,.458,.034,.06,.193,.034,.069
101,2017,201,730,12.67,.25,.085,.07,.473,.241,.134,.104,.171,.124,.126,1.59,.136,.203,.255,2.009,1.981,.33,1.557,.325,.144,.293,.116,.159,1.772,.184,.169,.674,.059,.089,.295,.044,.112
101,2017,201,740,12.67,.379,.137,.112,.742,.334,.189,.137,.25,.174,.166,2.299,.184,.272,.325,2.641,2.626,.486,2.139,.459,.201,.422,.164,.225,2.301,.235,.231,.82,.07,.112,.365,.067,.129
101,2017,201,750,12.67,.508,.194,.161,1.076,.461,.278,.204,.365,.256,.243,3.384,.27,.412,.463,3.923,3.96,.69,3.137,.633,.27,.642,.25,.317,3.476,.337,.339,1.262,.114,.174,.531,.097,.204
101,2017,201,800,12.67,.757,.28,.23,1.617,.672,.397,.266,.491,.369,.34,4.729,.339,.545,.592,5.123,5.254,1.042,4.287,.927,.357,.905,.352,.417,4.538,.439,.442,1.503,.151,.225,.682,.131,.246
101,2017,201,810,12.67,1.121,.401,.313,2.334,.918,.514,.362,.702,.474,.461,6.795,.506,.794,.876,7.36,7.45,1.475,6.246,1.364,.471,1.232,.456,.56,6.386,.592,.647,2.403,.213,.333,.969,.178,.374
101,2017,201,820,12.67,1.196,.434,.37,2.519,1.082,.602,.436,.784,.546,.528,7.72,.586,.886,1.069,8.88,8.89,1.627,7.27,1.538,.566,1.396,.511,.704,7.78,.739,.776,2.919,.251,.384,1.238,.226,.434
101,2017,201,830,12.67,1.263,.473,.421,2.661,1.079,.633,.444,.838,.575,.573,8.76,.684,.935,1.176,9.69,9.57,1.699,8.18,1.86,.689,1.557,.555,.767,8.3,.814,.834,3.368,.27,.419,1.309,.235,.479
101,2017,201,840,12.67,1.22,.478,.414,2.523,1.131,.647,.476,.895,.588,.575,9.25,.752,.98,1.213,9.96,9.75,1.728,8.22,1.882,.726,1.686,.58,.788,8.5,.848,.85,3.438,.298,.434,1.335,.235,.491
101,2017,201,850,12.67,1.531,.556,.457,3.15,1.284,.771,.535,1.025,.707,.687,11.29,.844,1.16,1.376,11.43,11.2,2.158,9.84,2.105,.838,2.034,.754,.922,9.65,.933,1.024,3.817,.335,.469,1.495,.263,.57
101,2017,201,900,12.67,1.855,.647,.555,3.921,1.553,.895,.622,1.168,.855,.821,12.7,.96,1.337,1.63,13.45,13.27,2.53,11.51,2.478,.915,2.212,.855,1.056,11.5,1.114,1.191,4.444,.389,.556,1.863,.325,.657
101,2017,201,910,12.67,1.533,.551,.506,3.284,1.471,.838,.63,1.086,.764,.784,11.29,.903,1.272,1.619,13.03,12.75,2.141,10.71,2.309,.918,1.992,.749,1.041,11.24,1.074,1.099,4.475,.374,.528,1.919,.327,.665
101,2017,201,920,12.67,1.548,.541,.459,3.314,1.374,.789,.555,1,.737,.719,10.69,.853,1.119,1.431,11.97,11.76,2.153,9.93,2.272,.851,1.92,.726,.935,10.3,1.024,.997,3.783,.333,.469,1.696,.305,.565
101,2017,201,930,12.67,1.722,.655,.576,3.648,1.624,.95,.69,1.216,.846,.881,12.54,1.04,1.401,1.866,14.85,14.51,2.372,12.14,2.609,1.022,2.183,.826,1.183,12.82,1.231,1.297,5.4,.414,.598,2.165,.374,.762
101,2017,201,940,12.67,1.974,.692,.571,4.155,1.697,.99,.69,1.303,.915,.898,13.08,1.066,1.474,1.811,14.62,14.38,2.758,12.19,2.659,1.072,2.414,.9,1.164,12.5,1.223,1.25,4.865,.409,.603,1.975,.352,.751
101,2017,201,950,12.67,2.066,.744,.62,4.385,1.754,1.029,.71,1.327,.967,.975,13.8,1.107,1.483,1.866,15.5,15,2.867,13,2.828,1.196,2.423,.923,1.223,13.01,1.324,1.354,5.011,.422,.617,2.039,.347,.767
101,2017,201,1000,12.67,1.677,.652,.514,3.483,1.498,.893,.628,1.231,.809,.811,12.33,.967,1.314,1.637,13.8,13.36,2.386,11.34,2.578,1.052,2.2,.792,1.066,11.59,1.163,1.173,4.581,.402,.545,1.841,.323,.655
101,2017,201,1010,12.67,1.959,.725,.565,4.036,1.809,1.04,.719,1.449,.923,.91,14.22,1.138,1.618,1.856,15.28,15,2.758,12.47,2.842,1.116,2.759,.95,1.185,13.04,1.238,1.3,5.008,.442,.64,2.007,.357,.767
101,2017,201,1020,12.67,2.909,1.074,.844,6.638,2.9,1.731,1.064,2.176,1.427,1.362,23.48,1.977,2.332,2.595,21.67,20.85,4.735,19.9,5.524,1.732,4.217,1.506,1.868,17.67,1.888,1.88,6.291,.586,.876,2.825,.471,1.059
101,2017,201,1030,12.67,6.296,2.53,1.754,13.45,5.053,3.051,1.736,3.884,2.629,2.52,41.76,3.483,4.021,4.679,37.75,36.38,8.66,37.58,10.5,2.971,6.799,2.46,3.312,29.66,3.274,3.773,13.19,.973,1.662,4.532,.769,1.925
101,2017,201,1040,12.67,4.686,1.784,1.389,9.68,4.034,2.394,1.652,3.212,2.143,2.069,33.17,2.684,3.48,4.093,33.47,32.91,6.504,29.63,7.11,2.416,5.673,2.161,2.731,28.14,2.811,3.006,11.24,.92,1.439,4.534,.752,1.737
101,2017,201,1050,12.67,5.728,2.309,1.67,12.41,4.745,2.937,1.682,3.852,2.454,2.357,41.63,3.123,3.925,4.509,35.99,35.79,8.08,36.62,9.81,2.635,6.901,2.644,3.265,29.19,3.185,3.502,12.66,.958,1.595,4.552,.777,1.878
101,2017,201,1100,12.67,7.55,3.438,2.196,16.63,5.758,3.783,1.774,4.671,2.932,2.823,51.04,3.656,4.311,5.197,41.07,39.97,10.43,45.99,13.65,3.327,7.92,3.007,4.053,30.98,3.927,4.363,15.49,.938,1.776,4.532,.868,2.084
101,2017,201,1110,12.67,8.36,3.998,2.756,23.82,10.32,5.227,2.007,5.202,3.384,3.249,80.9,5.311,4.72,9.88,55.52,44.2,12.82,71.5,35.41,4.292,10.59,3.761,4.907,35.78,5.425,5.13,23.01,1.02,2.009,4.579,.957,2.302
101,2017,201,1120,12.67,6.507,2.78,2.109,14.67,5.49,3.53,1.907,4.023,2.798,2.847,50.04,4.376,4.083,5.542,43.8,40.55,9.48,45.31,13.96,3.651,7.07,2.88,3.957,33.3,4.019,4.204,16.16,1.035,1.796,5.065,.838,2.263
101,2017,201,1130,12.68,7.47,3.103,2.439,16.39,5.812,3.932,2.166,4.443,3.222,3.173,52.75,4.205,4.611,6.14,49.07,45.67,10.71,49.77,14.49,3.803,7.51,3.2,4.49,37.85,4.183,4.817,19.08,1.178,2.086,6.055,1.015,2.486
101,2017,201,1140,12.68,8.55,4.145,3.217,21.07,7.76,6.725,2.567,5.464,3.751,3.882,95.3,13.16,5.236,14.04,77.4,61.41,14.82,88.2,48.74,5.467,9.15,3.756,5.943,50.53,6.129,6.387,39.99,1.431,2.635,7.15,1.355,2.893
101,2017,201,1150,12.68,6.812,2.577,2.104,14.44,5.765,3.882,2.247,4.544,3.014,3.084,53.58,6.579,4.74,6.568,52.02,46.7,10.79,49.16,16.79,4.386,7.43,2.981,4.12,39.03,4.587,4.619,19.07,1.27,2.191,6.537,1.044,2.738
101,2017,201,1200,12.68,3.89,1.617,1.292,8.25,3.93,2.228,1.669,3.089,2.054,2.071,30.39,2.788,3.441,4.12,33.89,32.81,5.567,27.52,6.596,2.607,5.323,1.917,2.644,28.52,2.913,2.857,11.06,.983,1.483,4.867,.787,1.717
101,2017,201,1210,12.68,3.168,1.328,1,6.617,3.273,1.903,1.334,2.61,1.581,1.583,24.89,2.104,2.84,3.32,26.84,26.26,4.545,21.89,5.352,1.943,4.687,1.63,2.215,22.91,2.322,2.265,9.1,.784,1.166,3.598,.613,1.38
101,2017,201,1220,12.68,4.32,1.667,1.295,9.08,4.176,2.488,1.647,3.3,2.126,2.064,32.1,2.987,3.731,4.175,33.89,32.68,6.248,28.7,7.06,2.613,5.778,2.099,2.784,28.27,2.878,2.932,11.21,.975,1.469,4.548,.742,1.836
101,2017,201,1230,12.68,4.195,1.863,1.484,9.17,4.3,2.848,1.742,3.322,2.042,2.365,37.65,3.901,3.491,4.885,38.83,34.36,6.302,34.67,9.43,3.625,5.565,2.194,3.406,29.98,3.436,3.344,14.55,.987,1.556,4.752,.759,2.287
101,2017,201,1240,12.68,6.531,2.859,2.36,13.96,5.58,3.793,2.174,4.588,2.858,3.196,52.38,5.089,4.617,6.354,51.07,45.12,10.08,49.62,13.48,5.186,6.9,2.921,4.694,37.42,4.501,4.86,21.41,1.208,2.158,5.833,.938,2.955
101,2017,201,1250,12.68,7.41,3.275,2.973,15.37,6.198,4.265,2.519,5.3,3.355,3.466,56.81,5.007,5.466,7.11,56.41,52.17,11.83,54.09,14.7,5.463,8.09,3.3,5.129,43.48,4.806,5.642,24.5,1.427,2.553,7.12,1.173,3.191
101,2017,201,1300,12.68,6.962,3.015,2.211,15.05,6.039,3.803,2.367,5.035,3.141,3.136,49.78,3.921,5.109,6.149,48.64,47.72,9.68,45.67,11.21,3.563,8.3,3.173,4.461,39.52,4.277,4.674,17.88,1.31,2.132,6.518,1.102,2.633
101,2017,201,1310,12.68,6.853,2.844,1.97,13.75,5.31,3.332,2.111,4.679,2.828,2.741,43.38,3.186,4.783,5.302,42.41,43.3,8.94,39.84,9.16,2.871,7.52,2.849,3.814,35.36,3.632,4.089,15.88,1.183,1.963,5.813,.995,2.251
101,2017,201,1320,12.68,6.876,2.91,2.112,14.1,5.357,3.342,2.091,4.68,3.004,2.883,44.36,3.307,4.985,5.602,44.01,44.38,9.34,40.97,9.08,2.926,7.59,2.881,3.896,36.32,3.56,4.437,16.5,1.226,2.005,5.979,.995,2.355
101,2017,201,1330,12.68,6.364,2.779,2.087,13.12,5.012,3.367,2.077,4.396,2.782,2.903,45.87,3.963,4.565,5.928,46.92,44.3,8.73,43.11,10.64,4.084,7.12,2.826,4.228,36.75,3.958,4.456,18.32,1.176,1.908,5.675,1.005,2.58
101,2017,201,1340,12.68,4.659,2.337,1.947,9.84,4.347,3.325,2.138,3.89,2.275,2.818,47.9,5.962,3.758,6.418,51.86,42.35,7.62,46.07,12.96,5.31,5.835,2.484,4.885,37.13,4.443,4.753,22.9,1.116,1.918,5.882,.97,3.046
101,2017,201,1350,12.68,4.182,2.039,1.814,9.1,4.852,3.29,2.228,4.29,2.429,3.17,47.36,7.17,3.813,6.619,55.46,40.55,6.798,47.38,11.59,6.306,5.624,2.506,6.155,39.04,4.711,4.25,25.66,1.216,2.134,6.073,1.014,3.252
101,2017,201,1400,12.68,4.795,1.943,1.642,9.93,4.103,2.672,1.778,3.327,2.176,2.376,37.74,3.607,3.431,4.993,39.84,36.78,6.894,35.63,9.16,3.488,5.7,2.299,3.351,31.62,3.404,3.381,15.06,.957,1.618,5.421,.876,2.193
101,2017,201,1410,12.68,5.024,2.362,1.972,10.42,4.885,3.564,2.16,4.354,2.493,2.929,48.53,6.596,4.426,6.365,50.67,41.77,7.97,45.78,11.86,5.091,6.38,2.496,4.634,37.27,4.12,4.797,22.81,1.19,2.148,5.961,1.004,3.089
101,2017,201,1420,12.68,5.1,2.029,1.754,10.56,4.705,3.121,2.284,3.959,2.51,3.235,40.63,4.066,4.292,6.093,48.91,41.58,7.52,40.04,8.89,5.033,6.181,2.491,4.13,37.12,4.113,3.788,19.03,1.231,1.93,6.139,.952,2.828
101,2017,201,1430,12.68,4.622,1.796,1.513,9.41,4.172,2.503,1.907,3.46,2.129,2.446,32.16,2.699,3.74,4.968,39.89,37.59,6.291,31.64,6.96,3.58,5.542,2.134,3.066,32.34,3.28,3.141,14.05,1.079,1.615,5.428,.838,2.163
101,2017,201,1440,12.68,4.132,1.567,1.424,8.26,3.714,2.297,1.712,3.115,1.965,2.136,29.52,2.662,3.478,4.646,35.4,34.05,5.624,29.31,6.269,2.624,4.921,1.955,2.914,29.66,2.793,3.091,13.64,.958,1.498,5.036,.794,2.052
101,2017,201,1450,12.68,3.25,1.288,1.044,6.849,3.026,1.84,1.26,2.57,1.622,1.647,24.22,2.026,2.848,3.369,26.52,25.8,4.617,22.51,4.963,2.079,4.453,1.605,2.203,22.12,2.156,2.319,9.53,.746,1.158,3.518,.553,1.473
101,2017,201,1500,12.68,3.647,1.496,1.109,7.37,3.16,1.918,1.241,2.79,1.637,1.613,25.38,2.022,2.867,3.284,25.56,25.58,4.929,22.98,5.346,1.88,4.622,1.64,2.188,21.51,2.171,2.398,9.35,.751,1.163,3.27,.575,1.387
101,2017,201,1510,12.68,3.776,1.481,1.2,7.58,3.141,1.935,1.394,2.702,1.724,1.761,24.94,1.907,2.838,3.55,27.83,27.8,5.023,24.24,4.999,1.975,4.309,1.679,2.377,23.84,2.324,2.498,10.41,.787,1.215,4.152,.647,1.448
101,2017,201,1520,12.68,3.611,1.344,1.076,6.985,2.754,1.711,1.255,2.515,1.551,1.575,22.6,1.711,2.639,3.337,25.77,25.95,4.725,21.93,4.4,1.819,4.12,1.58,2.2,22.15,2.012,2.233,9.93,.71,1.111,3.798,.64,1.384
101,2017,201,1530,12.68,3.78,1.506,1.201,8.06,3.435,2.193,1.432,2.83,1.794,1.935,28.02,2.401,2.984,3.783,29.43,27.84,5.465,26.11,6.021,2.404,4.758,1.766,2.674,23.94,2.478,2.681,11.13,.794,1.324,3.942,.655,1.623
101,2017,201,1540,12.68,3.619,1.464,1.315,7.41,3.347,2.32,1.506,3.016,1.826,2.371,30.35,3.019,3.145,4.46,34.82,30.22,5.705,29.25,6.797,3.785,4.674,1.803,2.847,26.14,2.853,2.825,12.81,.932,1.458,4.539,.672,1.962
101,2017,201,1550,12.68,2.909,1.091,.928,5.988,2.8,1.687,1.203,2.312,1.412,1.51,21.3,1.83,2.49,3.15,26.38,23.58,4.252,20.02,4.336,2.521,3.832,1.37,2.026,20.38,2.062,2.032,8.36,.66,1.009,3.379,.531,1.381
101,2017,201,1600,12.68,2.486,.965,.776,5.202,2.325,1.329,.978,1.871,1.21,1.164,17.37,1.295,2,2.364,19.47,19.44,3.453,16.06,3.5,1.334,3.215,1.19,1.598,16.88,1.679,1.645,6.45,.543,.823,2.746,.452,.963
101,2017,201,1610,12.68,2.156,.846,.72,4.599,2.104,1.277,.921,1.642,1.079,1.107,16.51,1.397,1.85,2.347,18.62,18.06,3.105,15.64,3.478,1.332,2.831,1.066,1.595,15.79,1.528,1.618,6.73,.484,.759,2.743,.436,1.009
101,2017,201,1620,12.68,2.014,.826,.668,4.333,1.881,1.24,.791,1.607,.98,1.066,16.82,1.613,1.652,2.208,18.26,16.26,3.182,15.58,3.897,1.639,2.59,.982,1.535,14.09,1.54,1.516,6.601,.447,.717,2.352,.402,1
101,2017,201,1630,12.68,1.766,.749,.58,3.865,1.798,1.173,.72,1.499,.848,1.015,15.42,1.464,1.533,2.031,17.18,14.43,2.748,14.14,3.649,1.876,2.424,.88,1.374,12.57,1.53,1.288,5.852,.454,.647,1.957,.335,.891
101,2017,201,1640,12.68,1.774,.685,.539,3.81,1.798,1.045,.707,1.396,.821,.891,12.96,1.022,1.417,1.699,17.67,14.03,2.562,12.05,2.868,1.463,2.18,.794,1.19,12.06,1.516,1.181,4.683,.429,.571,1.897,.328,.647
101,2017,201,1650,12.68,1.406,.481,.404,2.947,1.267,.675,.486,.928,.645,.6,8.32,.543,1.087,1.144,9.91,10.04,1.865,7.83,1.546,.58,1.555,.556,.734,8.68,.853,.844,2.984,.3,.429,1.441,.248,.432
101,2017,201,1700,12.68,1,.367,.297,2.057,.759,.446,.32,.603,.444,.414,5.812,.397,.665,.767,6.474,6.568,1.324,5.554,1.104,.409,1.037,.412,.491,5.778,.509,.566,2.108,.189,.302,.911,.159,.308
101,2017,201,1710,12.68,.707,.275,.221,1.471,.59,.36,.245,.464,.333,.322,4.423,.325,.513,.586,5.035,4.988,.932,4.111,.833,.333,.821,.305,.399,4.393,.431,.437,1.593,.136,.221,.625,.114,.246
101,2017,201,1720,12.68,.586,.218,.186,1.208,.499,.305,.218,.41,.302,.271,3.614,.261,.457,.486,4.182,4.292,.777,3.371,.627,.261,.679,.258,.333,3.719,.357,.382,1.303,.134,.189,.603,.109,.208
101,2017,201,1730,12.68,.422,.154,.132,.876,.399,.233,.173,.303,.211,.206,2.763,.221,.342,.395,3.242,3.207,.563,2.597,.529,.226,.508,.201,.271,2.833,.297,.281,1.037,.09,.144,.456,.084,.159
101,2017,201,1740,12.68,.253,.109,.082,.513,.24,.156,.109,.189,.121,.141,1.91,.181,.191,.28,2.223,2.012,.375,1.809,.432,.201,.323,.126,.191,1.774,.209,.184,.729,.06,.079,.281,.05,.127
101,2017,201,1750,12.68,.194,.069,.065,.39,.159,.109,.065,.137,.085,.104,1.392,.136,.137,.196,1.61,1.407,.29,1.354,.342,.176,.225,.089,.132,1.233,.142,.124,.536,.034,.065,.194,.034,.087
101,2017,201,1800,12.67,.084,.032,.023,.169,.064,.047,.034,.057,.04,.045,.55,.054,.057,.079,.61,.555,.122,.524,.126,.057,.097,.042,.054,.483,.057,.052,.211,.012,.027,.075,.008,.037
101,2017,201,1810,12.67,.015,0,0,.04,.013,.002,0,.01,.003,0,.137,.005,.015,.018,.147,.142,.027,.122,.028,.007,.022,.002,.01,.121,.013,.01,.054,0,.002,.015,0,0
101,2017,201,1820,12.67,0,0,0,0,0,0,0,0,0,0,.02,0,0,0,.018,.015,0,.012,0,0,0,0,0,.01,0,0,.002,0,0,0,0,0
101,2017,201,1830,12.67,0,0,0,0,0,0,0,0,0,0,0,0,0,0,0,0,0,0,0,0,0,0,0,0,0,0,0,0,0,0,0,0
101,2017,201,1840,12.67,0,0,0,0,0,0,0,0,0,0,0,0,0,0,0,0,0,0,0,0,0,0,0,0,0,0,0,0,0,0,0,0
101,2017,201,1850,12.67,0,0,0,0,0,0,0,0,0,0,0,0,0,0,0,0,0,0,0,0,0,0,0,0,0,0,0,0,0,0,0,0
101,2017,201,1900,12.67,0,0,0,0,0,0,0,0,0,0,0,0,0,0,0,0,0,0,0,0,0,0,0,0,0,0,0,0,0,0,0,0
101,2017,201,1910,12.67,0,0,0,0,0,0,0,0,0,0,0,0,0,0,0,0,0,0,0,0,0,0,0,0,0,0,0,0,0,0,0,0
101,2017,201,1920,12.67,0,0,0,0,0,0,0,0,0,0,0,0,0,0,0,0,0,0,0,0,0,0,0,0,0,0,0,0,0,0,0,0
101,2017,201,1930,12.67,0,0,0,0,0,0,0,0,0,0,0,0,0,0,0,0,0,0,0,0,0,0,0,0,0,0,0,0,0,0,0,0
101,2017,201,1940,12.67,0,0,0,0,0,0,0,0,0,0,0,0,0,0,0,0,0,0,0,0,0,0,0,0,0,0,0,0,0,0,0,0
101,2017,201,1950,12.67,0,0,0,0,0,0,0,0,0,0,0,0,0,0,0,0,0,0,0,0,0,0,0,0,0,0,0,0,0,0,0,0
101,2017,201,2000,12.67,0,0,0,0,0,0,0,0,0,0,0,0,0,0,0,0,0,0,0,0,0,0,0,0,0,0,0,0,0,0,0,0
101,2017,201,2010,12.67,0,0,0,0,0,0,0,0,0,0,0,0,0,0,0,0,0,0,0,0,0,0,0,0,0,0,0,0,0,0,0,0
101,2017,201,2020,12.67,0,0,0,0,0,0,0,0,0,0,0,0,0,0,0,0,0,0,0,0,0,0,0,0,0,0,0,0,0,0,0,0
101,2017,201,2030,12.67,0,0,0,0,0,0,0,0,0,0,0,0,0,0,0,0,0,0,0,0,0,0,0,0,0,0,0,0,0,0,0,0
101,2017,201,2040,12.68,0,0,0,0,0,0,0,0,0,0,0,0,0,0,0,0,0,0,0,0,0,0,0,0,0,0,0,0,0,0,0,0
101,2017,201,2050,12.68,0,0,0,0,0,0,0,0,0,0,0,0,0,0,0,0,0,0,0,0,0,0,0,0,0,0,0,0,0,0,0,0
101,2017,201,2100,12.67,0,0,0,0,0,0,0,0,0,0,0,0,0,0,0,0,0,0,0,0,0,0,0,0,0,0,0,0,0,0,0,0
101,2017,201,2110,12.67,0,0,0,0,0,0,0,0,0,0,0,0,0,0,0,0,0,0,0,0,0,0,0,0,0,0,0,0,0,0,0,0
101,2017,201,2120,12.67,0,0,0,0,0,0,0,0,0,0,0,0,0,0,0,0,0,0,0,0,0,0,0,0,0,0,0,0,0,0,0,0
101,2017,201,2130,12.67,0,0,0,0,0,0,0,0,0,0,0,0,0,0,0,0,0,0,0,0,0,0,0,0,0,0,0,0,0,0,0,0
101,2017,201,2140,12.67,0,0,0,0,0,0,0,0,0,0,0,0,0,0,0,0,0,0,0,0,0,0,0,0,0,0,0,0,0,0,0,0
101,2017,201,2150,12.67,0,0,0,0,0,0,0,0,0,0,0,0,0,0,0,0,0,0,0,0,0,0,0,0,0,0,0,0,0,0,0,0
101,2017,201,2200,12.67,0,0,0,0,0,0,0,0,0,0,0,0,0,0,0,0,0,0,0,0,0,0,0,0,0,0,0,0,0,0,0,0
101,2017,201,2210,12.67,0,0,0,0,0,0,0,0,0,0,0,0,0,0,0,0,0,0,0,0,0,0,0,0,0,0,0,0,0,0,0,0
101,2017,201,2220,12.67,0,0,0,0,0,0,0,0,0,0,0,0,0,0,0,0,0,0,0,0,0,0,0,0,0,0,0,0,0,0,0,0
101,2017,201,2230,12.67,0,0,0,0,0,0,0,0,0,0,0,0,0,0,0,0,0,0,0,0,0,0,0,0,0,0,0,0,0,0,0,0
101,2017,201,2240,12.67,0,0,0,0,0,0,0,0,0,0,0,0,0,0,0,0,0,0,0,0,0,0,0,0,0,0,0,0,0,0,0,0
101,2017,201,2250,12.67,0,0,0,0,0,0,0,0,0,0,0,0,0,0,0,0,0,0,0,0,0,0,0,0,0,0,0,0,0,0,0,0
101,2017,201,2300,12.67,0,0,0,0,0,0,0,0,0,0,0,0,0,0,0,0,0,0,0,0,0,0,0,0,0,0,0,0,0,0,0,0
101,2017,201,2310,12.67,0,0,0,0,0,0,0,0,0,0,0,0,0,0,0,0,0,0,0,0,0,0,0,0,0,0,0,0,0,0,0,0
101,2017,201,2320,12.67,0,0,0,0,0,0,0,0,0,0,0,0,0,0,0,0,0,0,0,0,0,0,0,0,0,0,0,0,0,0,0,0
101,2017,201,2330,12.67,0,0,0,0,0,0,0,0,0,0,0,0,0,0,0,0,0,0,0,0,0,0,0,0,0,0,0,0,0,0,0,0
101,2017,201,2340,12.67,0,0,0,0,0,0,0,0,0,0,0,0,0,0,0,0,0,0,0,0,0,0,0,0,0,0,0,0,0,0,0,0
101,2017,201,2350,12.67,0,0,0,0,0,0,0,0,0,0,0,0,0,0,0,0,0,0,0,0,0,0,0,0,0,0,0,0,0,0,0,0
101,2017,201,2400,12.67,0,0,0,0,0,0,0,0,0,0,0,0,0,0,0,0,0,0,0,0,0,0,0,0,0,0,0,0,0,0,0,0
101,2017,202,10,12.67,0,0,0,0,0,0,0,0,0,0,0,0,0,0,0,0,0,0,0,0,0,0,0,0,0,0,0,0,0,0,0,0
101,2017,202,20,12.67,0,0,0,0,0,0,0,0,0,0,0,0,0,0,0,0,0,0,0,0,0,0,0,0,0,0,0,0,0,0,0,0
101,2017,202,30,12.67,0,0,0,0,0,0,0,0,0,0,0,0,0,0,0,0,0,0,0,0,0,0,0,0,0,0,0,0,0,0,0,0
101,2017,202,40,12.67,0,0,0,0,0,0,0,0,0,0,0,0,0,0,0,0,0,0,0,0,0,0,0,0,0,0,0,0,0,0,0,0
101,2017,202,50,12.67,0,0,0,0,0,0,0,0,0,0,0,0,0,0,0,0,0,0,0,0,0,0,0,0,0,0,0,0,0,0,0,0
101,2017,202,100,12.67,0,0,0,0,0,0,0,0,0,0,0,0,0,0,0,0,0,0,0,0,0,0,0,0,0,0,0,0,0,0,0,0
101,2017,202,110,12.67,0,0,0,0,0,0,0,0,0,0,0,0,0,0,0,0,0,0,0,0,0,0,0,0,0,0,0,0,0,0,0,0
101,2017,202,120,12.67,0,0,0,0,0,0,0,0,0,0,0,0,0,0,0,0,0,0,0,0,0,0,0,0,0,0,0,0,0,0,0,0
101,2017,202,130,12.67,0,0,0,0,0,0,0,0,0,0,0,0,0,0,0,0,0,0,0,0,0,0,0,0,0,0,0,0,0,0,0,0
101,2017,202,140,12.67,0,0,0,0,0,0,0,0,0,0,0,0,0,0,0,0,0,0,0,0,0,0,0,0,0,0,0,0,0,0,0,0
101,2017,202,150,12.67,0,0,0,0,0,0,0,0,0,0,0,0,0,0,0,0,0,0,0,0,0,0,0,0,0,0,0,0,0,0,0,0
101,2017,202,200,12.66,0,0,0,0,0,0,0,0,0,0,0,0,0,0,0,0,0,0,0,0,0,0,0,0,0,0,0,0,0,0,0,0
101,2017,202,210,12.66,0,0,0,0,0,0,0,0,0,0,0,0,0,0,0,0,0,0,0,0,0,0,0,0,0,0,0,0,0,0,0,0
101,2017,202,220,12.66,0,0,0,0,0,0,0,0,0,0,0,0,0,0,0,0,0,0,0,0,0,0,0,0,0,0,0,0,0,0,0,0
101,2017,202,230,12.66,0,0,0,0,0,0,0,0,0,0,0,0,0,0,0,0,0,0,0,0,0,0,0,0,0,0,0,0,0,0,0,0
101,2017,202,240,12.66,0,0,0,0,0,0,0,0,0,0,0,0,0,0,0,0,0,0,0,0,0,0,0,0,0,0,0,0,0,0,0,0
101,2017,202,250,12.66,0,0,0,0,0,0,0,0,0,0,0,0,0,0,0,0,0,0,0,0,0,0,0,0,0,0,0,0,0,0,0,0
101,2017,202,300,12.66,0,0,0,0,0,0,0,0,0,0,0,0,0,0,0,0,0,0,0,0,0,0,0,0,0,0,0,0,0,0,0,0
101,2017,202,310,12.66,0,0,0,0,0,0,0,0,0,0,0,0,0,0,0,0,0,0,0,0,0,0,0,0,0,0,0,0,0,0,0,0
101,2017,202,320,12.66,0,0,0,0,0,0,0,0,0,0,0,0,0,0,0,0,0,0,0,0,0,0,0,0,0,0,0,0,0,0,0,0
101,2017,202,330,12.66,0,0,0,0,0,0,0,0,0,0,0,0,0,0,0,0,0,0,0,0,0,0,0,0,0,0,0,0,0,0,0,0
101,2017,202,340,12.66,0,0,0,0,0,0,0,0,0,0,0,0,0,0,0,0,0,0,0,0,0,0,0,0,0,0,0,0,0,0,0,0
101,2017,202,350,12.66,0,0,0,0,0,0,0,0,0,0,0,0,0,0,0,0,0,0,0,0,0,0,0,0,0,0,0,0,0,0,0,0
101,2017,202,400,12.66,0,0,0,0,0,0,0,0,0,0,0,0,0,0,0,0,0,0,0,0,0,0,0,0,0,0,0,0,0,0,0,0
101,2017,202,410,12.66,0,0,0,0,0,0,0,0,0,0,0,0,0,0,0,0,0,0,0,0,0,0,0,0,0,0,0,0,0,0,0,0
101,2017,202,420,12.66,0,0,0,0,0,0,0,0,0,0,0,0,0,0,0,0,0,0,0,0,0,0,0,0,0,0,0,0,0,0,0,0
101,2017,202,430,12.66,0,0,0,0,0,0,0,0,0,0,0,0,0,0,0,0,0,0,0,0,0,0,0,0,0,0,0,0,0,0,0,0
101,2017,202,440,12.66,0,0,0,0,0,0,0,0,0,0,0,0,0,0,0,0,0,0,0,0,0,0,0,0,0,0,0,0,0,0,0,0
101,2017,202,450,12.66,0,0,0,0,0,0,0,0,0,0,0,0,0,0,0,0,0,0,0,0,0,0,0,0,0,0,0,0,0,0,0,0
101,2017,202,500,12.66,0,0,0,0,0,0,0,0,0,0,0,0,0,0,0,0,0,0,0,0,0,0,0,0,0,0,0,0,0,0,0,0
101,2017,202,510,12.66,0,0,0,0,0,0,0,0,0,0,0,0,0,0,0,0,0,0,0,0,0,0,0,0,0,0,0,0,0,0,0,0
101,2017,202,520,12.66,0,0,0,0,0,0,0,0,0,0,0,0,0,0,0,0,0,0,0,0,0,0,0,0,0,0,0,0,0,0,0,0
101,2017,202,530,12.66,0,0,0,0,0,0,0,0,0,0,0,0,0,0,0,0,0,0,0,0,0,0,0,0,0,0,0,0,0,0,0,0
101,2017,202,540,12.66,0,0,0,0,0,0,0,0,0,0,0,0,0,0,0,0,0,0,0,0,0,0,0,0,0,0,0,0,0,0,0,0
101,2017,202,550,12.66,0,0,0,0,0,0,0,0,0,0,0,0,0,0,0,0,0,0,0,0,0,0,0,0,0,0,0,0,0,0,0,0
101,2017,202,600,12.66,0,0,0,0,0,0,0,0,0,0,0,0,0,0,0,0,0,0,0,0,0,0,0,0,0,0,0,0,0,0,0,0
101,2017,202,610,12.66,0,0,0,0,0,0,0,0,0,0,0,0,0,0,0,0,0,0,0,0,0,0,0,0,0,0,0,0,0,0,0,0
101,2017,202,620,12.66,0,0,0,0,0,0,0,0,0,0,0,0,0,0,0,0,0,0,0,0,0,0,0,0,0,0,0,0,0,0,0,0
101,2017,202,630,12.66,0,0,0,0,0,0,0,0,0,0,0,0,0,0,0,0,0,0,0,0,0,0,0,0,0,0,0,0,0,0,0,0
101,2017,202,640,12.66,0,0,0,0,0,0,0,0,0,0,.012,0,0,0,.002,.003,0,.003,0,0,0,0,0,.002,0,0,0,0,0,0,0,0
101,2017,202,650,12.66,.012,0,0,.022,.01,0,0,.007,0,0,.107,.002,.012,.005,.07,.072,.022,.08,.023,0,.022,.003,.005,.055,.005,0,.022,0,0,.005,0,0
101,2017,202,700,12.66,.06,.023,.022,.127,.059,.04,.025,.05,.034,.03,.513,.034,.049,.047,.382,.39,.102,.389,.109,.03,.107,.037,.042,.325,.04,.037,.107,.003,.023,.05,.012,.022
101,2017,202,710,12.66,.163,.065,.044,.362,.171,.102,.057,.139,.082,.069,1.49,.094,.134,.134,1.108,1.131,.285,1.12,.31,.085,.303,.106,.114,.937,.112,.102,.305,.034,.044,.141,.034,.049
101,2017,202,720,12.66,.31,.121,.091,.665,.312,.194,.116,.25,.158,.134,2.933,.184,.241,.253,2.142,2.177,.508,2.201,.563,.168,.54,.209,.211,1.817,.22,.199,.536,.06,.089,.263,.059,.091
101,2017,202,730,12.66,.421,.188,.139,1.056,.459,.317,.164,.392,.241,.206,4.704,.285,.372,.387,3.277,3.323,.826,3.468,.979,.265,.838,.318,.347,2.735,.337,.298,.798,.089,.124,.392,.087,.146
101,2017,202,740,12.66,.793,.323,.216,1.887,.702,.469,.24,.595,.385,.327,7.41,.416,.53,.531,4.926,4.941,1.401,5.323,1.47,.375,1.337,.453,.504,3.915,.451,.427,1.143,.122,.208,.516,.122,.218
101,2017,202,750,12.66,1.136,.437,.322,2.599,.942,.603,.328,.788,.486,.434,22.75,.701,.734,.783,7.95,6.64,1.931,7.33,2.058,.478,1.792,.623,.702,5.393,.639,.573,1.738,.164,.278,.709,.174,.323
101,2017,202,800,12.66,1.488,.572,.436,3.575,1.272,.885,.424,1.054,.662,.583,36.62,1.098,1.021,1.086,11.04,8.97,2.668,10.16,2.76,.679,3.211,1.001,1.076,7.11,.87,.798,2.408,.221,.37,.959,.228,.414
101,2017,202,810,12.66,1.81,.759,.531,4.626,1.711,1.23,.508,1.441,.85,.721,29.1,1.203,1.364,1.326,11.83,11.07,3.317,13.32,3.558,.845,4.413,1.265,1.404,8.75,.999,1.041,3.023,.263,.441,1.131,.273,.473
101,2017,202,820,12.66,2.452,1.037,.707,5.563,2.125,1.409,.625,1.839,1.12,.965,67.87,1.911,1.872,1.768,16.18,13.29,4.249,33.82,4.297,1.011,11.5,2.097,1.704,10.53,1.376,1.394,3.764,.375,.577,1.409,.342,.62
101,2017,202,830,12.66,2.485,.947,.667,5.591,2.073,1.393,.669,1.666,1.109,.96,53.53,1.775,1.703,1.694,15.77,14.06,3.947,36.83,4.624,1.058,10.04,1.922,1.658,11.25,1.349,1.384,3.774,.402,.565,1.53,.345,.587
101,2017,202,840,12.66,2.864,1.203,1.012,7.09,2.717,1.929,.851,2.122,1.373,1.155,64.05,2.118,2.14,2.197,18.52,20.33,9.46,46.47,5.945,1.342,14.18,2.338,2.249,13.89,1.76,1.743,4.978,.416,.691,1.807,.412,.821
101,2017,202,850,12.66,3.674,1.577,1.172,8.85,3.585,2.415,1.054,2.898,1.798,1.54,85.7,2.616,2.836,2.784,22.65,29.88,12.18,63.17,7.5,1.629,20.84,3.354,2.621,17.99,2.14,2.318,6.055,.543,.913,2.273,.491,.982
101,2017,202,900,12.66,3.142,1.381,.94,6.927,2.744,2.075,1.146,2.298,1.48,1.337,50.34,2.048,2.253,2.502,21.32,25.45,5.02,39.1,6.375,1.611,11.63,14.88,2.152,17.26,1.981,2.02,6.571,.536,.868,2.408,.479,.985
101,2017,202,910,12.66,1.962,.89,.959,7.07,3.489,2.805,1.074,2.51,1.471,1.279,93.6,2.303,2.514,2.72,21.02,35.27,19.27,70.6,13.27,1.51,26.17,43.6,2.82,16.3,1.763,1.792,5.502,.54,.769,2.422,.503,1.026
101,2017,202,920,12.67,4.07,1.875,1.444,13.21,4.565,3.268,1.049,3.041,1.977,1.625,92.9,2.354,2.783,2.772,24.79,37.9,28.44,71.5,9.16,1.773,25.49,30.27,3.05,16.6,2.391,2.317,5.153,.528,.898,2.155,.54,.868
101,2017,202,930,12.67,4.534,1.798,1.376,23.93,4.164,2.681,1.121,3.11,2.056,1.686,77.8,2.388,2.808,2.956,27.25,36.52,42.13,61,9.66,1.925,20.2,5.849,2.595,19.05,2.461,2.441,5.742,.613,1.019,2.344,.524,.97
101,2017,202,940,12.67,3.803,1.786,1.545,20.37,4.524,4.646,1.079,2.895,2.057,1.632,61.59,1.945,2.821,2.798,24.92,31.34,7.32,49.36,9.47,1.654,12.82,3.113,3.178,16.68,2.123,2.247,4.783,.538,.91,2.262,.471,.911
101,2017,202,950,12.67,4.051,1.625,1.384,14.62,4.066,2.838,.983,2.961,1.825,1.506,45.94,2.088,2.764,2.726,23.17,25.97,6.941,37.09,9.75,1.697,7.51,2.47,3.1,16.31,1.903,2.104,6.022,.538,.875,2.228,.456,.973
101,2017,202,1000,12.67,4.163,1.724,1.647,17.72,6.246,4.011,1.159,4.403,2,1.706,53.72,2.191,3.064,3.247,27.98,29.65,6.851,43.88,10.08,1.853,8.99,2.945,7.81,18.11,2.123,2.573,7.59,.601,1.077,2.443,.489,1.223
101,2017,202,1010,12.67,4.773,2.29,1.51,17.57,6.362,4.185,1.436,3.285,1.962,1.786,56.01,2.728,2.873,3.334,30.25,29.16,7.16,46.54,16.71,2.307,9.27,4.45,14.35,19.02,2.702,2.872,8.45,.63,1.134,2.493,.633,1.136
101,2017,202,1020,12.67,3.679,1.458,1.236,16.68,8.17,4.162,6.899,2.64,1.607,1.394,48.89,2.302,2.468,5.871,25.71,18.95,6.583,40.16,23.82,1.724,9.92,2.545,4.338,14.48,1.985,1.999,5.157,.461,.749,1.841,.462,.915
101,2017,202,1030,12.67,3.701,1.727,1.856,41.52,35.12,3.14,3.991,2.523,1.945,1.64,114.3,2.565,2.299,19.91,48.28,18.85,7.13,95.4,30.39,2.465,22.96,3.336,3.812,18.49,2.694,2.433,4.634,.488,.859,1.912,.586,.97
101,2017,202,1040,12.67,2.145,1.174,1.193,40.44,58.39,2.418,13.03,2.245,2.129,1.288,114.2,2.305,1.907,10.42,51.54,14.41,4.963,95.9,85,5.08,16.95,2.072,2.535,19.19,2.548,2.118,4.611,.476,.734,1.696,.546,1.851
101,2017,202,1050,12.67,3.532,1.806,2.188,41.67,65.22,8.86,2.046,3.178,2.173,1.923,122.8,3.001,2.95,24.31,60.59,21.17,7.38,104.6,89,4.197,12.01,2.652,2.939,25.73,3.049,2.914,7.78,.709,1.091,2.404,.645,1.179
101,2017,202,1100,12.67,3.153,1.751,1.471,16.09,11.57,4.039,.988,2.448,1.51,1.67,58.56,3.13,2.155,9.42,33.6,19.87,6.34,49.61,33.12,2.644,6.603,1.897,2.54,17.95,2.845,2.198,9.13,.499,.896,2.089,.499,1.342
101,2017,202,1110,12.67,2.469,1.362,1.349,27.88,15.42,2.56,1.077,2.26,1.483,1.618,120.9,3.49,2.088,24.9,70.2,17.33,5.314,106.1,94,3.079,18.06,2.032,2.528,31.26,3.223,2.351,41.49,.573,1,2.279,.725,1.484
101,2017,202,1120,12.67,2.945,1.519,1.591,21.69,25.96,2.362,1.027,2.112,1.54,1.509,116.2,2.942,1.88,17.97,70.3,17.63,5.426,102.9,91.9,2.639,14.11,1.751,2.215,32.41,2.824,3.702,53.64,.558,.906,2.079,.695,1.076
101,2017,202,1130,12.67,2.712,1.647,5.565,15.87,4.83,2.659,.928,2.121,1.392,1.493,93.2,3.588,1.799,3.617,59.07,20.44,5.538,82.3,70.4,2.657,5.717,1.618,2.285,28.58,2.985,2.267,43.08,.538,3.781,2.096,.618,1.129
101,2017,202,1140,12.67,2.473,1.63,1.235,10.44,3.141,4.511,.905,2.07,1.333,1.427,98.4,12.64,1.697,13.8,64.96,25.05,6.528,87.4,76.3,2.834,4.268,1.533,7.97,31.04,2.823,2.436,48.81,.575,.9,2.072,.67,1.139
101,2017,202,1150,12.67,2.226,1.367,5.002,11.94,2.479,22.14,.94,1.968,1.327,1.37,105.6,26.27,1.692,26.93,74.3,40.42,19.06,95.4,85.4,3.282,3.885,1.496,2.188,35.31,2.623,8.62,57.67,.653,15.58,2.129,.725,1.209
101,2017,202,1200,12.67,2.235,1.4,1.203,17.97,2.325,3.147,.96,1.98,1.31,1.384,110.6,12.51,1.695,27.39,81.5,41.48,5.076,101.9,83,2.988,3.838,1.466,2.141,38.82,2.623,20.99,64.57,.663,1.035,2.198,.779,1.281
101,2017,202,1210,12.67,2.305,1.549,1.323,24.02,3.796,4.742,.978,2.327,1.312,1.384,110.1,5.625,1.667,24.46,84.2,28.56,4.461,102.5,93.9,3.055,3.697,1.42,14.88,40.72,2.662,17.47,68.29,.76,1.152,2.171,.787,1.343
101,2017,202,1220,12.68,2.238,1.668,1.079,12.93,2.099,65.52,.958,2.115,1.31,1.442,109.6,2.901,1.633,20.91,87.2,20.27,4.286,103,95.1,3.169,3.509,1.4,33.86,42.84,7.01,27.97,71.4,.707,1.71,2.186,.864,2.218
101,2017,202,1230,12.67,14.33,1.573,1.038,14.86,2.092,2.403,.971,3.367,1.33,1.608,109,2.874,1.631,16.45,90,49.43,7.55,103.4,95.2,19.35,3.447,1.417,2.112,44.98,62.83,2.514,73.9,.658,6.284,2.321,.911,3.556
101,2017,202,1240,12.67,7.27,1.553,4.264,4.437,37.67,4.149,.978,5.056,1.325,1.348,105.9,2.963,1.75,3.993,90.7,69.03,58.1,101.1,92.4,50.93,3.365,1.35,2.129,46.15,4.547,2.403,74.3,.682,1.182,2.422,.903,1.506
101,2017,202,1250,12.68,2.216,1.409,30.6,4.331,22.78,2.804,1.013,2.661,3.487,1.368,105.1,3.283,1.643,2.936,93.5,59.68,96.8,101.1,74.2,44.14,3.325,1.365,2.338,48.07,30.17,16.49,76.4,.72,4.008,2.475,1.043,1.559
101,2017,202,1300,12.68,2.14,1.385,1.201,4.38,2.583,4.624,1.094,3.366,1.546,1.42,103.7,3.805,1.608,3.073,96.1,34.51,31.89,101.1,13.33,22.49,3.325,1.422,2.373,49.72,9.54,7.51,77.4,.754,27.4,2.722,.928,1.661
101,2017,202,1310,12.68,2.29,1.785,2.077,5.026,6.241,6.785,1.219,2.802,1.393,1.744,82.3,4.646,1.774,3.747,78.7,25.41,5.306,81.4,11.32,10.53,3.43,1.499,3.306,42.47,3.66,16.71,60.84,.765,1.789,2.879,.879,1.909
101,2017,202,1320,12.68,2.174,1.382,1.308,4.959,2.434,2.08,1.134,2.465,1.074,1.767,39.34,4.056,1.95,4.067,39.44,21.96,3.921,38.62,8.55,4.122,3.149,1.231,3.271,24.54,2.683,3.658,24.22,.564,1.288,3.023,.576,2.104
101,2017,202,1330,12.68,3.534,1.849,1.75,7.15,4.294,2.429,1.713,5.815,1.636,3.606,52.45,6.678,2.512,4.76,53.95,28.42,5.76,52.47,10.56,5.004,3.891,1.725,4.643,33.33,3.44,7.96,33.87,.819,1.735,4.09,.747,2.395
101,2017,202,1340,12.68,5.324,2.645,1.965,11.01,8.99,3.306,2.06,15.34,2.499,4.283,78.9,17,3.323,5.671,83.1,35.74,8.27,80.3,13.89,6.448,5.552,2.435,14.49,50.35,4.356,6.771,56.04,1.146,2.34,5.527,1.152,2.792
101,2017,202,1350,12.68,5.18,2.179,1.867,10.31,4.177,3.088,1.648,3.889,2.271,2.531,46.93,11.48,3.298,4.904,48.88,32.43,7.13,46.1,13.26,4.432,5.428,2.211,10.62,33.51,3.226,4.373,25.86,.909,1.946,4.028,.802,2.261
101,2017,202,1400,12.68,4.507,1.747,1.316,9.18,3.527,2.187,1.241,3.006,1.899,1.809,31.37,3.259,3.15,3.472,28.95,26.8,6.105,28.06,6.915,2.437,5.314,1.824,2.876,22.65,2.207,2.842,11.34,.707,1.357,3.15,.588,1.504
101,2017,202,1410,12.68,2.117,.921,.698,4.283,1.996,1.333,.899,1.728,.99,1.082,17.05,1.692,1.896,2.539,19.12,18.18,2.966,15.95,3.614,1.561,3.093,1.062,1.805,15.9,1.546,1.678,7.79,.477,.772,2.469,.464,1.181
101,2017,202,1420,12.68,2.77,1.007,.802,5.554,2.167,1.253,.918,1.787,1.238,1.229,17.03,1.291,1.988,2.445,19.31,19.52,3.569,16.43,3.402,1.328,3.02,1.186,1.543,16.63,1.593,1.66,6.74,.553,.807,2.676,.435,1.03
101,2017,202,1430,12.68,3.482,1.261,.913,7.02,2.688,1.504,1.094,2.08,1.469,1.337,19.33,1.33,2.322,2.531,21.05,21.92,4.397,17.83,3.653,1.335,3.762,1.352,1.707,18.45,1.729,1.899,6.646,.566,.904,3.059,.516,.968
101,2017,202,1440,12.68,2.719,.961,.682,5.702,2.233,1.243,.771,1.755,1.178,1,15.95,1.03,1.906,1.827,15.95,17.14,3.627,13.88,3.059,.926,3.263,1.127,1.293,14.22,1.293,1.482,4.503,.452,.673,2.084,.395,.668