101,2017,226,910,12.17,4.828,2.097,1.183,19.77,3.897,3.417,.959,-35.65,-2.254,1.539,52.58,1.364,3.434,1.708,18.7,24.44,8.02,39.4,6.846,.868,13.32,4.58,2.911,13.35,2.09,2.118,3.377,.58,.88,1.406,.422,.639
101,2017,226,920,12.17,4.574,1.877,1.284,10.31,3.278,2.263,1.027,-60.38,-2.739,1.649,30.67,2.072,2.993,2.299,22.58,22.99,7.08,26.33,7.73,1.354,6.169,2.018,2.507,17.17,2.164,2.594,7.3,.504,.979,2.551,.526,1.009
101,2017,226,930,12.17,5.673,2.645,4.421,26.74,5.321,3.659,1.455,-65.75,-2.035,2.226,72.5,3.028,4.359,3.062,34.6,38.05,9.7,57.95,15.19,2.184,14.84,3.6,5.62,21.51,2.914,3.256,8.46,.699,1.342,3.023,.687,1.627
101,2017,226,940,12.17,4.252,1.894,8.2,26.7,12.07,3.038,1.378,-64.01,-1.574,1.978,73.1,2.985,8.59,3.161,36.14,34.99,7.23,59.66,10.19,2.14,9.16,5.728,3.87,20.97,2.797,2.869,9.32,.623,1.18,3.147,.692,1.327
101,2017,226,950,12.18,4.112,1.999,42.14,50.33,29.24,3.31,1.259,-31.11,.61,1.621,115.7,1.827,6.343,3.357,39.38,31.38,7.11,91.4,6.152,1.344,8.93,36.27,38.31,14.06,1.984,2.107,3.3,.583,.918,1.545,.533,.789
101,2017,226,1000,12.18,6.416,2.974,4.221,19.13,8.11,5.414,1.431,-60.71,-1.818,2.222,51.76,2.346,3.849,3.031,31.6,30.69,8.96,42.45,13.8,1.768,9.03,7.57,8.88,21.83,3.103,3.239,8.87,.717,1.354,2.653,.741,1.217
101,2017,226,1010,12.18,3.681,1.416,1.114,8.01,3.522,2.166,1.392,-24.31,-3.075,1.805,31.93,2.989,3.1,3.123,29.06,27.69,5.915,27.32,8.92,2.022,6.188,1.994,2.423,23.07,2.507,2.619,9.83,.712,1.29,3.656,.664,1.454
101,2017,226,1020,12.18,4.445,1.81,1.327,9.88,3.72,2.438,1.35,-49.29,-3.031,1.972,34.94,2.833,3.175,3.095,30.22,28.37,6.829,30.36,9.01,2.317,6.551,2.287,2.778,22.28,2.761,2.892,9.93,.684,1.262,3.441,.642,1.416
101,2017,226,1030,12.18,7.83,3.748,2.952,30.78,22.79,5.097,2.188,-27.59,-2.265,3.584,81.2,4.497,5.12,4.785,55.76,42.97,12.08,72.1,23.82,3.498,12.59,3.845,7.41,32.78,4.83,6.404,15.8,1.037,2.031,5.075,1.042,2.285
101,2017,226,1040,12.18,7.6,3.141,1.923,15.73,5.187,3.649,1.734,-60.75,-3.84,2.756,48.72,4.525,4.284,3.902,41.29,38.01,11.03,43.92,14.71,3.299,8.52,2.945,3.838,28.33,3.691,4.252,14.51,.871,1.803,4.137,.875,1.918
101,2017,226,1050,12.18,7.82,3.207,2.272,17.41,6.725,3.723,2.034,-57,-4.559,3.148,53.02,4.115,4.802,4.408,44.58,42.04,11.26,47.08,13.7,3.24,9.59,3.368,4.113,32.55,4.23,4.437,14.21,1.014,2.024,5.065,.942,2.096
101,2017,226,1100,12.18,4.462,3.207,2.034,35.42,26.24,7.46,1.863,-42.24,-3.703,2.825,92,4.38,3.404,4.74,67.16,34.38,7.3,82.2,58.17,4.098,9.97,2.639,3.977,35.47,4.813,4.467,25.66,.849,1.823,4.512,1.247,2.195
101,2017,226,1110,12.18,3.882,2.049,3.741,55.93,8.63,4.375,1.851,-30.05,-4.041,1.771,129.7,2.369,2.475,6.449,82.4,25.01,6.042,113.6,106.1,13.75,7.45,3.128,2.245,35.19,3.212,22.77,31.38,.635,1.064,2.072,.776,1.044
101,2017,226,1120,12.18,5.844,3.451,3.289,32.85,6.228,4.214,1.647,-26.31,-4.473,2.537,92.6,4.333,3.153,3.795,62.53,34.73,9.18,81.1,58.84,3.401,9.18,2.8,4.029,31.87,4.324,21.98,30.92,.643,1.37,3.165,.921,1.377
101,2017,226,1130,12.18,8.3,4.718,3.354,34.26,6.068,4.86,1.954,-26.67,-4.899,3.409,104.6,14.21,4.194,5.038,76.6,38.14,11.91,94.3,62.41,3.917,10.45,3.337,4.627,40.19,4.956,13.69,48.12,.91,1.99,4.038,1.086,1.969
101,2017,226,1140,12.18,8.1,3.793,2.661,17.7,5.946,4.242,2.248,-24.52,-5.053,3.406,56.14,4.096,4.929,5.492,50.11,47.16,10.99,51.77,14.48,3.337,10.19,3.379,4.646,37.12,4.633,5.624,19.54,1.116,2.14,5.633,1.144,2.423
101,2017,226,1150,12.18,5.715,9.5,2.91,14.36,5.649,4.527,2.161,-50.72,-6.308,3.093,65.25,5.968,3.704,5.879,59.48,44.16,8.48,61.3,26.21,4.574,8.17,2.786,4.74,38.6,5.073,5.827,31.64,.975,2.091,5.577,1.176,2.728
101,2017,226,1200,12.18,3.054,20.91,3.296,13.09,3.607,8.14,1.486,-35.58,-6.107,2.515,110.2,5.266,2.446,14.29,91.9,28.29,6.016,101.7,32.63,7.24,6.392,1.999,4.034,44.97,3.79,4.08,68.23,.854,1.523,3.879,.975,2.069
101,2017,226,1210,12.18,5.284,33.79,3.26,17.55,4.162,3.684,1.887,-68.22,-6.109,2.818,96,5.4,3.441,12.59,81.3,37.67,8.29,89.9,46.25,6.586,7.89,2.6,10.97,43.36,4.689,4.678,55.7,.938,1.913,4.403,1.064,2.446
101,2017,226,1220,12.18,5.83,5.244,2.751,13.49,4.862,4.081,2.151,-43.08,-7.16,3.222,64.99,5.99,4.068,6.321,60.83,52.44,8.73,62.78,20.71,5.066,8.32,2.877,5.447,39.36,4.869,5.608,34.08,1.02,2.381,6.083,1.094,2.992
101,2017,226,1230,12.19,5.665,3.58,2.267,12.55,5.551,3.57,2.103,-26.53,-6.702,2.95,54.72,5.747,4.182,5.49,52.65,47.94,8.67,51.9,14.85,4.098,8.21,2.907,4.659,36.48,4.256,4.596,25.2,.987,2.039,6.162,1.04,2.578
101,2017,226,1240,12.18,5.257,2.873,2.116,11.64,4.455,3.438,2.039,-35.88,-6.578,3.105,48.13,5.009,3.877,5.05,47.45,42.61,8.01,45.75,14.28,4.334,7.64,2.537,4.435,33.29,4.155,4.458,21.95,.854,1.903,5.274,1.022,2.478
101,2017,226,1250,12.18,6.603,2.888,2.228,13.15,4.43,3.441,2.106,-75.2,-6.67,3.101,47.28,4.4,4.498,5.405,47.8,44.36,9.3,45.92,11.96,4.088,8.27,3.016,4.49,35.14,4.12,4.767,20.83,1.017,2.16,5.216,1.004,2.706
101,2017,226,1300,12.18,6.373,2.56,2.111,13.22,5.214,3.468,2.262,-92.5,-7.3,3.116,44.71,3.703,4.844,5.205,46.93,45.04,8.99,42.21,10.1,3.559,9.07,3.143,4.222,37.03,4.101,4.349,17.29,1.178,2.19,6.03,1.112,2.329
101,2017,226,1310,12.19,4.904,2.23,1.856,10.41,4.256,2.967,1.88,-66.3,-7.86,2.471,39.58,3.936,3.768,4.534,40.81,38.87,7.1,37.51,10.24,2.991,7.32,2.56,3.736,31.67,3.691,4.115,16.52,.883,1.618,4.844,.972,2.113
101,2017,226,1320,12.19,6.015,2.23,1.897,11.78,4.329,2.826,1.952,-84.1,-8.32,2.81,37.51,2.997,4.358,4.648,40.82,40.64,8.07,36.76,8.03,2.898,7.81,2.764,3.527,33.14,3.599,3.894,15.12,1.04,1.907,5.199,.908,2.067
101,2017,226,1330,12.19,4.565,1.835,1.525,9.11,3.919,2.481,1.763,-79.5,-8.59,2.128,30.25,2.565,3.605,3.951,34.12,34.78,6.125,29.54,6.896,2.026,6.603,2.267,3.093,29.24,2.992,3.448,12.63,.926,1.588,4.679,.908,1.587
101,2017,226,1340,12.19,3.064,1.218,1.077,6.02,2.781,1.726,1.273,-37.92,-9.16,1.548,22.66,2.032,2.661,3.086,25.83,26.12,4.197,21.55,4.748,1.525,5.167,1.692,2.245,22.65,2.295,2.458,9.72,.679,1.163,3.609,.714,1.275
101,2017,226,1350,12.19,3.495,1.525,1.3,7.48,3.133,2.047,1.372,-53.37,-9.54,1.726,28.76,2.46,2.855,3.138,28.1,27.59,5.331,26.04,6.767,1.915,5.857,1.974,2.57,23.04,2.485,2.6,9.89,.739,1.292,3.902,.73,1.396
101,2017,226,1400,12.19,5.901,2.399,2.118,11.62,4.658,3.45,2.257,-63.19,-8.75,4.552,56.62,6.181,4.544,5.891,60.76,41.18,8.67,55.9,11.25,3.838,8.1,2.934,6.973,41.69,3.798,5.103,33.82,1.117,2.548,5.656,1.082,2.96
101,2017,226,1410,12.19,5.683,2.277,2.076,11.45,4.827,3.636,2.661,-51.38,-8.83,3.533,52.59,6.095,4.859,6.489,60.18,44.45,8.87,52.7,10.99,4.334,8.2,2.912,4.733,42.44,4.22,4.857,30.34,1.168,2.55,6.499,1.215,3.242
101,2017,226,1420,12.19,5.378,2.198,2.032,10.64,4.537,3.763,4.388,-56.34,-9.37,3.925,59.25,6.69,4.653,7.18,71.8,42.29,8.3,61.46,11.05,5.211,7.85,2.87,4.8,47.67,4.319,4.787,41.31,1.124,2.989,6.335,1.245,3.622
101,2017,226,1430,12.19,5.209,2.262,2.026,10.32,4.517,3.671,2.828,-59.17,-8.43,3.435,47.6,5.028,4.877,6.536,57.12,43.96,7.84,47.88,10.58,5.174,7.83,3.089,4.636,40.2,4.436,4.509,26.88,1.109,3.086,6.008,1.2,4.132
101,2017,226,1440,12.19,4.22,1.952,1.992,8.84,4.569,4.555,14.51,-53.87,-6.368,8.05,57.47,5.147,4.557,10.46,79.3,45.98,7.15,63.03,11.28,7.45,8.83,3.331,4.922,53.21,5.445,4.576,45.75,1.21,3.108,6.296,1.257,7.14
101,2017,226,1450,12.19,4.304,1.84,1.731,8.74,4.346,4.182,26.01,-56.73,-6.504,26.72,63.65,4.797,4.212,16.39,96.7,47.31,6.983,74.3,8.97,8.41,7.66,2.84,4.403,62.83,6.147,4.133,64.17,1.312,2.676,6.011,1.285,20.06
101,2017,226,1500,12.19,4.138,1.585,1.263,8.08,3.262,2.015,1.526,-61.59,-11.2,2.004,25.8,2.19,3.252,3.507,30.1,30.3,5.514,25.5,5.674,2.093,5.77,1.97,2.486,25.23,2.59,2.697,11.18,.787,1.387,3.997,.712,1.61
101,2017,226,1510,12.19,2.32,.952,.824,4.855,2.578,1.551,1.179,-54.1,-11.82,1.62,18.96,1.836,2.237,2.712,23.24,22.07,3.413,18.45,4.336,2.002,4.376,1.345,1.937,19.49,2.118,1.994,8.26,.543,.975,3.18,.596,1.255
101,2017,226,1520,12.19,1.848,.702,.509,3.848,1.65,1.002,.674,-53.69,-11.45,.848,13.34,1.061,1.61,1.501,13.3,13.48,2.746,11.58,2.711,.881,3.327,1.019,1.111,11.32,1.111,1.208,4.07,.39,.593,1.672,.328,.66
101,2017,226,1530,12.19,2.573,.938,.702,5.283,2.059,1.298,.756,-46.64,-12.08,1.077,16.53,1.121,1.91,1.647,15.44,15.88,3.771,14.61,3.403,.848,3.92,1.236,1.412,13.01,1.35,1.56,4.624,.434,.704,2.041,.372,.642
101,2017,226,1540,12.19,3.44,1.295,1.064,6.717,2.674,1.729,1.208,-44.14,-12.56,1.535,21.6,1.707,2.692,2.843,23.15,23.38,4.591,20.93,4.411,1.35,4.818,1.582,2.104,19.39,1.917,2.205,9.25,.613,1.116,3.193,.596,1.302
101,2017,226,1550,12.19,3.299,1.322,1.116,6.688,2.803,1.833,1.345,-57.84,-12.46,1.694,23.25,2.098,2.841,3.301,25.87,25.3,4.493,22.94,4.778,1.612,4.916,1.659,2.389,21.52,2.16,2.376,10.59,.652,1.208,3.567,.633,1.553
101,2017,226,1600,12.19,2.967,1.059,.958,5.919,2.8,1.871,1.297,-53.04,-12.17,1.714,22.73,2.252,2.736,3.19,26.44,24.43,4.307,22.21,4.924,2.109,4.487,1.56,2.272,21.16,2.183,2.24,9.84,.617,1.119,3.523,.62,1.69
101,2017,226,1610,12.19,2.46,.863,.846,4.941,2.391,1.521,1.158,-45.71,-11.81,1.749,19.47,1.935,2.109,2.714,27.12,23.6,3.743,19.84,4.458,2.527,3.579,1.33,1.93,20.35,2.151,1.863,8.72,.523,.978,3.172,.529,1.369
101,2017,226,1620,12.19,.908,.4,.33,1.992,.923,.519,.387,-41.26,-11.79,.489,7.02,.585,.72,.873,8.16,7.8,1.37,6.529,1.567,.588,1.496,.474,.652,6.866,.771,.647,2.567,.193,.347,.973,.194,.392
101,2017,226,1630,12.19,.905,.33,.283,1.868,.72,.434,.32,-32.38,-12.01,.424,5.805,.436,.65,.652,6.219,6.231,1.302,5.448,1.206,.372,1.205,.427,.498,5.247,.524,.56,1.892,.164,.283,.871,.173,.293
101,2017,226,1640,12.19,.523,.218,.159,1.059,.417,.281,.188,-33.4,-11.94,.251,3.671,.328,.417,.402,3.729,3.631,.764,3.292,.799,.273,.744,.261,.325,2.987,.325,.33,1.252,.101,.173,.464,.089,.191
101,2017,226,1650,12.19,.63,.255,.194,1.386,.476,.335,.201,-31.43,-11.84,.275,4.309,.308,.467,.421,3.89,3.91,.947,3.773,.88,.243,.942,.317,.372,3.1,.347,.4,1.231,.101,.189,.441,.094,.188
101,2017,226,1700,12.18,.829,.343,.265,1.761,.593,.417,.253,-32.74,-12.46,.372,5.566,.407,.551,.524,5.397,5.202,1.171,5.08,1.247,.372,1.128,.397,.446,4.207,.466,.494,1.719,.137,.246,.637,.124,.228
101,2017,226,1710,12.18,.518,.211,.184,1.01,.446,.302,.213,-32.89,-11.95,.28,3.862,.375,.432,.506,4.425,4.175,.705,3.716,.836,.308,.761,.275,.367,3.544,.36,.4,1.67,.112,.201,.539,.102,.241
101,2017,226,1720,12.18,.35,.134,.102,.67,.315,.173,.137,-30.64,-11.93,.166,2.263,.163,.281,.271,2.431,2.436,.464,1.99,.424,.149,.556,.181,.208,2.089,.24,.218,.663,.067,.104,.32,.067,.112
101,2017,226,1730,12.18,.394,.156,.111,.746,.337,.196,.134,-29.97,-12.1,.174,2.567,.163,.338,.275,2.498,2.594,.533,2.156,.469,.137,.635,.196,.209,2.195,.235,.243,.668,.069,.129,.355,.067,.101
101,2017,226,1740,12.18,.322,.124,.099,.613,.29,.179,.117,-28.2,-13.07,.151,2.223,.168,.295,.251,2.245,2.269,.452,1.902,.427,.134,.501,.164,.196,1.927,.199,.206,.635,.074,.109,.32,.065,.097
101,2017,226,1750,12.18,.28,.117,.067,.498,.181,.109,.069,-27.44,-12.79,.097,1.629,.101,.193,.142,1.3,1.382,.385,1.307,.303,.077,.397,.122,.124,1.082,.126,.147,.402,.034,.069,.137,.035,.062
101,2017,226,1800,12.18,.189,.07,.057,.38,.151,.092,.059,-25.87,-12.54,.07,1.243,.092,.144,.116,1.04,1.044,.275,1.04,.285,.065,.263,.087,.095,.833,.095,.109,.322,.034,.055,.129,.034,.035
101,2017,226,1810,12.18,.064,.027,.02,.136,.054,.039,.025,-24.91,-12.36,.03,.397,.03,.052,.045,.38,.404,.092,.342,.079,.025,.104,.035,.04,.34,.04,.042,.114,.01,.025,.047,.008,.022
101,2017,226,1820,12.18,.018,0,0,.045,.018,.008,0,-24.1,-12.52,0,.107,.002,.017,.01,.107,.114,.028,.092,.027,0,.027,.003,.003,.099,.01,.007,.034,0,0,.017,0,0
101,2017,226,1830,12.18,0,0,0,0,0,0,0,-23.23,-12.37,0,.013,0,0,0,.015,.017,0,.012,0,0,0,0,0,.013,0,0,.002,0,0,0,0,0
101,2017,226,1840,12.18,0,0,0,0,0,0,0,-22.39,-12.42,0,0,0,0,0,0,0,0,0,0,0,0,0,0,0,0,0,0,0,0,0,0,0
101,2017,226,1850,12.18,0,0,0,0,0,0,0,-22.86,-12.42,0,0,0,0,0,0,0,0,0,0,0,0,0,0,0,0,0,0,0,0,0,0,0
101,2017,226,1900,12.18,0,0,0,0,0,0,0,-24.76,-12.75,0,0,0,0,0,0,0,0,0,0,0,0,0,0,0,0,0,0,0,0,0,0,0
101,2017,226,1910,12.18,0,0,0,0,0,0,0,-28.13,-13.03,0,0,0,0,0,0,0,0,0,0,0,0,0,0,0,0,0,0,0,0,0,0,0
101,2017,226,1920,12.18,0,0,0,0,0,0,0,-31.65,-12.76,0,0,0,0,0,0,0,0,0,0,0,0,0,0,0,0,0,0,0,0,0,0,0
101,2017,226,1930,12.18,0,0,0,0,0,0,0,-90.4,-12.45,0,0,0,0,0,0,0,0,0,0,0,0,0,0,0,0,0,0,0,0,0,0,0
101,2017,226,1940,12.18,0,0,0,0,0,0,0,-91.1,-12.49,0,0,0,0,0,0,0,0,0,0,0,0,0,0,0,0,0,0,0,0,0,0,0
101,2017,226,1950,12.18,0,0,0,0,0,0,0,-91.7,-11.86,0,0,0,0,0,0,0,0,0,0,0,0,0,0,0,0,0,0,0,0,0,0,0
101,2017,226,2000,12.18,0,0,0,0,0,0,0,-91.5,-11.45,0,0,0,0,0,0,0,0,0,0,0,0,0,0,0,0,0,0,0,0,0,0,0
101,2017,226,2010,12.18,0,0,0,0,0,0,0,-91,-11.51,0,0,0,0,0,0,0,0,0,0,0,0,0,0,0,0,0,0,0,0,0,0,0
101,2017,226,2020,12.18,0,0,0,0,0,0,0,-91,-11.54,0,0,0,0,0,0,0,0,0,0,0,0,0,0,0,0,0,0,0,0,0,0,0
101,2017,226,2030,12.18,0,0,0,0,0,0,0,-91,-11.55,0,0,0,0,0,0,0,0,0,0,0,0,0,0,0,0,0,0,0,0,0,0,0
101,2017,226,2040,12.18,0,0,0,0,0,0,0,-92.2,-11.18,0,0,0,0,0,0,0,0,0,0,0,0,0,0,0,0,0,0,0,0,0,0,0
101,2017,226,2050,12.17,0,0,0,0,0,0,0,-94,-11.17,0,0,0,0,0,0,0,0,0,0,0,0,0,0,0,0,0,0,0,0,0,0,0
101,2017,226,2100,12.18,0,0,0,0,0,0,0,-93.5,-11.57,0,0,0,0,0,0,0,0,0,0,0,0,0,0,0,0,0,0,0,0,0,0,0
101,2017,226,2110,12.17,0,0,0,0,0,0,0,-91.9,-11.34,0,0,0,0,0,0,0,0,0,0,0,0,0,0,0,0,0,0,0,0,0,0,0
101,2017,226,2120,12.17,0,0,0,0,0,0,0,-90,-11.21,0,0,0,0,0,0,0,0,0,0,0,0,0,0,0,0,0,0,0,0,0,0,0
101,2017,226,2130,12.17,0,0,0,0,0,0,0,-91.5,-11.21,0,0,0,0,0,0,0,0,0,0,0,0,0,0,0,0,0,0,0,0,0,0,0
101,2017,226,2140,12.18,0,0,0,0,0,0,0,-92.2,-11.71,0,0,0,0,0,0,0,0,0,0,0,0,0,0,0,0,0,0,0,0,0,0,0
101,2017,226,2150,12.17,0,0,0,0,0,0,0,-89.2,-11.29,0,0,0,0,0,0,0,0,0,0,0,0,0,0,0,0,0,0,0,0,0,0,0
101,2017,226,2200,12.17,0,0,0,0,0,0,0,-63.27,-11.11,0,0,0,0,0,0,0,0,0,0,0,0,0,0,0,0,0,0,0,0,0,0,0
101,2017,226,2210,12.17,0,0,0,0,0,0,0,-70.4,-12.06,0,0,0,0,0,0,0,0,0,0,0,0,0,0,0,0,0,0,0,0,0,0,0
101,2017,226,2220,12.17,0,0,0,0,0,0,0,-47.77,-12.1,0,0,0,0,0,0,0,0,0,0,0,0,0,0,0,0,0,0,0,0,0,0,0
101,2017,226,2230,12.17,0,0,0,0,0,0,0,-49.26,-12.38,0,0,0,0,0,0,0,0,0,0,0,0,0,0,0,0,0,0,0,0,0,0,0
101,2017,226,2240,12.17,0,0,0,0,0,0,0,-46.49,-12.53,0,0,0,0,0,0,0,0,0,0,0,0,0,0,0,0,0,0,0,0,0,0,0
101,2017,226,2250,12.17,0,0,0,0,0,0,0,-55.6,-12.32,0,0,0,0,0,0,0,0,0,0,0,0,0,0,0,0,0,0,0,0,0,0,0
101,2017,226,2300,12.17,0,0,0,0,0,0,0,-16.51,-12.64,0,0,0,0,0,0,0,0,0,0,0,0,0,0,0,0,0,0,0,0,0,0,0
101,2017,226,2310,12.17,0,0,0,0,0,0,0,-26.56,-12.78,0,0,0,0,0,0,0,0,0,0,0,0,0,0,0,0,0,0,0,0,0,0,0
101,2017,226,2320,12.17,0,0,0,0,0,0,0,-46.04,-12.18,0,0,0,0,0,0,0,0,0,0,0,0,0,0,0,0,0,0,0,0,0,0,0
101,2017,226,2330,12.17,0,0,0,0,0,0,0,-41.06,-12.23,0,0,0,0,0,0,0,0,0,0,0,0,0,0,0,0,0,0,0,0,0,0,0
101,2017,226,2340,12.17,0,0,0,0,0,0,0,-46.24,-11.8,0,0,0,0,0,0,0,0,0,0,0,0,0,0,0,0,0,0,0,0,0,0,0
101,2017,226,2350,12.17,0,0,0,0,0,0,0,-41.44,-11.54,0,0,0,0,0,0,0,0,0,0,0,0,0,0,0,0,0,0,0,0,0,0,0
101,2017,226,2400,12.17,0,0,0,0,0,0,0,-30.94,-11.23,0,0,0,0,0,0,0,0,0,0,0,0,0,0,0,0,0,0,0,0,0,0,0
101,2017,227,10,12.17,0,0,0,0,0,0,0,-34.38,-11.53,0,0,0,0,0,0,0,0,0,0,0,0,0,0,0,0,0,0,0,0,0,0,0
101,2017,227,20,12.17,0,0,0,0,0,0,0,-88.9,-10.87,0,0,0,0,0,0,0,0,0,0,0,0,0,0,0,0,0,0,0,0,0,0,0
101,2017,227,30,12.17,0,0,0,0,0,0,0,-69.5,-10.87,0,0,0,0,0,0,0,0,0,0,0,0,0,0,0,0,0,0,0,0,0,0,0
101,2017,227,40,12.17,0,0,0,0,0,0,0,-51.07,-11.02,0,0,0,0,0,0,0,0,0,0,0,0,0,0,0,0,0,0,0,0,0,0,0
101,2017,227,50,12.17,0,0,0,0,0,0,0,-56.63,-10.65,0,0,0,0,0,0,0,0,0,0,0,0,0,0,0,0,0,0,0,0,0,0,0
101,2017,227,100,12.17,0,0,0,0,0,0,0,-64.26,-10.82,0,0,0,0,0,0,0,0,0,0,0,0,0,0,0,0,0,0,0,0,0,0,0
101,2017,227,110,12.17,0,0,0,0,0,0,0,-43.08,-10.99,0,0,0,0,0,0,0,0,0,0,0,0,0,0,0,0,0,0,0,0,0,0,0
101,2017,227,120,12.17,0,0,0,0,0,0,0,-32.59,-10.7,0,0,0,0,0,0,0,0,0,0,0,0,0,0,0,0,0,0,0,0,0,0,0
101,2017,227,130,12.17,0,0,0,0,0,0,0,-30.84,-10.71,0,0,0,0,0,0,0,0,0,0,0,0,0,0,0,0,0,0,0,0,0,0,0
101,2017,227,140,12.17,0,0,0,0,0,0,0,-65.23,-10.49,0,0,0,0,0,0,0,0,0,0,0,0,0,0,0,0,0,0,0,0,0,0,0
101,2017,227,150,12.17,0,0,0,0,0,0,0,-69.39,-10.38,0,0,0,0,0,0,0,0,0,0,0,0,0,0,0,0,0,0,0,0,0,0,0
101,2017,227,200,12.17,0,0,0,0,0,0,0,-68.66,-10.61,0,0,0,0,0,0,0,0,0,0,0,0,0,0,0,0,0,0,0,0,0,0,0
101,2017,227,210,12.17,0,0,0,0,0,0,0,-77.6,-10.47,0,0,0,0,0,0,0,0,0,0,0,0,0,0,0,0,0,0,0,0,0,0,0
101,2017,227,220,12.17,0,0,0,0,0,0,0,-77.5,-9.96,0,0,0,0,0,0,0,0,0,0,0,0,0,0,0,0,0,0,0,0,0,0,0
101,2017,227,230,12.18,0,0,0,0,0,0,0,-72.2,-10.26,0,0,0,0,0,0,0,0,0,0,0,0,0,0,0,0,0,0,0,0,0,0,0
101,2017,227,240,12.17,0,0,0,0,0,0,0,-71.1,-10.42,0,0,0,0,0,0,0,0,0,0,0,0,0,0,0,0,0,0,0,0,0,0,0
101,2017,227,250,12.17,0,0,0,0,0,0,0,-79.4,-10.35,0,0,0,0,0,0,0,0,0,0,0,0,0,0,0,0,0,0,0,0,0,0,0
101,2017,227,300,12.17,0,0,0,0,0,0,0,-75.8,-10.92,0,0,0,0,0,0,0,0,0,0,0,0,0,0,0,0,0,0,0,0,0,0,0
101,2017,227,310,12.17,0,0,0,0,0,0,0,-77.3,-11.65,0,0,0,0,0,0,0,0,0,0,0,0,0,0,0,0,0,0,0,0,0,0,0
101,2017,227,320,12.17,0,0,0,0,0,0,0,-79.7,-11.21,0,0,0,0,0,0,0,0,0,0,0,0,0,0,0,0,0,0,0,0,0,0,0
101,2017,227,330,12.17,0,0,0,0,0,0,0,-78.5,-10.37,0,0,0,0,0,0,0,0,0,0,0,0,0,0,0,0,0,0,0,0,0,0,0
101,2017,227,340,12.17,0,0,0,0,0,0,0,-78,-10.7,0,0,0,0,0,0,0,0,0,0,0,0,0,0,0,0,0,0,0,0,0,0,0
101,2017,227,350,12.17,0,0,0,0,0,0,0,-69.28,-11.26,0,0,0,0,0,0,0,0,0,0,0,0,0,0,0,0,0,0,0,0,0,0,0
101,2017,227,400,12.17,0,0,0,0,0,0,0,-33.95,-12.04,0,0,0,0,0,0,0,0,0,0,0,0,0,0,0,0,0,0,0,0,0,0,0
101,2017,227,410,12.17,0,0,0,0,0,0,0,-34.54,-12.4,0,0,0,0,0,0,0,0,0,0,0,0,0,0,0,0,0,0,0,0,0,0,0
101,2017,227,420,12.17,0,0,0,0,0,0,0,-31.13,-12.71,0,0,0,0,0,0,0,0,0,0,0,0,0,0,0,0,0,0,0,0,0,0,0
101,2017,227,430,12.17,0,0,0,0,0,0,0,-57.94,-12.26,0,0,0,0,0,0,0,0,0,0,0,0,0,0,0,0,0,0,0,0,0,0,0
101,2017,227,440,12.17,0,0,0,0,0,0,0,-37.25,-12.71,0,0,0,0,0,0,0,0,0,0,0,0,0,0,0,0,0,0,0,0,0,0,0
101,2017,227,450,12.17,0,0,0,0,0,0,0,-35.93,-12.54,0,0,0,0,0,0,0,0,0,0,0,0,0,0,0,0,0,0,0,0,0,0,0
101,2017,227,500,12.17,0,0,0,0,0,0,0,-68.66,-12.31,0,0,0,0,0,0,0,0,0,0,0,0,0,0,0,0,0,0,0,0,0,0,0
101,2017,227,510,12.17,0,0,0,0,0,0,0,-73.1,-12.32,0,0,0,0,0,0,0,0,0,0,0,0,0,0,0,0,0,0,0,0,0,0,0
101,2017,227,520,12.17,0,0,0,0,0,0,0,-77.8,-12.54,0,0,0,0,0,0,0,0,0,0,0,0,0,0,0,0,0,0,0,0,0,0,0
101,2017,227,530,12.17,0,0,0,0,0,0,0,-80.6,-12.7,0,0,0,0,0,0,0,0,0,0,0,0,0,0,0,0,0,0,0,0,0,0,0
101,2017,227,540,12.17,0,0,0,0,0,0,0,-80.8,-12.74,0,0,0,0,0,0,0,0,0,0,0,0,0,0,0,0,0,0,0,0,0,0,0
101,2017,227,550,12.17,0,0,0,0,0,0,0,-77.4,-12.57,0,0,0,0,0,0,0,0,0,0,0,0,0,0,0,0,0,0,0,0,0,0,0
101,2017,227,600,12.17,0,0,0,0,0,0,0,-78.6,-12.54,0,0,0,0,0,0,0,0,0,0,0,0,0,0,0,0,0,0,0,0,0,0,0
101,2017,227,610,12.17,0,0,0,0,0,0,0,-77.6,-12.41,0,0,0,0,0,0,0,0,0,0,0,0,0,0,0,0,0,0,0,0,0,0,0
101,2017,227,620,12.17,0,0,0,0,0,0,0,-78.4,-12.3,0,0,0,0,0,0,0,0,0,0,0,0,0,0,0,0,0,0,0,0,0,0,0
101,2017,227,630,12.17,0,0,0,0,0,0,0,-80.6,-12.62,0,.023,0,0,0,.012,.01,0,.017,0,0,.005,0,0,.008,0,0,0,0,0,0,0,0
101,2017,227,640,12.17,.022,.008,.002,.047,.02,.015,.005,-78.4,-12.82,.008,.203,.01,.02,.018,.129,.131,.039,.137,.042,.008,.05,.015,.015,.107,.02,.017,.035,0,.007,.02,0,.002
101,2017,227,650,12.17,.087,.039,.034,.191,.08,.055,.034,-79.2,-12.51,.042,.813,.049,.075,.065,.612,.622,.159,.595,.169,.045,.196,.059,.065,.526,.067,.055,.163,.023,.034,.069,.028,.034
101,2017,227,700,12.17,.199,.087,.059,.434,.203,.132,.08,-80.5,-12.43,.096,1.934,.124,.184,.159,1.523,1.579,.367,1.423,.384,.109,.449,.139,.154,1.337,.169,.131,.382,.034,.065,.183,.042,.06
101,2017,227,710,12.17,.328,.149,.099,.719,.342,.215,.127,-78.5,-12.59,.159,3.238,.204,.3,.268,2.588,2.69,.577,2.385,.615,.188,.746,.233,.26,2.281,.278,.215,.612,.062,.104,.297,.075,.104
101,2017,227,720,12.17,.444,.211,.146,1.044,.456,.31,.179,-75.7,-12.83,.226,4.691,.283,.416,.379,3.649,3.798,.84,3.407,.897,.26,1.071,.335,.367,3.221,.389,.308,.873,.097,.151,.409,.104,.153
101,2017,227,730,12.17,.546,.26,.174,1.314,.561,.385,.225,-74.3,-12.98,.297,6.912,.362,.489,.447,5.326,4.743,1.094,4.306,1.151,.345,1.351,.417,.444,4.089,.483,.394,1.131,.106,.179,.498,.139,.186
101,2017,227,740,12.17,.64,.308,.223,1.542,.667,.451,.28,-70.4,-12.9,.375,40.55,.541,.615,.65,9.23,5.589,1.456,5.308,1.386,.399,1.653,.53,.565,4.741,.572,.459,1.326,.147,.226,.592,.168,.231
101,2017,227,750,12.16,.721,.355,.266,1.753,.773,.53,.322,-66.73,-12.82,.436,58.85,.95,.776,.793,9.65,6.325,1.639,9.04,1.579,.436,8.38,.912,.972,5.318,.644,.54,1.487,.168,.256,.66,.183,.273
101,2017,227,800,12.16,.803,.384,.318,1.964,.888,.634,.374,-65.84,-12.61,.489,67.07,1.249,.969,.934,9.97,6.747,1.8,24.07,1.832,.464,20.35,14.42,1.099,6.191,.712,.593,1.642,.198,.302,.724,.211,.303
101,2017,227,810,12.17,1.056,.427,.375,2.164,1.026,.758,.424,-68.17,-12.65,.553,74.7,1.379,1.133,.997,10.07,7.27,1.966,47.73,2.108,.515,23.39,24.1,1.26,6.075,.763,.664,1.78,.233,1.222,.774,.235,.357
101,2017,227,820,12.17,2.009,3.781,.431,2.368,1.217,.903,.535,-71.1,-12.38,.627,81.1,1.47,1.277,1.058,9.78,7.82,2.139,53.7,2.403,.55,25.8,3.868,7.81,8.98,.853,.724,1.901,.246,.374,.818,.26,.391
101,2017,227,830,12.16,1.042,.469,.483,2.645,1.463,1.213,.714,-69.87,-12.13,.685,86,1.654,2.366,1.136,10.03,8.44,2.355,58.76,11.19,.602,27.81,2.05,1.466,11.91,.897,.799,2.013,.292,.401,.87,.297,.434
101,2017,227,840,12.17,1.098,.578,.53,2.837,1.823,3.38,.903,-67.79,-11.67,.742,91.7,1.622,1.456,1.227,10.37,16.95,2.549,64.23,12.63,.627,30.99,1.803,1.901,11.23,.945,.89,2.097,.302,.459,.918,.317,.436
101,2017,227,850,12.17,1.22,2.951,.58,3.535,2.673,7.46,.892,-65.75,-11.09,.798,95.7,1.349,1.544,1.301,11.18,22.92,2.769,68.9,3.387,.674,31.93,1.901,1.745,10.39,5.465,.94,2.184,.308,.491,.952,.365,.444
101,2017,227,900,12.17,1.285,.756,.66,32.88,2.933,14.93,.759,-59.6,-10.16,.841,98.9,1.317,1.612,1.381,13.89,28.05,3.122,72.9,3.523,.726,31.39,1.979,1.761,9.59,11.47,1.031,2.273,.332,.449,1.006,.461,.469
101,2017,227,910,12.17,1.376,.736,.756,40.44,3.126,2.095,1.978,-67.32,-9.17,.908,102.4,1.381,1.668,1.629,18.1,32.8,3.253,77.1,10.82,.804,30.39,10.05,1.84,9.29,1.356,1.098,2.375,.369,.469,1.058,.374,.498
101,2017,227,920,12.17,1.445,.724,.863,43.06,3.194,2.226,.934,-68.69,-7.77,.95,105.4,1.438,1.736,1.55,23.05,37.06,3.268,80.9,4.059,.868,28.87,22.1,1.946,9.5,1.311,1.177,2.469,.369,.496,1.104,.402,.679
101,2017,227,930,12.17,1.508,.763,7.76,45.77,3.53,1.984,.685,-69.96,-7.23,1.006,108.4,1.475,1.798,1.845,27.91,41.41,3.499,84.5,12.08,.97,23.51,2.144,9.09,9.83,1.371,1.277,2.583,.375,.531,1.151,.426,1.406
101,2017,227,940,12.17,1.604,.816,29.82,48.08,18.97,2.336,.957,-68.99,-3.92,1.059,110.9,1.525,8.03,1.822,32.66,43.86,3.57,88.1,4.793,1.108,10.14,7.84,2.345,10.16,1.478,1.347,2.713,.401,.555,1.205,.436,.568
101,2017,227,950,12.17,1.641,1.101,63.53,50.08,27.77,2.47,.741,-70.6,.292,1.088,112.9,1.579,2.913,3.144,37.21,34.66,3.583,90.9,5.044,1.133,5.195,47.75,42.7,10.46,1.641,1.376,2.802,.402,.57,1.235,.436,.603
101,2017,227,1000,12.18,1.676,1.272,68.04,52.31,35.7,28.44,.752,-51.14,1.95,1.181,115.7,1.558,1.919,3.8,42.07,17.7,3.572,94.3,33.15,1.201,4.993,79.1,77.5,10.81,2.071,1.444,2.899,.419,.588,1.275,1.811,.635
101,2017,227,1010,12.18,1.858,1,58.95,53.65,46.7,3.753,.777,-72.7,2.424,1.211,116.9,1.763,1.741,3.88,47.1,10.99,3.748,96.4,7.15,1.278,5.05,43.12,56.92,11.49,13.78,1.605,3.031,.436,.613,1.322,.469,7.97
101,2017,227,1020,12.18,1.861,3.356,11.1,55.21,62.15,3.012,.811,-73,.92,2.367,118.3,1.654,1.721,4.671,52.26,10.93,3.771,98.8,28.46,1.357,6,4.034,5.227,13.17,2.262,9.98,3.167,.436,.643,1.355,.484,.704
101,2017,227,1030,12.18,1.935,1.146,1.3,56.52,74.4,7.37,.836,-70.4,2.007,6.899,119.3,1.731,1.711,2.262,57.1,10.97,3.785,101,25.02,1.421,20.51,1.902,11.15,15.6,2.312,16.71,3.339,.436,.67,1.406,.511,.737
101,2017,227,1040,12.18,2.022,1.277,1.273,57.75,79.9,11.99,.851,-65.39,3.344,10.5,120.5,1.727,1.68,2.124,62.33,11.01,3.798,103.5,5.73,1.573,23.88,1.692,1.9,18.9,2.476,14.84,3.587,.436,.786,1.434,.566,.863
101,2017,227,1050,12.18,2.091,1.347,1.247,58.22,82.5,6.288,.896,-72.9,3.855,1.379,120.8,1.779,1.659,2.173,67.11,11.15,3.793,104.8,25.84,1.692,12.56,3.138,1.784,22.74,2.746,43.69,21.75,.436,1.153,1.533,.59,.804
101,2017,227,1100,12.18,2.176,1.422,1.191,54.86,54.28,1.99,.875,-75.3,1.573,1.349,121.1,1.892,1.642,2.243,71.9,11.29,3.768,106.3,100.2,1.977,8.62,1.555,1.793,26.75,2.637,2.687,15.2,.451,2.269,2.873,.627,.818
101,2017,227,1110,12.18,2.265,1.498,2.223,45.14,6.065,2.842,.905,-76.6,-3.463,1.34,120.9,1.965,1.639,8.78,76.5,11.55,3.843,107.3,104.2,15.96,5.013,1.496,1.781,30.04,2.637,9.51,25.01,.469,.804,1.627,.637,.849
101,2017,227,1120,12.18,2.27,2.267,1.422,35.08,2.934,1.722,.918,-77.9,-3.602,1.347,120.4,3.502,1.617,2.329,80.8,11.66,3.835,108.3,105,2.357,4.693,1.446,1.803,32.94,2.523,29.2,55.5,.479,.814,1.754,.665,.893
101,2017,227,1130,12.18,2.312,1.843,1.178,24.34,2.615,3.176,.905,-76.6,-4.559,1.578,119.7,16.4,1.667,4.168,84.4,11.82,3.815,109,100.4,2.354,4.599,1.399,1.811,35.56,2.352,4.709,70.9,.511,.838,1.984,.739,.93
101,2017,227,1140,12.18,2.312,4.287,1.129,15.12,6.733,3.243,.933,-76.6,-4.697,1.374,119.4,2.359,1.647,26.85,88.2,12.02,3.848,109.8,10.94,2.752,4.471,1.369,1.809,37.64,2.196,26.64,74.6,.541,.868,2.2,.75,.973
101,2017,227,1150,12.18,2.325,47.8,1.179,10.84,7.52,45.24,.972,-48.51,-5.565,1.446,117.9,8.38,1.65,3.049,91.1,12.29,3.754,109.8,84.9,3.881,4.367,1.34,2.627,39.88,2.193,56.09,77.3,.566,.891,2.467,.75,1.024
101,2017,227,1200,12.18,2.323,64.09,1.496,15.11,1.876,8.61,.972,-68.33,-6.471,2.126,116.7,2.384,1.69,19.06,94,12.62,3.729,110.1,18.05,5.961,4.236,1.325,2.491,42.7,2.193,2.064,79.9,.655,.926,2.652,.762,1.087
101,2017,227,1210,12.18,2.29,68.05,6.065,20.02,1.809,1.564,.971,-57.59,-6.403,1.34,115,2.193,1.703,15.96,96.6,27.3,3.687,109.8,98.5,14.07,4.073,1.308,25.59,45.28,2.177,2.042,82.4,.729,.961,2.817,.786,1.139
101,2017,227,1220,12.19,2.3,15.14,2.395,9.2,2.268,4.073,1.003,-53.89,-7.54,1.373,113,2.591,1.722,9.39,98.5,83.8,3.78,109.2,55,6.137,3.892,1.318,10.3,47.75,2.184,2.157,84.4,.71,1.013,3.422,.807,1.154
101,2017,227,1230,12.19,2.315,5.685,15.07,9.6,5.04,2.854,1.013,-66.37,-7.66,1.718,111.3,12.27,2.114,3.455,100.7,97.2,3.842,108.7,43.17,3.688,3.829,9.02,2.325,50.19,2.234,2.286,86.2,.737,1.077,13.01,.832,1.35
101,2017,227,1240,12.19,2.261,1.638,1.023,4.551,2.254,3.695,1.035,-72.9,-8.47,31.37,108.9,2.891,2.752,2.747,102.3,93.7,3.794,107.8,78.5,28.47,3.688,1.621,2.11,52.3,2.301,2.563,87.9,.744,1.109,10.26,.878,1.46
101,2017,227,1250,12.19,2.231,1.507,.973,3.887,1.752,4.271,1.064,-71.9,-9.63,1.946,106.3,2.526,6.905,2.707,103.6,76.9,3.706,106.7,12.08,80.9,3.616,1.352,2.318,54.21,2.296,11.3,89.1,.74,1.164,3.65,1.146,1.464
101,2017,227,1300,12.19,2.147,1.412,.961,3.835,1.71,43.15,1.132,-47.66,-10.35,1.591,103.8,2.594,1.688,2.747,104.9,52.11,3.656,105.5,7.08,55.58,3.502,1.353,4.986,55.91,2.31,10.78,90.3,.737,1.239,3.162,1.476,1.563
101,2017,227,1310,12.19,2.015,11.21,.966,3.727,1.708,1.68,5.755,-72.6,-10.11,1.407,101.2,3.38,1.683,2.76,106.2,53.32,3.591,104.3,5.877,4.844,3.407,1.444,65.65,57.52,2.31,7.18,91.5,.757,1.27,3.221,1.243,1.623
101,2017,227,1320,12.19,2.172,12.9,6.167,3.621,1.712,1.566,5.42,-69.84,-9.32,6.88,97.7,9.89,1.705,2.812,106.6,83.1,3.502,102.3,5.646,4.175,3.353,1.407,86.6,58.61,2.311,78.1,91.9,.77,1.464,3.31,1.538,1.539
101,2017,227,1330,12.19,1.872,1.189,4.17,3.516,1.71,1.682,17.87,-73,-7.86,5.514,94.5,52.53,1.677,2.869,107.3,68.14,3.418,100.6,5.355,4.624,3.316,1.405,88.6,59.83,2.308,45.09,92.3,.779,7.41,3.413,1.157,1.439
101,2017,227,1340,12.19,1.792,1.12,.879,3.47,1.708,1.646,48.3,-72.9,-5.105,26.97,91.1,79.9,1.665,3.031,107.9,25.22,3.378,98.6,5.122,4.254,3.316,1.494,5.018,60.86,2.311,3.882,92.5,.794,1.908,3.464,1.047,1.432
101,2017,227,1350,12.19,1.789,1.045,.839,3.418,1.687,1.738,1.254,-73.1,-10.8,4.614,87.4,19.76,1.675,3.204,107.9,13.61,3.283,96.1,5.085,3.939,3.335,2.954,3.104,61.48,2.271,3.249,92.3,.77,1.655,3.514,.986,1.529
101,2017,227,1400,12.19,1.779,.971,.827,3.36,1.698,1.501,1.146,-71.5,-10.46,9.45,83.4,3.546,1.69,3.495,107.6,13.72,3.219,93.5,5.172,3.762,3.397,1.593,3.043,61.85,2.258,2.948,92,.772,1.551,3.522,.985,1.655
101,2017,227,1410,12.19,1.685,.918,.822,3.276,1.703,2.819,1.474,-71.6,-9.91,2.333,79,20.2,1.73,4.773,107,14.02,3.204,90.6,5.018,4.254,3.47,1.405,2.928,61.97,2.328,2.795,91.1,.77,1.795,3.606,.961,1.909
101,2017,227,1420,12.19,1.584,.859,1.236,3.201,1.653,2.643,3.567,-72.4,-9.61,2.125,74.8,4.145,5.54,6.833,107.1,14.34,3.157,88.2,4.75,6.051,3.494,1.404,2.017,62.44,2.367,2.693,90.7,.78,2.072,3.47,.968,2.115
101,2017,227,1430,12.19,1.571,.821,.829,3.169,3.037,6.091,18.09,-70.4,-7.73,1.682,70.4,3.211,11.43,8.92,106.1,14.7,3.211,85.1,4.867,7.24,3.509,1.548,1.995,62.11,2.494,2.601,89.4,.779,9.89,2.641,.906,24.55
101,2017,227,1440,12.2,1.586,.794,.789,3.209,1.655,11.94,73.4,-65.81,-1.715,4.561,66.16,3.109,1.703,14.43,105.8,15.36,3.269,82.1,8.01,6.74,4.971,1.571,1.928,61.9,3.274,2.424,88,.819,2.288,2.362,.851,34.05
101,2017,227,1450,12.2,1.563,.713,.695,4.139,1.574,11.9,53.29,-66.09,-3.685,50.54,59.71,2.66,1.573,22.18,103.6,18.61,2.911,77.8,4.206,7.16,3.482,1.321,1.725,61.21,2.963,2.214,86.7,.908,1.576,2.149,.72,37
101,2017,227,1500,12.19,1.393,.692,.692,4.966,1.598,3.537,1.43,-70.7,-9.41,24.77,53.91,2.609,1.576,16.64,101.1,34.17,2.866,72.9,4.261,27.26,3.351,1.229,1.909,60.16,2.742,2.169,47.13,.804,1.489,2.14,.646,17.26
101,2017,227,1510,12.19,1.278,.63,.742,2.779,1.531,4.571,1.107,-69.27,-9.81,50.29,48.53,2.47,1.484,8.81,99.7,50.94,2.764,68.56,3.995,77.9,3.234,1.082,1.641,59.36,3.467,2.075,6.395,.744,1.377,2.022,.574,1.816
101,2017,227,1520,12.19,1.243,.608,.665,2.79,1.559,3.363,1.03,-69.27,-10.02,73,43.13,2.38,1.487,4.351,96.8,64.71,2.686,63.51,3.963,58.35,3.174,1.065,1.675,58.17,12.71,2.254,5.989,.635,1.465,1.983,.556,1.502
101,2017,227,1530,12.19,1.201,.608,.675,2.691,7.67,2.372,1.022,-68.47,-9.96,15.98,38.33,2.288,1.986,3.39,95.4,75.6,2.65,59.12,4.224,50.91,3.042,1.141,1.61,57.31,66.46,8.45,5.74,.539,1.233,2.027,.514,1.318
101,2017,227,1540,12.19,1.166,.556,.657,2.573,1.536,1.333,.97,-68.51,-10.4,1.718,32.33,2.015,1.378,3.02,91.5,75.5,2.459,53.32,3.748,26.38,2.929,.97,1.851,55.12,17.48,2.092,5.1,.442,.968,2.001,.489,1.154
101,2017,227,1550,12.19,1.131,.533,.588,2.593,1.826,1.291,1.032,-69.74,-10.95,1.775,25.13,1.874,1.611,2.601,69.82,56.21,2.38,39.04,3.938,9.56,2.836,.968,1.888,42.02,2.661,1.579,5.663,.392,.797,2.05,.489,1.218
101,2017,227,1600,12.19,1.658,.713,.749,3.618,2.166,1.449,1.206,-69.2,-11.01,1.805,27.67,2.375,1.698,3.159,84.7,68.43,3.145,45,4.793,4.644,3.211,1.201,1.97,51.35,2.919,1.879,7.56,.457,.909,2.879,.782,1.509
101,2017,227,1610,12.19,1.499,.596,.755,3.006,2.936,1.476,1.332,-68.98,-10.73,1.978,21.39,2.343,1.832,3.443,58.72,47.23,2.842,22.99,4.268,3.891,3.087,1.184,2.281,36.66,2.993,1.725,9.58,.476,.96,3.636,.692,1.861
101,2017,227,1620,12.19,1.181,.553,.635,2.655,1.69,1.154,1.273,-71.2,-11.16,1.36,16.26,1.668,1.511,2.489,39.63,31.95,2.455,15.93,3.753,2.948,2.758,1.027,1.844,20.54,4.742,1.35,7.37,.402,.724,2.559,.494,1.275
101,2017,227,1630,12.19,1.889,.806,.804,3.939,1.995,1.471,1.566,-70,-11.08,1.675,18.82,1.862,1.816,2.753,42.79,34.67,3.283,18.88,4.356,3.055,3.385,1.254,2.216,25.03,7.59,1.697,8.38,.484,.901,3.236,.605,1.38
101,2017,227,1640,12.19,1.764,.724,.667,3.621,1.839,1.218,.936,-68.61,-11.25,1.306,15.15,1.484,1.755,2.346,20.73,18.93,2.72,15.56,3.442,1.928,3.047,1.052,1.677,16.33,1.78,1.479,7.42,.449,.777,2.648,.479,1.186
101,2017,227,1650,12.19,1.626,.646,.569,3.36,1.601,.988,.759,-67.44,-11.34,.966,12.81,1.192,1.487,1.946,16.87,16.2,2.418,12.94,2.836,1.343,2.764,.919,1.412,14.03,1.345,1.219,5.909,.394,.621,2.348,.424,.925
101,2017,227,1700,12.18,1.27,.536,.506,2.646,1.434,.925,.715,-67.1,-11.48,.968,12.31,1.255,1.308,1.796,16.97,14.59,2.079,12.22,2.749,1.512,2.373,.811,1.31,12.89,1.605,1.149,5.728,.372,.593,2.023,.379,.915
101,2017,227,1710,12.18,.772,.365,.362,1.822,2.549,.655,.58,-65.87,-11.88,.76,8.92,.821,.908,1.441,43.06,14.23,1.575,8.76,1.936,1.427,1.968,.802,1.005,29.28,12.69,.918,3.769,.27,.417,1.62,.312,.695
101,2017,227,1720,12.18,.578,.281,.226,1.312,.675,.431,.343,-67.49,-12.14,.431,6.275,.476,.596,.774,18.96,8.47,1.117,5.375,1.297,.735,1.501,.461,.585,13.35,2.59,.514,1.957,.162,.258,.806,.184,.369
101,2017,227,1730,12.18,.482,.236,.179,1.106,.543,.348,.263,-69.33,-12.14,.337,5.115,.4,.488,.575,11.13,6.472,.908,4.163,1.017,.467,1.255,.384,.451,6.354,.645,.407,1.464,.134,.203,.6,.141,.266
101,2017,227,1740,12.18,.424,.203,.161,.925,.462,.317,.235,-73.5,-12.14,.322,4.436,.359,.431,.504,6.472,5.515,.766,3.785,.901,.488,1.052,.333,.417,4.709,.555,.345,1.332,.111,.181,.555,.134,.251
101,2017,227,1750,12.18,.357,.157,.127,.73,.385,.251,.181,-72.5,-12.13,.253,3.473,.283,.364,.421,4.502,4.083,.59,2.992,.695,.407,.804,.256,.33,3.465,.41,.273,1.079,.09,.147,.441,.09,.206
101,2017,227,1800,12.18,.228,.097,.075,.461,.235,.151,.102,-72,-12.22,.141,2.064,.163,.214,.231,2.329,2.19,.377,1.695,.429,.208,.491,.156,.191,1.873,.228,.161,.571,.05,.085,.245,.055,.101
101,2017,227,1810,12.18,.099,.045,.035,.209,.104,.06,.049,-71.6,-12.14,.057,.843,.067,.095,.099,.95,.918,.169,.694,.188,.079,.219,.065,.079,.784,.097,.069,.251,.027,.04,.107,.03,.044
101,2017,227,1820,12.18,.02,.008,0,.05,.025,.017,.008,-71.6,-12.49,.015,.206,.015,.022,.022,.256,.241,.042,.179,.05,.023,.055,.017,.022,.214,.028,.015,.065,0,.005,.027,0,.008
101,2017,227,1830,12.18,0,0,0,0,0,0,0,-72.9,-12.84,0,.018,0,0,0,.03,.028,0,.017,0,0,0,0,0,.027,0,0,.005,0,0,0,0,0
101,2017,227,1840,12.18,0,0,0,0,0,0,0,-74.6,-12.85,0,0,0,0,0,0,0,0,0,0,0,0,0,0,0,0,0,0,0,0,0,0,0
101,2017,227,1850,12.18,0,0,0,0,0,0,0,-72,-12.98,0,0,0,0,0,0,0,0,0,0,0,0,0,0,0,0,0,0,0,0,0,0,0
101,2017,227,1900,12.18,0,0,0,0,0,0,0,-71.2,-13.19,0,0,0,0,0,0,0,0,0,0,0,0,0,0,0,0,0,0,0,0,0,0,0
101,2017,227,1910,12.17,0,0,0,0,0,0,0,-68.5,-13.32,0,0,0,0,0,0,0,0,0,0,0,0,0,0,0,0,0,0,0,0,0,0,0
101,2017,227,1920,12.17,0,0,0,0,0,0,0,-64.9,-13.62,0,0,0,0,0,0,0,0,0,0,0,0,0,0,0,0,0,0,0,0,0,0,0
101,2017,227,1930,12.17,0,0,0,0,0,0,0,-64.94,-14.13,0,0,0,0,0,0,0,0,0,0,0,0,0,0,0,0,0,0,0,0,0,0,0
101,2017,227,1940,12.17,0,0,0,0,0,0,0,-66.33,-14.22,0,0,0,0,0,0,0,0,0,0,0,0,0,0,0,0,0,0,0,0,0,0,0
101,2017,227,1950,12.17,0,0,0,0,0,0,0,-66.36,-14.1,0,0,0,0,0,0,0,0,0,0,0,0,0,0,0,0,0,0,0,0,0,0,0
101,2017,227,2000,12.17,0,0,0,0,0,0,0,-66.16,-14.12,0,0,0,0,0,0,0,0,0,0,0,0,0,0,0,0,0,0,0,0,0,0,0
101,2017,227,2010,12.17,0,0,0,0,0,0,0,-64.69,-14.29,0,0,0,0,0,0,0,0,0,0,0,0,0,0,0,0,0,0,0,0,0,0,0
101,2017,227,2020,12.17,0,0,0,0,0,0,0,-63.71,-14.18,0,0,0,0,0,0,0,0,0,0,0,0,0,0,0,0,0,0,0,0,0,0,0
101,2017,227,2030,12.17,0,0,0,0,0,0,0,-64.21,-14.13,0,0,0,0,0,0,0,0,0,0,0,0,0,0,0,0,0,0,0,0,0,0,0
101,2017,227,2040,12.17,0,0,0,0,0,0,0,-63.56,-14.01,0,0,0,0,0,0,0,0,0,0,0,0,0,0,0,0,0,0,0,0,0,0,0
101,2017,227,2050,12.17,0,0,0,0,0,0,0,-62.17,-13.85,0,0,0,0,0,0,0,0,0,0,0,0,0,0,0,0,0,0,0,0,0,0,0
101,2017,227,2100,12.17,0,0,0,0,0,0,0,-62.7,-13.79,0,0,0,0,0,0,0,0,0,0,0,0,0,0,0,0,0,0,0,0,0,0,0
101,2017,227,2110,12.17,0,0,0,0,0,0,0,-62.62,-13.63,0,0,0,0,0,0,0,0,0,0,0,0,0,0,0,0,0,0,0,0,0,0,0
101,2017,227,2120,12.17,0,0,0,0,0,0,0,-62.04,-13.6,0,0,0,0,0,0,0,0,0,0,0,0,0,0,0,0,0,0,0,0,0,0,0
101,2017,227,2130,12.17,0,0,0,0,0,0,0,-62.63,-13.66,0,0,0,0,0,0,0,0,0,0,0,0,0,0,0,0,0,0,0,0,0,0,0
101,2017,227,2140,12.17,0,0,0,0,0,0,0,-61.25,-13.43,0,0,0,0,0,0,0,0,0,0,0,0,0,0,0,0,0,0,0,0,0,0,0
101,2017,227,2150,12.16,0,0,0,0,0,0,0,-61.12,-13.39,0,0,0,0,0,0,0,0,0,0,0,0,0,0,0,0,0,0,0,0,0,0,0
101,2017,227,2200,12.17,0,0,0,0,0,0,0,-60.2,-13.22,0,0,0,0,0,0,0,0,0,0,0,0,0,0,0,0,0,0,0,0,0,0,0
101,2017,227,2210,12.16,0,0,0,0,0,0,0,-58.75,-13,0,0,0,0,0,0,0,0,0,0,0,0,0,0,0,0,0,0,0,0,0,0,0
101,2017,227,2220,12.16,0,0,0,0,0,0,0,-57.25,-12.85,0,0,0,0,0,0,0,0,0,0,0,0,0,0,0,0,0,0,0,0,0,0,0
101,2017,227,2230,12.16,0,0,0,0,0,0,0,-56.81,-12.75,0,0,0,0,0,0,0,0,0,0,0,0,0,0,0,0,0,0,0,0,0,0,0
101,2017,227,2240,12.16,0,0,0,0,0,0,0,-55.52,-12.68,0,0,0,0,0,0,0,0,0,0,0,0,0,0,0,0,0,0,0,0,0,0,0
101,2017,227,2250,12.16,0,0,0,0,0,0,0,-54.59,-12.45,0,0,0,0,0,0,0,0,0,0,0,0,0,0,0,0,0,0,0,0,0,0,0
101,2017,227,2300,12.16,0,0,0,0,0,0,0,-54.47,-12.39,0,0,0,0,0,0,0,0,0,0,0,0,0,0,0,0,0,0,0,0,0,0,0
101,2017,227,2310,12.16,0,0,0,0,0,0,0,-53.65,-12.39,0,0,0,0,0,0,0,0,0,0,0,0,0,0,0,0,0,0,0,0,0,0,0
101,2017,227,2320,12.16,0,0,0,0,0,0,0,-52.58,-12.21,0,0,0,0,0,0,0,0,0,0,0,0,0,0,0,0,0,0,0,0,0,0,0
101,2017,227,2330,12.16,0,0,0,0,0,0,0,-51.38,-12.35,0,0,0,0,0,0,0,0,0,0,0,0,0,0,0,0,0,0,0,0,0,0,0
101,2017,227,2340,12.16,0,0,0,0,0,0,0,-52.45,-12.29,0,0,0,0,0,0,0,0,0,0,0,0,0,0,0,0,0,0,0,0,0,0,0
101,2017,227,2350,12.15,0,0,0,0,0,0,0,-51.21,-11.85,0,0,0,0,0,0,0,0,0,0,0,0,0,0,0,0,0,0,0,0,0,0,0
101,2017,227,2400,12.14,0,0,0,0,0,0,0,-49.98,-11.55,0,0,0,0,0,0,0,0,0,0,0,0,0,0,0,0,0,0,0,0,0,0,0
101,2017,228,10,12.14,0,0,0,0,0,0,0,-50.16,-11.52,0,0,0,0,0,0,0,0,0,0,0,0,0,0,0,0,0,0,0,0,0,0,0
101,2017,228,20,12.14,0,0,0,0,0,0,0,-50.54,-11.47,0,0,0,0,0,0,0,0,0,0,0,0,0,0,0,0,0,0,0,0,0,0,0
101,2017,228,30,12.14,0,0,0,0,0,0,0,-50.24,-11.48,0,0,0,0,0,0,0,0,0,0,0,0,0,0,0,0,0,0,0,0,0,0,0
101,2017,228,40,12.14,0,0,0,0,0,0,0,-51.79,-11.37,0,0,0,0,0,0,0,0,0,0,0,0,0,0,0,0,0,0,0,0,0,0,0
101,2017,228,50,12.14,0,0,0,0,0,0,0,-52.28,-11.28,0,0,0,0,0,0,0,0,0,0,0,0,0,0,0,0,0,0,0,0,0,0,0
101,2017,228,100,12.14,0,0,0,0,0,0,0,-51.79,-11.26,0,0,0,0,0,0,0,0,0,0,0,0,0,0,0,0,0,0,0,0,0,0,0
101,2017,228,110,12.14,0,0,0,0,0,0,0,-50.88,-11.6,0,0,0,0,0,0,0,0,0,0,0,0,0,0,0,0,0,0,0,0,0,0,0
101,2017,228,120,12.14,0,0,0,0,0,0,0,-50.98,-11.39,0,0,0,0,0,0,0,0,0,0,0,0,0,0,0,0,0,0,0,0,0,0,0
101,2017,228,130,12.14,0,0,0,0,0,0,0,-50.39,-11.27,0,0,0,0,0,0,0,0,0,0,0,0,0,0,0,0,0,0,0,0,0,0,0
101,2017,228,140,12.14,0,0,0,0,0,0,0,-49.61,-11.35,0,0,0,0,0,0,0,0,0,0,0,0,0,0,0,0,0,0,0,0,0,0,0
101,2017,228,150,12.14,0,0,0,0,0,0,0,-47.24,-11.38,0,0,0,0,0,0,0,0,0,0,0,0,0,0,0,0,0,0,0,0,0,0,0
101,2017,228,200,12.14,0,0,0,0,0,0,0,-47.71,-11.36,0,0,0,0,0,0,0,0,0,0,0,0,0,0,0,0,0,0,0,0,0,0,0
101,2017,228,210,12.14,0,0,0,0,0,0,0,-47.15,-11.71,0,0,0,0,0,0,0,0,0,0,0,0,0,0,0,0,0,0,0,0,0,0,0
101,2017,228,220,12.13,0,0,0,0,0,0,0,-47.12,-11.7,0,0,0,0,0,0,0,0,0,0,0,0,0,0,0,0,0,0,0,0,0,0,0
101,2017,228,230,12.14,0,0,0,0,0,0,0,-46.82,-11.52,0,0,0,0,0,0,0,0,0,0,0,0,0,0,0,0,0,0,0,0,0,0,0
101,2017,228,240,12.14,0,0,0,0,0,0,0,-46.2,-11.43,0,0,0,0,0,0,0,0,0,0,0,0,0,0,0,0,0,0,0,0,0,0,0
101,2017,228,250,12.14,0,0,0,0,0,0,0,-46.55,-11.41,0,0,0,0,0,0,0,0,0,0,0,0,0,0,0,0,0,0,0,0,0,0,0
101,2017,228,300,12.13,0,0,0,0,0,0,0,-44.75,-11.29,0,0,0,0,0,0,0,0,0,0,0,0,0,0,0,0,0,0,0,0,0,0,0
101,2017,228,310,12.13,0,0,0,0,0,0,0,-45.01,-11.46,0,0,0,0,0,0,0,0,0,0,0,0,0,0,0,0,0,0,0,0,0,0,0
101,2017,228,320,12.14,0,0,0,0,0,0,0,-45.6,-12.16,0,0,0,0,0,0,0,0,0,0,0,0,0,0,0,0,0,0,0,0,0,0,0
101,2017,228,330,12.14,0,0,0,0,0,0,0,-45.35,-12.02,0,0,0,0,0,0,0,0,0,0,0,0,0,0,0,0,0,0,0,0,0,0,0
101,2017,228,340,12.14,0,0,0,0,0,0,0,-46.83,-11.8,0,0,0,0,0,0,0,0,0,0,0,0,0,0,0,0,0,0,0,0,0,0,0
101,2017,228,350,12.14,0,0,0,0,0,0,0,-46.99,-11.68,0,0,0,0,0,0,0,0,0,0,0,0,0,0,0,0,0,0,0,0,0,0,0
101,2017,228,400,12.14,0,0,0,0,0,0,0,-48.3,-11.9,0,0,0,0,0,0,0,0,0,0,0,0,0,0,0,0,0,0,0,0,0,0,0
101,2017,228,410,12.14,0,0,0,0,0,0,0,-47.84,-11.87,0,0,0,0,0,0,0,0,0,0,0,0,0,0,0,0,0,0,0,0,0,0,0
101,2017,228,420,12.14,0,0,0,0,0,0,0,-44.86,-11.85,0,0,0,0,0,0,0,0,0,0,0,0,0,0,0,0,0,0,0,0,0,0,0
101,2017,228,430,12.14,0,0,0,0,0,0,0,-45.25,-11.84,0,0,0,0,0,0,0,0,0,0,0,0,0,0,0,0,0,0,0,0,0,0,0
101,2017,228,440,12.14,0,0,0,0,0,0,0,-45.36,-11.74,0,0,0,0,0,0,0,0,0,0,0,0,0,0,0,0,0,0,0,0,0,0,0
101,2017,228,450,12.15,0,0,0,0,0,0,0,-44.67,-11.66,0,0,0,0,0,0,0,0,0,0,0,0,0,0,0,0,0,0,0,0,0,0,0
101,2017,228,500,12.15,0,0,0,0,0,0,0,-44.23,-11.72,0,0,0,0,0,0,0,0,0,0,0,0,0,0,0,0,0,0,0,0,0,0,0
101,2017,228,510,12.15,0,0,0,0,0,0,0,-42.42,-11.8,0,0,0,0,0,0,0,0,0,0,0,0,0,0,0,0,0,0,0,0,0,0,0
101,2017,228,520,12.15,0,0,0,0,0,0,0,-41.94,-11.78,0,0,0,0,0,0,0,0,0,0,0,0,0,0,0,0,0,0,0,0,0,0,0
101,2017,228,530,12.15,0,0,0,0,0,0,0,-43.84,-11.83,0,0,0,0,0,0,0,0,0,0,0,0,0,0,0,0,0,0,0,0,0,0,0
101,2017,228,540,12.15,0,0,0,0,0,0,0,-44.65,-11.12,0,0,0,0,0,0,0,0,0,0,0,0,0,0,0,0,0,0,0,0,0,0,0
101,2017,228,550,12.15,0,0,0,0,0,0,0,-44.57,-11.06,0,0,0,0,0,0,0,0,0,0,0,0,0,0,0,0,0,0,0,0,0,0,0
101,2017,228,600,12.15,0,0,0,0,0,0,0,-44.53,-11.07,0,0,0,0,0,0,0,0,0,0,0,0,0,0,0,0,0,0,0,0,0,0,0
101,2017,228,610,12.15,0,0,0,0,0,0,0,-43.96,-11.11,0,0,0,0,0,0,0,0,0,0,0,0,0,0,0,0,0,0,0,0,0,0,0
101,2017,228,620,12.15,0,0,0,0,0,0,0,-43.41,-11.1,0,0,0,0,0,0,0,0,0,0,0,0,0,0,0,0,0,0,0,0,0,0,0
101,2017,228,630,12.15,0,0,0,.003,0,0,0,-43.64,-11.15,0,.025,0,0,0,.013,.013,.002,.015,.003,0,.003,0,0,.013,0,0,0,0,0,0,0,0
101,2017,228,640,12.16,.028,.012,.008,.052,.025,.015,.008,-43.88,-11.15,.012,.209,.017,.022,.02,.147,.149,.044,.151,.047,.012,.05,.02,.023,.122,.018,.017,.042,0,.007,.022,0,.007
101,2017,228,650,12.15,.094,.039,.034,.209,.094,.057,.037,-44.09,-11.09,.042,.83,.054,.08,.069,.664,.677,.166,.622,.176,.047,.211,.062,.069,.573,.07,.057,.178,.027,.034,.075,.032,.034
101,2017,228,700,12.16,.206,.092,.059,.449,.213,.134,.082,-44.14,-11.06,.102,1.906,.126,.186,.168,1.579,1.621,.365,1.436,.387,.116,.447,.139,.158,1.374,.163,.137,.399,.034,.067,.186,.039,.067
101,2017,228,710,12.15,.323,.153,.102,.699,.335,.209,.122,-43.64,-11,.156,3.144,.203,.295,.268,2.564,2.63,.551,2.333,.595,.181,.722,.228,.253,2.239,.261,.225,.615,.062,.102,.29,.07,.101
101,2017,228,720,12.15,.461,.226,.141,1.089,.456,.345,.178,-44.48,-10.87,.221,4.909,.283,.451,.354,3.476,3.66,.934,3.561,.885,.243,1.138,.337,.382,3.01,.349,.34,.821,.096,.156,.382,.097,.147
101,2017,228,730,12.15,.92,.419,.243,2.294,.801,.603,.238,-44.4,-10.97,.362,7.77,.379,.786,.451,4.775,5.247,1.703,5.633,1.418,.308,1.837,.523,.634,3.903,.453,.464,1.017,.139,.226,.456,.121,.194
101,2017,228,740,12.15,1.388,.583,.359,3.328,1.135,.784,.312,-44.37,-10.97,.464,10.48,.456,1.017,.573,6.365,6.897,2.278,7.68,2.038,.401,2.445,.729,.828,5.006,.593,.618,1.374,.173,.29,.563,.161,.25
101,2017,228,750,12.16,1.79,.736,.449,4.232,1.403,.934,.39,-44.09,-10.69,.588,12.99,.523,1.277,.734,7.96,8.7,2.926,9.59,2.437,.446,3.028,.92,.984,6.436,.727,.838,1.617,.225,.385,.758,.191,.312
101,2017,228,800,12.16,2.537,1.073,.639,6.213,2.087,1.549,.531,-43.49,-10.72,.865,30.42,.918,1.936,1.022,11.14,11.58,4.57,20.26,3.932,.582,7.53,4.55,1.658,8.26,1.039,1.255,2.137,.322,.511,1.037,.275,.411
101,2017,228,810,12.16,2.041,.935,.565,4.818,1.745,1.344,.533,-43.48,-10.79,.808,45.28,1.242,1.795,1.109,11.58,11.01,3.94,29.93,3.796,.657,12.64,11.05,1.676,8.36,1.056,1.217,2.506,.325,.813,1.054,.307,.436
101,2017,228,820,12.16,2.371,1.069,.608,6.137,2.018,1.547,.478,-45.04,-10.28,.771,19.77,.848,1.85,.885,9.81,10.97,4.302,14.31,4.118,.575,4.592,1.363,1.624,7.57,.923,1.046,1.875,.292,.464,.803,.233,.389
101,2017,228,830,12.16,4.16,1.805,1.054,10.04,3.228,2.41,.794,-46.75,-9.74,1.342,32.4,1.616,2.861,1.498,16.65,17.67,6.89,24.77,7.15,1.019,7.39,2.009,2.365,12.04,1.642,1.922,3.858,.441,.779,1.493,.372,.645
101,2017,228,840,12.16,4.068,1.951,1.18,10.93,3.605,3.699,.908,-47.15,-9.17,1.49,44.01,2.013,3.057,1.671,18.46,19.65,7.79,32.94,9.33,1.344,9.83,2.44,3.335,12.96,1.894,2.115,4.331,.437,.851,1.56,.436,.791
101,2017,228,850,12.16,4.621,2.278,1.296,12.1,3.972,3.513,.95,-51.2,-8.63,1.607,39.98,2.078,3.189,1.792,20.33,21.08,8.01,30.21,9.01,1.463,8.58,2.462,3.243,14.03,2.18,2.212,4.602,.456,.86,1.641,.432,.803
101,2017,228,900,12.16,5.98,2.599,1.637,16.61,4.792,4.215,1.24,-50.73,-7.91,2.02,50.58,2.442,3.846,2.34,25.94,27.36,9.97,38.8,10.71,1.693,10.52,3.099,3.722,18.14,2.745,2.956,6.344,.603,1.153,2.298,.545,1.011
101,2017,228,910,12.16,6.84,3.084,2.043,24.35,5.79,4.699,1.606,-50.22,-6.642,2.375,67.17,2.678,4.713,2.715,29.83,33.9,11.72,52.49,12.8,1.825,15.35,5.197,4.792,20.04,2.915,3.424,7.11,.702,1.332,2.569,.618,1.294
101,2017,228,920,12.16,6.308,2.888,1.743,16.82,4.847,3.494,1.161,-54.01,-6.582,2.07,47.22,2.63,3.882,2.264,26.11,26.98,10.09,37.11,11.55,1.845,9.73,3.461,3.699,17.31,2.76,3.039,6.645,.568,1.178,2.13,.523,1.022
101,2017,228,930,12.17,7.4,3.216,2.43,19.36,5.63,3.83,1.441,-56.62,-6.044,2.487,53.77,3.168,4.471,2.928,32.73,33.01,11.5,43.82,13.5,2.279,10.61,3.382,4.369,21.82,3.245,3.697,8.85,.704,1.425,2.831,.634,1.306
101,2017,228,940,12.17,7.99,3.571,6.188,26.94,8.92,4.649,1.895,-56.82,-4.904,2.894,70.6,3.66,5.227,3.375,39.9,41.01,12.64,57.54,15.52,2.707,12.36,4.864,5.629,24.86,3.848,4.161,9.49,.811,1.627,3.253,.742,1.456
101,2017,228,950,12.17,7.71,3.184,2.252,16.6,5.145,3.467,1.525,-61.27,-5.306,2.537,46.75,3.476,4.433,3.182,34.45,33.96,11.08,38.78,11.6,2.418,9.25,3.124,3.613,24.42,3.293,3.911,9.95,.778,1.548,3.196,.692,1.418
101,2017,228,1000,12.17,8.4,3.562,3.998,20.03,6.852,4.422,1.766,-57.24,-4.62,2.926,59.99,4.114,4.982,3.896,40.94,39.22,12.6,49.92,15.8,2.875,10.59,5.409,6.203,27.64,4.02,4.481,12.83,.915,1.826,3.866,.818,1.763
101,2017,228,1010,12.17,8.41,3.602,3.753,20.22,7.11,4.286,1.855,-52.25,-4.604,3.016,61.21,4.37,5.065,3.912,42.71,40.49,12.77,50.82,16.67,3.063,10.92,4.884,5.806,29.17,4.474,4.748,12.75,.943,1.856,4.108,.863,1.724
101,2017,228,1020,12.17,8.05,3.314,2.384,17.81,6.162,3.833,1.83,-57.1,-3.745,2.94,54.4,4.415,4.728,4.07,42.72,40.13,11.73,46.91,14.83,3.209,9.78,3.441,4.179,29.71,3.971,4.594,13.85,.95,1.856,4.197,.834,1.83
101,2017,228,1030,12.17,6.687,2.724,1.88,13.93,5.132,3.57,1.89,-58.55,-3.219,2.843,47.81,3.902,4.721,4.413,42.22,40.09,9.98,41.91,11.74,3.105,9.01,2.999,3.882,31.52,3.525,4.329,14.75,1.03,1.89,4.666,.849,1.98
101,2017,228,1040,12.17,8.24,3.47,2.448,18.48,7.37,4.517,2.205,-58.75,-2.371,3.453,61.06,4.86,5.579,5.095,49.91,46.53,12.59,53.06,16.3,3.713,11.03,3.738,4.805,35.71,4.318,5.229,16.78,1.149,2.168,5.395,1.01,2.369
101,2017,228,1050,12.17,7.5,3.867,2.867,40.53,38.43,6.603,2.289,-55.68,-1.02,4.234,102.8,5.071,4.8,4.948,68.85,42.23,12.3,89.6,24.15,4.257,14.76,5.195,5.589,36.62,6.217,13.92,20.66,.945,2.6,4.75,1.263,2.361
101,2017,228,1100,12.17,9.21,4.442,2.815,30.11,13.53,4.808,1.68,-65.19,-2.382,3.435,80.7,4.894,4.103,3.565,52.7,37.98,13.57,68.83,34.86,4.051,12.16,3.502,4.755,28.27,5.581,5.589,16.1,.679,2.352,2.972,.911,1.585
101,2017,228,1110,12.17,9.79,4.765,3.088,32.32,8.81,4.725,1.876,-68.12,-3.5,3.584,90.1,4.867,4.334,4.785,62.94,40.55,13.71,79.1,45.68,6.018,11.14,3.448,4.627,33.4,5.663,8.35,20.24,.786,1.992,3.403,.91,1.759
101,2017,228,1120,12.18,5.648,2.937,2.123,38.47,6.184,2.855,1.821,-67.27,-4.267,2.547,133.9,4.282,3.329,4.23,95.7,29.47,7.92,120.6,103.8,3.644,8.02,2.657,3.197,45.44,4.232,28.71,64.97,.891,1.598,3.942,1.039,1.788
101,2017,228,1130,12.18,4.651,3.431,2.461,22.49,5.17,5.197,1.419,-66.96,-4.993,2.751,101.1,7.97,2.506,4.425,72.4,29.17,7.83,89.4,65.01,4.52,7.61,2.401,3.912,33.85,4.835,5.933,48,.61,1.474,3.11,.905,1.905
101,2017,228,1140,12.18,5.695,4.296,2.548,16.84,5.815,4.735,1.543,-71.4,-4.396,3.19,78.2,5.69,2.954,7.49,59.21,34.48,9.43,70.3,25.52,4.652,7.98,2.533,4.451,30.53,4.884,8.12,33.8,.632,1.637,3.622,.856,2.099
101,2017,228,1150,12.18,9.15,21.83,3.369,23.74,7.42,33.04,2.198,-51.35,-4.535,4.222,128.4,7.91,4.763,5.934,103.7,45.37,12.61,119.7,68.42,6.461,10.08,3.436,5.205,53.15,5.736,27.06,69.89,1.143,2.426,5.232,1.22,2.526
101,2017,228,1200,12.18,3.778,74.6,7.93,19.74,3.139,9.72,1.58,-64.75,-4.295,2.364,125.4,3.818,2.586,14.13,105.3,23.81,6.056,118.5,23.8,6.843,6.114,2.029,3.454,51.69,3.329,3.104,82.7,.873,1.392,4.285,1.067,1.68
101,2017,228,1210,12.18,2.68,85.8,1.692,22.77,2.134,1.792,1.064,-68.13,-4.565,1.511,118.4,2.55,1.98,12.58,99,43.96,4.59,111.7,95.6,22.96,4.704,1.573,9.01,47.55,2.524,2.374,82.6,.747,1.044,3.086,.851,1.238
101,2017,228,1220,12.18,2.462,27.65,1.353,5.987,3.348,3.77,1.062,-72.5,-4.518,1.516,108.9,2.945,1.854,8.52,94.8,86,4.373,104,53.05,6.677,4.265,1.454,6.901,46.44,2.347,2.422,79,.695,1.106,3.278,.816,1.226
101,2017,228,1230,12.18,2.544,3.012,7.62,14.99,2.817,3.482,1.087,-75.8,-4.008,4.879,113.5,4.903,1.94,3.511,102.1,97.9,4.311,109.9,37.45,3.769,4.335,11.5,2.923,51.44,2.419,2.462,86.6,.737,1.142,10.56,.859,1.44
101,2017,228,1240,12.18,2.539,1.77,1.105,4.727,2.231,3.397,1.127,-73.1,-4.115,36.55,111.7,3.038,2.759,2.933,103.4,95.4,4.432,109.2,87.2,29.09,4.487,1.948,2.343,53.6,2.527,2.777,87.6,.781,1.216,9.91,.925,1.502
101,2017,228,1250,12.18,3.157,1.854,1.28,6.318,2.66,4.579,1.34,-73,-4.058,1.799,113.1,3.428,13.55,3.211,105.7,79.2,5.812,110.5,28.28,77.4,5.862,1.99,3.288,56.36,2.847,12.4,87.9,.864,1.459,4.047,1.03,1.787
101,2017,228,1300,12.18,5.979,2.948,2.174,11.19,4.772,28.76,3.306,-59.28,-4.358,3.261,96.2,5.328,4.562,5.495,93.5,64.22,9.51,94.5,17.67,34.84,8.1,2.975,10.14,55.53,3.613,20.04,67.83,1.231,2.467,5.376,1.621,2.809
101,2017,228,1310,12.19,6.537,3.321,2.46,13.44,5.591,5.418,2.81,-74,-4.994,3.438,63.12,6.636,5.214,6.21,62.34,51.51,9.95,59.77,15.98,5.378,9.08,3.172,9.3,42.51,4.475,7.4,31.35,1.176,2.541,5.897,1.332,3.336
101,2017,228,1320,12.18,6.396,2.872,2.241,13.22,5.4,3.747,2.39,-75.8,-5.768,3.505,50.53,4.87,5.283,5.85,54.26,48.79,9.35,47.76,12.22,4.7,9.1,3.127,4.73,39.72,4.619,4.968,20.86,1.223,2.311,6.095,1.166,2.933
101,2017,228,1330,12.19,6.882,2.69,2.236,13.85,5.673,3.639,2.405,-76.5,-6.306,3.348,47.39,4.283,5.42,5.847,51.78,49.16,9.86,44.69,10.53,3.624,9.21,3.204,4.432,40.05,4.184,4.676,18.22,1.296,2.261,6.458,1.136,2.713
101,2017,228,1340,12.18,6.105,2.274,1.869,12.37,5.164,3.169,2.09,-82.5,-6.594,2.869,41.51,3.675,4.668,4.747,45.03,42.47,9.05,37.84,9.37,3.137,8.35,2.916,3.653,34.95,3.685,3.912,13.7,1.136,1.916,5.696,1.025,2.055
101,2017,228,1350,12.18,5.333,1.893,1.623,10.85,4.631,2.727,1.831,-83.3,-8,2.499,35.41,2.846,4.018,4.135,39.64,37.75,7.75,32.58,7.77,2.549,7.22,2.547,3.063,31.59,3.241,3.435,11.63,.998,1.656,5.159,.898,1.715
101,2017,228,1400,12.18,4.758,1.76,1.465,9.69,4.192,2.474,1.675,-79.6,-8.82,2.251,32.32,2.728,3.711,3.799,35.53,34.19,6.793,29.84,7.12,2.226,6.586,2.266,2.882,28.46,2.986,3.176,10.98,.919,1.501,4.733,.824,1.586
101,2017,228,1410,12.18,4.566,1.578,1.333,9.14,3.824,2.315,1.553,-83.5,-9.55,2.107,30.65,2.532,3.546,3.45,33.38,31.61,6.922,27.64,6.485,2.124,6.296,2.187,2.62,26.3,2.678,2.841,9.63,.863,1.419,4.388,.725,1.427
101,2017,228,1420,12.18,4.517,1.576,1.196,9.39,3.8,2.326,1.417,-92.7,-9.88,1.99,30.24,2.494,3.444,2.948,31.04,28.72,7.06,25.64,6.556,2.187,6.516,2.119,2.425,23.61,2.571,2.635,7.66,.749,1.248,3.767,.673,1.203
101,2017,228,1430,12.18,4.271,1.677,1.347,8.99,4.01,2.446,1.588,-91,-9.73,2.173,32.9,2.814,3.487,3.33,35.49,31.68,6.901,28.51,7.23,2.908,6.595,2.241,2.663,26.38,3.044,2.913,8.89,.839,1.379,4.084,.709,1.457
101,2017,228,1440,12.18,3.94,1.657,1.357,8.12,3.635,2.362,1.596,-86.8,-9.98,2.28,33.06,3.064,3.315,3.684,37.49,32.22,6.357,29.91,7.68,3.576,6.256,2.159,2.863,26.97,3.208,2.946,11.61,.797,1.437,3.992,.705,1.752
101,2017,228,1450,12.18,4.138,1.769,1.543,8.33,3.682,2.555,1.896,-82.8,-10.21,2.622,34.07,3.347,3.675,4.488,40.32,36.02,6.153,32.93,7.7,3.468,6.326,2.203,3.282,30.26,3.325,3.158,14.71,.91,1.684,4.836,.861,2.287
101,2017,228,1500,12.18,4.547,1.737,1.447,9.31,4.099,2.833,1.977,-72.4,-10.34,3.669,34.71,2.977,3.701,4.517,43.9,37.63,6.802,34.13,7.45,4.972,6.701,2.355,3.253,32.88,3.893,3.034,13.63,.91,1.675,5.128,.834,2.314
101,2017,228,1510,12.18,4.478,1.774,1.565,9.11,4.001,2.734,1.789,-70.9,-10.28,2.719,34.41,3.248,3.776,4.617,42.31,38.46,6.525,33.52,7.57,3.908,6.524,2.327,3.374,32.34,3.555,3.404,13.96,.923,1.628,5.152,.891,2.041
101,2017,228,1520,12.18,2.858,1.327,1.344,5.953,3.721,2.428,1.838,-72.1,-9.96,7.01,31.92,3.2,3.582,4.517,44.54,38.15,4.488,33.02,6.849,6.876,5.617,1.95,3.269,33.07,5.822,3.113,14.76,.916,1.672,4.917,.906,2.195
101,2017,228,1530,12.18,3.357,1.362,1.272,6.936,3.614,2.464,1.793,-68.48,-9.86,3.599,29.99,3.106,3.677,4.612,39.45,34.74,4.969,30.48,6.164,4.033,5.572,1.881,3.195,29.54,3.912,2.925,15.06,.854,1.649,4.49,.804,2.615
101,2017,228,1540,12.18,2.828,1.148,.958,5.735,2.6,1.876,1.185,-72.5,-10.16,1.788,23.83,2.346,2.791,3.081,28.58,25.57,4.331,22.34,5.252,2.382,4.705,1.491,2.258,20.75,2.165,2.218,9.93,.657,1.146,3.29,.543,1.566
101,2017,228,1550,12.18,2.138,.968,.945,4.611,3.724,1.845,1.3,-74.6,-10.29,1.91,27.96,2.614,2.597,3.622,59.95,49.66,3.545,36.85,5.309,4.931,4.224,1.399,2.255,38.77,2.692,2.344,10.19,.642,1.203,3.396,.673,1.722
101,2017,228,1600,12.18,1.248,.657,.618,3.076,8.77,1.468,1.293,-71.5,-9.66,1.647,26.71,2.044,2.21,2.98,93.2,75.8,2.538,46.98,3.91,4.404,3.558,1.143,1.821,58.36,2.937,1.779,6.36,.481,.859,2.727,.799,1.305
101,2017,228,1610,12.18,.997,.486,.446,2.278,4.828,.957,.898,-68.76,-9.66,1.141,19.78,1.615,1.099,1.953,83.1,66.89,2.143,15.23,2.799,2.241,2.784,.861,1.303,51.27,2.082,1.266,4.116,.318,.551,1.905,.596,.802
101,2017,228,1620,12.18,1.075,.508,.434,2.416,1.35,.893,1.191,-71.1,-9.59,.951,15.78,1.384,1.198,1.702,78.9,63.11,2.168,9.93,2.32,1.831,2.854,.858,1.211,27.49,14.17,1.111,3.608,.335,.521,1.794,.506,.668
101,2017,228,1630,12.18,1.146,.534,.444,2.655,1.697,.975,1.387,-74.8,-8.7,1.008,13.92,1.206,1.338,1.961,79,63.62,2.196,10.63,2.343,1.67,3.062,.95,2.337,30.74,23.36,1.171,4.268,.402,.603,2.518,.571,.812
101,2017,228,1640,12.18,1.035,.474,.461,2.209,1.464,6.755,1.02,-72.2,-8.68,.968,11.99,.982,1.353,1.908,71.4,56.73,1.904,10.74,2.243,1.484,2.652,2.094,1.606,46.67,25.7,1.224,5.337,.395,.586,2.266,.477,.971
101,2017,228,1650,12.18,1.389,.546,.516,2.955,1.586,.94,.923,-67.47,-8.87,.921,11.93,1.032,1.533,2.013,66.91,40.07,2.318,11.47,2.37,1.189,2.779,5.78,1.447,44.2,27.5,1.36,5.251,.4,.621,2.189,.435,.899
101,2017,228,1700,12.18,1.404,.563,.549,2.924,6.276,1.002,.889,-63.7,-9,1.027,12.87,1.352,1.342,2.092,61.97,41.1,2.447,12.78,2.876,1.571,2.543,1.027,1.551,41.22,20.33,1.457,6.189,.37,.606,2.214,.434,1.04
101,2017,228,1710,12.18,.899,.417,.394,2.049,2.256,.702,.595,-63.9,-9.94,.829,9.22,.854,.913,1.499,52.18,15.16,1.707,9.19,2.131,1.561,2.156,.92,1.08,35.53,15.23,1.047,3.878,.265,.434,1.563,.33,.725
101,2017,228,1720,12.18,.598,.291,.231,1.392,.685,.457,.36,-62.52,-9.76,.454,6.427,.543,.586,.881,32.96,8.5,1.218,5.606,1.414,.757,1.531,.501,.648,22.92,3.426,.628,2.191,.154,.286,.796,.183,.42
101,2017,228,1730,12.18,.503,.248,.181,1.151,.541,.355,.246,-62.37,-9.69,.327,4.96,.37,.486,.523,9.27,6.009,.91,4.097,1.007,.466,1.225,.372,.442,4.967,.489,.392,1.367,.134,.201,.573,.136,.246
101,2017,228,1740,12.18,.425,.199,.142,.93,.472,.291,.219,-69.81,-10.45,.263,4.094,.313,.425,.452,11.21,7.83,.735,3.347,.806,.37,1.035,.32,.387,3.994,.437,.323,1.183,.106,.179,.521,.129,.201
101,2017,228,1750,12.18,.347,.152,.117,.712,.372,.224,.161,-77.5,-10.77,.203,3.153,.243,.335,.359,3.669,3.523,.56,2.573,.625,.29,.781,.238,.295,3.007,.352,.248,.869,.077,.129,.384,.084,.152
101,2017,228,1800,12.18,.226,.097,.072,.462,.241,.146,.101,-86.3,-10.63,.132,1.975,.163,.218,.228,2.278,2.205,.379,1.638,.415,.186,.488,.156,.188,1.893,.224,.157,.546,.052,.084,.248,.055,.097
101,2017,228,1810,12.18,.104,.049,.039,.221,.109,.064,.05,-83.3,-10.05,.059,.821,.067,.095,.104,.99,.963,.174,.704,.189,.084,.221,.064,.085,.828,.102,.072,.265,.023,.044,.114,.03,.045
101,2017,228,1820,12.18,.023,.007,0,.054,.027,.012,.008,-79.3,-10.02,.017,.199,.017,.023,.027,.268,.256,.042,.183,.049,.025,.054,.013,.02,.228,.028,.017,.075,0,.008,.032,.002,.013
101,2017,228,1830,12.17,0,0,0,.002,0,0,0,-77.4,-10.31,0,.02,0,0,0,.034,.027,0,.018,.002,0,0,0,0,.027,0,0,.007,0,0,0,0,0
101,2017,228,1840,12.17,0,0,0,0,0,0,0,-75.7,-10.71,0,0,0,0,0,0,0,0,0,0,0,0,0,0,0,0,0,0,0,0,0,0,0
101,2017,228,1850,12.17,0,0,0,0,0,0,0,-71.5,-11.12,0,0,0,0,0,0,0,0,0,0,0,0,0,0,0,0,0,0,0,0,0,0,0
101,2017,228,1900,12.17,0,0,0,0,0,0,0,-68.7,-11.34,0,0,0,0,0,0,0,0,0,0,0,0,0,0,0,0,0,0,0,0,0,0,0
101,2017,228,1910,12.17,0,0,0,0,0,0,0,-67.62,-11.93,0,0,0,0,0,0,0,0,0,0,0,0,0,0,0,0,0,0,0,0,0,0,0
101,2017,228,1920,12.17,0,0,0,0,0,0,0,-67.18,-12.12,0,0,0,0,0,0,0,0,0,0,0,0,0,0,0,0,0,0,0,0,0,0,0
101,2017,228,1930,12.17,0,0,0,0,0,0,0,-67.43,-12.41,0,0,0,0,0,0,0,0,0,0,0,0,0,0,0,0,0,0,0,0,0,0,0
101,2017,228,1940,12.17,0,0,0,0,0,0,0,-68.27,-12.48,0,0,0,0,0,0,0,0,0,0,0,0,0,0,0,0,0,0,0,0,0,0,0
101,2017,228,1950,12.17,0,0,0,0,0,0,0,-68.14,-12.66,0,0,0,0,0,0,0,0,0,0,0,0,0,0,0,0,0,0,0,0,0,0,0
101,2017,228,2000,12.17,0,0,0,0,0,0,0,-67.29,-12.51,0,0,0,0,0,0,0,0,0,0,0,0,0,0,0,0,0,0,0,0,0,0,0
101,2017,228,2010,12.17,0,0,0,0,0,0,0,-65.94,-12.43,0,0,0,0,0,0,0,0,0,0,0,0,0,0,0,0,0,0,0,0,0,0,0
101,2017,228,2020,12.17,0,0,0,0,0,0,0,-65.57,-12.68,0,0,0,0,0,0,0,0,0,0,0,0,0,0,0,0,0,0,0,0,0,0,0
101,2017,228,2030,12.17,0,0,0,0,0,0,0,-66.38,-12.73,0,0,0,0,0,0,0,0,0,0,0,0,0,0,0,0,0,0,0,0,0,0,0
101,2017,228,2040,12.17,0,0,0,0,0,0,0,-63.1,-12.92,0,0,0,0,0,0,0,0,0,0,0,0,0,0,0,0,0,0,0,0,0,0,0
101,2017,228,2050,12.17,0,0,0,0,0,0,0,-56.65,-12.91,0,0,0,0,0,0,0,0,0,0,0,0,0,0,0,0,0,0,0,0,0,0,0
101,2017,228,2100,12.17,0,0,0,0,0,0,0,-58.02,-12.85,0,0,0,0,0,0,0,0,0,0,0,0,0,0,0,0,0,0,0,0,0,0,0
101,2017,228,2110,12.17,0,0,0,0,0,0,0,-58.15,-12.96,0,0,0,0,0,0,0,0,0,0,0,0,0,0,0,0,0,0,0,0,0,0,0
101,2017,228,2120,12.17,0,0,0,0,0,0,0,-58.03,-13.14,0,0,0,0,0,0,0,0,0,0,0,0,0,0,0,0,0,0,0,0,0,0,0
101,2017,228,2130,12.17,0,0,0,0,0,0,0,-57.89,-13.15,0,0,0,0,0,0,0,0,0,0,0,0,0,0,0,0,0,0,0,0,0,0,0
101,2017,228,2140,12.17,0,0,0,0,0,0,0,-57.9,-13.02,0,0,0,0,0,0,0,0,0,0,0,0,0,0,0,0,0,0,0,0,0,0,0
101,2017,228,2150,12.17,0,0,0,0,0,0,0,-59.25,-12.73,0,0,0,0,0,0,0,0,0,0,0,0,0,0,0,0,0,0,0,0,0,0,0
101,2017,228,2200,12.17,0,0,0,0,0,0,0,-58.63,-12.22,0,0,0,0,0,0,0,0,0,0,0,0,0,0,0,0,0,0,0,0,0,0,0
101,2017,228,2210,12.17,0,0,0,0,0,0,0,-55.37,-11.89,0,0,0,0,0,0,0,0,0,0,0,0,0,0,0,0,0,0,0,0,0,0,0
101,2017,228,2220,12.17,0,0,0,0,0,0,0,-53.45,-11.83,0,0,0,0,0,0,0,0,0,0,0,0,0,0,0,0,0,0,0,0,0,0,0
101,2017,228,2230,12.16,0,0,0,0,0,0,0,-52.42,-11.81,0,0,0,0,0,0,0,0,0,0,0,0,0,0,0,0,0,0,0,0,0,0,0
101,2017,228,2240,12.16,0,0,0,0,0,0,0,-52.92,-12.07,0,0,0,0,0,0,0,0,0,0,0,0,0,0,0,0,0,0,0,0,0,0,0
101,2017,228,2250,12.16,0,0,0,0,0,0,0,-53.42,-12.19,0,0,0,0,0,0,0,0,0,0,0,0,0,0,0,0,0,0,0,0,0,0,0
101,2017,228,2300,12.16,0,0,0,0,0,0,0,-55.38,-12.21,0,0,0,0,0,0,0,0,0,0,0,0,0,0,0,0,0,0,0,0,0,0,0
101,2017,228,2310,12.16,0,0,0,0,0,0,0,-55.29,-12.14,0,0,0,0,0,0,0,0,0,0,0,0,0,0,0,0,0,0,0,0,0,0,0
101,2017,228,2320,12.16,0,0,0,0,0,0,0,-52.33,-11.71,0,0,0,0,0,0,0,0,0,0,0,0,0,0,0,0,0,0,0,0,0,0,0
101,2017,228,2330,12.16,0,0,0,0,0,0,0,-52.49,-11.88,0,0,0,0,0,0,0,0,0,0,0,0,0,0,0,0,0,0,0,0,0,0,0
101,2017,228,2340,12.16,0,0,0,0,0,0,0,-52.99,-11.94,0,0,0,0,0,0,0,0,0,0,0,0,0,0,0,0,0,0,0,0,0,0,0
101,2017,228,2350,12.16,0,0,0,0,0,0,0,-53.16,-11.97,0,0,0,0,0,0,0,0,0,0,0,0,0,0,0,0,0,0,0,0,0,0,0
101,2017,228,2400,12.16,0,0,0,0,0,0,0,-52.18,-12.18,0,0,0,0,0,0,0,0,0,0,0,0,0,0,0,0,0,0,0,0,0,0,0
101,2017,229,10,12.16,0,0,0,0,0,0,0,-50.57,-12.51,0,0,0,0,0,0,0,0,0,0,0,0,0,0,0,0,0,0,0,0,0,0,0
101,2017,229,20,12.16,0,0,0,0,0,0,0,-49.3,-12.65,0,0,0,0,0,0,0,0,0,0,0,0,0,0,0,0,0,0,0,0,0,0,0
101,2017,229,30,12.16,0,0,0,0,0,0,0,-50.03,-12.8,0,0,0,0,0,0,0,0,0,0,0,0,0,0,0,0,0,0,0,0,0,0,0
101,2017,229,40,12.16,0,0,0,0,0,0,0,-49.17,-12.37,0,0,0,0,0,0,0,0,0,0,0,0,0,0,0,0,0,0,0,0,0,0,0
101,2017,229,50,12.16,0,0,0,0,0,0,0,-47.66,-12.19,0,0,0,0,0,0,0,0,0,0,0,0,0,0,0,0,0,0,0,0,0,0,0
101,2017,229,100,12.16,0,0,0,0,0,0,0,-46.8,-11.8,0,0,0,0,0,0,0,0,0,0,0,0,0,0,0,0,0,0,0,0,0,0,0
101,2017,229,110,12.16,0,0,0,0,0,0,0,-47.64,-10.41,0,0,0,0,0,0,0,0,0,0,0,0,0,0,0,0,0,0,0,0,0,0,0
101,2017,229,120,12.16,0,0,0,0,0,0,0,-49.08,-9.94,0,0,0,0,0,0,0,0,0,0,0,0,0,0,0,0,0,0,0,0,0,0,0
101,2017,229,130,12.16,0,0,0,0,0,0,0,-50.49,-9.71,0,0,0,0,0,0,0,0,0,0,0,0,0,0,0,0,0,0,0,0,0,0,0
101,2017,229,140,12.16,0,0,0,0,0,0,0,-50.99,-9.72,0,0,0,0,0,0,0,0,0,0,0,0,0,0,0,0,0,0,0,0,0,0,0
101,2017,229,150,12.16,0,0,0,0,0,0,0,-51.08,-10.36,0,0,0,0,0,0,0,0,0,0,0,0,0,0,0,0,0,0,0,0,0,0,0
101,2017,229,200,12.16,0,0,0,0,0,0,0,-51.71,-10.73,0,0,0,0,0,0,0,0,0,0,0,0,0,0,0,0,0,0,0,0,0,0,0
101,2017,229,210,12.16,0,0,0,0,0,0,0,-51.92,-11.01,0,0,0,0,0,0,0,0,0,0,0,0,0,0,0,0,0,0,0,0,0,0,0
101,2017,229,220,12.16,0,0,0,0,0,0,0,-50.93,-10.62,0,0,0,0,0,0,0,0,0,0,0,0,0,0,0,0,0,0,0,0,0,0,0
101,2017,229,230,12.16,0,0,0,0,0,0,0,-49.68,-10.86,0,0,0,0,0,0,0,0,0,0,0,0,0,0,0,0,0,0,0,0,0,0,0
101,2017,229,240,12.16,0,0,0,0,0,0,0,-49.05,-10.71,0,0,0,0,0,0,0,0,0,0,0,0,0,0,0,0,0,0,0,0,0,0,0
101,2017,229,250,12.16,0,0,0,0,0,0,0,-48.63,-10.97,0,0,0,0,0,0,0,0,0,0,0,0,0,0,0,0,0,0,0,0,0,0,0
101,2017,229,300,12.16,0,0,0,0,0,0,0,-46.71,-11.29,0,0,0,0,0,0,0,0,0,0,0,0,0,0,0,0,0,0,0,0,0,0,0
101,2017,229,310,12.16,0,0,0,0,0,0,0,-44.86,-11.28,0,0,0,0,0,0,0,0,0,0,0,0,0,0,0,0,0,0,0,0,0,0,0
101,2017,229,320,12.16,0,0,0,0,0,0,0,-43.71,-11.54,0,0,0,0,0,0,0,0,0,0,0,0,0,0,0,0,0,0,0,0,0,0,0
101,2017,229,330,12.16,0,0,0,0,0,0,0,-43.01,-11.59,0,0,0,0,0,0,0,0,0,0,0,0,0,0,0,0,0,0,0,0,0,0,0
101,2017,229,340,12.16,0,0,0,0,0,0,0,-42.95,-11.47,0,0,0,0,0,0,0,0,0,0,0,0,0,0,0,0,0,0,0,0,0,0,0
101,2017,229,350,12.15,0,0,0,0,0,0,0,-43.03,-11.37,0,0,0,0,0,0,0,0,0,0,0,0,0,0,0,0,0,0,0,0,0,0,0
101,2017,229,400,12.15,0,0,0,0,0,0,0,-42.48,-11.12,0,0,0,0,0,0,0,0,0,0,0,0,0,0,0,0,0,0,0,0,0,0,0
101,2017,229,410,12.15,0,0,0,0,0,0,0,-41.87,-11.63,0,0,0,0,0,0,0,0,0,0,0,0,0,0,0,0,0,0,0,0,0,0,0
101,2017,229,420,12.15,0,0,0,0,0,0,0,-42.22,-11.17,0,0,0,0,0,0,0,0,0,0,0,0,0,0,0,0,0,0,0,0,0,0,0
101,2017,229,430,12.15,0,0,0,0,0,0,0,-42.13,-11.33,0,0,0,0,0,0,0,0,0,0,0,0,0,0,0,0,0,0,0,0,0,0,0
101,2017,229,440,12.15,0,0,0,0,0,0,0,-40.3,-11.57,0,0,0,0,0,0,0,0,0,0,0,0,0,0,0,0,0,0,0,0,0,0,0
101,2017,229,450,12.15,0,0,0,0,0,0,0,-39.35,-11.82,0,0,0,0,0,0,0,0,0,0,0,0,0,0,0,0,0,0,0,0,0,0,0
101,2017,229,500,12.15,0,0,0,0,0,0,0,-39.81,-11.81,0,0,0,0,0,0,0,0,0,0,0,0,0,0,0,0,0,0,0,0,0,0,0
101,2017,229,510,12.15,0,0,0,0,0,0,0,-39.43,-12.02,0,0,0,0,0,0,0,0,0,0,0,0,0,0,0,0,0,0,0,0,0,0,0
101,2017,229,520,12.15,0,0,0,0,0,0,0,-39.7,-12.4,0,0,0,0,0,0,0,0,0,0,0,0,0,0,0,0,0,0,0,0,0,0,0
101,2017,229,530,12.15,0,0,0,0,0,0,0,-39.08,-12.46,0,0,0,0,0,0,0,0,0,0,0,0,0,0,0,0,0,0,0,0,0,0,0
101,2017,229,540,12.15,0,0,0,0,0,0,0,-39.2,-12.21,0,0,0,0,0,0,0,0,0,0,0,0,0,0,0,0,0,0,0,0,0,0,0
101,2017,229,550,12.15,0,0,0,0,0,0,0,-38.69,-12.43,0,0,0,0,0,0,0,0,0,0,0,0,0,0,0,0,0,0,0,0,0,0,0
101,2017,229,600,12.15,0,0,0,0,0,0,0,-38.46,-12.37,0,0,0,0,0,0,0,0,0,0,0,0,0,0,0,0,0,0,0,0,0,0,0
101,2017,229,610,12.15,0,0,0,0,0,0,0,-37.55,-12.35,0,0,0,0,0,0,0,0,0,0,0,0,0,0,0,0,0,0,0,0,0,0,0
101,2017,229,620,12.15,0,0,0,0,0,0,0,-36.81,-12.34,0,0,0,0,0,0,0,0,0,0,0,0,0,0,0,0,0,0,0,0,0,0,0
101,2017,229,630,12.15,0,0,0,.005,0,0,0,-35.57,-12.17,0,.034,0,0,0,.017,.018,.005,.018,.007,0,.007,0,0,.013,0,0,.003,0,0,0,0,0
101,2017,229,640,12.15,.028,.01,.005,.057,.027,.02,.007,-38.02,-12.14,.015,.231,.018,.027,.022,.174,.169,.045,.169,.05,.017,.055,.022,.025,.146,.023,.02,.047,.003,.008,.023,0,.007
101,2017,229,650,12.15,.107,.042,.034,.23,.102,.059,.037,-38.37,-12.11,.045,.863,.055,.084,.075,.741,.739,.173,.66,.191,.054,.211,.064,.074,.639,.077,.06,.196,.023,.034,.085,.032,.034
101,2017,229,700,12.15,.263,.117,.079,.553,.25,.163,.087,-38.56,-12.26,.116,2.377,.144,.228,.188,1.797,1.849,.444,1.753,.446,.129,.538,.173,.191,1.539,.186,.166,.434,.045,.082,.201,.047,.074
101,2017,229,710,12.15,.367,.166,.111,.821,.387,.255,.149,-37.43,-12.29,.181,3.709,.23,.34,.297,2.891,2.977,.649,2.708,.711,.204,.882,.268,.292,2.526,.287,.25,.674,.072,.111,.323,.084,.112
101,2017,229,720,12.15,.478,.228,.154,1.146,.499,.34,.193,-36.82,-12.17,.248,5.242,.315,.442,.409,4.011,4.096,.92,3.732,.977,.28,1.2,.367,.402,3.503,.402,.34,.94,.101,.159,.429,.107,.163
101,2017,229,730,12.15,.6,.293,.191,1.446,.625,.424,.241,-37.33,-12.25,.322,9.63,.39,.533,.476,6.191,5.051,1.19,4.671,1.24,.357,1.497,.447,.476,4.371,.501,.424,1.198,.119,.194,.521,.142,.199
101,2017,229,740,12.15,.677,.322,.233,1.619,.707,.468,.287,-37.52,-11.83,.396,47.67,.572,.649,.719,9.37,5.794,1.532,6.801,1.443,.417,1.817,.597,.618,4.919,.577,.489,1.381,.151,.233,.6,.168,.24
101,2017,229,750,12.15,.764,.367,.28,1.837,.813,.566,.339,-38.49,-11.25,.446,59.14,.932,.82,.833,9.74,6.401,1.711,7.73,1.659,.437,12.02,1.098,.994,6.32,.644,.561,1.535,.171,.268,.665,.179,.285
101,2017,229,800,12.15,.84,.409,.332,2.041,.925,.667,.382,-39.22,-10.66,.504,67.41,1.223,1.014,.932,10.07,6.863,1.874,39.38,1.902,.473,21.3,9.7,1.148,5.854,.699,.628,1.679,.211,.313,.729,.206,.312
101,2017,229,810,12.15,1.041,.436,.387,2.251,1.078,.804,.431,-42.04,-10.29,.577,75.2,1.371,1.182,1.017,10.13,7.39,2.075,48.58,2.189,.523,24.52,23.7,1.319,6.158,.754,.696,1.82,.235,.359,.784,.375,.36