101,2017,254,1640,12.12,1.841,.653,.766,3.352,1.921,1.29,1.04,-23.23,-2.347,1.446,16.67,2.228,1.735,2.68,41.33,35.43,2.901,17.18,4.022,2.203,3.166,1.164,1.796,32.46,2.22,1.689,7.62,.449,.821,2.705,.539,1.444
101,2017,254,1650,12.12,1.766,.588,.658,3.141,1.643,1.082,.864,-23.01,-2.682,1.178,14.56,1.531,1.514,2.359,33.08,29.28,2.697,14.48,3.526,1.824,2.848,1.04,1.56,26.71,1.886,1.426,6.2,.394,.677,2.106,.422,1.111
101,2017,254,1700,12.12,1.674,.544,.613,2.996,1.561,1.064,.808,-25.08,-3.059,1.168,15.18,1.424,1.474,2.245,45.21,44.12,2.686,13.62,3.202,1.702,2.783,1.022,1.463,43.22,2.031,1.54,5.926,.399,.672,1.945,.395,1.099
101,2017,254,1710,12.12,1.285,.449,.489,2.341,1.262,.836,.625,-24.76,-3.46,.885,10.76,1.112,1.179,1.598,22.31,23.07,2.012,10.91,2.662,1.297,2.175,.741,1.123,21.4,1.349,1.076,4.591,.313,.519,1.662,.328,.734
101,2017,254,1720,12.12,.988,.348,.374,1.774,.928,.578,.452,-22.64,-3.962,.61,7.8,.744,.838,1.061,11.2,10.21,1.493,7.81,1.937,.895,1.593,.536,.759,8.5,.9,.725,3.21,.219,.392,1.101,.226,.462
101,2017,254,1730,12.12,.787,.266,.286,1.444,.747,.462,.364,-24.13,-4.224,.462,6.115,.565,.667,.801,8.3,7.5,1.201,6.016,1.481,.627,1.325,.432,.596,6.315,.685,.555,2.349,.181,.307,.87,.189,.37
101,2017,254,1740,12.12,.612,.216,.221,1.112,.573,.384,.283,-26.98,-4.428,.385,4.748,.446,.501,.627,6.3,5.737,.925,4.72,1.138,.474,1.014,.35,.472,4.885,.519,.442,1.873,.134,.241,.697,.156,.295
101,2017,254,1750,12.12,.431,.146,.156,.746,.4,.26,.198,-26.28,-4.681,.256,3.2,.32,.372,.446,4.225,3.853,.603,3.217,.756,.338,.684,.236,.337,3.284,.377,.31,1.347,.095,.173,.467,.101,.208
101,2017,254,1800,12.12,.285,.089,.102,.466,.261,.159,.132,-32.95,-4.936,.159,1.982,.193,.238,.29,2.553,2.387,.392,1.982,.461,.188,.444,.151,.213,2.047,.233,.196,.829,.06,.107,.318,.064,.127
101,2017,254,1810,12.12,.156,.05,.054,.266,.142,.087,.065,-32.91,-5.296,.079,1.045,.099,.129,.147,1.245,1.188,.216,1.012,.258,.092,.245,.079,.107,.995,.116,.102,.412,.032,.055,.161,.034,.06
101,2017,254,1820,12.12,.059,.015,.02,.097,.052,.034,.027,-30.81,-5.72,.028,.367,.035,.045,.049,.429,.412,.079,.364,.094,.032,.08,.03,.044,.345,.042,.04,.152,0,.025,.054,.008,.023
101,2017,254,1830,12.11,.007,0,0,.015,.007,0,0,-30.88,-6.162,0,.072,.002,.005,.003,.087,.082,.013,.07,.015,0,.013,0,.003,.07,.005,.002,.034,0,0,.007,0,0
101,2017,254,1840,12.11,0,0,0,0,0,0,0,-30.73,-6.39,0,.003,0,0,0,.008,.003,0,.002,0,0,0,0,0,.002,0,0,0,0,0,0,0,0
101,2017,254,1850,12.11,0,0,0,0,0,0,0,-40.04,-6.472,0,0,0,0,0,0,0,0,0,0,0,0,0,0,0,0,0,0,0,0,0,0,0
101,2017,254,1900,12.11,0,0,0,0,0,0,0,-43.06,-6.695,0,0,0,0,0,0,0,0,0,0,0,0,0,0,0,0,0,0,0,0,0,0,0
101,2017,254,1910,12.11,0,0,0,0,0,0,0,-33.71,-6.916,0,0,0,0,0,0,0,0,0,0,0,0,0,0,0,0,0,0,0,0,0,0,0
101,2017,254,1920,12.11,0,0,0,0,0,0,0,-30.82,-7.19,0,0,0,0,0,0,0,0,0,0,0,0,0,0,0,0,0,0,0,0,0,0,0
101,2017,254,1930,12.11,0,0,0,0,0,0,0,-29.96,-7.54,0,0,0,0,0,0,0,0,0,0,0,0,0,0,0,0,0,0,0,0,0,0,0
101,2017,254,1940,12.11,0,0,0,0,0,0,0,-29.33,-7.76,0,0,0,0,0,0,0,0,0,0,0,0,0,0,0,0,0,0,0,0,0,0,0
101,2017,254,1950,12.11,0,0,0,0,0,0,0,-28.99,-7.89,0,0,0,0,0,0,0,0,0,0,0,0,0,0,0,0,0,0,0,0,0,0,0
101,2017,254,2000,12.11,0,0,0,0,0,0,0,-32.08,-7.9,0,0,0,0,0,0,0,0,0,0,0,0,0,0,0,0,0,0,0,0,0,0,0
101,2017,254,2010,12.11,0,0,0,0,0,0,0,-30.3,-8.19,0,0,0,0,0,0,0,0,0,0,0,0,0,0,0,0,0,0,0,0,0,0,0
101,2017,254,2020,12.11,0,0,0,0,0,0,0,-37.61,-8.42,0,0,0,0,0,0,0,0,0,0,0,0,0,0,0,0,0,0,0,0,0,0,0
101,2017,254,2030,12.11,0,0,0,0,0,0,0,-45.38,-8.39,0,0,0,0,0,0,0,0,0,0,0,0,0,0,0,0,0,0,0,0,0,0,0
101,2017,254,2040,12.11,0,0,0,0,0,0,0,-43.03,-8.38,0,0,0,0,0,0,0,0,0,0,0,0,0,0,0,0,0,0,0,0,0,0,0
101,2017,254,2050,12.11,0,0,0,0,0,0,0,-33.33,-8.49,0,0,0,0,0,0,0,0,0,0,0,0,0,0,0,0,0,0,0,0,0,0,0
101,2017,254,2100,12.11,0,0,0,0,0,0,0,-56.01,-8.4,0,0,0,0,0,0,0,0,0,0,0,0,0,0,0,0,0,0,0,0,0,0,0
101,2017,254,2110,12.11,0,0,0,0,0,0,0,-58.04,-9.3,0,0,0,0,0,0,0,0,0,0,0,0,0,0,0,0,0,0,0,0,0,0,0
101,2017,254,2120,12.11,0,0,0,0,0,0,0,-56.51,-10.03,0,0,0,0,0,0,0,0,0,0,0,0,0,0,0,0,0,0,0,0,0,0,0
101,2017,254,2130,12.11,0,0,0,0,0,0,0,-47.11,-9.78,0,0,0,0,0,0,0,0,0,0,0,0,0,0,0,0,0,0,0,0,0,0,0
101,2017,254,2140,12.11,0,0,0,0,0,0,0,-45.42,-10.24,0,0,0,0,0,0,0,0,0,0,0,0,0,0,0,0,0,0,0,0,0,0,0
101,2017,254,2150,12.11,0,0,0,0,0,0,0,-42.92,-9.91,0,0,0,0,0,0,0,0,0,0,0,0,0,0,0,0,0,0,0,0,0,0,0
101,2017,254,2200,12.11,0,0,0,0,0,0,0,-37.33,-10.14,0,0,0,0,0,0,0,0,0,0,0,0,0,0,0,0,0,0,0,0,0,0,0
101,2017,254,2210,12.11,0,0,0,0,0,0,0,-35.06,-10.14,0,0,0,0,0,0,0,0,0,0,0,0,0,0,0,0,0,0,0,0,0,0,0
101,2017,254,2220,12.11,0,0,0,0,0,0,0,-39.36,-10.55,0,0,0,0,0,0,0,0,0,0,0,0,0,0,0,0,0,0,0,0,0,0,0
101,2017,254,2230,12.11,0,0,0,0,0,0,0,-42.35,-10.94,0,0,0,0,0,0,0,0,0,0,0,0,0,0,0,0,0,0,0,0,0,0,0
101,2017,254,2240,12.11,0,0,0,0,0,0,0,-47.81,-11.21,0,0,0,0,0,0,0,0,0,0,0,0,0,0,0,0,0,0,0,0,0,0,0
101,2017,254,2250,12.11,0,0,0,0,0,0,0,-45.49,-11.4,0,0,0,0,0,0,0,0,0,0,0,0,0,0,0,0,0,0,0,0,0,0,0
101,2017,254,2300,12.11,0,0,0,0,0,0,0,-27.9,-11.38,0,0,0,0,0,0,0,0,0,0,0,0,0,0,0,0,0,0,0,0,0,0,0
101,2017,254,2310,12.11,0,0,0,0,0,0,0,-31.79,-11.42,0,0,0,0,0,0,0,0,0,0,0,0,0,0,0,0,0,0,0,0,0,0,0
101,2017,254,2320,12.1,0,0,0,0,0,0,0,-32.3,-11.41,0,0,0,0,0,0,0,0,0,0,0,0,0,0,0,0,0,0,0,0,0,0,0
101,2017,254,2330,12.1,0,0,0,0,0,0,0,-35.03,-11.55,0,0,0,0,0,0,0,0,0,0,0,0,0,0,0,0,0,0,0,0,0,0,0
101,2017,254,2340,12.1,0,0,0,0,0,0,0,-38.39,-11.63,0,0,0,0,0,0,0,0,0,0,0,0,0,0,0,0,0,0,0,0,0,0,0
101,2017,254,2350,12.1,0,0,0,0,0,0,0,-29.18,-11.94,0,0,0,0,0,0,0,0,0,0,0,0,0,0,0,0,0,0,0,0,0,0,0
101,2017,254,2400,12.1,0,0,0,0,0,0,0,-29.25,-12,0,0,0,0,0,0,0,0,0,0,0,0,0,0,0,0,0,0,0,0,0,0,0
102,2017,254,2400,12.09,5266
101,2017,255,10,12.1,0,0,0,0,0,0,0,-34.06,-12.15,0,0,0,0,0,0,0,0,0,0,0,0,0,0,0,0,0,0,0,0,0,0,0
101,2017,255,20,12.1,0,0,0,0,0,0,0,-35.64,-12.46,0,0,0,0,0,0,0,0,0,0,0,0,0,0,0,0,0,0,0,0,0,0,0
101,2017,255,30,12.1,0,0,0,0,0,0,0,-37.29,-12.68,0,0,0,0,0,0,0,0,0,0,0,0,0,0,0,0,0,0,0,0,0,0,0
101,2017,255,40,12.1,0,0,0,0,0,0,0,-34.28,-12.33,0,0,0,0,0,0,0,0,0,0,0,0,0,0,0,0,0,0,0,0,0,0,0
101,2017,255,50,12.1,0,0,0,0,0,0,0,-36.62,-12.86,0,0,0,0,0,0,0,0,0,0,0,0,0,0,0,0,0,0,0,0,0,0,0
101,2017,255,100,12.1,0,0,0,0,0,0,0,-36.65,-13.29,0,0,0,0,0,0,0,0,0,0,0,0,0,0,0,0,0,0,0,0,0,0,0
101,2017,255,110,12.1,0,0,0,0,0,0,0,-35.58,-13.06,0,0,0,0,0,0,0,0,0,0,0,0,0,0,0,0,0,0,0,0,0,0,0
101,2017,255,120,12.1,0,0,0,0,0,0,0,-27.93,-12.69,0,0,0,0,0,0,0,0,0,0,0,0,0,0,0,0,0,0,0,0,0,0,0
101,2017,255,130,12.1,0,0,0,0,0,0,0,-26.26,-12.42,0,0,0,0,0,0,0,0,0,0,0,0,0,0,0,0,0,0,0,0,0,0,0
101,2017,255,140,12.1,0,0,0,0,0,0,0,-26.66,-12.54,0,0,0,0,0,0,0,0,0,0,0,0,0,0,0,0,0,0,0,0,0,0,0
101,2017,255,150,12.1,0,0,0,0,0,0,0,-25.5,-12.65,0,0,0,0,0,0,0,0,0,0,0,0,0,0,0,0,0,0,0,0,0,0,0
101,2017,255,200,12.1,0,0,0,0,0,0,0,-25.34,-12.77,0,0,0,0,0,0,0,0,0,0,0,0,0,0,0,0,0,0,0,0,0,0,0
101,2017,255,210,12.1,0,0,0,0,0,0,0,-24.4,-12.79,0,0,0,0,0,0,0,0,0,0,0,0,0,0,0,0,0,0,0,0,0,0,0
101,2017,255,220,12.1,0,0,0,0,0,0,0,-23.64,-12.79,0,0,0,0,0,0,0,0,0,0,0,0,0,0,0,0,0,0,0,0,0,0,0
101,2017,255,230,12.1,0,0,0,0,0,0,0,-23.98,-12.72,0,0,0,0,0,0,0,0,0,0,0,0,0,0,0,0,0,0,0,0,0,0,0
101,2017,255,240,12.1,0,0,0,0,0,0,0,-28.79,-12.64,0,0,0,0,0,0,0,0,0,0,0,0,0,0,0,0,0,0,0,0,0,0,0
101,2017,255,250,12.1,0,0,0,0,0,0,0,-38.7,-12.81,0,0,0,0,0,0,0,0,0,0,0,0,0,0,0,0,0,0,0,0,0,0,0
101,2017,255,300,12.1,0,0,0,0,0,0,0,-37.41,-12.77,0,0,0,0,0,0,0,0,0,0,0,0,0,0,0,0,0,0,0,0,0,0,0
101,2017,255,310,12.1,0,0,0,0,0,0,0,-36.1,-12.81,0,0,0,0,0,0,0,0,0,0,0,0,0,0,0,0,0,0,0,0,0,0,0
101,2017,255,320,12.1,0,0,0,0,0,0,0,-35.97,-12.91,0,0,0,0,0,0,0,0,0,0,0,0,0,0,0,0,0,0,0,0,0,0,0
101,2017,255,330,12.1,0,0,0,0,0,0,0,-33.4,-12.72,0,0,0,0,0,0,0,0,0,0,0,0,0,0,0,0,0,0,0,0,0,0,0
101,2017,255,340,12.1,0,0,0,0,0,0,0,-37.97,-12.67,0,0,0,0,0,0,0,0,0,0,0,0,0,0,0,0,0,0,0,0,0,0,0
101,2017,255,350,12.1,0,0,0,0,0,0,0,-38.62,-12.62,0,0,0,0,0,0,0,0,0,0,0,0,0,0,0,0,0,0,0,0,0,0,0
101,2017,255,400,12.1,0,0,0,0,0,0,0,-38.48,-12.5,0,0,0,0,0,0,0,0,0,0,0,0,0,0,0,0,0,0,0,0,0,0,0
101,2017,255,410,12.1,0,0,0,0,0,0,0,-37.05,-12.42,0,0,0,0,0,0,0,0,0,0,0,0,0,0,0,0,0,0,0,0,0,0,0
101,2017,255,420,12.1,0,0,0,0,0,0,0,-33.61,-12.42,0,0,0,0,0,0,0,0,0,0,0,0,0,0,0,0,0,0,0,0,0,0,0
101,2017,255,430,12.1,0,0,0,0,0,0,0,-24.89,-12.41,0,0,0,0,0,0,0,0,0,0,0,0,0,0,0,0,0,0,0,0,0,0,0
101,2017,255,440,12.1,0,0,0,0,0,0,0,-24.58,-12.47,0,0,0,0,0,0,0,0,0,0,0,0,0,0,0,0,0,0,0,0,0,0,0
101,2017,255,450,12.1,0,0,0,0,0,0,0,-25.86,-12.48,0,0,0,0,0,0,0,0,0,0,0,0,0,0,0,0,0,0,0,0,0,0,0
101,2017,255,500,12.1,0,0,0,0,0,0,0,-25.35,-12.46,0,0,0,0,0,0,0,0,0,0,0,0,0,0,0,0,0,0,0,0,0,0,0
101,2017,255,510,12.1,0,0,0,0,0,0,0,-25.04,-12.51,0,0,0,0,0,0,0,0,0,0,0,0,0,0,0,0,0,0,0,0,0,0,0
101,2017,255,520,12.1,0,0,0,0,0,0,0,-24.65,-12.56,0,0,0,0,0,0,0,0,0,0,0,0,0,0,0,0,0,0,0,0,0,0,0
101,2017,255,530,12.1,0,0,0,0,0,0,0,-23.89,-12.56,0,0,0,0,0,0,0,0,0,0,0,0,0,0,0,0,0,0,0,0,0,0,0
101,2017,255,540,12.1,0,0,0,0,0,0,0,-23.03,-12.54,0,0,0,0,0,0,0,0,0,0,0,0,0,0,0,0,0,0,0,0,0,0,0
101,2017,255,550,12.1,0,0,0,0,0,0,0,-21.22,-12.62,0,0,0,0,0,0,0,0,0,0,0,0,0,0,0,0,0,0,0,0,0,0,0
101,2017,255,600,12.1,0,0,0,0,0,0,0,-21.51,-12.78,0,0,0,0,0,0,0,0,0,0,0,0,0,0,0,0,0,0,0,0,0,0,0
101,2017,255,610,12.1,0,0,0,0,0,0,0,-20.73,-12.74,0,.012,0,0,0,.012,.012,0,.012,0,0,0,0,0,.012,0,0,.003,0,0,0,0,0
101,2017,255,620,12.1,.018,0,0,.034,.013,.003,0,-17.8,-12.69,.002,.107,.003,.017,.013,.107,.112,.028,.101,.025,0,.027,.005,.013,.091,.01,.007,.044,0,0,.017,0,0
101,2017,255,630,12.1,.06,.023,.03,.109,.05,.034,.032,-14.66,-12.64,.032,.379,.034,.045,.05,.404,.407,.082,.37,.091,.027,.087,.032,.037,.34,.039,.037,.146,.005,.028,.05,.012,.023
101,2017,255,640,12.1,.166,.049,.045,.28,.129,.079,.049,-15.5,-12.6,.067,.927,.075,.122,.114,.967,.992,.216,.888,.208,.055,.226,.069,.091,.791,.087,.094,.33,.034,.045,.124,.034,.045
101,2017,255,650,12.1,.34,.097,.091,.533,.238,.158,.099,-16.5,-12.59,.141,1.885,.154,.238,.225,1.959,1.983,.427,1.84,.412,.119,.407,.137,.178,1.567,.166,.188,.652,.05,.092,.245,.047,.099
101,2017,255,700,12.1,.474,.144,.142,.841,.377,.238,.159,-17.49,-12.53,.218,2.909,.241,.384,.369,3.124,3.149,.628,2.834,.59,.188,.623,.218,.273,2.524,.241,.288,1.037,.085,.158,.391,.077,.156
101,2017,255,710,12.1,.665,.209,.209,1.202,.513,.334,.225,-16.92,-12.4,.318,4.158,.344,.489,.474,4.466,4.453,.903,4.046,.913,.277,.882,.307,.379,3.565,.375,.412,1.453,.111,.215,.541,.107,.211
101,2017,255,720,12.1,.845,.273,.266,1.518,.65,.424,.295,-15.73,-12.24,.409,5.427,.434,.627,.632,5.909,5.807,1.165,5.328,1.173,.375,1.146,.397,.478,4.716,.456,.515,1.994,.147,.275,.714,.147,.287
101,2017,255,730,12.1,1.156,.355,.334,1.976,.794,.503,.359,-14.06,-12.17,.469,6.818,.526,.788,.769,7.17,7.14,1.513,6.605,1.49,.441,1.455,.476,.587,5.663,.563,.635,2.405,.178,.332,.848,.168,.35
101,2017,255,740,12.1,1.478,.444,.426,2.559,1.066,.692,.442,-13.64,-12.09,.62,9.09,.734,1.054,1.039,9.42,9.29,2.021,8.81,2.015,.56,1.914,.61,.801,7.37,.729,.858,3.251,.228,.429,1.094,.213,.456
101,2017,255,750,12.1,1.787,.548,.515,3.092,1.272,.838,.506,-14.89,-12.03,.744,11.26,.885,1.252,1.215,11.18,10.97,2.435,10.73,2.511,.68,2.244,.746,.996,8.57,.89,1.037,3.82,.268,.481,1.306,.256,.52
101,2017,255,800,12.1,1.969,.639,.568,3.645,1.5,1.068,.578,-14.09,-12.03,.86,14.29,1.061,1.502,1.374,12.66,12.39,2.918,13.08,3.127,.801,2.708,.897,1.223,9.57,1.021,1.202,4.351,.31,.565,1.435,.275,.587
101,2017,255,810,12.1,3.36,1.071,.902,6.327,2.341,1.877,.838,-14.83,-11.9,1.297,21.18,1.394,2.372,1.817,17.1,17.36,5.011,19.31,4.636,1.026,4.319,1.346,1.964,12.59,1.428,1.738,5.479,.407,.776,1.907,.374,.791
101,2017,255,820,12.1,4.783,1.609,1.237,8.97,3.446,3.087,1.143,-7.62,-11.88,1.815,28.98,1.798,3.335,2.361,22.59,23.55,7.1,26.02,6.002,1.331,5.779,1.79,2.725,16.47,1.952,2.294,6.949,.545,1.073,2.482,.461,1.039
101,2017,255,830,12.1,5.222,1.647,1.255,12.91,3.677,5.101,1.497,-.483,-12.13,1.835,34.62,1.688,3.167,2.138,21.98,24.55,7.86,29.42,9.94,1.272,6.322,1.929,3.816,16.12,2.048,2.174,5.356,.476,.967,2.293,.478,.92
101,2017,255,840,12.1,4.443,1.629,1.433,14.96,3.6,7.2,2.014,4.872,-12.25,1.828,42.42,1.949,3.241,2.291,23.92,27.2,7.08,35.49,9.84,1.458,6.222,2.13,6.952,17.2,2.252,2.405,6.546,.53,1.089,2.52,.508,.964
101,2017,255,850,12.1,6.138,2.101,1.726,12.21,4.586,3.981,1.476,4.27,-12.64,2.436,38.78,2.267,4.286,3.046,29.43,30.96,8.95,33.88,8.02,1.703,7.79,2.498,4.613,21.66,2.562,2.889,8.43,.687,1.347,3.313,.61,1.347
101,2017,255,900,12.1,6.223,2.073,1.803,11.72,4.812,3.363,1.496,3.817,-12.86,2.379,40.57,2.515,4.03,3.043,30.66,31.26,9.19,34.68,8.89,1.877,7.95,2.693,3.763,22.42,2.848,3.247,8.34,.685,1.359,3.328,.647,1.232
101,2017,255,910,12.1,5.784,2.17,1.888,41.86,33.04,28.92,1.766,19.89,-12.26,22,117.1,3.173,34.04,3.579,44.49,62.17,34.01,95.5,28.82,2.089,10.5,3.391,43.72,23.83,2.976,4.123,7.94,.992,1.624,3.475,.861,1.369
101,2017,255,920,12.11,7.85,2.54,1.888,18.68,7.76,5.849,1.34,5.13,-13.32,2.605,52.54,2.307,7.61,2.498,28.51,34.21,16.84,42.27,15.7,1.253,9.91,3.245,10.81,19.13,2.476,3.001,4.785,.653,1.324,2.364,.591,.96
101,2017,255,930,12.11,8.33,3.001,2.331,20.77,6.099,4.272,1.59,6.75,-13.22,2.986,61.1,1.835,5.531,3.024,34.65,43.17,18.01,51.19,8.36,1.27,10.17,6.296,9.02,23.06,4.13,3.406,5.088,.762,1.556,3.063,.665,.973
101,2017,255,940,12.11,5.363,2.456,2.151,34.97,5.574,16.91,1.634,14.63,-12.9,2.476,133.6,2.014,4.817,3.55,57.13,82,12.97,113.1,6.053,1.427,10.58,3.235,2.826,22.86,32.97,3.77,3.855,.848,1.339,3.053,.903,1.002
101,2017,255,950,12.11,2.944,1.469,3.982,25.51,4.366,15.89,1.215,11.31,-13.34,1.876,128,1.739,3.27,9.5,54.35,77.6,27.74,108.7,7.95,1.221,22.49,2.274,2.207,17.54,7.85,2.091,3.265,.667,.983,1.632,.622,.863
101,2017,255,1000,12.11,2.721,1.551,1.627,18.95,3.497,13.57,1.322,9.93,-13.42,2.535,127.9,1.672,3.741,20.44,57.86,79.8,92.8,110.3,21.37,1.404,55.92,1.992,1.984,18.88,2.334,53.19,3.326,.591,1.377,1.479,.583,.821
101,2017,255,1010,12.11,26.01,7.3,1.964,15.5,3.274,3.827,1.151,1.659,-12.77,12.38,128.5,1.697,2.379,16.38,62.42,82.8,108.3,112.4,8.76,1.337,72.5,1.871,1.965,22.16,2.751,70.1,3.384,.524,.886,1.518,.603,.819
101,2017,255,1020,12.11,19.52,26.84,2.979,14.22,13.1,1.798,1.066,-1.218,-12.06,31.05,129.2,1.709,2.679,18.59,67.37,86,111.2,114.4,40.07,1.446,73.5,1.848,1.977,26.28,3.021,12.84,3.505,.55,.953,1.533,.622,.819
101,2017,255,1030,12.11,71.8,5.633,1.436,16.64,21.59,1.685,1.071,-5.018,-10.55,3.847,129.5,1.692,2.156,4.72,72.7,89.1,111.2,116.1,111.8,1.54,54.66,1.855,1.954,30.14,15.73,2.051,3.604,.546,1.98,1.57,.61,.813
101,2017,255,1040,12.11,84.1,2.191,1.391,24,24.45,1.649,6.516,-6.177,-8.43,25.12,128.6,1.704,1.935,2.726,78,91.5,114,117.2,15.82,2.024,35.4,1.848,1.965,33.65,95.7,11.13,3.758,.503,1.406,1.58,.61,.851
101,2017,255,1050,12.11,83.8,6.264,1.545,33.08,21.92,3.786,12.85,-4.279,-6.157,1.776,128.2,1.719,1.91,2.583,82.7,93.8,84.9,118.3,5.324,1.937,42.33,1.692,1.962,36.78,102.6,3.6,4.034,.504,1.072,1.58,.635,.927
101,2017,255,1100,12.11,63.96,29.56,1.453,42.48,2.709,2.414,1.067,-4.22,-9.53,1.612,128.3,1.776,2.064,4.239,87.5,96.6,7.36,119.6,5.673,2.022,43.86,1.649,1.954,40.2,105.2,2.198,23.37,.539,.955,3.621,.64,1.352
101,2017,255,1110,12.11,82.9,14.05,1.384,51.92,2.55,1.731,1.2,-3.451,-8.8,1.565,128.1,1.902,1.962,8.02,91.8,98.9,4.368,120.9,91.7,4.87,22.16,1.639,2.153,43.68,107.8,4.282,75.5,.538,.983,1.654,.658,7.55
101,2017,255,1120,12.11,87.9,1.711,1.36,60.58,2.274,1.597,1.102,2.929,-8.28,2.947,127,2.029,1.917,4.54,95.4,101.2,4.091,121.5,40.85,4.019,21.41,1.578,1.975,47.26,109.9,11.9,70.1,.539,1.007,1.707,.682,1.084
101,2017,255,1130,12.11,32.73,3.594,1.313,70.9,2.136,1.585,1.139,-2.538,-8.67,1.543,126.1,1.853,1.928,27.93,99,103.4,4.006,122.1,5.839,3.061,29.05,1.575,2.051,50.96,55.81,34.03,43.29,.56,39.94,1.754,.744,1.06
101,2017,255,1140,12.11,62.82,52.01,1.633,77.4,2.089,1.638,1.204,-1.855,-8.13,1.546,125.6,1.985,1.977,18.85,102.9,105.5,4.131,122.8,64.2,24.43,7.12,1.632,2.101,54.75,2.667,30.16,92.7,.578,35.72,1.982,.673,1.132
101,2017,255,1150,12.11,27.78,71.6,1.303,79.4,2.173,1.769,1.266,3.577,-8.11,1.739,125.8,2.457,2.054,4.317,107.3,107.5,4.701,123.5,117.2,49.06,5.761,1.702,8.8,58.62,2.632,2.337,94.7,.625,5.449,21.19,.705,1.196
101,2017,255,1200,12.11,3.808,26.03,1.41,48.25,2.379,2.101,1.394,1.735,-7.61,3.357,127.8,3.665,2.183,4.484,114.3,109.8,5.129,127,116.9,8.65,5.826,1.883,11.83,64.04,2.958,2.885,98,.745,3.034,45.51,.789,1.539
101,2017,255,1210,12.11,5.6,2.593,2.005,6.902,3.794,3.082,1.925,4.267,-6.429,2.622,136.6,6.061,3.369,5.55,128.3,122.8,6.304,138.4,95.6,4.845,6.133,2.293,8.33,73.7,3.824,6.431,108.7,.965,1.967,36.4,.993,2.57
101,2017,255,1220,12.11,5.838,11,5.397,9.68,4.029,5.406,2.211,-5.905,-5.546,3.265,119.4,6.915,4.226,7.34,118.2,111.2,7.93,122.7,18.69,5.623,6.977,22.1,5.615,71.3,4.538,7.4,93.6,1.193,2.729,14.8,1.208,3.241
101,2017,255,1230,12.11,6.871,3.789,3.846,12.02,4.888,5.342,2.519,-1.967,-4.792,3.826,80,7.72,5.29,8.19,82.7,74.4,9.2,82.1,21.05,5.956,7.69,3.779,7.62,52.84,5.24,12.68,51.15,1.268,2.836,7.25,1.122,3.687
101,2017,255,1240,12.11,8.19,3.288,4.814,13.52,5.45,5.079,2.782,-4.4,-3.966,4.233,72.9,8.52,6.881,9.33,77.6,70.2,10.77,75.3,21.19,5.775,8.88,3.899,8.93,52.01,5.613,12.97,42.18,1.419,3.127,7.51,1.186,3.971
101,2017,255,1250,12.11,7.36,3.692,12.58,10.7,5.325,6.38,2.891,-5.991,-3.027,4.152,91.4,15.75,17.4,9.19,102.9,94,8.91,96.8,46.73,5.983,8.75,3.666,7.87,68.07,6.897,37.09,70.2,1.517,3.589,7.97,1.457,4.377
101,2017,255,1300,12.11,9.88,5.819,5.361,9.04,4.604,12.74,2.874,-3.764,-2.631,4.112,109,22.7,6.018,8.7,123.2,112.8,8.13,118,47.35,6.11,7.71,3.831,7.8,79.7,12.91,60.88,94,1.38,19.77,7.3,1.459,4.333
101,2017,255,1310,12.11,7.48,3.291,5.182,11.86,5.653,5.735,3.094,-8.8,-2.445,4.705,87.3,24.02,6.512,10.64,98.1,89.3,10.01,93,21.29,6.127,9.38,4.032,8.38,65.89,5.695,28.42,63.78,1.584,4.092,7.88,1.449,4.633
101,2017,255,1320,12.11,8.84,3.387,5.102,14.76,7.07,5.673,3.372,-11.94,-2.182,4.621,72.8,15.04,7.35,11.37,81.6,77.5,11.54,76,17.76,5.018,11.56,4.181,8.08,59.04,5.716,12.7,42.97,1.735,3.887,8.5,1.543,4.318
101,2017,255,1330,12.11,8.34,3.067,2.949,14.33,7.04,5.097,3.129,-11.75,-2.038,4.113,58.84,7.79,7.07,8.26,66.1,64.91,10.95,59.98,14.17,3.897,11.65,3.934,8.38,50.74,5.152,6.785,29.29,1.618,3.129,7.9,1.494,3.509
101,2017,255,1340,12.11,7.69,2.707,2.628,13.33,6.495,4.264,2.819,-13.31,-1.963,3.777,51.54,4.896,6.475,7.12,57.4,57.11,10.22,51.69,12.03,3.433,10.86,3.685,5.336,45.16,4.557,5.698,23.11,1.487,2.757,7.26,1.363,3.093
101,2017,255,1350,12.11,7.24,2.516,2.367,12.58,6.107,3.901,2.672,-13.24,-1.807,3.497,47.35,4.213,5.882,6.308,52.56,52.62,9.66,46.96,10.74,3.07,10.5,3.482,4.827,41.95,4.316,4.955,19.52,1.404,2.524,7.03,1.303,2.698
101,2017,255,1400,12.11,6.802,2.352,2.213,11.88,5.762,3.583,2.489,-12.99,-1.786,3.291,43.72,3.663,5.593,5.832,48.77,49.22,9.08,43.26,9.59,2.781,10,3.281,4.367,39.42,4.015,4.608,17.65,1.276,2.32,6.531,1.241,2.439
101,2017,255,1410,12.11,6.449,2.209,2.032,11.44,5.519,3.36,2.352,-14.56,-1.878,3.077,40.72,3.228,5.196,5.268,45.39,46.01,8.66,40,8.96,2.58,9.6,3.114,3.962,36.97,3.816,4.168,15.48,1.204,2.124,6.045,1.147,2.164
101,2017,255,1420,12.11,6.334,2.158,1.901,11.15,5.29,3.156,2.183,-15.72,-2.019,2.913,38.87,3.014,4.845,4.825,42.26,42.71,8.41,37.72,8.62,2.454,9.07,2.968,3.662,34.13,3.664,3.9,13.86,1.092,1.955,5.394,1.032,1.985
101,2017,255,1430,12.11,5.902,2.039,1.821,10.46,5.111,3.116,2.188,-15.45,-2.141,2.843,37.91,3.153,4.716,4.806,42.21,42.32,8.02,37.07,8.57,2.521,8.8,2.898,3.692,34.11,3.625,3.861,14.15,1.069,1.91,5.48,1.049,2.027
101,2017,255,1440,12.11,5.503,1.898,1.779,9.79,4.82,2.949,2.069,-16.51,-2.396,2.739,35.75,3.037,4.544,4.785,40.73,40.52,7.45,35.42,8.09,2.458,8.32,2.696,3.52,32.88,3.371,3.687,14.24,1.025,1.876,5.318,.998,2.034
101,2017,255,1450,12.11,5.013,1.721,1.585,8.84,4.284,2.605,1.851,-14.95,-2.637,2.456,31.9,2.617,4.007,4.227,36.57,36.55,6.651,31.72,7.08,2.183,7.43,2.434,3.086,29.66,3.031,3.245,12.53,.937,1.679,4.805,.901,1.794
101,2017,255,1500,12.11,4.371,1.437,1.334,7.7,3.696,2.217,1.565,-16.56,-2.84,2.101,27.32,2.225,3.416,3.525,30.82,30.78,5.889,26.73,5.946,1.865,6.464,2.129,2.61,25.08,2.55,2.729,10.01,.766,1.402,3.972,.751,1.471
101,2017,255,1510,12.11,4.194,1.416,1.293,7.49,3.584,2.193,1.523,-17.16,-3.059,2.027,26.82,2.319,3.358,3.495,30.06,29.79,5.701,26.26,6.008,1.875,6.186,2.024,2.629,24.21,2.475,2.704,10.32,.739,1.384,3.813,.72,1.505
101,2017,255,1520,12.11,4.038,1.345,1.23,7.16,3.42,2.078,1.431,-16.72,-3.225,1.92,25.3,2.146,3.257,3.347,28.52,28.58,5.365,24.9,5.542,1.67,5.851,1.917,2.473,23.12,2.304,2.619,9.94,.709,1.312,3.659,.689,1.407
101,2017,255,1530,12.11,3.443,1.153,1.029,6.137,2.932,1.763,1.208,-17.62,-3.359,1.61,21.64,1.786,2.739,2.761,24.08,24.29,4.621,21,4.775,1.394,5.092,1.637,2.049,19.71,1.979,2.173,7.93,.603,1.086,3.086,.58,1.117
101,2017,255,1540,12.11,3.012,1.015,.908,5.338,2.627,1.573,1.082,-19.22,-3.507,1.426,19.35,1.622,2.476,2.481,21.6,21.74,4.063,18.72,4.244,1.255,4.602,1.466,1.851,17.74,1.778,1.96,7.28,.531,.988,2.738,.526,1.037
101,2017,255,1550,12.11,2.989,.98,.905,5.261,2.52,1.531,1.071,-20.89,-3.619,1.406,19.05,1.622,2.374,2.478,21.31,21.2,4.013,18.52,4.261,1.26,4.38,1.411,1.835,17.33,1.766,1.888,7.28,.519,.975,2.758,.524,1.035
101,2017,255,1600,12.11,2.95,.982,.878,5.269,2.413,1.466,1.002,-23.75,-3.622,1.369,18.35,1.498,2.227,2.294,20.36,20.24,3.974,17.95,4.183,1.235,4.065,1.359,1.706,16.34,1.701,1.821,6.765,.488,.905,2.573,.471,.957
101,2017,255,1610,12.11,2.53,.836,.751,4.475,2.094,1.272,.859,-24.33,-3.964,1.183,16.12,1.345,1.92,1.969,17.97,17.8,3.379,15.77,3.791,1.104,3.572,1.168,1.479,14.39,1.483,1.618,6.015,.436,.794,2.217,.427,.806
101,2017,255,1620,12.11,2.114,.705,.652,3.729,1.761,1.082,.741,-23.67,-4.217,1.012,13.85,1.169,1.677,1.737,15.63,15.39,2.858,13.58,3.182,.977,3.094,.992,1.293,12.53,1.28,1.379,5.293,.392,.687,1.907,.38,.734
101,2017,255,1630,12.11,1.92,.623,.575,3.411,1.622,.98,.662,-24.69,-4.495,.91,12.39,1.045,1.51,1.568,14.01,13.91,2.595,12.11,2.855,.843,2.82,.913,1.163,11.34,1.159,1.22,4.651,.357,.605,1.717,.347,.65
101,2017,255,1640,12.11,1.752,.595,.529,3.138,1.506,.896,.628,-22.73,-4.741,.826,11.24,.937,1.394,1.448,12.87,12.83,2.366,10.95,2.54,.746,2.63,.838,1.072,10.51,1.086,1.107,4.23,.33,.55,1.58,.328,.59
101,2017,255,1650,12.11,1.561,.508,.457,2.749,1.295,.781,.531,-21.45,-4.953,.725,9.91,.809,1.213,1.28,11.49,11.47,2.071,9.73,2.228,.685,2.28,.722,.945,9.4,.937,.97,3.786,.288,.477,1.401,.295,.521
101,2017,255,1700,12.11,1.275,.431,.41,2.295,1.104,.652,.462,-18.96,-5.232,.617,8.43,.677,1.005,1.081,9.83,9.76,1.769,8.23,1.893,.598,1.935,.618,.803,8.09,.823,.814,3.093,.238,.427,1.185,.251,.441
101,2017,255,1710,12.11,1.081,.377,.367,1.949,.947,.571,.436,-18.97,-5.435,.539,7.27,.617,.885,.985,8.74,8.62,1.491,7.18,1.602,.534,1.654,.531,.719,7.21,.722,.705,2.883,.204,.385,1.059,.235,.436
101,2017,255,1720,12.11,.928,.328,.328,1.647,.838,.506,.404,-18.01,-5.621,.483,6.415,.555,.776,.903,8.02,7.83,1.275,6.477,1.419,.494,1.431,.464,.66,6.618,.66,.625,2.728,.199,.355,1.004,.219,.405
101,2017,255,1730,12.11,.797,.29,.288,1.426,.741,.447,.365,-17.44,-5.83,.431,5.519,.479,.672,.792,7.08,6.93,1.096,5.649,1.22,.442,1.252,.426,.58,5.899,.586,.556,2.409,.173,.31,.891,.194,.357
101,2017,255,1740,12.11,.618,.218,.214,1.109,.556,.359,.27,-16.47,-6.048,.347,4.205,.384,.506,.583,5.304,5.206,.849,4.249,.927,.354,.962,.335,.439,4.428,.449,.431,1.746,.126,.228,.645,.146,.266
101,2017,255,1750,12.11,.454,.159,.156,.799,.422,.261,.203,-16.79,-6.253,.245,3.063,.286,.395,.442,3.848,3.78,.596,3.071,.668,.25,.7,.24,.332,3.217,.343,.318,1.29,.097,.171,.467,.101,.199
101,2017,255,1800,12.11,.318,.114,.104,.533,.293,.176,.134,-15.57,-6.521,.169,2.084,.188,.268,.302,2.547,2.523,.421,2.056,.462,.168,.472,.166,.223,2.128,.231,.214,.843,.067,.117,.332,.07,.124
101,2017,255,1810,12.11,.178,.055,.052,.308,.161,.095,.067,-14.26,-6.715,.087,1.101,.094,.144,.157,1.332,1.324,.238,1.067,.255,.085,.276,.09,.117,1.121,.127,.111,.427,.034,.062,.179,.035,.065
101,2017,255,1820,12.11,.064,.025,.025,.116,.06,.04,.028,-14.48,-6.921,.035,.412,.04,.055,.059,.491,.486,.09,.4,.095,.039,.107,.035,.045,.41,.047,.045,.168,.01,.025,.064,.02,.028
101,2017,255,1830,12.11,.013,0,0,.017,.012,0,0,-15.45,-7.12,0,.085,.002,.013,.01,.102,.104,.018,.084,.02,0,.022,0,.008,.087,.007,.002,.034,0,0,.012,0,0
101,2017,255,1840,12.1,0,0,0,0,0,0,0,-16.15,-7.3,0,.007,0,0,0,.008,.007,0,.003,0,0,0,0,0,.007,0,0,0,0,0,0,0,0
101,2017,255,1850,12.1,0,0,0,0,0,0,0,-18.38,-7.51,0,0,0,0,0,0,0,0,0,0,0,0,0,0,0,0,0,0,0,0,0,0,0
101,2017,255,1900,12.1,0,0,0,0,0,0,0,-18.22,-7.73,0,0,0,0,0,0,0,0,0,0,0,0,0,0,0,0,0,0,0,0,0,0,0
101,2017,255,1910,12.1,0,0,0,0,0,0,0,-19.57,-7.75,0,0,0,0,0,0,0,0,0,0,0,0,0,0,0,0,0,0,0,0,0,0,0
101,2017,255,1920,12.1,0,0,0,0,0,0,0,-19.27,-7.96,0,0,0,0,0,0,0,0,0,0,0,0,0,0,0,0,0,0,0,0,0,0,0
101,2017,255,1930,12.1,0,0,0,0,0,0,0,-18.45,-8.16,0,0,0,0,0,0,0,0,0,0,0,0,0,0,0,0,0,0,0,0,0,0,0
101,2017,255,1940,12.1,0,0,0,0,0,0,0,-17.46,-8.28,0,0,0,0,0,0,0,0,0,0,0,0,0,0,0,0,0,0,0,0,0,0,0
101,2017,255,1950,12.1,0,0,0,0,0,0,0,-17.53,-8.54,0,0,0,0,0,0,0,0,0,0,0,0,0,0,0,0,0,0,0,0,0,0,0
101,2017,255,2000,12.1,0,0,0,0,0,0,0,-13.43,-9.06,0,0,0,0,0,0,0,0,0,0,0,0,0,0,0,0,0,0,0,0,0,0,0
101,2017,255,2010,12.1,0,0,0,0,0,0,0,-12.66,-9.58,0,0,0,0,0,0,0,0,0,0,0,0,0,0,0,0,0,0,0,0,0,0,0
101,2017,255,2020,12.1,0,0,0,0,0,0,0,-12.88,-9.94,0,0,0,0,0,0,0,0,0,0,0,0,0,0,0,0,0,0,0,0,0,0,0
101,2017,255,2030,12.1,0,0,0,0,0,0,0,-11,-9.76,0,0,0,0,0,0,0,0,0,0,0,0,0,0,0,0,0,0,0,0,0,0,0
101,2017,255,2040,12.1,0,0,0,0,0,0,0,-10.23,-9.87,0,0,0,0,0,0,0,0,0,0,0,0,0,0,0,0,0,0,0,0,0,0,0
101,2017,255,2050,12.1,0,0,0,0,0,0,0,-9.89,-10.11,0,0,0,0,0,0,0,0,0,0,0,0,0,0,0,0,0,0,0,0,0,0,0
101,2017,255,2100,12.1,0,0,0,0,0,0,0,-11.01,-10.27,0,0,0,0,0,0,0,0,0,0,0,0,0,0,0,0,0,0,0,0,0,0,0
101,2017,255,2110,12.1,0,0,0,0,0,0,0,-10.8,-10.49,0,0,0,0,0,0,0,0,0,0,0,0,0,0,0,0,0,0,0,0,0,0,0
101,2017,255,2120,12.1,0,0,0,0,0,0,0,-9.8,-10.35,0,0,0,0,0,0,0,0,0,0,0,0,0,0,0,0,0,0,0,0,0,0,0
101,2017,255,2130,12.1,0,0,0,0,0,0,0,-9.59,-10.5,0,0,0,0,0,0,0,0,0,0,0,0,0,0,0,0,0,0,0,0,0,0,0
101,2017,255,2140,12.1,0,0,0,0,0,0,0,-9.4,-11.68,0,0,0,0,0,0,0,0,0,0,0,0,0,0,0,0,0,0,0,0,0,0,0
101,2017,255,2150,12.1,0,0,0,0,0,0,0,-9.81,-13.31,0,0,0,0,0,0,0,0,0,0,0,0,0,0,0,0,0,0,0,0,0,0,0
101,2017,255,2200,12.1,0,0,0,0,0,0,0,-8.86,-13.75,0,0,0,0,0,0,0,0,0,0,0,0,0,0,0,0,0,0,0,0,0,0,0
101,2017,255,2210,12.1,0,0,0,0,0,0,0,-9.3,-13.61,0,0,0,0,0,0,0,0,0,0,0,0,0,0,0,0,0,0,0,0,0,0,0
101,2017,255,2220,12.1,0,0,0,0,0,0,0,-10.56,-13.34,0,0,0,0,0,0,0,0,0,0,0,0,0,0,0,0,0,0,0,0,0,0,0
101,2017,255,2230,12.1,0,0,0,0,0,0,0,-9.86,-13.01,0,0,0,0,0,0,0,0,0,0,0,0,0,0,0,0,0,0,0,0,0,0,0
101,2017,255,2240,12.09,0,0,0,0,0,0,0,-10.29,-12.81,0,0,0,0,0,0,0,0,0,0,0,0,0,0,0,0,0,0,0,0,0,0,0
101,2017,255,2250,12.1,0,0,0,0,0,0,0,-11.26,-12.83,0,0,0,0,0,0,0,0,0,0,0,0,0,0,0,0,0,0,0,0,0,0,0
101,2017,255,2300,12.09,0,0,0,0,0,0,0,-13.08,-12.76,0,0,0,0,0,0,0,0,0,0,0,0,0,0,0,0,0,0,0,0,0,0,0
101,2017,255,2310,12.09,0,0,0,0,0,0,0,-15.71,-12.56,0,0,0,0,0,0,0,0,0,0,0,0,0,0,0,0,0,0,0,0,0,0,0
101,2017,255,2320,12.09,0,0,0,0,0,0,0,-18.11,-12.94,0,0,0,0,0,0,0,0,0,0,0,0,0,0,0,0,0,0,0,0,0,0,0
101,2017,255,2330,12.09,0,0,0,0,0,0,0,-20.48,-13.16,0,0,0,0,0,0,0,0,0,0,0,0,0,0,0,0,0,0,0,0,0,0,0
101,2017,255,2340,12.09,0,0,0,0,0,0,0,-23.42,-13.47,0,0,0,0,0,0,0,0,0,0,0,0,0,0,0,0,0,0,0,0,0,0,0
101,2017,255,2350,12.09,0,0,0,0,0,0,0,-28.6,-13.94,0,0,0,0,0,0,0,0,0,0,0,0,0,0,0,0,0,0,0,0,0,0,0
101,2017,255,2400,12.09,0,0,0,0,0,0,0,-31.4,-14.34,0,0,0,0,0,0,0,0,0,0,0,0,0,0,0,0,0,0,0,0,0,0,0
102,2017,255,2400,12.09,5266
101,2017,256,10,12.09,0,0,0,0,0,0,0,-29.21,-14.42,0,0,0,0,0,0,0,0,0,0,0,0,0,0,0,0,0,0,0,0,0,0,0
101,2017,256,20,12.09,0,0,0,0,0,0,0,-26,-14.29,0,0,0,0,0,0,0,0,0,0,0,0,0,0,0,0,0,0,0,0,0,0,0
101,2017,256,30,12.09,0,0,0,0,0,0,0,-24.19,-14.1,0,0,0,0,0,0,0,0,0,0,0,0,0,0,0,0,0,0,0,0,0,0,0
101,2017,256,40,12.09,0,0,0,0,0,0,0,-23.85,-14.19,0,0,0,0,0,0,0,0,0,0,0,0,0,0,0,0,0,0,0,0,0,0,0
101,2017,256,50,12.09,0,0,0,0,0,0,0,-23.75,-14.13,0,0,0,0,0,0,0,0,0,0,0,0,0,0,0,0,0,0,0,0,0,0,0
101,2017,256,100,12.09,0,0,0,0,0,0,0,-22.51,-14.05,0,0,0,0,0,0,0,0,0,0,0,0,0,0,0,0,0,0,0,0,0,0,0
101,2017,256,110,12.09,0,0,0,0,0,0,0,-23.49,-13.83,0,0,0,0,0,0,0,0,0,0,0,0,0,0,0,0,0,0,0,0,0,0,0
101,2017,256,120,12.09,0,0,0,0,0,0,0,-22.76,-13.85,0,0,0,0,0,0,0,0,0,0,0,0,0,0,0,0,0,0,0,0,0,0,0
101,2017,256,130,12.09,0,0,0,0,0,0,0,-24.49,-13.88,0,0,0,0,0,0,0,0,0,0,0,0,0,0,0,0,0,0,0,0,0,0,0
101,2017,256,140,12.09,0,0,0,0,0,0,0,-26.91,-13.88,0,0,0,0,0,0,0,0,0,0,0,0,0,0,0,0,0,0,0,0,0,0,0
101,2017,256,150,12.09,0,0,0,0,0,0,0,-23.85,-13.84,0,0,0,0,0,0,0,0,0,0,0,0,0,0,0,0,0,0,0,0,0,0,0
101,2017,256,200,12.09,0,0,0,0,0,0,0,-18.64,-13.56,0,0,0,0,0,0,0,0,0,0,0,0,0,0,0,0,0,0,0,0,0,0,0
101,2017,256,210,12.09,0,0,0,0,0,0,0,-13.02,-13.71,0,0,0,0,0,0,0,0,0,0,0,0,0,0,0,0,0,0,0,0,0,0,0
101,2017,256,220,12.09,0,0,0,0,0,0,0,-10.87,-13.92,0,0,0,0,0,0,0,0,0,0,0,0,0,0,0,0,0,0,0,0,0,0,0
101,2017,256,230,12.09,0,0,0,0,0,0,0,-10.27,-13.96,0,0,0,0,0,0,0,0,0,0,0,0,0,0,0,0,0,0,0,0,0,0,0
101,2017,256,240,12.09,0,0,0,0,0,0,0,-3.932,-14.31,0,0,0,0,0,0,0,0,0,0,0,0,0,0,0,0,0,0,0,0,0,0,0
101,2017,256,250,12.09,0,0,0,0,0,0,0,-11.65,-14.33,0,0,0,0,0,0,0,0,0,0,0,0,0,0,0,0,0,0,0,0,0,0,0
101,2017,256,300,12.09,0,0,0,0,0,0,0,-14.45,-14.46,0,0,0,0,0,0,0,0,0,0,0,0,0,0,0,0,0,0,0,0,0,0,0
101,2017,256,310,12.09,0,0,0,0,0,0,0,-16.36,-14.95,0,0,0,0,0,0,0,0,0,0,0,0,0,0,0,0,0,0,0,0,0,0,0
101,2017,256,320,12.09,0,0,0,0,0,0,0,-16.45,-15.03,0,0,0,0,0,0,0,0,0,0,0,0,0,0,0,0,0,0,0,0,0,0,0
101,2017,256,330,12.09,0,0,0,0,0,0,0,-18.67,-15.44,0,0,0,0,0,0,0,0,0,0,0,0,0,0,0,0,0,0,0,0,0,0,0
101,2017,256,340,12.09,0,0,0,0,0,0,0,-18.18,-15.29,0,0,0,0,0,0,0,0,0,0,0,0,0,0,0,0,0,0,0,0,0,0,0
101,2017,256,350,12.09,0,0,0,0,0,0,0,-17.87,-15.11,0,0,0,0,0,0,0,0,0,0,0,0,0,0,0,0,0,0,0,0,0,0,0
101,2017,256,400,12.09,0,0,0,0,0,0,0,-18.64,-15.24,0,0,0,0,0,0,0,0,0,0,0,0,0,0,0,0,0,0,0,0,0,0,0
101,2017,256,410,12.09,0,0,0,0,0,0,0,-19.84,-15.38,0,0,0,0,0,0,0,0,0,0,0,0,0,0,0,0,0,0,0,0,0,0,0
101,2017,256,420,12.09,0,0,0,0,0,0,0,-20.94,-15.65,0,0,0,0,0,0,0,0,0,0,0,0,0,0,0,0,0,0,0,0,0,0,0
101,2017,256,430,12.09,0,0,0,0,0,0,0,-23.42,-16.11,0,0,0,0,0,0,0,0,0,0,0,0,0,0,0,0,0,0,0,0,0,0,0
101,2017,256,440,12.09,0,0,0,0,0,0,0,-24.07,-16.3,0,0,0,0,0,0,0,0,0,0,0,0,0,0,0,0,0,0,0,0,0,0,0
101,2017,256,450,12.08,0,0,0,0,0,0,0,-23.72,-16.11,0,0,0,0,0,0,0,0,0,0,0,0,0,0,0,0,0,0,0,0,0,0,0
101,2017,256,500,12.09,0,0,0,0,0,0,0,-23.03,-15.75,0,0,0,0,0,0,0,0,0,0,0,0,0,0,0,0,0,0,0,0,0,0,0
101,2017,256,510,12.08,0,0,0,0,0,0,0,-23.16,-15.66,0,0,0,0,0,0,0,0,0,0,0,0,0,0,0,0,0,0,0,0,0,0,0
101,2017,256,520,12.08,0,0,0,0,0,0,0,-22.82,-15.58,0,0,0,0,0,0,0,0,0,0,0,0,0,0,0,0,0,0,0,0,0,0,0
101,2017,256,530,12.08,0,0,0,0,0,0,0,-24.05,-15.53,0,0,0,0,0,0,0,0,0,0,0,0,0,0,0,0,0,0,0,0,0,0,0
101,2017,256,540,12.08,0,0,0,0,0,0,0,-24.25,-15.5,0,0,0,0,0,0,0,0,0,0,0,0,0,0,0,0,0,0,0,0,0,0,0
101,2017,256,550,12.08,0,0,0,0,0,0,0,-23.81,-15.37,0,0,0,0,0,0,0,0,0,0,0,0,0,0,0,0,0,0,0,0,0,0,0
101,2017,256,600,12.08,0,0,0,0,0,0,0,-23.84,-15.35,0,.002,0,0,0,0,0,0,0,0,0,0,0,0,0,0,0,0,0,0,0,0,0
101,2017,256,610,12.08,.005,0,0,.01,.007,0,0,-23.24,-15.28,0,.057,0,.01,0,.04,.035,.018,.042,.017,0,.02,0,.002,.029,.002,0,.015,0,0,0,0,0
101,2017,256,620,12.08,.044,.022,.018,.084,.042,.027,.025,-22.97,-15.03,.023,.355,.025,.04,.034,.287,.278,.07,.278,.077,.022,.074,.029,.035,.23,.032,.032,.077,.002,.023,.035,.012,.015
101,2017,256,630,12.08,.139,.047,.035,.27,.127,.082,.045,-22.71,-15.02,.06,1.058,.08,.117,.099,.964,.935,.228,.872,.258,.072,.221,.07,.099,.751,.096,.077,.27,.032,.037,.112,.034,.04
101,2017,256,640,12.08,.23,.091,.079,.424,.22,.131,.092,-21.08,-14.89,.119,1.879,.156,.183,.201,1.97,1.844,.352,1.606,.444,.144,.376,.129,.169,1.526,.184,.143,.533,.035,.08,.221,.035,.082
101,2017,256,650,12.08,.35,.129,.106,.61,.315,.193,.139,-20.33,-14.83,.179,2.912,.228,.278,.308,2.936,2.765,.503,2.453,.587,.201,.572,.208,.238,2.327,.248,.223,.811,.065,.107,.329,.067,.131
101,2017,256,700,12.08,.54,.211,.166,.989,.469,.303,.173,-21.33,-14.66,.248,4.578,.347,.406,.406,3.774,3.598,.786,3.671,1.036,.253,.842,.298,.35,2.909,.335,.33,1.111,.085,.171,.426,.096,.166
101,2017,256,710,12.08,.728,.288,.25,1.391,.62,.412,.263,-16.91,-14.26,.364,6.129,.479,.535,.567,5.536,5.184,1.113,5.299,1.47,.382,1.085,.389,.473,4.231,.458,.471,1.792,.117,.241,.624,.132,.267
101,2017,256,720,12.08,1.142,.427,.312,2.064,.835,.531,.308,-15.48,-13.97,.444,7.45,.538,.838,.654,6.588,6.492,1.604,6.313,1.668,.419,1.514,.488,.541,4.995,.513,.582,1.921,.178,.322,.681,.137,.293
101,2017,256,730,12.08,.795,.352,.288,1.54,.753,.473,.344,-15.19,-13.79,.441,6.554,.555,.63,.731,6.985,6.544,1.205,6.049,1.574,.471,1.292,.437,.597,5.513,.61,.56,2.322,.151,.29,.813,.188,.33
101,2017,256,740,12.09,.734,.32,.26,1.393,.652,.442,.285,-15.9,-13.96,.394,6.555,.573,.545,.635,6.247,5.612,1.141,5.704,1.636,.454,1.18,.411,.525,4.67,.521,.51,2.105,.129,.258,.642,.134,.302
101,2017,256,750,12.08,.82,.34,.282,1.559,.707,.454,.305,-20.32,-14.23,.419,7.05,.593,.629,.679,6.59,6.052,1.275,6.081,1.723,.458,1.312,.442,.546,5.001,.533,.54,2.162,.144,.29,.692,.146,.317
101,2017,256,800,12.09,.972,.397,.323,1.798,.853,.528,.369,-25.58,-14.49,.466,7.75,.644,.756,.783,7.56,7.09,1.46,6.892,1.897,.494,1.527,.479,.629,5.861,.622,.634,2.435,.176,.327,.863,.174,.357
101,2017,256,810,12.09,1.175,.439,.369,2.083,.944,.578,.407,-31.21,-14.42,.525,8.25,.68,.875,.915,8.52,8.2,1.634,7.56,1.859,.528,1.79,.558,.684,6.789,.675,.729,2.819,.208,.384,.96,.199,.411
101,2017,256,820,12.09,1.351,.486,.434,2.439,1.207,.711,.498,-31.14,-13.04,.649,9.37,.747,1.111,1.165,10.31,10.23,1.86,8.86,1.994,.58,2.231,.684,.85,8.56,.82,.877,3.396,.26,.442,1.269,.268,.473
101,2017,256,830,12.09,1.73,.657,.53,3.228,1.547,.925,.605,-25,-12.25,.815,12.01,.969,1.356,1.399,12.7,12.55,2.465,11.22,2.745,.759,2.868,.878,1.098,10.42,1.081,1.113,4.091,.312,.535,1.498,.33,.556
101,2017,256,840,12.09,2.303,.893,.704,4.19,2.006,1.218,.803,-20.75,-11.73,1.086,15.68,1.28,1.855,1.834,16.51,16.29,3.215,14.75,3.565,1.017,3.555,1.101,1.418,13.28,1.378,1.483,5.479,.411,.727,2.001,.416,.764
101,2017,256,850,12.09,2.827,1.079,.841,5.003,2.236,1.421,.92,-19.92,-11.59,1.292,18.49,1.534,2.102,2.174,19.45,19.07,3.853,17.66,4.17,1.222,4.049,1.312,1.679,15.48,1.624,1.783,6.689,.442,.855,2.303,.447,.908
101,2017,256,900,12.09,2.993,1.165,.903,5.556,2.698,1.612,1.068,-16.15,-11.47,1.399,20.57,1.658,2.427,2.335,21.4,21.11,4.188,18.89,4.728,1.332,4.793,1.468,1.839,17.16,1.82,1.885,6.882,.52,.964,2.588,.511,.96
101,2017,256,910,12.09,4.435,1.636,1.24,7.87,3.558,2.18,1.433,-15.75,-11.11,1.956,28.48,2.185,3.384,3.208,28.75,28.85,6.03,26.1,6.126,1.709,6.478,2.077,2.442,23.19,2.383,2.613,9.16,.701,1.309,3.478,.672,1.324
101,2017,256,920,12.09,6.169,2.331,1.698,11.22,4.666,3.089,1.746,-10.82,-11.02,2.531,40.52,3.158,4.415,3.883,36.4,36.21,8.62,36.2,9.65,2.331,8.26,2.782,3.541,27.24,3.075,3.451,11.71,.866,1.668,4.086,.779,1.649
101,2017,256,930,12.09,6.528,2.688,2.244,39.09,6.908,4.585,1.961,-5.623,-11.21,4.839,127.3,2.618,5.901,5.004,58.08,80.4,49.12,109,7.7,2.018,11.11,18.93,30.42,27.95,16.39,3.384,8.24,1.063,1.897,4.103,1.019,1.52
101,2017,256,940,12.09,2.534,2.485,1.592,30.14,4.171,19.31,1.171,9.13,-12.49,1.699,124.8,1.659,3.298,2.775,50.13,74.2,5.525,105.1,4.9,1.233,8.58,2.8,3.147,17.3,29.22,2.242,3.355,.667,.994,1.993,.731,.833
101,2017,256,950,12.1,2.326,2.091,1.96,24.31,3.38,20.18,.977,9.67,-13.19,1.585,123.9,1.614,6.525,6.778,51.98,74.5,17.9,106.1,7.48,1.2,23.44,2.064,3.794,15.8,8.1,2.299,3.167,.479,.798,1.397,.566,.808
101,2017,256,1000,12.1,3.577,1.62,1.419,19.77,3.12,13.65,1.005,4.031,-13.26,1.856,124.7,1.608,3.425,21.4,56.62,77.9,90.6,108.6,31.29,1.238,54.4,1.808,1.895,17.74,2.24,59.93,3.552,.467,.814,1.401,.573,.799
101,2017,256,1010,12.1,7.8,11.97,1.617,16,3.118,2.562,1.369,-.209,-12.56,14,125.9,1.709,5.653,11.72,61.59,81.4,102.9,111.1,16.18,1.337,71.4,1.739,1.925,21.5,2.706,62.36,3.621,.464,.809,1.454,.57,.803
101,2017,256,1020,12.1,34.39,22.58,3.642,14.02,8.47,1.784,.978,-1.863,-11.34,23.26,126.9,1.712,3.292,22.39,66.69,84.5,109,113.2,33.8,1.441,72.4,1.771,2.031,25.79,2.994,26.96,3.535,.464,.844,1.464,.573,.818
101,2017,256,1030,12.1,58.24,11.96,1.448,16.23,13.27,1.716,1.014,-4.478,-10.08,4.105,127.6,1.962,1.969,11.29,72.2,87.7,107.1,115,107.3,1.642,55.03,1.759,1.974,29.77,22.51,5.901,3.721,.471,2.922,1.585,.585,.844
101,2017,256,1040,12.1,91.7,2.682,1.422,19.93,16.76,1.66,8.82,-3.016,-6.414,18.88,127.5,1.905,1.932,9.17,77.7,90.5,78.8,116.3,15.48,1.803,34.72,1.888,2.007,33.54,96.1,9.96,3.9,.498,1.369,1.595,.608,.866
101,2017,256,1050,12.1,84,10.86,5.123,30.95,20.13,6.429,5.199,1.049,-6.795,4.937,127,1.764,1.92,2.384,82.4,93.2,78.7,117.7,5.686,2.21,42.55,1.742,1.984,36.82,101.3,13.23,4.165,.499,.997,1.632,.64,.901
101,2017,256,1100,12.1,83.5,56.37,1.458,40.71,2.56,1.835,1.054,-5.383,-7.86,1.577,126.2,1.796,1.92,3.879,86.6,94.6,6.859,118.3,5.574,2.275,42.59,1.652,1.965,40.11,103.7,2.213,19.34,.508,.915,6.15,.637,1.025
101,2017,256,1110,12.1,83.1,16.61,1.474,46.84,2.836,1.784,1.097,-6.48,-7.1,1.57,125.8,1.967,1.915,10.01,90.9,97.9,4.314,119.4,86.5,5.453,20.76,1.63,2.076,43.77,106,5.13,62.43,.523,.962,1.685,.668,2.299
101,2017,256,1120,12.1,80.4,2.143,1.364,58.99,2.324,1.652,1.123,-8.56,-6.584,3.195,125.5,2.258,1.915,3.155,94.8,100.1,4.326,120.4,34.69,4.577,24.03,1.647,3.512,47.41,107.5,11.08,59.38,.539,1.062,1.761,.732,1.216
101,2017,256,1130,12.1,24.55,14.81,1.339,67.2,2.211,1.672,1.186,-8.3,-6.641,1.605,125,2.022,1.943,4.52,98.6,102.5,4.272,121.2,6.765,3.196,30.28,1.642,12.12,51.24,48.82,30.35,37.79,.548,19.6,1.831,.744,1.117
101,2017,256,1140,12.1,63.49,71.3,1.315,73.6,2.173,1.751,1.231,-3.702,-6.071,1.828,124.9,2.315,2,5.511,102,104.5,4.401,122.1,73.3,18.79,7.34,1.739,2.754,55.03,2.783,25.43,91.6,.578,7.49,2.272,.673,1.228
101,2017,256,1150,12.1,29.26,76.4,1.357,74.5,2.277,1.895,1.273,-8.04,-5.915,1.762,118.4,2.806,2.035,3.096,100.4,101.1,4.493,116.4,107.7,39.35,6.739,1.717,28.33,55.76,2.731,5.985,88.6,.601,5.759,10.3,.683,1.248
101,2017,256,1200,12.1,3.436,22.98,1.235,52.65,2.409,3.21,1.228,-8.51,-5.543,2.54,117.1,2.695,1.958,3.173,103,103.1,4.386,116.9,108.6,8.64,5.223,1.687,2.727,59,2.302,2.508,92,.623,1.496,30,.72,1.235
101,2017,256,1210,12.11,4.653,2.161,1.353,5.158,2.196,1.995,1.317,-5.871,-4.762,1.685,121.7,3.276,2.163,3.179,111.2,110.1,4.742,123.3,80.5,2.861,4.856,1.729,2.764,64.88,2.533,3.668,99.3,.742,1.248,27.79,.774,1.476
101,2017,256,1220,12.11,5.085,4.357,4.462,5.35,2.124,1.98,1.358,-9.89,-4.291,1.71,115.3,3.07,2.223,3.425,110.3,108.3,4.414,119,7.71,2.878,4.596,25.9,2.829,65.99,2.429,3.049,98.8,.7,1.626,10.29,.868,1.561
101,2017,256,1230,12.11,2.95,1.874,10.53,4.486,2.089,2.724,1.317,.913,-3.987,1.642,90.1,3.164,2.184,6.891,114.5,112,4.638,121,7.57,3.102,4.526,3.032,2.6,69.35,2.451,46.93,102.6,.715,2.717,4.543,.846,1.603
101,2017,256,1240,12.11,6.807,2.033,41.85,4.176,2.072,8.11,1.26,-3.263,-3.296,1.645,83.9,14.07,12.7,30.77,115.9,112.7,4.4,119.9,21.41,4.132,4.398,1.749,7.64,71.5,2.554,79.2,103.8,.759,1.278,3.671,.831,1.708
101,2017,256,1250,12.11,2.653,3.179,19.56,3.98,1.996,10.43,1.228,-1.936,-3.119,1.608,82.3,16.45,54.65,4.608,116.6,112.9,4.092,117.9,104.8,2.861,4.244,1.633,2.502,73.3,3.042,70.8,104.7,.782,1.435,3.67,.839,1.605
101,2017,256,1300,12.11,2.978,8.31,8.3,3.799,2.015,15.68,1.291,1.747,-2.82,1.663,81.5,31.29,2.157,3.217,118.7,113.5,4.244,117.3,65.7,3.013,4.185,1.911,2.68,75.5,6.616,89.1,106.2,.822,28.5,3.827,.925,1.707
101,2017,256,1310,12.11,2.566,1.568,28.31,3.894,2.112,2.464,1.673,-10.98,-2.212,1.96,80.7,71.2,2.408,29.11,122.9,115.9,4.306,118.2,9.92,3.571,4.304,1.928,3.438,78.9,2.819,78.2,109.5,.918,1.851,4.043,1.027,2.02
101,2017,256,1320,12.11,3,1.442,13.7,3.884,2.368,18.78,6.994,-.064,.456,1.874,64.87,72.2,2.683,17.02,101.3,92.8,4.343,94.4,9.04,4.453,4.165,1.74,5.378,65.44,2.904,28.71,86.3,.94,2.341,3.923,.968,2.357
101,2017,256,1330,12.11,3.122,1.911,1.697,4.412,11.69,12.73,1.688,-3.614,-1.934,2.273,56.36,48.63,3.306,6.89,87.7,77.7,4.519,79.7,12.45,5.587,4.494,1.698,27.47,56.43,3.246,9.21,69.76,1.028,2.822,3.879,.901,3.129
101,2017,256,1340,12.11,6.101,2.057,2.094,5.939,34.09,7.91,3.09,-8.28,-.179,3.142,68.61,55.05,6.418,41.95,113,100.7,5.921,101.7,13.23,7.04,5.728,2.351,70.1,73.3,4.371,10.48,89.6,1.311,2.558,5.805,1.194,4.296
101,2017,256,1350,12.11,7.36,2.402,2.385,8.12,8.43,4.924,5.299,-1.355,.296,3.733,57.29,32.86,5.272,27.5,87.3,76,7.51,77.9,13.18,6.101,6.405,2.871,36.82,57.73,4.557,7.35,58.67,1.265,2.73,6.194,1.074,7.3
101,2017,256,1400,12.11,6.157,2.702,2.755,10.4,5.52,5.748,3.109,-5.092,-1.072,4.077,52.93,16.38,6.813,16.13,75.8,68.67,8.67,66.57,13.4,5.053,8.48,3.196,8.74,54.3,4.988,6.755,43.11,1.615,3.181,7.79,1.407,4.735
101,2017,256,1410,12.11,6.671,2.758,2.522,11.1,5.674,4.201,2.894,-9.81,-1.291,3.829,46.71,6.376,6.021,8.39,60.99,57.75,9.03,53.51,12.11,4.237,9.15,3.206,5.884,46.24,4.773,5.589,27.72,1.504,2.804,7.55,1.365,3.85
101,2017,256,1420,12.11,6.547,2.75,2.616,11.12,5.964,10.71,3.013,-4.155,-1.179,3.985,49.62,8.43,6.343,14.82,69.36,65.12,8.89,60.06,11.81,4.184,10.52,3.286,6.03,52.58,4.909,5.755,36.44,2.065,3.011,7.68,1.561,4.432
101,2017,256,1430,12.11,6.077,2.365,2.099,10.61,5.479,3.831,2.537,-11.96,-1.581,3.336,39.69,4.067,5.335,6.939,50.02,49.16,8.3,43.04,9.22,3.015,9.27,3,4.542,40.01,3.965,4.256,19.99,1.295,2.313,6.517,1.203,3.491
101,2017,256,1440,12.11,5.683,2.261,1.832,10.02,4.894,3.121,2.147,-12.25,-2.035,2.807,35.41,3.516,4.742,5.328,42.19,42.24,7.54,37.16,8.29,2.507,8.29,2.621,3.886,34.02,3.528,4.082,16.25,1.117,1.945,5.243,1.008,2.293
101,2017,256,1450,12.11,5.082,1.97,1.606,8.83,4.573,2.707,2.034,2.474,-2.253,2.524,31.19,2.709,4.221,4.467,37.44,38.01,6.764,32.33,7.09,2.174,7.85,2.415,3.357,31.12,3.235,3.328,13.42,1.02,1.777,5.05,.961,1.866
101,2017,256,1500,12.11,4.617,1.735,1.432,8.05,4,2.419,1.725,-12.48,-2.374,2.241,27.93,2.452,3.744,3.928,32.96,33.48,6.134,28.44,6.232,1.933,6.977,2.201,2.89,27.37,2.792,2.952,11.31,.881,1.523,4.414,.861,1.6
101,2017,256,1510,12.11,4.205,1.63,1.335,7.52,3.724,2.25,1.571,-18.64,-2.533,2.042,26.61,2.285,3.392,3.565,30.62,30.91,5.758,26.88,6.291,1.818,6.445,2.076,2.687,25.19,2.659,2.798,10.63,.812,1.421,3.875,.757,1.456
101,2017,256,1520,12.11,4.044,1.58,1.243,7.05,3.48,2.113,1.442,-13.98,-2.866,1.895,25.11,2.173,3.118,3.292,28.22,28.46,5.421,25.22,5.984,1.633,5.906,1.908,2.503,23.06,2.443,2.588,9.79,.739,1.302,3.723,.704,1.329
101,2017,256,1530,12.11,4.212,1.565,1.322,7.38,3.553,2.222,1.506,-13.44,-2.949,1.987,25.81,2.156,3.342,3.431,29.24,29.67,5.581,26.27,5.857,1.679,6.185,1.947,2.644,23.91,2.49,2.711,10.27,.791,1.364,3.828,.705,1.404
101,2017,256,1540,12.11,3.666,1.446,1.181,6.492,3.43,2.047,1.432,-10.9,-3.178,1.83,23.74,1.935,3.123,3.18,27.39,27.7,4.989,23.71,5.432,1.515,5.956,1.838,2.403,22.73,2.389,2.404,9.22,.761,1.246,3.818,.729,1.293
101,2017,256,1550,12.1,3.569,1.411,1.213,6.239,3.267,2.047,1.486,-19.55,-3.354,1.85,23.96,2.225,2.992,3.339,28.44,28.21,4.936,24.69,5.859,1.754,5.772,1.833,2.612,23.35,2.558,2.454,10.25,.719,1.233,3.729,.781,1.444
101,2017,256,1600,12.1,3.101,1.339,1.268,5.576,3.167,2.124,1.736,-10.6,-3.399,2.021,24.13,2.707,3.074,4.321,32.9,31.47,4.586,27.27,6.062,2.362,5.616,1.856,3.088,26.75,2.738,2.667,13.51,.781,1.349,4.565,.821,2.052
101,2017,256,1610,12.1,2.485,1.02,1.032,4.43,2.649,1.799,1.575,-12.75,-3.688,1.788,19.99,2.439,2.532,3.729,34.52,31.77,3.796,22.91,4.772,2.416,4.74,1.55,2.736,27.99,2.547,2.069,11.66,.663,1.185,4.264,.792,1.833
101,2017,256,1620,12.1,2.146,.935,.888,3.865,2.346,1.634,1.386,-17.85,-3.879,1.712,18.32,2.243,2.362,3.461,29.68,27.02,3.316,21.1,4.411,2.439,4.132,1.416,2.505,23.88,2.327,1.799,10.21,.598,1.047,3.895,.761,1.662
101,2017,256,1630,12.1,2.336,.89,.782,4.215,2.317,1.401,1.231,-13.69,-4.138,1.531,16.74,1.747,2.17,2.748,22.8,21.6,3.438,18.03,3.612,1.885,4.063,1.369,1.93,18.81,2,1.588,7.72,.55,.928,3.198,.565,1.32
101,2017,256,1640,12.1,1.3,.55,.533,2.649,1.694,1.054,.913,-17.19,-4.41,1.124,12.56,1.578,1.551,2.265,18.42,17.2,2.235,13.68,3.133,1.573,3.063,.955,1.592,15.48,1.506,1.236,6.698,.392,.658,2.448,.489,1.112
101,2017,256,1650,12.1,1.203,.563,.508,2.317,1.486,.948,.861,-15.57,-4.515,.921,11.62,1.364,1.349,2.086,16.14,15.33,1.987,12.67,2.96,1.22,2.6,.906,1.545,13.58,1.468,1.22,7.02,.354,.617,2.285,.493,1.004
101,2017,256,1700,12.1,1.104,.464,.441,2.026,1.277,.824,.725,-20.54,-4.659,.846,10.1,1.107,1.206,1.739,14.22,13.45,1.781,10.93,2.408,1.107,2.428,.751,1.258,12,1.282,1.007,5.609,.318,.531,1.932,.431,.834
101,2017,256,1710,12.1,.948,.405,.372,1.764,1.163,.682,.684,-27.89,-4.75,.672,8.46,.898,.98,1.357,11.62,11.07,1.546,8.73,1.992,.906,2.171,.67,1.087,9.97,1.091,.759,4.356,.275,.449,1.672,.374,.679
101,2017,256,1720,12.1,.841,.389,.33,1.607,.925,.571,.469,-26.05,-5.071,.563,7.46,.715,.844,1.074,9.47,9.28,1.392,7.36,1.761,.751,1.907,.575,.848,8.1,.896,.647,3.306,.219,.38,1.163,.286,.501
101,2017,256,1730,12.1,.699,.337,.283,1.329,.774,.481,.4,-34.78,-5.063,.456,6.296,.551,.709,.903,7.91,11.76,1.183,6.137,1.441,.566,1.634,.496,.714,6.879,.734,.565,2.707,.184,.32,.963,.241,.392
101,2017,256,1740,12.1,.62,.26,.233,1.153,.642,.412,.325,-37.78,-5.212,.384,5.16,.474,.583,.727,6.214,6.36,1.009,4.976,1.178,.442,1.365,.434,.556,5.514,.59,.452,2.086,.147,.26,.749,.196,.315
101,2017,256,1750,12.1,.459,.219,.183,.858,.491,.332,.276,-42.81,-5.353,.342,4.031,.392,.467,.571,5.455,5.224,.751,4.076,.978,.451,.975,.328,.467,4.571,.483,.364,1.788,.127,.203,.635,.154,.3
101,2017,256,1800,12.1,.332,.144,.116,.571,.36,.218,.189,-39.02,-5.629,.213,2.679,.25,.315,.38,3.527,3.478,.506,2.583,.63,.298,.68,.228,.32,3.041,.355,.238,1.044,.074,.136,.404,.102,.171
101,2017,256,1810,12.1,.178,.075,.059,.337,.199,.116,.092,-39.24,-6.114,.111,1.453,.127,.173,.198,1.82,1.856,.298,1.334,.352,.144,.399,.124,.166,1.607,.194,.122,.488,.04,.069,.211,.052,.08
101,2017,256,1820,12.1,.07,.027,.027,.127,.074,.047,.04,-50.28,-6.772,.044,.541,.049,.065,.074,.658,.677,.116,.491,.136,.052,.159,.047,.06,.59,.072,.047,.186,.013,.03,.075,.03,.027
101,2017,256,1830,12.1,.013,0,0,.022,.015,.005,.003,-49.41,-7.4,.003,.107,.005,.015,.015,.144,.149,.023,.101,.03,.007,.034,.005,.013,.129,.018,.005,.042,0,0,.013,0,0
101,2017,256,1840,12.1,0,0,0,0,0,0,0,-45.15,-8,0,.008,0,0,0,.015,.012,0,.005,0,0,0,0,0,.008,0,0,0,0,0,0,0,0
101,2017,256,1850,12.1,0,0,0,0,0,0,0,-39.69,-8.49,0,0,0,0,0,0,0,0,0,0,0,0,0,0,0,0,0,0,0,0,0,0,0
101,2017,256,1900,12.1,0,0,0,0,0,0,0,-41.41,-8.91,0,0,0,0,0,0,0,0,0,0,0,0,0,0,0,0,0,0,0,0,0,0,0
101,2017,256,1910,12.1,0,0,0,0,0,0,0,-52.1,-9.27,0,0,0,0,0,0,0,0,0,0,0,0,0,0,0,0,0,0,0,0,0,0,0
101,2017,256,1920,12.1,0,0,0,0,0,0,0,-53.57,-10.33,0,0,0,0,0,0,0,0,0,0,0,0,0,0,0,0,0,0,0,0,0,0,0
101,2017,256,1930,12.09,0,0,0,0,0,0,0,-53.13,-11.58,0,0,0,0,0,0,0,0,0,0,0,0,0,0,0,0,0,0,0,0,0,0,0
101,2017,256,1940,12.09,0,0,0,0,0,0,0,-56.06,-13.11,0,0,0,0,0,0,0,0,0,0,0,0,0,0,0,0,0,0,0,0,0,0,0
101,2017,256,1950,12.09,0,0,0,0,0,0,0,-55.46,-13.71,0,0,0,0,0,0,0,0,0,0,0,0,0,0,0,0,0,0,0,0,0,0,0
101,2017,256,2000,12.09,0,0,0,0,0,0,0,-55.15,-14.03,0,0,0,0,0,0,0,0,0,0,0,0,0,0,0,0,0,0,0,0,0,0,0
101,2017,256,2010,12.09,0,0,0,0,0,0,0,-56.1,-14.46,0,0,0,0,0,0,0,0,0,0,0,0,0,0,0,0,0,0,0,0,0,0,0
101,2017,256,2020,12.09,0,0,0,0,0,0,0,-57.97,-15.24,0,0,0,0,0,0,0,0,0,0,0,0,0,0,0,0,0,0,0,0,0,0,0
101,2017,256,2030,12.09,0,0,0,0,0,0,0,-59.81,-15.41,0,0,0,0,0,0,0,0,0,0,0,0,0,0,0,0,0,0,0,0,0,0,0
101,2017,256,2040,12.09,0,0,0,0,0,0,0,-61.36,-15.76,0,0,0,0,0,0,0,0,0,0,0,0,0,0,0,0,0,0,0,0,0,0,0
101,2017,256,2050,12.09,0,0,0,0,0,0,0,-61.57,-15.95,0,0,0,0,0,0,0,0,0,0,0,0,0,0,0,0,0,0,0,0,0,0,0
101,2017,256,2100,12.09,0,0,0,0,0,0,0,-61.13,-16.06,0,0,0,0,0,0,0,0,0,0,0,0,0,0,0,0,0,0,0,0,0,0,0
101,2017,256,2110,12.09,0,0,0,0,0,0,0,-56.12,-16.17,0,0,0,0,0,0,0,0,0,0,0,0,0,0,0,0,0,0,0,0,0,0,0
101,2017,256,2120,12.09,0,0,0,0,0,0,0,-55.16,-16.83,0,0,0,0,0,0,0,0,0,0,0,0,0,0,0,0,0,0,0,0,0,0,0
101,2017,256,2130,12.09,0,0,0,0,0,0,0,-54.13,-16.89,0,0,0,0,0,0,0,0,0,0,0,0,0,0,0,0,0,0,0,0,0,0,0
101,2017,256,2140,12.09,0,0,0,0,0,0,0,-53.83,-16.8,0,0,0,0,0,0,0,0,0,0,0,0,0,0,0,0,0,0,0,0,0,0,0
101,2017,256,2150,12.09,0,0,0,0,0,0,0,-54.03,-16.53,0,0,0,0,0,0,0,0,0,0,0,0,0,0,0,0,0,0,0,0,0,0,0
101,2017,256,2200,12.09,0,0,0,0,0,0,0,-53.09,-16.68,0,0,0,0,0,0,0,0,0,0,0,0,0,0,0,0,0,0,0,0,0,0,0
101,2017,256,2210,12.09,0,0,0,0,0,0,0,-51.75,-16.63,0,0,0,0,0,0,0,0,0,0,0,0,0,0,0,0,0,0,0,0,0,0,0
101,2017,256,2220,12.09,0,0,0,0,0,0,0,-51.45,-16.76,0,0,0,0,0,0,0,0,0,0,0,0,0,0,0,0,0,0,0,0,0,0,0
101,2017,256,2230,12.09,0,0,0,0,0,0,0,-51.95,-16.68,0,0,0,0,0,0,0,0,0,0,0,0,0,0,0,0,0,0,0,0,0,0,0
101,2017,256,2240,12.08,0,0,0,0,0,0,0,-51.03,-16.67,0,0,0,0,0,0,0,0,0,0,0,0,0,0,0,0,0,0,0,0,0,0,0
101,2017,256,2250,12.08,0,0,0,0,0,0,0,-51.29,-16.62,0,0,0,0,0,0,0,0,0,0,0,0,0,0,0,0,0,0,0,0,0,0,0
101,2017,256,2300,12.09,0,0,0,0,0,0,0,-52.08,-16.71,0,0,0,0,0,0,0,0,0,0,0,0,0,0,0,0,0,0,0,0,0,0,0
101,2017,256,2310,12.08,0,0,0,0,0,0,0,-56.64,-17.17,0,0,0,0,0,0,0,0,0,0,0,0,0,0,0,0,0,0,0,0,0,0,0
101,2017,256,2320,12.08,0,0,0,0,0,0,0,-51.22,-16.63,0,0,0,0,0,0,0,0,0,0,0,0,0,0,0,0,0,0,0,0,0,0,0
101,2017,256,2330,12.08,0,0,0,0,0,0,0,-49.42,-16.45,0,0,0,0,0,0,0,0,0,0,0,0,0,0,0,0,0,0,0,0,0,0,0
101,2017,256,2340,12.08,0,0,0,0,0,0,0,-48.65,-16.26,0,0,0,0,0,0,0,0,0,0,0,0,0,0,0,0,0,0,0,0,0,0,0
101,2017,256,2350,12.08,0,0,0,0,0,0,0,-48.55,-16.12,0,0,0,0,0,0,0,0,0,0,0,0,0,0,0,0,0,0,0,0,0,0,0
101,2017,256,2400,12.08,0,0,0,0,0,0,0,-48.21,-16.09,0,0,0,0,0,0,0,0,0,0,0,0,0,0,0,0,0,0,0,0,0,0,0
102,2017,256,2400,12.07,5266
101,2017,257,10,12.08,0,0,0,0,0,0,0,-47.7,-16.18,0,0,0,0,0,0,0,0,0,0,0,0,0,0,0,0,0,0,0,0,0,0,0
101,2017,257,20,12.08,0,0,0,0,0,0,0,-47.15,-16.08,0,0,0,0,0,0,0,0,0,0,0,0,0,0,0,0,0,0,0,0,0,0,0
101,2017,257,30,12.08,0,0,0,0,0,0,0,-46.01,-16.15,0,0,0,0,0,0,0,0,0,0,0,0,0,0,0,0,0,0,0,0,0,0,0
101,2017,257,40,12.08,0,0,0,0,0,0,0,-45.87,-16.43,0,0,0,0,0,0,0,0,0,0,0,0,0,0,0,0,0,0,0,0,0,0,0
101,2017,257,50,12.08,0,0,0,0,0,0,0,-45.79,-16.5,0,0,0,0,0,0,0,0,0,0,0,0,0,0,0,0,0,0,0,0,0,0,0
101,2017,257,100,12.08,0,0,0,0,0,0,0,-46.13,-16.57,0,0,0,0,0,0,0,0,0,0,0,0,0,0,0,0,0,0,0,0,0,0,0
101,2017,257,110,12.08,0,0,0,0,0,0,0,-46.28,-16.2,0,0,0,0,0,0,0,0,0,0,0,0,0,0,0,0,0,0,0,0,0,0,0
101,2017,257,120,12.08,0,0,0,0,0,0,0,-49,-16.13,0,0,0,0,0,0,0,0,0,0,0,0,0,0,0,0,0,0,0,0,0,0,0
101,2017,257,130,12.08,0,0,0,0,0,0,0,-50.07,-16.15,0,0,0,0,0,0,0,0,0,0,0,0,0,0,0,0,0,0,0,0,0,0,0
101,2017,257,140,12.08,0,0,0,0,0,0,0,-54.73,-16.43,0,0,0,0,0,0,0,0,0,0,0,0,0,0,0,0,0,0,0,0,0,0,0
101,2017,257,150,12.08,0,0,0,0,0,0,0,-49.87,-15.35,0,0,0,0,0,0,0,0,0,0,0,0,0,0,0,0,0,0,0,0,0,0,0
101,2017,257,200,12.08,0,0,0,0,0,0,0,-44.91,-14.5,0,0,0,0,0,0,0,0,0,0,0,0,0,0,0,0,0,0,0,0,0,0,0
101,2017,257,210,12.08,0,0,0,0,0,0,0,-47.73,-14.36,0,0,0,0,0,0,0,0,0,0,0,0,0,0,0,0,0,0,0,0,0,0,0
101,2017,257,220,12.08,0,0,0,0,0,0,0,-47.13,-14.36,0,0,0,0,0,0,0,0,0,0,0,0,0,0,0,0,0,0,0,0,0,0,0
101,2017,257,230,12.08,0,0,0,0,0,0,0,-46.56,-14.49,0,0,0,0,0,0,0,0,0,0,0,0,0,0,0,0,0,0,0,0,0,0,0
101,2017,257,240,12.08,0,0,0,0,0,0,0,-46.42,-14.59,0,0,0,0,0,0,0,0,0,0,0,0,0,0,0,0,0,0,0,0,0,0,0
101,2017,257,250,12.09,0,0,0,0,0,0,0,-43.84,-14.21,0,0,0,0,0,0,0,0,0,0,0,0,0,0,0,0,0,0,0,0,0,0,0
101,2017,257,300,12.09,0,0,0,0,0,0,0,-43.42,-13.7,0,0,0,0,0,0,0,0,0,0,0,0,0,0,0,0,0,0,0,0,0,0,0
101,2017,257,310,12.09,0,0,0,0,0,0,0,-42.87,-13.11,0,0,0,0,0,0,0,0,0,0,0,0,0,0,0,0,0,0,0,0,0,0,0
101,2017,257,320,12.09,0,0,0,0,0,0,0,-37.31,-12.87,0,0,0,0,0,0,0,0,0,0,0,0,0,0,0,0,0,0,0,0,0,0,0
101,2017,257,330,12.09,0,0,0,0,0,0,0,-36.5,-13.05,0,0,0,0,0,0,0,0,0,0,0,0,0,0,0,0,0,0,0,0,0,0,0
101,2017,257,340,12.09,0,0,0,0,0,0,0,-36.1,-13.05,0,0,0,0,0,0,0,0,0,0,0,0,0,0,0,0,0,0,0,0,0,0,0
101,2017,257,350,12.09,0,0,0,0,0,0,0,-33.79,-13.23,0,0,0,0,0,0,0,0,0,0,0,0,0,0,0,0,0,0,0,0,0,0,0
101,2017,257,400,12.09,0,0,0,0,0,0,0,-33.09,-13.49,0,0,0,0,0,0,0,0,0,0,0,0,0,0,0,0,0,0,0,0,0,0,0
101,2017,257,410,12.09,0,0,0,0,0,0,0,-33.39,-13.61,0,0,0,0,0,0,0,0,0,0,0,0,0,0,0,0,0,0,0,0,0,0,0
101,2017,257,420,12.09,0,0,0,0,0,0,0,-35.31,-13.94,0,0,0,0,0,0,0,0,0,0,0,0,0,0,0,0,0,0,0,0,0,0,0
101,2017,257,430,12.09,0,0,0,0,0,0,0,-37.01,-13.93,0,0,0,0,0,0,0,0,0,0,0,0,0,0,0,0,0,0,0,0,0,0,0
101,2017,257,440,12.08,0,0,0,0,0,0,0,-37.73,-14.03,0,0,0,0,0,0,0,0,0,0,0,0,0,0,0,0,0,0,0,0,0,0,0
101,2017,257,450,12.08,0,0,0,0,0,0,0,-36.83,-14.1,0,0,0,0,0,0,0,0,0,0,0,0,0,0,0,0,0,0,0,0,0,0,0
101,2017,257,500,12.08,0,0,0,0,0,0,0,-38.57,-14.6,0,0,0,0,0,0,0,0,0,0,0,0,0,0,0,0,0,0,0,0,0,0,0
101,2017,257,510,12.08,0,0,0,0,0,0,0,-38.74,-14.39,0,0,0,0,0,0,0,0,0,0,0,0,0,0,0,0,0,0,0,0,0,0,0
101,2017,257,520,12.08,0,0,0,0,0,0,0,-39.75,-14.85,0,0,0,0,0,0,0,0,0,0,0,0,0,0,0,0,0,0,0,0,0,0,0
101,2017,257,530,12.08,0,0,0,0,0,0,0,-39.86,-14.87,0,0,0,0,0,0,0,0,0,0,0,0,0,0,0,0,0,0,0,0,0,0,0
101,2017,257,540,12.08,0,0,0,0,0,0,0,-39.44,-14.61,0,0,0,0,0,0,0,0,0,0,0,0,0,0,0,0,0,0,0,0,0,0,0
101,2017,257,550,12.08,0,0,0,0,0,0,0,-38.78,-14.8,0,0,0,0,0,0,0,0,0,0,0,0,0,0,0,0,0,0,0,0,0,0,0
101,2017,257,600,12.08,0,0,0,0,0,0,0,-38.76,-14.77,0,.002,0,0,0,0,0,0,0,0,0,0,0,0,0,0,0,0,0,0,0,0,0
101,2017,257,610,12.08,.007,0,0,.013,.007,0,0,-39.08,-14.75,0,.057,0,.003,0,.044,.04,.017,.045,.017,0,.015,0,.005,.03,.002,0,.017,0,0,0,0,0
101,2017,257,620,12.08,.049,.018,.023,.087,.045,.03,.025,-39.5,-14.76,.023,.394,.028,.044,.034,.297,.3,.084,.315,.084,.022,.087,.03,.037,.241,.034,.03,.085,.005,.022,.037,.015,.017
101,2017,257,630,12.08,.164,.067,.044,.308,.149,.101,.057,-39.57,-14.88,.072,1.404,.091,.149,.114,1.064,1.088,.293,1.066,.297,.074,.327,.104,.116,.85,.111,.099,.285,.034,.047,.119,.034,.044
101,2017,257,640,12.08,.345,.146,.096,.62,.313,.21,.119,-38.2,-14.77,.154,3.032,.188,.313,.236,2.263,2.38,.583,2.256,.575,.151,.719,.225,.241,1.882,.231,.206,.54,.057,.107,.24,.064,.091
101,2017,257,650,12.08,.5,.23,.151,1.001,.468,.33,.181,-37.01,-14.71,.236,4.854,.29,.463,.364,3.497,3.708,.944,3.555,.914,.231,1.16,.357,.374,2.947,.354,.32,.821,.097,.158,.359,.101,.141
101,2017,257,700,12.08,.669,.305,.189,1.343,.608,.424,.233,-35.92,-14.56,.32,6.475,.377,.602,.449,4.581,4.878,1.269,4.749,1.222,.313,1.547,.448,.464,3.901,.451,.417,1.096,.122,.21,.451,.127,.183
101,2017,257,710,12.08,.825,.377,.238,1.649,.744,.501,.288,-33.53,-14.25,.396,7.97,.439,.734,.53,5.728,5.9,1.611,7.44,1.549,.391,1.892,.541,.563,4.747,.557,.486,1.356,.156,.243,.548,.168,.226
101,2017,257,720,12.08,.971,.431,.288,1.934,.87,.608,.344,-31.83,-13.8,.471,26.48,.563,.892,.704,9.49,6.909,6.432,29.22,1.914,.437,2.236,.664,.677,5.454,.664,.62,1.567,.186,.305,.645,.183,.277
101,2017,257,730,12.08,1.103,.468,.357,2.219,1.019,.748,.417,-31.34,-13.6,.568,56.46,.952,1.091,.907,10.43,7.7,14.67,36.39,2.271,.481,3.735,4.365,1.022,6.423,.761,1.452,1.753,.226,.359,.726,.223,.334
101,2017,257,740,12.08,1.229,.523,.422,2.507,1.247,.93,.459,-34.06,-13.65,.667,64.85,1.168,1.359,1.024,10.83,8.36,2.933,43.26,2.601,.54,4.587,6.483,1.324,6.625,.82,.92,1.922,.255,.412,.805,.241,.396
101,2017,257,750,12.08,1.351,.585,.464,2.794,1.451,1.093,.568,-34.66,-13.66,.769,71.9,1.28,1.663,1.146,10.76,8.95,3.067,49.58,3.02,.585,5.727,11.89,1.451,7.75,.89,3.386,2.073,.33,.508,.875,.327,.436
101,2017,257,800,12.08,1.465,.64,.55,3.097,1.711,1.297,.704,-33.34,-13.44,.875,78.5,1.245,11.36,1.245,10.9,9.53,3.337,55.61,10.69,.637,4.958,2.705,1.602,7.61,.964,1.006,2.211,.318,1.394,.925,.302,.453
101,2017,257,810,12.08,1.584,.685,.675,3.454,2.085,3.892,.796,-27.94,-12.66,.987,85,1.337,5.147,1.326,11.33,12.65,5.723,61.8,3.417,.679,5.174,2.053,1.731,9.27,1.046,1.155,2.348,.342,.511,.975,.328,.469
101,2017,257,820,12.08,1.864,.753,.781,4.636,2.596,23.14,2.663,-11.27,-11.64,1.063,90.5,1.396,2.065,1.394,11.85,26.55,6.164,67.36,3.843,.742,5.526,2.04,1.944,10.93,1.111,1.125,2.467,.37,.533,1.031,.367,.493
101,2017,257,830,12.08,2.108,.838,.902,26.93,2.861,29.87,16.66,-4.5,-5.824,1.141,95.4,1.433,2.157,1.473,13.82,31.56,4.399,72.6,36.81,.888,5.653,2.226,22.11,10.51,1.163,1.208,2.593,.401,.617,1.285,.385,.608
101,2017,257,840,12.08,2.254,.935,1.064,48.13,2.992,32.57,1.195,4.029,-12.11,1.223,99.7,1.493,2.216,1.574,17.3,36.57,6.225,77.4,11.77,.88,5.678,6.675,48.2,10.57,1.249,1.307,2.708,.402,.746,1.245,.411,.58
101,2017,257,850,12.08,2.145,2.013,1.16,47.53,6.568,37.32,2.633,10.81,-11.94,2.388,103.7,1.527,2.308,1.612,21.93,42.14,18.19,81.9,5.963,.93,5.799,2.137,54.23,10.75,1.319,1.371,3.047,.422,.639,1.182,.436,.595
101,2017,257,900,12.09,2.286,8.97,1.185,44.62,31.38,42.77,2.754,18.32,-11.72,40.21,107.3,1.545,2.899,1.704,26.71,48.04,38.95,86.2,5.15,.974,5.856,2.075,43.01,10.89,1.421,1.495,2.955,.98,.701,1.227,.436,.622
101,2017,257,910,12.09,2.49,1.428,1.292,40.84,47.45,47.19,.85,20.97,-12.26,27.65,109.5,1.56,28.65,1.849,31.24,53.25,65.84,89.2,33.81,1.021,5.985,2.085,29.15,11.17,1.575,1.641,3.102,.436,.749,1.282,.436,.644
101,2017,257,920,12.09,2.559,1.357,1.451,36.47,25.28,34.45,.876,15.94,-12.98,3.544,112.9,1.657,23.34,1.93,36,58.77,81.1,93.2,66.8,1.076,6.12,7.67,69.61,11.39,2.822,1.741,3.244,.436,.757,1.339,.459,.672
101,2017,257,930,12.09,2.6,9.83,1.553,32.21,7.67,3.844,.891,-2.383,-13.33,2.396,116.7,1.684,2.803,2.714,40.82,64.24,63.44,97.4,5.972,1.161,6.364,22.58,45.93,11.72,20.63,1.769,3.324,.439,.779,1.366,.469,.724
101,2017,257,940,12.09,2.724,2.356,1.553,27.55,3.632,23,.911,10.13,-13.53,2.793,119.5,1.741,2.545,2.202,46.23,68.92,6.305,101,5.745,1.231,7.72,2.927,18.73,12.98,39.14,2.143,3.468,.466,.808,1.416,.494,.813
101,2017,257,950,12.09,2.992,1.6,1.573,23.13,3.539,26.06,.958,12.85,-14.06,2.225,122.4,1.799,17.59,5.834,51.66,73.4,7.72,104.8,8.76,1.295,27.92,2.24,11.16,15.45,14.92,2.664,3.686,.476,.858,1.473,.534,.843
101,2017,257,1000,12.09,8.29,1.878,1.615,18.78,3.624,4.224,1.022,-.01,-13.99,1.888,125.2,1.935,13.29,19.58,56.96,77.7,73.2,108.1,39.28,1.382,57.82,2.116,2.312,18.52,2.466,60.91,6.804,.488,1.129,1.523,.556,.875
101,2017,257,1010,12.09,7.19,6.32,2.656,16.14,3.889,2.535,1.193,-.337,-13.61,4.998,128.8,2.116,18.72,8.08,62.61,82,102.6,112.5,22.08,1.536,69.67,2.218,2.85,22.7,3.049,51.33,7.11,.511,.973,1.615,.57,.91
101,2017,257,1020,12.09,33.45,4.398,3.872,14.37,6.712,2.982,1.066,-.68,-12.74,10.34,112.9,2.101,4.483,18.1,58.77,73.2,86.4,99,27.23,1.555,58.55,2.235,2.788,24.01,3.443,34.64,4.5,.509,1.059,1.642,.533,1.241
101,2017,257,1030,12.09,59.39,3.456,1.989,18.24,8.19,2.766,1.153,-.377,-11.58,5.651,120.5,2.198,3.13,20.68,67.31,80.9,84.5,107.2,90.8,1.747,45.17,2.401,2.806,28.68,36.44,30.94,4.452,.541,9.81,1.763,.57,.999
101,2017,257,1040,12.09,95.5,3.135,1.759,24.39,16.86,2.362,4.837,-.955,-9.19,13.61,132,2.344,2.552,13.42,78.8,91.4,48.13,118.9,14.89,1.977,34.16,2.429,2.806,34.62,93.9,21.96,4.736,.576,1.121,1.818,.63,.994
101,2017,257,1050,12.1,75.2,6.355,6.919,34.11,19.85,3.418,1.464,-.803,-9.47,6.635,134.4,2.404,2.748,2.647,84.2,94.4,79.5,122.2,10.07,2.833,41.58,2.461,3.324,37.85,96.4,17.32,5.269,.57,1.109,1.87,.699,1.089
101,2017,257,1100,12.1,93.6,60.89,1.927,43.63,3.827,3.327,1.285,1.004,-9.62,1.957,131.3,2.637,2.567,8.72,87.6,95.7,9.49,121.3,10.15,3.175,37.87,2.252,2.999,41,98,3.344,15.24,.571,1.106,2.126,.709,1.136
101,2017,257,1110,12.1,95.6,7.73,2.379,53.79,5.744,3.198,1.439,1.751,-9.2,2.551,135,3.044,3.046,8.63,93.8,100,8.59,125.9,90.5,6.356,19.56,2.528,3.523,44.91,99,4.987,44.81,.611,1.498,2.141,.717,1.352
101,2017,257,1120,12.1,42.87,3.69,2.126,60.46,3.816,3.045,1.514,2.345,-9.61,2.389,131,3.881,2.9,3.315,97.4,100.8,8.17,124.3,32.68,5.866,22.17,2.526,3.487,48.7,95.9,11.99,55.48,.65,3.523,2.474,.866,1.394
101,2017,257,1130,12.1,39.08,6.678,2.214,49.8,3.742,3.075,1.906,3.951,-9.46,5.768,103,3.861,2.812,3.834,83,82.3,8.55,101,18.07,5.216,16.42,2.584,3.713,44.04,20.16,16.57,30.34,.672,11.44,2.67,.673,1.521
101,2017,257,1140,12.1,77.1,48.55,2.055,63.36,3.402,2.936,1.618,4.212,-8.63,2.66,110.6,3.753,2.767,3.77,93.9,94,7.21,112.5,81.1,13.87,7.32,2.464,3.914,51.04,4.373,11.79,74.8,.697,2.911,3.038,.685,1.566
101,2017,257,1150,12.1,23.73,64.78,2.008,70.9,3.459,2.968,1.594,5.795,-8.52,2.417,111.5,3.943,2.836,3.804,101.8,100.8,7.35,118.6,100.6,27.93,7.64,2.395,24.89,56.49,3.899,8.5,84,.724,7.73,19.73,.72,1.615
101,2017,257,1200,12.1,4.641,15.55,1.819,61.19,3.031,7.75,1.519,7.26,-8.25,2.187,99.6,4.206,2.722,4.098,99,97.6,6.061,111.8,92.6,8.94,6.12,2.135,4.33,56.77,3.435,3.938,82.6,.745,1.852,22.01,.749,1.713
101,2017,257,1210,12.1,6.48,4.209,2.09,14.8,3.325,3.137,1.643,2.608,-7.64,2.47,100.6,4.616,2.836,4.596,106.6,103.5,6.768,119.3,55.97,4.17,6.333,2.402,4.246,62.08,3.817,4.472,89.9,.849,1.826,19.41,.814,1.918
101,2017,257,1220,12.1,5.539,7.18,2.712,12.03,3.757,3.859,1.948,-1.728,-6.637,2.869,99.6,5.653,3.328,5.748,113.2,107.5,7.71,122,18.52,4.951,6.825,33.69,4.986,66.57,4.591,6.18,91.3,.933,2.028,10.41,.995,2.484
101,2017,257,1230,12.1,5.994,4.207,9.98,10.42,3.907,5.875,2.01,-.402,-5.855,3.104,76.5,6.338,3.839,7.91,89.2,81.8,8.55,93.4,17.76,5.264,6.632,3.457,5.519,53.96,4.673,26.56,64.01,.955,4.082,5.713,.817,2.839
101,2017,257,1240,12.1,5.076,3.244,9.94,8.54,3.541,4.041,1.864,-.457,-5.475,2.827,57.14,7.47,4.348,11.76,65.1,56.91,7.02,66.1,17.61,5.423,6.09,2.532,5.576,39.89,4.458,19.73,42.27,.858,2.122,4.519,.727,3.011
101,2017,257,1250,12.1,6.291,3.487,5.599,8.93,3.897,10.18,2.094,2.122,-4.5,3.351,67.08,12.8,9.27,6.669,82,73.5,7.95,82.9,41.87,5.035,6.448,2.985,5.815,51.37,5.021,30.61,58.05,1.085,2.946,5.031,.794,3.467
101,2017,257,1300,12.1,6.301,3.214,4.552,9.59,4.041,4.492,2.221,-2.212,-3.723,3.485,58.78,12.02,4.755,7,70.5,61.9,8.54,69.85,26.11,4.939,6.728,2.964,5.919,45.14,4.644,18.31,44.79,1.147,3.432,5.221,.791,3.614
101,2017,257,1310,12.1,6.524,3.035,5.681,10.43,4.269,4.242,2.271,-2.31,-3.43,3.633,59.67,19.56,4.765,12.66,72.5,64.43,9.23,71.3,15.72,4.788,7.37,3.338,6.348,47.11,4.577,16.88,45.49,1.159,2.901,5.145,.847,3.623
101,2017,257,1320,12.1,5.912,2.939,2.802,9.02,4.048,5.033,2.765,-2.717,-2.993,3.298,57.93,23.64,4.621,7.62,73.4,65.35,7.97,70.7,15,5.021,7,2.837,7.05,47.93,4.296,11.16,47.96,1.301,3.03,5.262,.863,3.639
101,2017,257,1330,12.1,6.673,2.991,2.609,10.32,5.864,4.537,2.464,-4.108,-3.216,3.619,59.42,25.9,5.227,7.61,77.3,70.5,9.26,72.1,13.44,5.204,9.01,3.219,7.62,51.97,4.398,7.53,47.44,1.357,3.214,6.056,1.028,3.718
101,2017,257,1340,12.1,5.718,2.44,2.351,8.45,4.324,3.916,2.228,-4.201,-3.505,3.433,45.1,8.26,5.083,8.8,56.84,49.83,8,51.53,11.5,4.599,7.17,2.792,8.13,38.78,4.196,5.406,28.6,1.216,2.388,5.395,.896,3.78
101,2017,257,1350,12.11,6.944,2.792,2.757,9.86,4.649,5.041,2.894,-4.611,-2.903,6.39,66.63,45.43,5.713,37.95,103.9,92.4,9.25,93.8,13.31,5.854,7.77,3.72,52.24,69.01,5.071,11.03,73.5,1.526,3.09,6.838,1.258,4.887
101,2017,257,1400,12.1,6.086,2.564,2.603,9.99,4.912,4.849,2.842,-4.355,-2.884,3.599,47.5,8.75,5.82,10.03,62.6,55.57,8.83,55.21,12.31,4.661,7.96,3.142,6.639,44.14,4.597,5.756,30.65,1.393,2.745,6.716,1.142,4.058
101,2017,257,1410,12.1,5.537,2.378,2.338,9.28,4.571,4.363,2.465,-3.713,-3.204,3.623,45.52,12.12,5.11,12.99,64.51,57.38,8.26,55.51,11.43,4.614,8.24,2.958,5.581,45.66,4.484,4.976,32.4,1.641,2.521,6.869,1.454,3.74
101,2017,257,1420,12.1,5.455,2.249,2.425,9.41,4.651,9.31,2.676,-.382,-3.078,3.969,45.33,7.5,5.42,12.94,65.81,56.69,8.14,56.24,11.42,5.011,7.63,2.924,5.882,46.09,4.641,5.257,34.21,1.583,2.643,6.676,1.256,4.711
101,2017,257,1430,12.1,4.283,1.805,2.058,7.23,3.988,24.54,2.658,9.51,-2.929,4.026,44.79,7.34,5.092,24.35,75.6,64.82,6.341,63.14,9.79,4.706,7.01,2.425,5.532,52.03,4.113,4.407,48.71,1.278,2.494,6.408,1.248,15.74
101,2017,257,1440,12.11,4.432,1.991,4.614,7.55,6.031,8.35,3.467,-4.614,-2.452,19.31,56.17,7.22,4.974,42.4,115.2,101.9,6.584,94.5,10.09,4.403,8.18,2.596,22.02,79.9,3.824,4.924,90.2,1.365,2.676,6.887,1.392,76.5
101,2017,257,1450,12.11,2.444,1.66,2.983,4.616,4.892,3.182,2.104,-7.53,-3.174,63.34,46.93,4.179,3.018,29.88,116.2,101.6,4.417,89.4,6.659,3.758,4.921,1.819,3.201,80.6,3.063,3.078,49.69,1.032,1.908,5.331,1.157,94.5
101,2017,257,1500,12.11,1.822,.883,1.052,3.46,2.705,2.05,1.527,-6.622,-3.522,25.12,34.11,3.586,2.586,6.395,86.1,74.6,3.552,63.9,5.763,8.05,5.363,4.018,2.658,60.95,2.774,2.397,12.27,.844,1.539,4.53,.956,4.76
101,2017,257,1510,12.11,1.876,1.022,1.285,3.599,3.14,2.269,1.69,-7.63,-2.814,6.271,37.67,4.956,2.775,6.944,102.1,87.9,3.725,74.5,6.666,6.594,11.16,17.78,3.335,72.1,3.934,2.897,14.5,.884,1.723,5.961,1.156,15.68
101,2017,257,1520,12.11,2.135,.992,1.206,4.098,2.986,2.142,1.717,-6.396,-2.38,2.809,31.41,5.001,2.514,5.919,75,62.8,4.196,53.5,7.21,4.328,4.323,1.841,3.408,52.72,4.19,2.69,13.35,.725,1.462,5.713,.901,6.557
101,2017,257,1530,12.11,3.299,1.37,1.645,5.725,3.266,2.676,2.256,-6.14,-1.526,3.025,34.05,5.499,3.38,6.711,77.1,65,5.462,54.35,11.27,5.368,5.227,2.151,4.113,54.64,4.051,3.351,17.9,.943,1.805,6.783,1.059,3.604
101,2017,257,1540,12.11,3.296,1.405,1.621,5.872,3.598,2.646,2.301,-5.922,-1.204,3.037,31.73,4.695,3.67,6.597,66.64,57.92,5.47,47.04,13.73,4.958,5.574,2.211,4.018,48.89,3.817,3.179,17.04,.975,1.8,6.929,1.043,3.284
101,2017,257,1550,12.11,3.521,1.465,1.524,6.215,3.715,2.527,2.204,-3.013,-1.27,2.686,27.86,3.353,3.616,5.304,47.99,43.41,5.383,34.48,7.63,4.522,5.897,2.197,3.762,36.89,3.713,3.01,15.92,.93,1.653,5.882,1.048,2.583
101,2017,257,1600,12.11,3.038,1.303,1.313,5.587,3.445,2.279,1.955,-2.45,-1.243,2.325,24.95,2.929,3.345,4.839,39.93,37,4.708,29.53,6.452,3.355,5.529,1.963,3.413,31.69,3.249,2.712,14.73,.859,1.521,5.288,.96,2.395
101,2017,257,1610,12.11,2.81,1.154,1.139,5.103,3.043,1.963,1.752,-3.979,-1.44,1.97,22.12,2.564,2.837,3.968,34.56,32.53,4.348,25.48,5.633,2.782,5.015,1.78,2.993,27.96,2.844,2.328,11.88,.745,1.28,4.51,.864,1.96
101,2017,257,1620,12.11,2.822,1.11,1.052,5.046,2.861,1.777,1.444,-6.527,-1.757,1.703,20.33,2.177,2.769,3.522,27.62,26.76,4.011,22.4,4.942,1.785,4.772,1.574,2.504,22.66,2.321,2.186,10.74,.677,1.196,3.768,.71,1.64
101,2017,257,1630,12.11,2.514,.973,.883,4.499,2.415,1.457,1.142,-7.4,-1.996,1.4,16.81,1.603,2.248,2.693,22.09,21.87,3.497,18.11,4.035,1.38,4.05,1.342,1.934,18.4,1.866,1.814,8.16,.544,.96,3.008,.569,1.179
101,2017,257,1640,12.11,2.295,.901,.873,4.11,2.425,1.502,1.296,-9.42,-2.032,1.564,16.58,1.821,2.251,3.058,24.68,23.42,3.296,19.13,3.996,1.866,3.924,1.347,2.13,20.24,2.068,1.805,9.29,.568,1.005,3.438,.623,1.487
101,2017,257,1650,12.11,1.878,.772,.786,3.489,2.223,1.362,1.255,-7.64,-2.333,1.466,15.08,1.755,1.985,2.933,24.67,23,2.919,17.75,3.807,1.973,3.586,1.268,2.099,20.38,2.095,1.615,8.87,.518,.915,3.331,.643,1.44
101,2017,257,1700,12.1,1.662,.652,.637,3.075,1.839,1.124,.988,-8.67,-2.819,1.186,12.67,1.365,1.64,2.261,19.47,18.27,2.523,14.34,3.131,1.536,3.028,1.055,1.642,16.04,1.688,1.342,6.913,.432,.745,2.551,.504,1.062
101,2017,257,1710,12.1,1.417,.549,.503,2.592,1.468,.886,.712,-8.68,-3.33,.891,10.28,1.05,1.325,1.689,14.48,13.86,2.086,11.23,2.523,1.055,2.466,.809,1.216,11.95,1.23,1.072,4.996,.353,.565,1.91,.387,.757
101,2017,257,1720,12.1,1.159,.442,.437,2.104,1.203,.727,.601,-8.9,-3.738,.727,8.45,.881,1.102,1.432,12.34,11.79,1.704,9.36,2.072,.888,1.997,.672,1.03,10.19,1.044,.89,4.363,.293,.482,1.575,.332,.65
101,2017,257,1730,12.1,.923,.382,.359,1.685,.965,.578,.471,-9.42,-4.064,.571,6.758,.679,.841,1.096,9.74,9.25,1.367,7.38,1.655,.689,1.587,.524,.796,8.02,.828,.695,3.342,.24,.405,1.26,.271,.481
101,2017,257,1740,12.1,.73,.303,.288,1.34,.774,.462,.405,-9.77,-4.438,.481,5.363,.541,.674,.913,8.27,7.84,1.094,6.006,1.329,.622,1.305,.441,.65,6.844,.702,.541,2.686,.191,.322,1.02,.213,.424
101,2017,257,1750,12.1,.514,.218,.201,.962,.561,.354,.302,-10.07,-4.854,.36,3.822,.397,.474,.627,5.84,5.606,.776,4.182,.948,.442,.96,.343,.477,4.939,.514,.397,1.835,.131,.226,.702,.166,.293
101,2017,257,1800,12.1,.359,.141,.126,.606,.36,.214,.173,-11.88,-5.383,.209,2.398,.24,.313,.379,3.322,3.291,.488,2.511,.578,.248,.591,.208,.293,2.835,.318,.25,1.056,.079,.134,.417,.097,.164
101,2017,257,1810,12.1,.183,.069,.057,.315,.169,.101,.08,-15.57,-5.882,.099,1.124,.112,.152,.174,1.439,1.427,.25,1.161,.286,.101,.293,.095,.127,1.22,.139,.119,.476,.04,.062,.188,.044,.074
101,2017,257,1820,12.1,.06,.023,.02,.104,.052,.032,.027,-14.1,-6.368,.03,.365,.035,.05,.052,.434,.434,.08,.367,.092,.028,.092,.032,.045,.369,.045,.042,.156,.003,.027,.057,.012,.02
101,2017,257,1830,12.1,.01,0,0,.018,.007,0,0,-16.39,-6.812,0,.074,0,.007,.007,.089,.089,.015,.075,.017,0,.02,0,.002,.074,.008,.002,.032,0,0,.008,0,0
101,2017,257,1840,12.1,0,0,0,0,0,0,0,-17.59,-7.12,0,.005,0,0,0,.005,.003,0,.002,0,0,0,0,0,0,0,0,0,0,0,0,0,0
101,2017,257,1850,12.1,0,0,0,0,0,0,0,-17.75,-7.34,0,0,0,0,0,0,0,0,0,0,0,0,0,0,0,0,0,0,0,0,0,0,0
101,2017,257,1900,12.09,0,0,0,0,0,0,0,-17.56,-7.63,0,0,0,0,0,0,0,0,0,0,0,0,0,0,0,0,0,0,0,0,0,0,0
101,2017,257,1910,12.09,0,0,0,0,0,0,0,-17.05,-7.95,0,0,0,0,0,0,0,0,0,0,0,0,0,0,0,0,0,0,0,0,0,0,0
101,2017,257,1920,12.09,0,0,0,0,0,0,0,-19.54,-8.12,0,0,0,0,0,0,0,0,0,0,0,0,0,0,0,0,0,0,0,0,0,0,0
101,2017,257,1930,12.09,0,0,0,0,0,0,0,-26.26,-8.23,0,0,0,0,0,0,0,0,0,0,0,0,0,0,0,0,0,0,0,0,0,0,0
101,2017,257,1940,12.09,0,0,0,0,0,0,0,-37.84,-8.06,0,0,0,0,0,0,0,0,0,0,0,0,0,0,0,0,0,0,0,0,0,0,0
101,2017,257,1950,12.09,0,0,0,0,0,0,0,-40.3,-8.24,0,0,0,0,0,0,0,0,0,0,0,0,0,0,0,0,0,0,0,0,0,0,0
101,2017,257,2000,12.09,0,0,0,0,0,0,0,-42.73,-8.57,0,0,0,0,0,0,0,0,0,0,0,0,0,0,0,0,0,0,0,0,0,0,0
101,2017,257,2010,12.09,0,0,0,0,0,0,0,-42.92,-8.94,0,0,0,0,0,0,0,0,0,0,0,0,0,0,0,0,0,0,0,0,0,0,0
101,2017,257,2020,12.09,0,0,0,0,0,0,0,-42.62,-9.13,0,0,0,0,0,0,0,0,0,0,0,0,0,0,0,0,0,0,0,0,0,0,0
101,2017,257,2030,12.09,0,0,0,0,0,0,0,-42.97,-9.03,0,0,0,0,0,0,0,0,0,0,0,0,0,0,0,0,0,0,0,0,0,0,0
101,2017,257,2040,12.09,0,0,0,0,0,0,0,-44.19,-9.27,0,0,0,0,0,0,0,0,0,0,0,0,0,0,0,0,0,0,0,0,0,0,0
101,2017,257,2050,12.09,0,0,0,0,0,0,0,-43.02,-9.41,0,0,0,0,0,0,0,0,0,0,0,0,0,0,0,0,0,0,0,0,0,0,0
101,2017,257,2100,12.09,0,0,0,0,0,0,0,-42.72,-9.46,0,0,0,0,0,0,0,0,0,0,0,0,0,0,0,0,0,0,0,0,0,0,0
101,2017,257,2110,12.09,0,0,0,0,0,0,0,-42.02,-9.57,0,0,0,0,0,0,0,0,0,0,0,0,0,0,0,0,0,0,0,0,0,0,0
101,2017,257,2120,12.09,0,0,0,0,0,0,0,-41.74,-9.64,0,0,0,0,0,0,0,0,0,0,0,0,0,0,0,0,0,0,0,0,0,0,0
101,2017,257,2130,12.09,0,0,0,0,0,0,0,-41.02,-9.75,0,0,0,0,0,0,0,0,0,0,0,0,0,0,0,0,0,0,0,0,0,0,0
101,2017,257,2140,12.09,0,0,0,0,0,0,0,-39.7,-9.97,0,0,0,0,0,0,0,0,0,0,0,0,0,0,0,0,0,0,0,0,0,0,0
101,2017,257,2150,12.09,0,0,0,0,0,0,0,-38.82,-10.01,0,0,0,0,0,0,0,0,0,0,0,0,0,0,0,0,0,0,0,0,0,0,0
101,2017,257,2200,12.09,0,0,0,0,0,0,0,-38.64,-9.94,0,0,0,0,0,0,0,0,0,0,0,0,0,0,0,0,0,0,0,0,0,0,0
101,2017,257,2210,12.09,0,0,0,0,0,0,0,-38.58,-9.96,0,0,0,0,0,0,0,0,0,0,0,0,0,0,0,0,0,0,0,0,0,0,0
101,2017,257,2220,12.09,0,0,0,0,0,0,0,-38.27,-9.86,0,0,0,0,0,0,0,0,0,0,0,0,0,0,0,0,0,0,0,0,0,0,0
101,2017,257,2230,12.09,0,0,0,0,0,0,0,-38.49,-9.91,0,0,0,0,0,0,0,0,0,0,0,0,0,0,0,0,0,0,0,0,0,0,0
101,2017,257,2240,12.09,0,0,0,0,0,0,0,-38.7,-9.92,0,0,0,0,0,0,0,0,0,0,0,0,0,0,0,0,0,0,0,0,0,0,0
101,2017,257,2250,12.08,0,0,0,0,0,0,0,-39.14,-9.96,0,0,0,0,0,0,0,0,0,0,0,0,0,0,0,0,0,0,0,0,0,0,0
101,2017,257,2300,12.09,0,0,0,0,0,0,0,-39.88,-9.98,0,0,0,0,0,0,0,0,0,0,0,0,0,0,0,0,0,0,0,0,0,0,0
101,2017,257,2310,12.09,0,0,0,0,0,0,0,-39.97,-10.09,0,0,0,0,0,0,0,0,0,0,0,0,0,0,0,0,0,0,0,0,0,0,0
101,2017,257,2320,12.09,0,0,0,0,0,0,0,-39.5,-10.27,0,0,0,0,0,0,0,0,0,0,0,0,0,0,0,0,0,0,0,0,0,0,0
101,2017,257,2330,12.08,0,0,0,0,0,0,0,-37.35,-10.65,0,0,0,0,0,0,0,0,0,0,0,0,0,0,0,0,0,0,0,0,0,0,0
101,2017,257,2340,12.08,0,0,0,0,0,0,0,-36.08,-11.86,0,0,0,0,0,0,0,0,0,0,0,0,0,0,0,0,0,0,0,0,0,0,0
101,2017,257,2350,12.08,0,0,0,0,0,0,0,-37.09,-13.35,0,0,0,0,0,0,0,0,0,0,0,0,0,0,0,0,0,0,0,0,0,0,0
101,2017,257,2400,12.08,0,0,0,0,0,0,0,-37.54,-14.29,0,0,0,0,0,0,0,0,0,0,0,0,0,0,0,0,0,0,0,0,0,0,0
102,2017,257,2400,12.07,5266
101,2017,258,10,12.08,0,0,0,0,0,0,0,-37.14,-14.93,0,0,0,0,0,0,0,0,0,0,0,0,0,0,0,0,0,0,0,0,0,0,0
101,2017,258,20,12.08,0,0,0,0,0,0,0,-37.97,-15.29,0,0,0,0,0,0,0,0,0,0,0,0,0,0,0,0,0,0,0,0,0,0,0
101,2017,258,30,12.08,0,0,0,0,0,0,0,-38.83,-15.61,0,0,0,0,0,0,0,0,0,0,0,0,0,0,0,0,0,0,0,0,0,0,0
101,2017,258,40,12.08,0,0,0,0,0,0,0,-39.88,-15.94,0,0,0,0,0,0,0,0,0,0,0,0,0,0,0,0,0,0,0,0,0,0,0
101,2017,258,50,12.08,0,0,0,0,0,0,0,-40.1,-16.11,0,0,0,0,0,0,0,0,0,0,0,0,0,0,0,0,0,0,0,0,0,0,0
101,2017,258,100,12.08,0,0,0,0,0,0,0,-41.01,-16.33,0,0,0,0,0,0,0,0,0,0,0,0,0,0,0,0,0,0,0,0,0,0,0
101,2017,258,110,12.08,0,0,0,0,0,0,0,-40.09,-16.1,0,0,0,0,0,0,0,0,0,0,0,0,0,0,0,0,0,0,0,0,0,0,0
101,2017,258,120,12.08,0,0,0,0,0,0,0,-41.75,-16.47,0,0,0,0,0,0,0,0,0,0,0,0,0,0,0,0,0,0,0,0,0,0,0
101,2017,258,130,12.08,0,0,0,0,0,0,0,-40.87,-16.26,0,0,0,0,0,0,0,0,0,0,0,0,0,0,0,0,0,0,0,0,0,0,0
101,2017,258,140,12.08,0,0,0,0,0,0,0,-39.92,-16.25,0,0,0,0,0,0,0,0,0,0,0,0,0,0,0,0,0,0,0,0,0,0,0
101,2017,258,150,12.08,0,0,0,0,0,0,0,-38.98,-15.67,0,0,0,0,0,0,0,0,0,0,0,0,0,0,0,0,0,0,0,0,0,0,0
101,2017,258,200,12.08,0,0,0,0,0,0,0,-39.77,-15.5,0,0,0,0,0,0,0,0,0,0,0,0,0,0,0,0,0,0,0,0,0,0,0
101,2017,258,210,12.08,0,0,0,0,0,0,0,-39.2,-15.42,0,0,0,0,0,0,0,0,0,0,0,0,0,0,0,0,0,0,0,0,0,0,0
101,2017,258,220,12.08,0,0,0,0,0,0,0,-38.84,-15.27,0,0,0,0,0,0,0,0,0,0,0,0,0,0,0,0,0,0,0,0,0,0,0
101,2017,258,230,12.08,0,0,0,0,0,0,0,-39.64,-15.53,0,0,0,0,0,0,0,0,0,0,0,0,0,0,0,0,0,0,0,0,0,0,0
101,2017,258,240,12.08,0,0,0,0,0,0,0,-41.07,-15.78,0,0,0,0,0,0,0,0,0,0,0,0,0,0,0,0,0,0,0,0,0,0,0
101,2017,258,250,12.08,0,0,0,0,0,0,0,-40.63,-15.99,0,0,0,0,0,0,0,0,0,0,0,0,0,0,0,0,0,0,0,0,0,0,0
101,2017,258,300,12.08,0,0,0,0,0,0,0,-40.73,-16.1,0,0,0,0,0,0,0,0,0,0,0,0,0,0,0,0,0,0,0,0,0,0,0
101,2017,258,310,12.08,0,0,0,0,0,0,0,-40.72,-16.07,0,0,0,0,0,0,0,0,0,0,0,0,0,0,0,0,0,0,0,0,0,0,0
101,2017,258,320,12.08,0,0,0,0,0,0,0,-40.87,-16.15,0,0,0,0,0,0,0,0,0,0,0,0,0,0,0,0,0,0,0,0,0,0,0
101,2017,258,330,12.08,0,0,0,0,0,0,0,-41.18,-15.99,0,0,0,0,0,0,0,0,0,0,0,0,0,0,0,0,0,0,0,0,0,0,0
101,2017,258,340,12.07,0,0,0,0,0,0,0,-42.15,-16.18,0,0,0,0,0,0,0,0,0,0,0,0,0,0,0,0,0,0,0,0,0,0,0
101,2017,258,350,12.07,0,0,0,0,0,0,0,-41.62,-16.54,0,0,0,0,0,0,0,0,0,0,0,0,0,0,0,0,0,0,0,0,0,0,0
101,2017,258,400,12.07,0,0,0,0,0,0,0,-41.26,-16.89,0,0,0,0,0,0,0,0,0,0,0,0,0,0,0,0,0,0,0,0,0,0,0
101,2017,258,410,12.07,0,0,0,0,0,0,0,-41.69,-17.04,0,0,0,0,0,0,0,0,0,0,0,0,0,0,0,0,0,0,0,0,0,0,0
101,2017,258,420,12.07,0,0,0,0,0,0,0,-43.02,-17.42,0,0,0,0,0,0,0,0,0,0,0,0,0,0,0,0,0,0,0,0,0,0,0
101,2017,258,430,12.07,0,0,0,0,0,0,0,-45.46,-18.03,0,0,0,0,0,0,0,0,0,0,0,0,0,0,0,0,0,0,0,0,0,0,0
101,2017,258,440,12.07,0,0,0,0,0,0,0,-46.44,-18.09,0,0,0,0,0,0,0,0,0,0,0,0,0,0,0,0,0,0,0,0,0,0,0
101,2017,258,450,12.07,0,0,0,0,0,0,0,-50,-18.95,0,0,0,0,0,0,0,0,0,0,0,0,0,0,0,0,0,0,0,0,0,0,0
101,2017,258,500,12.07,0,0,0,0,0,0,0,-52.38,-19.32,0,0,0,0,0,0,0,0,0,0,0,0,0,0,0,0,0,0,0,0,0,0,0
101,2017,258,510,12.07,0,0,0,0,0,0,0,-54.44,-19.56,0,0,0,0,0,0,0,0,0,0,0,0,0,0,0,0,0,0,0,0,0,0,0
101,2017,258,520,12.07,0,0,0,0,0,0,0,-54.77,-19.47,0,0,0,0,0,0,0,0,0,0,0,0,0,0,0,0,0,0,0,0,0,0,0
101,2017,258,530,12.07,0,0,0,0,0,0,0,-53.58,-18.79,0,0,0,0,0,0,0,0,0,0,0,0,0,0,0,0,0,0,0,0,0,0,0
101,2017,258,540,12.07,0,0,0,0,0,0,0,-51.56,-18.24,0,0,0,0,0,0,0,0,0,0,0,0,0,0,0,0,0,0,0,0,0,0,0
101,2017,258,550,12.07,0,0,0,0,0,0,0,-50.4,-17.61,0,0,0,0,0,0,0,0,0,0,0,0,0,0,0,0,0,0,0,0,0,0,0
101,2017,258,600,12.07,0,0,0,0,0,0,0,-49.83,-17.44,0,.008,0,0,0,.003,0,0,.002,0,0,0,0,0,0,0,0,0,0,0,0,0,0
101,2017,258,610,12.07,.015,0,0,.018,.008,.005,.003,-49.58,-17.41,0,.099,.003,.013,.005,.064,.062,.025,.069,.02,0,.027,.007,.008,.049,.007,.002,.018,0,.002,.003,0,0
101,2017,258,620,12.07,.059,.032,.027,.111,.054,.037,.034,-50,-17.14,.032,.518,.037,.054,.042,.372,.389,.109,.391,.109,.028,.126,.039,.04,.312,.039,.035,.104,.005,.03,.042,.023,.018
101,2017,258,630,12.07,.171,.072,.047,.327,.159,.111,.059,-52.11,-17.28,.077,1.646,.101,.164,.121,1.116,1.16,.334,1.189,.32,.077,.389,.122,.126,.925,.121,.109,.29,.034,.05,.121,.034,.049
101,2017,258,640,12.07,.33,.139,.092,.605,.305,.213,.117,-44.62,-17.39,.151,3.192,.193,.305,.231,2.22,2.327,.609,2.319,.578,.149,.743,.235,.241,1.873,.226,.213,.526,.057,.101,.231,.059,.087
101,2017,258,650,12.07,.495,.228,.149,.981,.463,.332,.181,17.15,-18.34,.238,5.011,.29,.466,.367,3.519,3.702,.966,3.65,.919,.235,1.194,.367,.379,2.986,.359,.327,.826,.094,.158,.362,.101,.146
101,2017,258,700,12.07,.666,.307,.198,1.343,.612,.438,.243,3.376,-18.13,.327,6.786,.391,.609,.459,4.679,4.95,1.311,4.942,1.251,.324,1.613,.463,.481,3.99,.458,.422,1.123,.124,.21,.456,.131,.189
101,2017,258,710,12.07,.826,.377,.238,1.651,.749,.513,.292,-31.41,-17.38,.404,8.32,.444,.743,.543,5.718,5.968,1.675,9.34,1.573,.401,1.97,.563,.578,4.832,.565,.503,1.386,.159,.246,.557,.168,.233
101,2017,258,720,12.07,.946,.429,.295,1.911,.87,.619,.347,-33.39,-16.9,.473,35.58,.604,.894,.713,9.32,6.917,11.22,30.48,1.941,.443,2.406,.736,.719,5.507,.716,.625,1.578,.186,.302,.645,.183,.283
101,2017,258,730,12.07,1.063,.456,.354,2.156,1.026,.764,.421,-34.3,-16.54,.568,59.18,.998,1.085,.924,10.53,7.65,9.98,38.42,2.29,.49,4.05,2.998,1.127,6.282,.758,.77,1.757,.226,.357,.733,.226,.365
101,2017,258,740,12.07,1.163,.491,.419,2.382,1.242,.929,.468,-34.98,-15.7,.666,66.83,1.204,1.343,1.033,10.84,8.26,2.897,44.92,2.563,.545,5.477,6.694,1.323,6.613,.818,.992,1.92,.255,.411,.821,.246,.513
101,2017,258,750,12.07,1.297,.551,.468,2.67,1.453,1.091,.607,-33.07,-14.51,.779,75.2,1.334,1.978,1.177,10.84,8.92,3.032,52.21,2.813,.593,5.354,9.74,1.47,7.84,.888,3.941,2.117,.362,.437,.895,.352,.436
101,2017,258,800,12.07,1.485,.627,.558,3.067,1.725,1.319,.714,-29.95,-13.7,.888,80.9,1.27,11.56,1.267,11.01,9.5,3.418,57.81,5.293,.652,4.968,2.901,1.627,7.55,.957,1.011,2.273,.322,.521,.94,.302,.461
101,2017,258,810,12.07,1.636,.724,.706,3.567,2.154,3.746,.798,-22.96,-13.29,1.022,87.6,1.334,6.097,1.358,11.42,13.87,7.9,64.2,3.474,.699,5.249,2.058,1.775,9,1.056,2.077,2.393,.354,.499,.994,.334,.498
101,2017,258,820,12.07,1.793,.747,.808,4.787,2.64,20.67,2.591,-1.059,-12.39,1.069,91.1,1.379,2.093,1.396,11.78,27.08,7.19,68.35,4.034,.793,5.388,2.011,2.013,10.43,1.096,2.023,2.47,.369,.533,1.031,.365,.51
101,2017,258,830,12.07,1.937,.833,.918,29.69,2.837,29.94,15.99,9.39,-5.91,1.143,95.4,1.416,2.17,1.456,13.78,31.95,4.646,73.1,40.72,.898,5.489,2.18,17.67,10.06,1.141,1.289,2.566,.402,1.766,1.842,.375,2.549
101,2017,258,840,12.08,2.004,.939,1.208,49.17,2.973,33.19,2.082,13.69,-11.45,1.227,100.6,1.478,2.237,1.54,17.34,37.18,10.41,78.6,10.52,.875,5.641,5.826,49.11,10.32,1.205,1.289,2.665,.402,.603,1.322,.404,1.177
101,2017,258,850,12.08,2.167,3.816,1.192,48.18,5.625,38.14,1.999,17.86,-11.1,7.8,104.5,1.468,2.315,1.585,21.95,42.62,33.43,83.1,14.65,.905,5.74,2.169,55.31,10.36,1.294,1.354,2.725,.414,.623,1.133,.417,.585
101,2017,258,900,12.08,2.132,1.337,1.18,45.37,28.82,43.25,1.508,20.67,-10.54,41.67,106.8,1.473,2.423,1.642,26.3,47.81,59.53,86.3,5.193,.923,5.72,1.981,50.91,10.26,1.361,1.424,2.74,.491,.637,1.158,.436,.948
101,2017,258,910,12.08,2.138,3.1,1.26,42.04,53.48,49.82,.839,25.1,-9.94,7.27,111.9,1.488,31,1.736,31.42,54.52,79,91.9,30.47,.962,5.721,1.949,12.54,10.67,1.481,1.654,2.845,.437,.67,1.215,.436,.625
101,2017,258,920,12.08,2.217,7.05,1.397,38.11,36.17,41.66,.841,19.95,-9.98,1.505,115.6,1.545,28.04,1.868,36.44,60.55,88,96.2,67.8,1.007,5.908,6.796,72.7,10.92,1.974,1.603,2.952,.436,.722,1.28,.459,.637
101,2017,258,930,12.08,2.265,4.726,1.489,32.94,15.63,5.738,.999,-3.798,-10.22,1.588,117.7,1.568,3.046,2.563,41.15,65.48,79.9,99.1,5.098,1.082,6.151,24.98,50.19,11.31,17.06,1.635,3.068,.436,.736,1.325,.469,.687
101,2017,258,940,12.08,2.473,1.399,1.483,28.16,4.668,20.08,.876,3.21,-10.55,3.041,120.3,1.597,3.324,2.202,46.88,70.5,9.14,102.7,5.031,1.153,10.73,3.388,27.49,12.89,42.73,2.126,3.247,.464,.774,1.369,.494,.786
101,2017,258,950,12.08,2.826,1.533,1.491,23.08,3.324,16.51,.925,3.213,-10.71,1.669,121.9,1.665,49.24,3.822,52.14,74.8,5.908,105.6,7.53,1.235,40.91,2.178,9.79,15.37,7.81,3.036,3.433,.469,.843,1.397,.514,.808
101,2017,258,1000,12.09,9.72,1.87,1.494,18.5,3.289,2.089,.95,-4.234,-10.73,2.46,121.2,1.669,50.34,16.08,56.2,77.3,32.05,106.4,46.98,1.26,65.26,1.841,2.014,18.38,2.322,56.62,8.33,.452,1.05,1.411,.541,.804
101,2017,258,1010,12.09,9.68,4.192,2.473,14.99,3.322,1.955,.982,-5.727,-10.4,1.954,123.8,1.699,36.99,10.38,61.71,81.6,91.3,110,27.2,1.349,71.9,1.788,2.086,22.61,2.857,50.15,6.315,.467,.838,1.466,.545,.858
101,2017,258,1020,12.09,39.7,2.694,7.25,13.66,4.765,13.36,1.005,1.188,-9.43,10.15,125.7,1.722,4.428,20.65,67.4,85.5,101.3,113,26.61,1.419,72.3,1.783,2.046,27.03,3.106,45.61,3.696,.476,.854,1.51,.57,4.767
101,2017,258,1030,12.09,63.1,2.535,1.531,16.29,5.279,5.918,3.736,-4.492,-7.64,3.954,126.7,1.742,2.014,31.06,73.4,89,70.5,115.3,105.7,1.521,50.11,1.819,2.039,31.04,47.22,44.72,3.879,.503,10.33,2.275,.581,1.025
101,2017,258,1040,12.09,98.7,2.845,2.877,23.29,13.84,1.709,2.392,-7.06,-7.06,3.622,126,1.744,1.989,18.57,78.2,91.3,10.55,116.1,10.16,1.685,34.52,1.915,2.041,34.56,97.4,28.79,4.083,.503,.958,1.66,.603,.87
101,2017,258,1050,12.09,81.4,13.32,18.23,31.95,18.57,5.681,1.285,-4.728,-6.867,4.225,125.9,1.793,1.997,2.341,83.1,93.9,41.98,117.5,5.716,3.121,37.57,1.726,2.044,37.93,100.4,7.79,4.356,.504,.952,1.654,.633,.91
101,2017,258,1100,12.09,98.2,80,1.618,42.48,2.902,9.01,1.124,-.98,-7.04,1.622,125.5,1.849,1.995,10.35,87.5,96.5,6.642,118.6,5.698,3.443,29.96,1.697,2.052,41.52,103.2,1.952,9.98,.533,.968,1.682,.69,.977
101,2017,258,1110,12.09,93,4.248,1.457,52.43,6.057,5.062,1.153,-4.721,-6.595,1.606,124.7,1.928,1.948,6.957,91.3,98.6,4.486,119.4,91.3,6.513,13.73,1.674,2.087,44.91,105.3,1.977,25.73,.539,1.168,1.714,.668,1.086
101,2017,258,1120,12.09,23.88,2.218,1.801,60.2,2.344,1.695,1.176,-5.635,-7.07,1.63,122.7,2.109,1.96,2.498,94.6,100.2,4.375,119.7,23.35,6.721,19.82,1.642,2.106,48.45,106.3,9.22,49.45,.556,9.75,1.787,.807,1.117
101,2017,258,1130,12.09,57.08,8.24,1.724,69.66,2.213,1.692,1.233,-5.63,-6.962,23.13,119.4,1.972,1.975,2.593,98.4,102.8,4.235,120.8,9.02,3.61,18.84,1.653,2.447,52.17,47.3,23.35,13.97,.576,27.72,1.853,.673,1.121
101,2017,258,1140,12.09,99.3,64.96,1.293,75.7,2.105,1.846,1.226,-3.945,-6.819,1.809,113.1,2.007,1.95,2.615,100.3,103.6,4.109,119.9,103.4,9.72,6.34,1.693,2.174,55.04,2.626,2.28,83.7,.569,1.812,2.02,.647,1.166
101,2017,258,1150,12.09,41.01,75.3,1.238,80.3,2.067,1.673,1.206,.055,-7.05,1.561,108.2,2.017,1.931,2.67,103.7,106.2,3.966,121,114.8,18.44,6.077,1.625,9.51,58.87,2.425,13.26,94.2,.588,2.939,38.9,.663,1.114
101,2017,258,1200,12.09,3.01,19.06,1.191,80.9,1.98,4.572,1.219,-1.424,-6.581,1.874,102.4,2.043,1.909,2.807,106.8,108.7,3.844,121.6,104.9,7.92,4.763,1.589,2.97,62.26,2.187,2.115,97.5,.628,6.204,20.69,.769,1.115
101,2017,258,1210,12.1,14.52,1.857,1.945,33.53,1.894,1.605,1.223,-4.946,-5.882,1.536,95.3,2.047,1.933,3.181,108.7,110.1,3.727,121,53.29,2.769,4.519,1.511,2.259,65.01,2.109,2.092,99.8,.69,1.085,17.54,.722,1.203
101,2017,258,1220,12.09,3.062,2.001,9.83,4.306,1.879,1.968,1.204,-8.24,-5.184,1.533,88.5,2.117,1.966,5.355,110.7,111.3,3.727,120.3,5.805,2.839,4.363,24.95,2.385,67.44,2.129,2.412,101.6,.685,1.104,6.768,.851,1.248
101,2017,258,1230,12.1,3.82,1.651,20.35,4.013,1.921,17.73,1.266,3.571,-4.333,1.544,83.6,2.285,2.037,10.23,112.6,112,3.789,119.2,5.545,5.45,4.273,2.176,2.269,69.82,2.206,39.47,102.6,.703,1.213,3.909,.765,1.429
101,2017,258,1240,12.1,3.613,1.826,4.701,4.386,2.048,9.54,1.286,-6.359,-4.015,1.651,83.4,3.48,3.936,16.47,115.8,114.6,4.145,120.1,15.64,10.1,4.474,1.683,2.547,72.8,2.336,95.5,105.3,.822,1.367,3.614,.802,1.638
101,2017,258,1250,12.1,3.145,1.821,1.43,3.738,1.852,10.74,1.182,-6.877,-3.782,1.514,82,22.95,24.45,2.97,115.5,113.6,3.872,117.7,99,2.353,4.266,1.611,2.323,73.8,2.343,92.3,105.9,.797,1.347,3.551,.804,1.474
101,2017,258,1300,12.1,3.268,1.377,7.03,3.532,1.839,5.078,1.192,-9.53,-3.207,1.516,79.1,57.54,2.022,3.926,116.5,113.8,3.524,115.9,81.6,2.434,4.016,2.579,2.316,75.7,2.325,80.7,107,.827,25.77,3.616,.874,1.484
101,2017,258,1310,12.1,2.34,1.358,9.97,3.427,1.811,2.291,1.171,-11.89,-2.784,1.481,76.3,58.9,1.978,24.1,117.4,114,3.422,114,12.4,2.787,3.902,4.557,2.596,77.1,2.164,54.85,107.8,.836,1.611,3.583,.925,1.548
101,2017,258,1320,12.1,2.221,2.99,1.375,3.301,1.934,1.884,1.162,-13.62,-2.703,1.46,72.5,98.1,1.939,3.182,118,114.2,3.273,111.8,4.909,5.711,3.794,1.759,2.775,78.2,2.137,15.05,108.2,1.325,1.628,3.514,.97,1.477
101,2017,258,1330,12.1,2.281,1.321,1.028,3.181,7.78,5.143,1.112,-12.24,-2.279,1.442,68.62,74.1,1.941,4.601,118.5,114.6,3.11,109.7,4.834,5.242,7.85,1.45,10.75,79.3,2.127,4.01,108.7,1.146,2.169,3.621,.995,8.29
101,2017,258,1340,12.1,12.34,1.12,1.053,3.087,1.876,9.26,1.117,-9.84,-2.115,1.698,64.15,57.35,2.63,60.03,118.8,113.9,3.013,107.5,4.479,4.574,6.828,1.432,79.9,80.1,2.097,7.59,108.8,.919,1.467,3.773,1.038,3.209
101,2017,258,1350,12.1,5.79,.998,.908,3.05,2.346,4.306,1.231,-14.34,-1.876,2.765,59.68,90.6,2.047,74,118.8,112.6,2.926,105.1,4.375,3.423,3.511,1.677,110.6,80.7,2.099,22.65,108.7,.817,1.467,3.886,1.015,1.651
101,2017,258,1400,12.1,1.97,.928,.908,2.928,2.965,57.53,1.489,24.39,-1.603,1.439,54.83,88.3,2.889,74.7,118.5,110.3,2.879,102.5,4.142,2.697,6.912,1.365,8.99,81.2,2.043,6.909,108.1,.839,1.491,3.995,1.754,3.11