101,2017,282,810,11.89,2.891,1.009,1.046,55.29,2.811,3.102,.711,-17.96,-22.38,2.633,95.3,22.76,4.577,1.349,15.06,11.69,60.27,79.1,40.64,.823,26.41,2.34,2.1,9.13,1.091,1.252,2.49,.404,.754,1.052,.484,.583
101,2017,282,820,11.89,2.189,2.807,1.118,66.44,2.928,3.363,.903,2.624,-21.84,30.64,99.4,24.61,2.593,1.388,19.28,39.13,65.72,83.9,20.07,.836,48.69,25.38,8.3,8.91,1.163,1.322,2.564,.431,5.715,1.076,.513,.669
101,2017,282,830,11.89,2.649,5.571,1.232,69.99,3.356,20.3,.885,14.18,-21.39,59.1,103.3,1.573,8.13,1.567,24.1,49.39,71,88.6,4.653,.87,67.32,11.69,48.64,8.46,1.218,1.399,2.639,.436,.677,1.123,.563,.627
101,2017,282,840,11.89,5.306,15.49,1.25,73.3,8.33,32.28,.873,24.67,-20.65,14.89,106.9,1.374,64.27,1.541,28.86,55.81,75.9,92.8,17.55,.905,71.3,2.027,6.323,10.19,1.287,1.486,2.714,.436,.714,1.345,1.858,.622
101,2017,282,850,11.89,12.94,52.52,1.536,76,26.18,33.62,1.163,26.71,-19.14,1.64,109.9,1.397,57.27,2.287,33.68,61.62,80.2,96.9,25.16,.963,59.01,2.135,41.3,18.95,1.371,2.597,2.806,.466,.757,1.181,.593,.689
101,2017,282,900,11.89,13.81,33.05,2.195,78.5,21.33,43.72,.952,33.85,-19.05,1.709,112.7,1.431,8.32,1.65,38.42,66.9,84,100.8,17.86,1.002,11.28,2.213,34.56,16.4,1.285,6.894,4.225,.504,.823,1.218,.608,.647
101,2017,282,910,11.89,3.089,82.1,1.52,79,64.99,58.12,2.173,44.03,-16.67,3.084,115.4,1.493,25.42,1.697,43.36,71.8,87.7,104.6,62.39,1.071,5.69,2.022,2.317,12.66,11.9,2.059,3.054,.538,.871,3.445,.648,3.56
101,2017,282,920,11.89,3.23,59.87,1.672,78.8,69.8,64.78,1.521,47.35,-16.28,1.667,117.6,1.525,22.42,9.16,48.69,76.4,91.5,107.9,26.77,1.131,5.794,2.047,2.116,26.68,1.746,2.191,3.059,.539,.982,12.88,.685,.786
101,2017,282,930,11.89,3.285,3.036,1.625,77.2,55.85,21.46,.97,16.49,-16.86,1.727,119.8,1.573,14.03,3.14,54.06,80.9,95,111.2,5.058,1.154,6.62,1.925,1.994,15,1.374,2.357,3.15,.556,13.6,3.376,.786,1.422
101,2017,282,940,11.89,21.9,37.21,1.528,75.4,22.32,18.09,.977,12.86,-17.78,37.04,121.6,1.567,18.14,1.818,59.07,85.1,95.3,114.2,4.462,1.221,5.757,1.893,1.99,36.45,1.513,2.709,3.235,.581,37.65,1.364,.876,13.39
101,2017,282,950,11.89,11.03,50.26,1.533,70.3,6.641,2.109,.98,3.568,-18.7,23.2,123.1,1.56,35.13,1.85,64.14,89.1,24.75,117,4.998,1.32,5.772,1.871,1.975,44.2,1.814,2.175,3.773,.55,1.308,1.503,3.146,27.2
101,2017,282,1000,11.89,41.33,18.75,1.538,64.3,3.267,1.95,1.035,-4.86,-17.65,1.856,124.2,1.595,9.7,1.883,69.46,92.8,10.48,119.5,61.52,1.444,6.651,1.948,1.962,48.48,2.895,2.007,3.434,.541,8.98,30.8,2.6,10.93
101,2017,282,1010,11.89,38.34,7.75,1.588,58.75,2.704,1.789,1.05,-14.04,-17.41,2.813,125.1,1.637,2.394,1.948,75.3,96.3,6.307,121.7,40.09,1.509,5.858,1.863,1.972,52.65,1.662,1.9,3.548,.539,1.101,16.4,.843,5.191
101,2017,282,1020,11.89,13.94,63.79,48.27,50.24,2.631,1.74,1.074,-12.38,-16.02,2.786,125.6,3.357,2.116,4.529,80.6,99.5,6.055,123.7,49.61,1.568,7.99,1.811,1.982,56.63,1.734,1.884,3.673,.538,1.534,5.966,.935,2.722
101,2017,282,1030,11.87,28.97,105.2,44.4,43.1,2.544,1.727,1.866,-10.23,-15.43,4.375,125.9,5.579,2.238,5.336,85.6,102.5,12.36,125.4,4.891,1.593,26.38,1.782,1.983,60.51,1.807,1.852,3.8,.546,1.159,1.883,1.007,.992
101,2017,282,1040,11.89,14.8,80.6,11.54,35.36,2.465,1.69,4.167,-11.48,-16.43,2.244,126.1,1.784,2.095,2.07,90.1,105.3,41.39,127,4.408,1.69,29.63,1.739,1.996,64.07,1.891,1.913,4.536,.561,1.043,16.83,1.276,1.057
101,2017,282,1050,11.91,20.39,6.862,8.39,27.63,2.382,3.311,1.427,-15.9,-16.4,1.894,123.6,1.77,2.057,2.117,94.1,107.8,67.9,128.2,4.418,1.79,22.24,4.901,2.048,67.31,1.918,1.883,16.87,.573,1.179,4.629,1.223,1.136
101,2017,282,1100,11.92,17.92,2.29,9.35,23.88,2.3,1.663,8.04,-14.49,-15.35,18.74,121.2,1.754,2.033,2.125,98,110.4,22.4,129.2,4.447,1.77,8.62,1.805,3.015,70.3,1.953,5.594,4.279,.573,1.055,1.683,1.355,1.3
101,2017,282,1110,11.92,38.47,2.191,7.01,20.55,2.211,1.65,3.32,-21.35,-15.21,7.94,117,1.733,2.015,2.211,101.4,112.7,4.177,130,4.442,24.7,5.353,1.732,23.76,73.2,3.991,1.862,4.942,.578,1.03,1.75,1.666,1.234
101,2017,282,1120,11.92,83.1,2.207,20.56,16.84,2.144,1.643,1.291,-20.17,-13.67,1.641,110.5,1.765,2.023,2.306,104.7,115,4.023,130.9,4.472,57.4,5.311,2.519,12.42,76.1,4.154,1.904,4.614,.591,1.038,1.894,2.429,1.236
101,2017,282,1130,11.91,92.5,2.176,41.35,17.2,2.072,1.68,2.179,-19.03,-12.61,6.215,103,1.769,1.996,2.313,107.6,117,3.921,131.3,4.53,14.1,8.75,4.877,2.164,78.6,1.975,2.001,4.948,.603,1.042,2.765,3.405,1.126
101,2017,282,1140,11.91,105.8,2.067,1.546,24.46,2.018,1.755,12.69,-19.08,-11.81,6.477,95.6,2.747,2.006,2.455,110.2,118.8,3.825,131.4,5.282,2.425,34.38,2.042,2.134,81.1,1.976,1.943,5.7,.61,1.072,14.41,2.147,1.157
101,2017,282,1150,11.91,103.8,2.315,1.243,35.92,1.98,5.42,3.706,-10.09,-12.82,1.583,90.3,5.552,2.001,2.331,112.7,120.4,3.77,131.4,5.582,8.78,73,1.588,2.154,83.4,1.975,1.995,56.02,.631,14.65,6.557,1.432,1.156
101,2017,282,1200,11.91,93.8,1.899,1.169,7.83,1.993,2.501,4.053,-15.28,-12.74,1.581,85.7,6.539,1.98,2.353,115,121.8,3.728,131,5.592,4.175,70.1,1.635,2.192,85.4,1.975,7.38,111.4,.635,11.03,2.554,1.318,1.286
101,2017,282,1210,11.9,5.267,1.804,1.141,13.89,1.986,1.697,1.286,-15.09,-14.87,1.574,75.8,9.57,1.996,3.633,117.1,123,3.656,130.3,5.487,12.41,18.14,1.703,2.191,87.2,1.981,28.35,114.3,.638,2.425,2.38,2.691,1.273
101,2017,282,1220,11.87,2.859,1.744,1.097,3.874,1.953,2.214,1.293,-17.81,-14.73,1.568,73.3,2.052,2.04,14.82,119,124.1,3.561,129.6,28.55,1.931,4.629,1.625,3.638,88.9,2.032,12.07,116.8,.665,2.439,2.8,1.04,1.275
101,2017,282,1230,11.91,2.812,1.658,1.043,3.747,2.532,1.591,1.28,-19.96,-14.17,1.735,71.7,2.082,2.052,3.142,120.6,124.7,3.469,128.4,94.9,2.035,4.539,3.182,2.214,90.2,2.078,15.43,118.2,.713,1.201,2.769,1.035,1.378
101,2017,282,1240,11.92,2.956,1.561,1.117,3.656,2.933,1.608,1.258,-21.21,-13.61,1.561,70.5,2.192,2.154,2.552,122.1,125.1,3.397,127,73.8,2.362,5.031,6.081,2.152,91.5,2.109,19.75,119.8,.792,1.194,2.859,1.03,1.601
101,2017,282,1250,11.92,2.563,1.474,4.792,3.569,21,1.896,1.209,-18.77,-12.46,1.546,69.37,15.47,2.229,18.68,123.4,125.2,3.33,125.4,21.7,6.718,24.62,3.613,2.139,92.3,2.107,48.06,120.5,.824,1.238,2.8,.993,4.08
101,2017,282,1300,11.92,6.838,1.402,1.09,3.472,1.869,1.834,1.177,-24.64,-12.44,3.544,67.25,59.53,2.159,3.807,124.5,125.2,3.248,123.9,4.375,2.017,22.53,1.593,2.135,93.4,2.063,21.35,121.6,.859,1.291,2.879,1.01,1.702
101,2017,282,1310,11.92,27.86,1.296,.99,3.358,2.022,25.12,1.174,-9.65,-11.68,1.511,65.53,29.65,2.139,33.19,125.4,125,3.177,121.9,4.174,2.06,4.139,1.548,2.127,94.2,2.043,7.37,122.1,.837,1.363,3.14,1.087,33.38
101,2017,282,1320,11.92,9.46,1.342,1.042,3.286,4.219,4.172,1.172,-15.46,-11.57,1.504,63.63,26.18,12.84,66.38,126,124.6,3.098,119.9,4.187,2.082,3.949,1.472,2.177,94.8,2.013,12.35,122.4,.851,1.377,3.311,1.115,10.8
101,2017,282,1330,11.93,2.117,1.136,1.161,3.383,2.124,1.507,1.174,-28.95,-11.14,1.543,62.43,26.4,51.02,6.75,126.4,124.2,3.005,117.7,4.1,2.405,3.869,1.477,2.219,95.4,1.996,8.59,122.7,.884,1.429,3.631,1.156,21.5
101,2017,282,1340,11.93,2.137,1.084,1.291,10.88,2.966,2.154,1.169,-27.29,-10.39,9.18,60.47,13.99,77.9,2.921,126.6,123.7,2.897,115.4,3.963,3.606,9.32,1.504,4.063,95.7,1.965,45.25,122.5,.886,1.437,3.768,1.174,33.65
101,2017,282,1350,11.93,1.817,.981,7.81,12.02,1.787,2.656,1.172,-19.76,-9.69,9.74,57.82,10.33,12,7.04,126.6,122.8,2.79,112.7,3.86,2.207,7.15,1.476,2.892,95.7,1.936,44.35,122.1,.878,1.435,4.046,1.254,2.233
101,2017,282,1400,11.93,1.71,1.005,101.5,3.249,1.789,1.692,1.179,-19.66,-7.51,1.398,55.93,5.731,55.85,82.1,126.4,121.7,2.722,110.1,6.748,2.06,28.14,1.402,68.76,96,1.939,5.644,121.6,.886,1.467,4.152,22.42,23.78
101,2017,282,1410,11.93,1.614,1.303,37,2.964,6.609,1.375,1.187,-24.14,-7.89,1.377,53.94,4.187,82.9,96.6,125.8,120.3,2.66,107.2,3.618,1.958,31.78,1.355,16.41,95.7,2.122,3.279,120.6,.889,1.539,4.617,33.57,7.58
101,2017,282,1420,11.94,1.599,.864,4.293,2.897,26.63,7.83,1.881,-23.97,-7.26,1.362,50.94,3.107,67.36,61.01,125,118.5,2.609,103.9,3.504,1.872,3.43,1.323,1.97,95.3,1.908,3.067,119.4,2.996,1.514,16.57,1.516,75.7
101,2017,282,1430,11.94,1.511,.819,.951,3.443,3.376,5.917,1.944,-22.57,-7.53,1.326,47.8,2.805,36.19,17.01,124.1,116.8,2.512,100.5,3.772,1.817,6.994,1.244,1.913,94.8,1.943,2.688,118,1.007,1.559,44.61,3.36,112.1
101,2017,282,1440,11.94,1.437,.777,.898,2.681,3.199,2.661,1.259,-27.89,-7.19,1.296,44.65,8.15,2.063,9.2,123,115,2.47,97,6.364,1.797,14.95,1.223,1.859,94.3,1.846,2.437,116.5,.874,1.407,67.65,7.09,105.6
101,2017,282,1450,11.94,1.373,.769,.819,5.689,2.155,2.015,1.197,-26.9,-6.59,1.254,40.75,26.52,2.634,28.74,121.3,112.7,8.79,93.1,5.897,1.784,3.874,1.214,2.924,93.4,1.842,2.266,114.5,.866,1.656,71.9,1.48,106.9
101,2017,282,1500,11.94,1.325,.723,.733,2.641,10.31,22.34,1.184,-15.86,-5.747,1.226,37.19,34.82,1.968,27.08,119.6,110.4,20.23,89,33.46,1.782,3.15,10.02,54.8,92.6,1.855,2.11,112.4,.862,1.311,71.4,8.54,50.6
101,2017,282,1510,11.94,1.276,.698,.678,2.854,1.686,2.602,3.855,-28.64,-4.811,1.167,33.31,3.394,1.643,57.86,117.6,107.9,2.306,84.7,9.35,1.817,2.998,1.167,25.38,91.5,1.84,1.953,47.88,.862,1.239,71.1,5.069,2.443
101,2017,282,1520,11.94,1.219,.675,.636,2.354,2.03,1.097,18.84,-29.84,-.593,1.119,29.61,12.98,1.512,3.9,115.2,105,2.246,80.1,3.222,1.822,2.979,1.227,3.686,89.9,1.839,1.82,4.747,.819,1.196,68.66,1.465,1.742
101,2017,282,1530,11.94,1.162,.641,.586,2.282,1.465,1.053,12.45,-28.69,-3.406,1.102,26.18,35.09,1.457,8.2,112.4,101.8,2.294,75.2,3.151,1.904,4.429,2.289,4.015,88.2,1.844,1.718,4.471,.712,1.107,63.84,1.42,1.666
101,2017,282,1540,11.94,1.108,.638,.566,2.229,1.44,1.013,4.168,-25.11,-5.52,4.085,22.88,3.664,1.395,19.88,109.1,98.2,2.125,69.72,3.143,4.343,5.902,4.188,1.545,86.2,1.843,1.622,4.28,.564,.986,59.95,1.358,1.567
101,2017,282,1550,11.94,1.097,.601,.522,2.17,1.391,.971,1.256,-21.31,-5.162,16.62,19.46,2.232,1.306,4.191,105.7,94.4,2.076,63.9,4.727,21.03,3.928,2.716,2.532,84.1,1.818,1.545,4.104,.474,.842,53.27,1.288,1.51
101,2017,282,1600,11.94,1.043,.579,2.15,2.115,1.365,.928,1.549,-12.67,-3.235,9.59,15.54,1.932,1.293,1.771,101.8,90.2,22.18,57.92,4.604,2.208,2.774,1.013,2.537,81.6,1.833,1.488,3.921,.435,.728,35.08,1.175,1.46
101,2017,282,1610,11.94,.988,.559,1.768,2.063,1.309,.901,1.348,-4.628,-1.592,6.962,11.94,2.061,1.195,1.699,97.2,85.8,2.043,51.74,4.36,1.942,2.729,1.688,1.356,78.9,1.82,1.416,3.744,.422,.635,7.75,1.023,1.423
101,2017,282,1620,11.93,.958,.633,2.778,2.006,1.283,.849,.929,-4.678,-1.261,4.945,9.99,11.58,1.125,1.594,91.9,80.8,1.932,45.24,11.72,1.678,2.642,24.81,1.308,75.7,1.79,1.393,3.583,.402,.559,1.653,.732,1.366
101,2017,282,1630,11.93,.913,.656,1.222,1.939,1.238,.821,.832,-4.953,-1.743,1.325,9.67,3.52,1.097,1.527,86.7,75.9,3.475,36.37,25.1,1.246,2.584,1.266,1.266,72.4,1.742,1.311,5.064,.363,.511,1.433,.533,1.202
101,2017,282,1640,11.92,.883,.667,.464,1.876,1.187,.759,.678,-6.024,-2.328,5.522,9.59,1.511,1.105,1.474,81.4,70.8,10.29,15.2,2.425,.903,2.492,.906,1.228,68.94,1.484,1.162,3.673,.338,.479,1.315,.447,.951
101,2017,282,1650,11.92,.837,.678,1.268,1.789,1.125,.7,.578,-8.08,-3.07,2.333,9.94,1.182,.976,1.482,72.9,65.04,1.765,7.85,1.978,.819,2.413,2.869,1.159,28.83,1.092,.995,3.04,.32,.435,1.206,.397,.675
101,2017,282,1700,11.9,.801,.499,2.356,1.683,1.047,.643,.499,-7.76,-3.576,.643,10.14,.961,.914,1.385,54.26,58.99,1.866,7.03,1.795,.755,2.462,.812,1.084,9.09,.965,.765,2.81,.301,.435,1.125,.348,.501
101,2017,282,1710,11.89,.735,.397,.343,1.571,.961,.579,.444,-9.74,-4.112,.566,9.67,.794,2.807,1.04,32.35,16.45,1.965,6.527,1.656,.724,2.186,.725,.988,8.39,.876,.621,2.557,.271,.405,1.022,.312,.419
101,2017,282,1720,11.88,.662,.358,.293,1.455,.874,.516,.424,-9.61,-4.544,.484,8.07,.672,.956,.909,14.68,9.01,1.238,6.028,1.517,.625,2.025,.678,.893,7.71,.804,.541,2.308,.219,.338,.914,.275,.368
101,2017,282,1730,11.91,.605,.325,.256,1.313,.781,.454,.385,-10.53,-5.236,.427,5.869,.548,.66,.801,7.95,8.04,1.105,5.45,1.382,1.365,1.841,.596,.729,6.976,.729,.481,2.049,.191,.285,.819,.248,.32
101,2017,282,1740,11.92,.533,.281,.214,1.154,.683,.422,.332,-10.45,-6.079,.38,5.174,.436,.566,.685,6.918,7.03,.98,4.797,1.233,.616,1.62,.494,.596,6.119,.635,.432,1.771,.147,.246,.714,.214,.275
101,2017,282,1750,11.92,.456,.235,.188,.967,.57,.365,.28,-9.71,-6.649,.313,4.372,.372,.472,.56,5.766,5.877,.839,4.049,1.037,.417,1.298,.405,.484,5.123,.529,.38,1.459,.132,.208,.583,.188,.221
101,2017,282,1800,11.92,.379,.188,.144,.756,.451,.285,.219,-12.31,-7.29,.245,3.411,.293,.397,.442,4.456,4.552,.658,3.165,.808,.322,.995,.312,.392,3.974,.427,.302,1.117,.094,.159,.454,.142,.173
101,2017,282,1810,11.92,.263,.127,.101,.518,.325,.194,.147,-16.73,-8.06,.168,2.304,.196,.275,.31,2.992,3.059,.457,2.146,.548,.214,.668,.213,.265,2.681,.305,.206,.735,.065,.112,.322,.095,.119
101,2017,282,1820,11.92,.146,.065,.054,.293,.173,.102,.079,-22.41,-8.95,.089,1.178,.104,.146,.159,1.531,1.573,.255,1.109,.305,.109,.36,.111,.142,1.381,.161,.104,.392,.035,.057,.168,.049,.059
101,2017,282,1830,11.92,.049,.018,.017,.094,.06,.034,.028,-30.66,-9.92,.03,.365,.032,.049,.055,.496,.508,.082,.352,.099,.039,.116,.035,.047,.451,.057,.035,.132,.005,.02,.057,.017,.015
101,2017,282,1840,11.92,.002,0,0,.01,.007,0,0,-49.52,-10.79,0,.055,0,.005,.005,.084,.087,.01,.054,.017,0,.013,0,.005,.079,.008,0,.022,0,0,.005,0,0
101,2017,282,1850,11.92,0,0,0,0,0,0,0,-66.87,-11.6,0,0,0,0,0,.002,.003,0,0,0,0,0,0,0,0,0,0,0,0,0,0,0,0
101,2017,282,1900,11.92,0,0,0,0,0,0,0,-78,-11.94,0,0,0,0,0,0,0,0,0,0,0,0,0,0,0,0,0,0,0,0,0,0,0
101,2017,282,1910,11.92,0,0,0,0,0,0,0,-85.2,-11.5,0,0,0,0,0,0,0,0,0,0,0,0,0,0,0,0,0,0,0,0,0,0,0
101,2017,282,1920,11.92,0,0,0,0,0,0,0,-90,-11.79,0,0,0,0,0,0,0,0,0,0,0,0,0,0,0,0,0,0,0,0,0,0,0
101,2017,282,1930,11.92,0,0,0,0,0,0,0,-88.8,-11.96,0,0,0,0,0,0,0,0,0,0,0,0,0,0,0,0,0,0,0,0,0,0,0
101,2017,282,1940,11.91,0,0,0,0,0,0,0,-90.2,-12,0,0,0,0,0,0,0,0,0,0,0,0,0,0,0,0,0,0,0,0,0,0,0
101,2017,282,1950,11.91,0,0,0,0,0,0,0,-91.9,-12.44,0,0,0,0,0,0,0,0,0,0,0,0,0,0,0,0,0,0,0,0,0,0,0
101,2017,282,2000,11.91,0,0,0,0,0,0,0,-92.6,-13.73,0,0,0,0,0,0,0,0,0,0,0,0,0,0,0,0,0,0,0,0,0,0,0
101,2017,282,2010,11.91,0,0,0,0,0,0,0,-96,-12.99,0,0,0,0,0,0,0,0,0,0,0,0,0,0,0,0,0,0,0,0,0,0,0
101,2017,282,2020,11.91,0,0,0,0,0,0,0,-100,-12.73,0,0,0,0,0,0,0,0,0,0,0,0,0,0,0,0,0,0,0,0,0,0,0
101,2017,282,2030,11.91,0,0,0,0,0,0,0,-104.8,-12.12,0,0,0,0,0,0,0,0,0,0,0,0,0,0,0,0,0,0,0,0,0,0,0
101,2017,282,2040,11.91,0,0,0,0,0,0,0,-111.2,-12.18,0,0,0,0,0,0,0,0,0,0,0,0,0,0,0,0,0,0,0,0,0,0,0
101,2017,282,2050,11.91,0,0,0,0,0,0,0,-116.5,-12.44,0,0,0,0,0,0,0,0,0,0,0,0,0,0,0,0,0,0,0,0,0,0,0
101,2017,282,2100,11.91,0,0,0,0,0,0,0,-114.5,-12.62,0,0,0,0,0,0,0,0,0,0,0,0,0,0,0,0,0,0,0,0,0,0,0
101,2017,282,2110,11.91,0,0,0,0,0,0,0,-109.6,-12.8,0,0,0,0,0,0,0,0,0,0,0,0,0,0,0,0,0,0,0,0,0,0,0
101,2017,282,2120,11.91,0,0,0,0,0,0,0,-105.4,-13.15,0,0,0,0,0,0,0,0,0,0,0,0,0,0,0,0,0,0,0,0,0,0,0
101,2017,282,2130,11.9,0,0,0,0,0,0,0,-98.5,-12.48,0,0,0,0,0,0,0,0,0,0,0,0,0,0,0,0,0,0,0,0,0,0,0
101,2017,282,2140,11.9,0,0,0,0,0,0,0,-106.3,-13.43,0,0,0,0,0,0,0,0,0,0,0,0,0,0,0,0,0,0,0,0,0,0,0
101,2017,282,2150,11.9,0,0,0,0,0,0,0,-110.3,-13.86,0,0,0,0,0,0,0,0,0,0,0,0,0,0,0,0,0,0,0,0,0,0,0
101,2017,282,2200,11.9,0,0,0,0,0,0,0,-113.7,-13.66,0,0,0,0,0,0,0,0,0,0,0,0,0,0,0,0,0,0,0,0,0,0,0
101,2017,282,2210,11.9,0,0,0,0,0,0,0,-119.7,-14.22,0,0,0,0,0,0,0,0,0,0,0,0,0,0,0,0,0,0,0,0,0,0,0
101,2017,282,2220,11.9,0,0,0,0,0,0,0,-126.3,-14.18,0,0,0,0,0,0,0,0,0,0,0,0,0,0,0,0,0,0,0,0,0,0,0
101,2017,282,2230,11.9,0,0,0,0,0,0,0,-129.1,-15.33,0,0,0,0,0,0,0,0,0,0,0,0,0,0,0,0,0,0,0,0,0,0,0
101,2017,282,2240,11.9,0,0,0,0,0,0,0,-130.6,-16.31,0,0,0,0,0,0,0,0,0,0,0,0,0,0,0,0,0,0,0,0,0,0,0
101,2017,282,2250,11.9,0,0,0,0,0,0,0,-129.7,-16.56,0,0,0,0,0,0,0,0,0,0,0,0,0,0,0,0,0,0,0,0,0,0,0
101,2017,282,2300,11.9,0,0,0,0,0,0,0,-128.4,-16.37,0,0,0,0,0,0,0,0,0,0,0,0,0,0,0,0,0,0,0,0,0,0,0
101,2017,282,2310,11.9,0,0,0,0,0,0,0,-121.4,-15.86,0,0,0,0,0,0,0,0,0,0,0,0,0,0,0,0,0,0,0,0,0,0,0
101,2017,282,2320,11.9,0,0,0,0,0,0,0,-122.6,-15.87,0,0,0,0,0,0,0,0,0,0,0,0,0,0,0,0,0,0,0,0,0,0,0
101,2017,282,2330,11.9,0,0,0,0,0,0,0,-128.1,-15.96,0,0,0,0,0,0,0,0,0,0,0,0,0,0,0,0,0,0,0,0,0,0,0
101,2017,282,2340,11.9,0,0,0,0,0,0,0,-131.7,-16.15,0,0,0,0,0,0,0,0,0,0,0,0,0,0,0,0,0,0,0,0,0,0,0
101,2017,282,2350,11.9,0,0,0,0,0,0,0,-132.6,-16.35,0,0,0,0,0,0,0,0,0,0,0,0,0,0,0,0,0,0,0,0,0,0,0
101,2017,282,2400,11.9,0,0,0,0,0,0,0,-130,-16.64,0,0,0,0,0,0,0,0,0,0,0,0,0,0,0,0,0,0,0,0,0,0,0
101,2017,283,10,11.9,0,0,0,0,0,0,0,-131.7,-16.86,0,0,0,0,0,0,0,0,0,0,0,0,0,0,0,0,0,0,0,0,0,0,0
101,2017,283,20,11.9,0,0,0,0,0,0,0,-128,-17.83,0,0,0,0,0,0,0,0,0,0,0,0,0,0,0,0,0,0,0,0,0,0,0
101,2017,283,30,11.9,0,0,0,0,0,0,0,-130.2,-18.49,0,0,0,0,0,0,0,0,0,0,0,0,0,0,0,0,0,0,0,0,0,0,0
101,2017,283,40,11.9,0,0,0,0,0,0,0,-133.1,-19.4,0,0,0,0,0,0,0,0,0,0,0,0,0,0,0,0,0,0,0,0,0,0,0
101,2017,283,50,11.9,0,0,0,0,0,0,0,-133.5,-19.96,0,0,0,0,0,0,0,0,0,0,0,0,0,0,0,0,0,0,0,0,0,0,0
101,2017,283,100,11.9,0,0,0,0,0,0,0,-134.4,-20.24,0,0,0,0,0,0,0,0,0,0,0,0,0,0,0,0,0,0,0,0,0,0,0
101,2017,283,110,11.9,0,0,0,0,0,0,0,-136.9,-21.79,0,0,0,0,0,0,0,0,0,0,0,0,0,0,0,0,0,0,0,0,0,0,0
101,2017,283,120,11.9,0,0,0,0,0,0,0,-138,-23.07,0,0,0,0,0,0,0,0,0,0,0,0,0,0,0,0,0,0,0,0,0,0,0
101,2017,283,130,11.9,0,0,0,0,0,0,0,-136.2,-22.84,0,0,0,0,0,0,0,0,0,0,0,0,0,0,0,0,0,0,0,0,0,0,0
101,2017,283,140,11.9,0,0,0,0,0,0,0,-135.2,-22.23,0,0,0,0,0,0,0,0,0,0,0,0,0,0,0,0,0,0,0,0,0,0,0
101,2017,283,150,11.9,0,0,0,0,0,0,0,-135.2,-22.32,0,0,0,0,0,0,0,0,0,0,0,0,0,0,0,0,0,0,0,0,0,0,0
101,2017,283,200,11.9,0,0,0,0,0,0,0,-135.9,-22.42,0,0,0,0,0,0,0,0,0,0,0,0,0,0,0,0,0,0,0,0,0,0,0
101,2017,283,210,11.9,0,0,0,0,0,0,0,-138.6,-22.93,0,0,0,0,0,0,0,0,0,0,0,0,0,0,0,0,0,0,0,0,0,0,0
101,2017,283,220,11.9,0,0,0,0,0,0,0,-139.4,-23.63,0,0,0,0,0,0,0,0,0,0,0,0,0,0,0,0,0,0,0,0,0,0,0
101,2017,283,230,11.9,0,0,0,0,0,0,0,-138.9,-23.8,0,0,0,0,0,0,0,0,0,0,0,0,0,0,0,0,0,0,0,0,0,0,0
101,2017,283,240,11.9,0,0,0,0,0,0,0,-137.8,-23.76,0,0,0,0,0,0,0,0,0,0,0,0,0,0,0,0,0,0,0,0,0,0,0
101,2017,283,250,11.9,0,0,0,0,0,0,0,-138.1,-23.78,0,0,0,0,0,0,0,0,0,0,0,0,0,0,0,0,0,0,0,0,0,0,0
101,2017,283,300,11.9,0,0,0,0,0,0,0,-139.3,-23.9,0,0,0,0,0,0,0,0,0,0,0,0,0,0,0,0,0,0,0,0,0,0,0
101,2017,283,310,11.9,0,0,0,0,0,0,0,-142.1,-24.31,0,0,0,0,0,0,0,0,0,0,0,0,0,0,0,0,0,0,0,0,0,0,0
101,2017,283,320,11.9,0,0,0,0,0,0,0,-143.3,-24.55,0,0,0,0,0,0,0,0,0,0,0,0,0,0,0,0,0,0,0,0,0,0,0
101,2017,283,330,11.9,0,0,0,0,0,0,0,-142.9,-24.39,0,0,0,0,0,0,0,0,0,0,0,0,0,0,0,0,0,0,0,0,0,0,0
101,2017,283,340,11.9,0,0,0,0,0,0,0,-141.2,-24.05,0,0,0,0,0,0,0,0,0,0,0,0,0,0,0,0,0,0,0,0,0,0,0
101,2017,283,350,11.9,0,0,0,0,0,0,0,-140.9,-23.75,0,0,0,0,0,0,0,0,0,0,0,0,0,0,0,0,0,0,0,0,0,0,0
101,2017,283,400,11.9,0,0,0,0,0,0,0,-136.3,-22.45,0,0,0,0,0,0,0,0,0,0,0,0,0,0,0,0,0,0,0,0,0,0,0
101,2017,283,410,11.9,0,0,0,0,0,0,0,-133.3,-21.77,0,0,0,0,0,0,0,0,0,0,0,0,0,0,0,0,0,0,0,0,0,0,0
101,2017,283,420,11.9,0,0,0,0,0,0,0,-131.9,-21.09,0,0,0,0,0,0,0,0,0,0,0,0,0,0,0,0,0,0,0,0,0,0,0
101,2017,283,430,11.9,0,0,0,0,0,0,0,-130.8,-20.54,0,0,0,0,0,0,0,0,0,0,0,0,0,0,0,0,0,0,0,0,0,0,0
101,2017,283,440,11.9,0,0,0,0,0,0,0,-131,-20.61,0,0,0,0,0,0,0,0,0,0,0,0,0,0,0,0,0,0,0,0,0,0,0
101,2017,283,450,11.9,0,0,0,0,0,0,0,-128.9,-20.24,0,0,0,0,0,0,0,0,0,0,0,0,0,0,0,0,0,0,0,0,0,0,0
101,2017,283,500,11.9,0,0,0,0,0,0,0,-125,-19.75,0,0,0,0,0,0,0,0,0,0,0,0,0,0,0,0,0,0,0,0,0,0,0
101,2017,283,510,11.9,0,0,0,0,0,0,0,-122.5,-19.58,0,0,0,0,0,0,0,0,0,0,0,0,0,0,0,0,0,0,0,0,0,0,0
101,2017,283,520,11.9,0,0,0,0,0,0,0,-122.2,-19.96,0,0,0,0,0,0,0,0,0,0,0,0,0,0,0,0,0,0,0,0,0,0,0
101,2017,283,530,11.9,0,0,0,0,0,0,0,-124.8,-20.8,0,0,0,0,0,0,0,0,0,0,0,0,0,0,0,0,0,0,0,0,0,0,0
101,2017,283,540,11.9,0,0,0,0,0,0,0,-125.5,-21.2,0,.018,0,0,0,.013,.013,0,.012,.002,0,.005,0,0,.01,0,0,0,0,0,0,0,0
101,2017,283,550,11.9,.023,.005,.007,.035,.023,.012,.01,-122.6,-20.75,.008,.154,.01,.025,.012,.117,.127,.039,.119,.035,.008,.047,.015,.017,.102,.018,.013,.037,0,.008,.012,0,.002
101,2017,283,600,11.9,.091,.04,.034,.176,.082,.054,.035,-119.5,-20.09,.044,.719,.049,.087,.062,.622,.645,.156,.582,.161,.045,.211,.06,.064,.526,.062,.057,.163,.023,.034,.062,.034,.032
101,2017,283,610,11.9,.231,.104,.07,.441,.22,.144,.089,-118.7,-20.16,.112,1.912,.134,.228,.161,1.668,1.753,.407,1.535,.399,.116,.531,.163,.166,1.413,.163,.148,.412,.045,.08,.164,.05,.06
101,2017,283,620,11.91,.407,.194,.119,.788,.382,.258,.154,-120.8,-20.78,.199,3.481,.228,.399,.28,2.957,3.124,.736,2.756,.684,.199,.959,.288,.29,2.494,.28,.265,.682,.085,.139,.287,.096,.111
101,2017,283,630,11.91,.563,.277,.178,1.157,.52,.384,.216,-121.2,-21.12,.288,5.085,.318,.55,.424,4.666,4.844,1.691,3.989,.999,.283,1.4,.421,.432,3.563,.409,.389,.97,.117,.191,.409,.136,.161
101,2017,283,640,11.92,.731,.354,.223,1.487,.667,.469,.273,-119.2,-21.23,.374,6.906,.404,.711,.541,6.824,6.043,4.469,5.238,1.286,.36,1.802,.565,.588,4.459,.491,.474,1.217,.158,.245,.481,.168,.208
101,2017,283,650,11.92,.877,.421,.273,1.78,.801,.583,.327,-116.6,-21.58,.446,13,.461,.858,.667,9.51,6.724,2.794,6.285,1.576,.422,2.702,.843,.811,5.197,.6,.59,1.443,.184,.297,.572,.21,.245
101,2017,283,700,11.92,1.011,.453,.327,2.063,.969,.736,.401,-110.3,-21.82,.526,46.47,.714,1.046,.791,10.85,7.44,3.173,29.55,2.863,.478,16.04,1.897,1.188,5.829,.694,.753,1.664,.221,.349,.659,.243,.3
101,2017,283,710,11.92,1.14,.51,.402,2.341,1.168,.912,.479,-95.1,-20.96,.647,49.88,1.053,1.408,.887,11.27,8.27,4.341,42.17,25.29,.556,29.02,25.86,1.401,6.347,.761,.937,1.844,.258,.406,.739,.318,.35
101,2017,283,720,11.92,1.265,.566,.471,2.63,1.394,1.109,1.011,-83.6,-20.9,.786,52.14,1.188,2.018,.977,11.19,9.97,17.18,49.17,4.418,.613,16.03,33.61,1.649,6.786,1.168,4.396,1.991,.3,.437,.806,.349,.396
101,2017,283,730,11.92,1.401,.627,.603,2.965,1.666,1.674,1.141,-83.7,-21.47,.942,55.7,1.304,9.39,1.063,11.02,9.85,35.35,55.69,8.39,.675,5.356,25.93,2.234,7.21,.893,20.8,2.122,.334,.474,.866,.375,.436
101,2017,283,740,11.92,1.552,.699,.756,3.357,4.046,3.137,2.496,-79.5,-21.06,1.081,59.41,1.411,14.71,1.146,11.22,9.81,42.11,61.91,27.08,.734,5.375,2.571,4.649,7.5,.965,7.47,2.251,.367,.528,.92,.416,.459
101,2017,283,750,11.92,1.706,.796,.903,7.22,3.488,4.456,.746,-63.08,-20.91,1.198,63.62,2.08,5.943,1.202,11.55,12.37,48.49,67.82,28.54,.791,6.223,2.056,13.34,7.75,1.031,1.262,2.351,.392,.561,.96,.436,.551
101,2017,283,800,11.92,1.902,.897,.994,17.3,3.278,3.186,.697,-49.14,-20.8,1.43,68.4,6.37,36.01,1.26,12.65,11.25,54.46,73.6,21.58,.866,15.32,2.534,1.911,8.05,1.083,1.25,2.44,.404,.603,1.012,.447,2.444
101,2017,283,810,11.92,2.189,1.109,1.074,54.78,2.876,3.109,.729,-24.87,-20.61,1.649,71.6,30.03,3.02,1.319,15.69,11.98,59.48,78.7,32.45,.843,27.12,2.393,2.12,9.45,1.128,1.316,2.547,.434,.659,1.203,.504,.587
101,2017,283,820,11.93,2.765,5.462,1.177,64.39,3.137,3.531,1.257,-8.29,-20.17,22.97,73.3,22.74,3.089,1.404,20.36,39.73,62.95,82,10.87,.892,37.41,25.76,9.56,9.66,1.344,1.461,2.71,.434,.739,1.146,.566,.654
101,2017,283,830,11.93,5.826,7.01,2.564,70.8,4.375,23.73,1.379,7.05,-19.71,45.77,81.2,1.708,7.56,1.6,27.05,52.73,70.7,92.4,6.993,.984,45.33,14.93,44.06,10.12,1.84,2.046,3.082,.464,.915,1.307,.655,1.198
101,2017,283,840,11.93,5.392,10.85,.987,22.8,3.08,10.2,.823,-17.14,-20.01,4.837,33.03,1.227,14.39,1.242,17.45,25.93,23.14,37.6,6.794,.764,13.13,1.94,3.872,10.52,1.25,1.975,3.13,.4,.724,1.275,.496,.647
101,2017,283,850,11.93,11.48,45.73,2.473,74,18.4,38.61,3.944,-1.285,-17.91,2.341,81.8,1.667,56.6,2.803,35.82,62.26,77.2,96.7,23.58,1.071,17.88,2.62,29.74,20.7,1.897,7.53,3.167,.548,.968,1.426,.695,.965
101,2017,283,900,11.93,33.1,11.94,1.898,54.46,10.44,27.65,2.396,2.614,-17.7,2.759,63.89,1.975,12.27,1.753,34.06,52.47,54.97,74.6,11.92,1.253,9.55,2.875,32.43,17.89,1.763,3.319,3.768,.647,1.355,1.556,.752,.834
101,2017,283,910,11.93,8.05,67.84,1.793,72.2,52.87,46.31,1.466,18.52,-16.8,2.548,84.3,2.528,30.62,2.19,46.61,70.8,77.2,100.9,62.17,1.685,8.18,2.902,3.401,17.69,6.796,3.162,5.319,.836,1.466,3.892,.814,1.448
101,2017,283,920,11.93,7.17,63.25,2.398,82.4,59.96,62.84,1.357,32.53,-16.61,2.761,97.9,2.96,30.25,8.23,56.96,83.8,91.6,118.2,44.25,1.989,8.6,2.877,3.482,33.43,2.652,3.895,6.512,.764,1.689,8.12,.92,1.453
101,2017,283,930,11.93,7.94,4.436,2.309,71.3,44.06,17.64,1.241,7.9,-17.54,3.644,87,2.681,19.77,5.405,55.15,77.7,81.1,105.7,14.35,1.85,8.09,2.831,3.059,20.79,2.403,4.376,6.511,.668,6.712,4.075,1.024,1.34
101,2017,283,940,11.93,40.95,24.4,2.543,52.21,8.19,11.52,1.312,.948,-18.31,36.22,68.85,2.161,8.79,1.96,46.32,62.24,56.31,79.5,9.3,1.57,10.25,3.26,3.575,30.5,2.387,5.864,4.207,.709,3.815,1.786,1.139,10.76
101,2017,283,950,11.93,25.46,41.37,3.423,56.61,7.07,4.448,1.813,4.155,-18.47,27.15,84.1,2.922,25.49,2.841,63.1,81.6,46.71,101.7,12.46,2.371,11.92,3.664,4.185,44.39,3.748,5.881,9.46,.975,2.877,2.82,1.446,20.94
101,2017,283,1000,11.93,10.83,4.247,2.754,17.55,5.611,3.815,2.106,-6.088,-18.8,3.322,46.27,3.816,5.767,3.615,44.94,48.59,12.15,49.49,13.31,2.548,11.61,3.379,3.868,34.96,3.726,4.815,13.92,1.111,2.409,4.642,1.166,1.967
101,2017,283,1010,11.94,9.89,3.669,2.488,17.05,6.009,4.027,2.23,-7.9,-18.02,3.508,43.05,3.927,6.19,3.982,45.86,48.19,12.68,46.24,11.36,2.727,11.58,3.463,4.069,36.4,3.483,4.838,14.01,1.211,2.36,5.14,1.285,2.072
101,2017,283,1020,11.94,12.95,7.44,4.399,22.8,5.86,4.647,2.481,-8.15,-16.93,4.123,54.2,4.223,6.694,4.041,53.29,57.41,15.22,59.68,14.28,3.245,12.36,3.784,4.83,40.52,4.262,5.235,15.46,1.201,2.844,5.213,1.436,2.345
101,2017,283,1030,11.94,13.08,44.86,29.34,36,6.082,4.555,3.886,-6.836,-15.35,4.154,82.5,6.469,6.342,4.049,70.9,80,16.27,91.3,12.86,3.183,19.93,3.91,4.627,51.48,4.452,5.054,12.59,1.141,2.647,4.099,1.558,2.059
101,2017,283,1040,11.94,12.53,7.92,4.938,20.81,5.69,4.466,2.449,-7.61,-15.93,3.888,53.23,3.982,5.784,3.667,52.4,56.43,15.48,59,13.11,2.846,12.18,3.816,4.503,40.6,4.156,5.586,15.66,1.213,2.596,5.412,1.658,2.015
101,2017,283,1050,11.94,11.13,6.697,7.61,27.02,4.802,3.752,3.528,-8.82,-15.06,3.601,88.6,5.007,4.253,3.615,78.5,84,21.61,97.8,13.8,3.766,16.96,3.323,4.638,55.09,4.481,4.925,18.7,.915,3.472,3.888,2.002,2.161
101,2017,283,1100,11.94,9.75,4.862,25.04,28.7,4.449,3.556,23.08,-9.69,-10.33,19.27,117.9,3.72,3.496,3.224,103.2,112.7,15.04,134.4,13.06,3.933,12.86,2.983,4.469,71.5,4.667,4.323,11.39,.769,3.682,2.824,1.345,2.054
101,2017,283,1110,11.94,32.22,4.542,10.01,23.89,3.939,3.092,12.25,-10.63,-12.62,4.434,106.6,2.96,3.174,2.536,95.6,105.4,10.21,123.5,11.05,20.86,8.46,2.898,31.18,68.43,5.98,3.71,9.61,.698,1.64,2.553,1.404,1.598
101,2017,283,1120,11.94,55.77,3.122,18.61,19.4,3.328,2.869,1.76,-12.59,-14.06,3.991,110,2.995,2.958,2.764,107,116,6.788,133.1,8.94,48.68,7.36,4.695,7.19,77.2,4.249,3.006,8.22,.759,1.454,2.635,2.134,1.645
101,2017,283,1130,11.94,84.4,2.946,16.92,17.88,2.668,2.296,6.691,-16.78,-12.4,5.715,105.5,2.593,2.501,2.678,110.7,119.3,5.678,134.5,7.69,6.376,8.33,8.78,2.877,80.5,2.685,2.97,8.64,.722,1.343,2.904,4.371,1.397
101,2017,283,1140,11.94,85.8,2.539,1.795,23.35,2.522,8.86,13.71,-8.08,-11.01,7.97,95.7,7.54,2.373,2.606,110,117.6,5.251,130.9,14.78,3.566,32.62,2.494,2.661,80.5,2.425,2.506,8.17,.693,1.28,7.87,4.105,1.338
101,2017,283,1150,11.95,87.4,2.563,1.519,31.58,2.455,3.348,13.85,-16.63,-10.32,1.926,90.5,18.1,2.378,2.635,111.6,118.7,4.996,130.5,15.53,24.76,67.27,1.968,2.892,82.3,2.526,2.673,77.8,.698,21.12,6.986,1.454,1.343
101,2017,283,1200,11.95,75.4,2.98,1.816,9.47,3.006,4.907,6.083,-16.43,-11.52,2.313,79.7,5.844,2.774,3.169,103.7,108.8,5.936,116.8,12.52,4.505,63.11,2.223,4.013,76.5,3.025,9.34,88.8,.821,5.13,4.479,2.094,1.682
101,2017,283,1210,11.95,15.1,3.165,1.661,11.26,2.789,2.465,1.599,-20.2,-12.82,2.186,84.4,10.18,2.552,4.323,116,121.3,5.683,130.1,15.52,11.64,25.23,2.169,3.425,85.7,3.13,30.21,107,.802,1.61,3.554,5.723,1.626
101,2017,283,1220,11.95,3.271,1.948,1.248,4.574,2.197,2.067,1.383,-20.36,-12.33,1.737,80.4,2.474,2.321,8.7,119.1,123.8,4.18,129.4,50.28,2.192,5.154,1.834,2.815,88.8,2.256,6.592,114.8,.734,1.388,3.13,1.107,1.455
101,2017,283,1230,11.95,3.117,1.779,1.172,4.326,24.2,1.787,1.372,-21.05,-11.33,4.142,78.9,2.407,2.3,2.998,120.9,124.6,3.968,128.3,107,2.191,4.926,10.24,2.504,90.3,2.276,8.1,117,.774,1.31,3.169,1.082,1.492
101,2017,283,1240,11.95,3.243,1.707,1.678,4.18,13.44,1.809,1.342,-19.32,-11.13,2.207,78,2.598,2.367,2.852,122.3,125,3.859,126.8,86.2,2.228,5.025,6.18,2.454,91.5,2.308,28.89,118.3,.837,1.32,3.34,1.059,1.755
101,2017,283,1250,11.95,7.21,1.628,2.457,4.053,10.83,1.836,1.318,-18,-10.57,2.7,76.4,23.4,2.455,21.85,123.5,125,3.768,125,32.39,2.487,18.28,7.56,2.45,92.4,2.311,44.62,119.2,.879,1.372,3.109,1.062,12.57
101,2017,283,1300,11.95,16.85,1.494,1.206,3.951,2.362,1.757,1.27,-17.95,-10.18,7.66,74.5,58.95,2.392,3.479,124.7,125,3.668,123.5,5.212,2.228,16.24,1.745,2.395,93.3,2.258,11.13,120,.904,1.412,3.174,1.079,11.63
101,2017,283,1310,11.95,18.47,1.419,1.142,3.852,2.094,14.57,1.301,-14.89,-9.73,1.772,72.5,17.2,2.469,36.95,125.8,125,3.629,121.9,5.051,2.301,4.46,1.663,2.434,94.3,2.254,7.44,120.6,.916,1.501,3.462,1.154,31.98
101,2017,283,1320,11.95,10.58,1.36,1.219,4.845,7.19,6.329,1.301,-19.9,-9.41,1.898,69.97,18.5,33,34.24,125.6,124,3.594,119,5.16,2.375,4.43,1.67,2.547,94.3,2.244,18.09,120.1,.966,1.532,3.68,1.172,17.45
101,2017,283,1330,11.95,2.497,1.32,1.514,5.14,5.036,1.856,1.326,-30.05,-9.06,4.286,69.78,21.12,46.65,3.949,126.8,124.3,3.618,117.6,5.256,3.278,4.465,1.688,2.75,95.3,2.278,15.21,120.5,.973,1.613,3.944,1.224,23.89
101,2017,283,1340,11.95,2.542,1.342,2.084,5.494,2.529,4.247,1.454,-18.66,-8.55,4.79,70.3,9.58,83.8,4.169,129.5,125.7,3.869,117.8,5.939,4.033,6.458,1.799,16.95,97.2,2.408,51.9,121.7,1.07,1.737,4.616,1.363,7.36
101,2017,283,1350,11.96,3.045,1.814,6.731,8.24,4.976,6.766,1.792,-18.7,-7.89,3.378,73.5,9.07,50.75,20.13,133.7,127.7,4.845,119.7,7.99,3.807,7.63,2.132,6.383,99.4,3.008,39.63,121.5,1.152,2.09,5.279,1.65,3.884
101,2017,283,1400,11.96,3.259,1.755,43.06,5.433,4.504,4.39,2.444,-24.78,-7.01,3.135,58.86,7.11,44.42,56.21,107.9,100.1,5.177,92.2,9.6,4.537,22.39,2.291,21.77,80.1,3.671,8.18,87,1.417,2.807,6.907,14.53,40.94
101,2017,283,1410,11.96,4.417,2.201,23.01,7.67,17.55,3.968,2.866,-24.95,-6.308,3.459,68.35,7.26,62.73,71.3,125.2,117.6,7.01,107.7,10.25,4.572,29.51,2.926,7.08,93.9,4.139,6.292,103.2,1.635,3.31,8.22,29.32,20.76
101,2017,283,1420,11.96,3.832,1.934,2.33,6.41,4.763,3.539,2.244,-26.81,-6.937,2.658,51.07,4.969,38.92,35.94,90.8,84.6,5.671,76.9,8.56,3.814,6.483,2.176,4.278,67.98,3.41,4.475,70.5,1.712,2.408,11.29,1.867,42.74
101,2017,283,1430,11.96,2.702,1.33,1.903,4.626,7.15,3.244,2.844,-29.37,-6.103,2.949,55.7,4.964,29.28,19.86,122.4,112.4,4.643,95.5,8.56,4.494,7.47,2.271,4.249,92.4,3.685,4.077,99.8,1.444,2.611,38.35,3.902,80.4
101,2017,283,1440,11.96,3.165,1.692,1.941,5.557,4.222,3.283,3.003,-24.04,-5.983,3.177,43.1,8.07,7.33,10.72,85.5,76.8,5.485,66.44,9.42,4.999,9.15,2.377,5.395,64.74,3.755,4.124,58.6,1.414,2.589,25.5,4.15,33.5
101,2017,283,1450,11.96,2.708,1.377,1.857,5.11,4.257,3.05,3.142,-30.85,-5.703,3.144,38.01,9.17,6.229,9.98,79,71.4,5.254,58.14,8.17,4.859,6.631,2.435,6.279,61.06,4.103,3.864,49.61,1.476,2.527,21.62,2.45,22.05
101,2017,283,1500,11.96,4.524,1.971,2.192,8.47,5.619,5.569,3.549,-32.87,-5.184,3.795,44.87,12.87,6.103,13.34,91.3,84.5,8.38,67.27,17.8,5.326,9.16,5.333,21.99,71.9,4.909,4.678,54.1,1.75,2.846,27.12,3.47,21.43
101,2017,283,1510,11.96,4.502,2.191,2.167,8.51,5.751,3.623,3.489,-40.96,-5.152,3.529,39.59,5.234,5.773,10.04,68.47,64.26,7.02,50.53,10.34,4.986,9.11,3.217,8.49,55.08,4.874,4.49,29.15,1.64,2.616,12.95,1.97,5.267
101,2017,283,1520,11.96,3.854,1.772,2.072,7.27,5.691,3.363,4.279,-46.11,-4.792,3.39,40.41,12.17,5.212,9.21,85.2,78.7,7.13,60.5,9.08,5.108,9.73,3.165,5.745,67.35,4.696,4.328,24.8,1.581,2.544,25.31,1.953,4.313
101,2017,283,1530,11.96,4.479,2.084,2.147,8,4.881,3.313,3.542,-44.36,-5.405,3.45,40.81,14.34,4.721,9.43,87.4,80.4,13.53,62.99,9.5,6.038,16.01,3.119,5.438,68.62,4.855,4.48,23.15,1.45,2.502,26.36,1.911,3.794
101,2017,283,1540,11.96,3.415,1.563,1.72,6.361,4.403,2.743,2.908,-50.15,-6.45,4.579,33.49,4.489,4.323,7.2,77.1,70.8,5.604,52.17,7.75,12.68,7.49,2.934,4.469,61.87,4.201,3.762,18.89,1.296,2.147,22.84,1.67,3.171
101,2017,283,1550,11.95,2.4,1.151,1.308,4.542,3.495,2.162,2.619,-42.17,-6.837,4.108,28.68,3.447,3.172,5.577,92.6,83.5,4.196,57.5,8.48,11,5.832,2.313,6.509,74.2,3.614,2.948,14.31,1.043,1.682,35.9,1.672,2.693
101,2017,283,1600,11.96,1.779,.866,1.095,3.336,2.459,1.566,2.005,-50.53,-7.93,4.958,21.82,3.065,2.392,4.366,88.5,79.1,3.454,51.06,7.29,3.99,4.338,1.824,3.49,70.3,3.107,2.346,11.8,.767,1.265,31.15,1.37,2.403
101,2017,283,1610,11.95,1.968,1.09,5.395,3.879,2.891,1.916,2.052,-50.64,-7.76,15.87,22.53,3.39,2.566,4.319,97.5,86.3,3.966,53.93,9.52,4.18,4.738,3.589,3.248,78.2,3.594,2.526,11.81,.856,1.368,14.48,1.514,2.408
101,2017,283,1620,11.95,1.924,1.01,2.717,3.847,2.787,1.847,1.913,-51.34,-7.76,11.78,20.98,8.06,2.566,4.393,84.3,74.7,3.946,45.49,14.18,3.874,4.688,11.57,3.219,68.04,3.43,2.554,12.43,.797,1.311,4.422,1.156,2.331
101,2017,283,1630,11.95,2.403,1.189,1.328,4.643,3.03,1.856,1.757,-56.34,-7.47,3.231,20.86,3.368,2.73,3.946,68.91,61.96,6.549,35.71,14.89,3.259,5.177,2.05,2.919,56.58,3.323,2.218,10.71,.759,1.233,4.177,1.048,1.965
101,2017,283,1640,11.95,2.851,1.305,1.003,4.901,2.298,1.484,1.265,-57.17,-7.55,2.14,18.82,2.229,2.266,2.847,65.47,58.65,7.23,26.22,5.277,2.452,4.792,1.693,2.241,53.35,2.547,1.928,7.41,.576,.975,2.777,.737,1.383
101,2017,283,1650,11.95,1.68,1.07,.854,3.251,2.089,1.439,1.221,-59.16,-7.62,1.807,16.99,2.149,1.983,3.291,60.72,54.28,3.073,18.38,4.51,2.524,3.988,4.331,2.303,29.41,2.419,1.769,8.85,.605,.955,2.996,.734,1.457
101,2017,283,1700,11.95,1.658,.792,1.027,3.147,2.32,1.387,1.352,-60.69,-7.79,1.467,16.26,1.817,2.059,3.377,49.24,49.71,2.889,17.76,4.022,2.159,3.792,1.492,2.464,24.66,2.444,1.687,9.13,.598,.972,3.496,.861,1.375
101,2017,283,1710,11.95,1.303,.6,.615,2.678,2.002,1.121,1.114,-62.68,-8.34,1.132,12.67,1.248,1.561,2.338,29.74,24.22,2.546,13.32,3.158,1.881,3.132,1.134,1.955,19.18,2.064,1.241,6.231,.454,.712,2.739,.687,.843
101,2017,283,1720,11.94,1.454,.645,.628,2.853,1.848,1.086,.879,-64.16,-8.84,1.024,13.08,1.308,1.618,2.2,22.2,20.39,2.374,13.21,3.215,1.474,3.193,1.107,1.757,16.83,1.766,1.28,5.85,.429,.682,2.29,.536,.791
101,2017,283,1730,11.94,1.58,.66,.648,3.151,2.039,1.189,.998,-66.73,-9,1.131,12.63,1.288,1.789,2.359,20.75,20.35,2.503,13.95,3.15,1.565,3.505,1.163,1.731,17.69,1.808,1.35,6.306,.462,.754,2.593,.603,.918
101,2017,283,1740,11.94,1.226,.565,.496,2.495,1.657,.93,.779,-68.05,-9.26,.831,9.98,1.024,1.454,1.811,15.55,15.42,1.943,10.47,2.466,1.119,2.991,.896,1.354,13.5,1.389,1.025,4.832,.36,.576,1.856,.476,.697
101,2017,283,1750,11.94,.873,.404,.327,1.679,.992,.561,.442,-74.8,-9.95,.514,6.72,.528,.943,.95,9.2,9.46,1.329,6.474,1.501,.568,2.049,.591,.72,8.14,.791,.615,2.444,.238,.372,.982,.268,.37
101,2017,283,1800,11.94,.434,.213,.178,.878,.539,.335,.278,-74.6,-10.37,.302,3.808,.332,.466,.516,5.092,5.065,.722,3.693,.883,.389,1.055,.337,.444,4.487,.466,.345,1.389,.124,.198,.601,.156,.211
101,2017,283,1810,11.94,.307,.142,.121,.575,.362,.223,.169,-75.3,-10.82,.184,2.465,.219,.297,.332,3.073,3.083,.476,2.403,.596,.218,.637,.219,.293,2.741,.308,.238,.918,.069,.126,.384,.104,.132
101,2017,283,1820,11.94,.146,.059,.05,.286,.164,.097,.074,-78.9,-10.96,.084,1.109,.099,.136,.142,1.33,1.325,.228,1.067,.292,.087,.312,.097,.121,1.156,.134,.106,.402,.034,.054,.159,.042,.062
101,2017,283,1830,11.94,.054,.02,.02,.101,.059,.034,.028,-81.6,-11.46,.028,.382,.035,.05,.052,.472,.467,.082,.379,.104,.04,.106,.035,.049,.404,.05,.04,.149,.003,.023,.057,.02,.015
101,2017,283,1840,11.94,.003,0,0,.012,.007,0,0,-84.2,-11.54,0,.064,.002,.002,.003,.085,.085,.01,.062,.015,0,.015,0,.005,.074,.007,0,.027,0,0,.003,0,0
101,2017,283,1850,11.94,0,0,0,0,0,0,0,-85.5,-12.41,0,0,0,0,0,.005,.002,0,0,0,0,0,0,0,0,0,0,0,0,0,0,0,0
101,2017,283,1900,11.94,0,0,0,0,0,0,0,-86.3,-12.41,0,0,0,0,0,0,0,0,0,0,0,0,0,0,0,0,0,0,0,0,0,0,0
101,2017,283,1910,11.94,0,0,0,0,0,0,0,-84.9,-12.5,0,0,0,0,0,0,0,0,0,0,0,0,0,0,0,0,0,0,0,0,0,0,0
101,2017,283,1920,11.94,0,0,0,0,0,0,0,-83.4,-13.01,0,0,0,0,0,0,0,0,0,0,0,0,0,0,0,0,0,0,0,0,0,0,0
101,2017,283,1930,11.94,0,0,0,0,0,0,0,-83.3,-13.13,0,0,0,0,0,0,0,0,0,0,0,0,0,0,0,0,0,0,0,0,0,0,0
101,2017,283,1940,11.94,0,0,0,0,0,0,0,-82.9,-13.16,0,0,0,0,0,0,0,0,0,0,0,0,0,0,0,0,0,0,0,0,0,0,0
101,2017,283,1950,11.94,0,0,0,0,0,0,0,-83.2,-13.36,0,0,0,0,0,0,0,0,0,0,0,0,0,0,0,0,0,0,0,0,0,0,0
101,2017,283,2000,11.94,0,0,0,0,0,0,0,-84.6,-14.36,0,0,0,0,0,0,0,0,0,0,0,0,0,0,0,0,0,0,0,0,0,0,0
101,2017,283,2010,11.94,0,0,0,0,0,0,0,-84.4,-14.5,0,0,0,0,0,0,0,0,0,0,0,0,0,0,0,0,0,0,0,0,0,0,0
101,2017,283,2020,11.94,0,0,0,0,0,0,0,-85.5,-14.63,0,0,0,0,0,0,0,0,0,0,0,0,0,0,0,0,0,0,0,0,0,0,0
101,2017,283,2030,11.94,0,0,0,0,0,0,0,-88.4,-14.94,0,0,0,0,0,0,0,0,0,0,0,0,0,0,0,0,0,0,0,0,0,0,0
101,2017,283,2040,11.94,0,0,0,0,0,0,0,-91.3,-14.85,0,0,0,0,0,0,0,0,0,0,0,0,0,0,0,0,0,0,0,0,0,0,0
101,2017,283,2050,11.94,0,0,0,0,0,0,0,-92.3,-14.86,0,0,0,0,0,0,0,0,0,0,0,0,0,0,0,0,0,0,0,0,0,0,0
101,2017,283,2100,11.94,0,0,0,0,0,0,0,-90.4,-14.76,0,0,0,0,0,0,0,0,0,0,0,0,0,0,0,0,0,0,0,0,0,0,0
101,2017,283,2110,11.94,0,0,0,0,0,0,0,-89.3,-14.83,0,0,0,0,0,0,0,0,0,0,0,0,0,0,0,0,0,0,0,0,0,0,0
101,2017,283,2120,11.94,0,0,0,0,0,0,0,-90.8,-14.97,0,0,0,0,0,0,0,0,0,0,0,0,0,0,0,0,0,0,0,0,0,0,0
101,2017,283,2130,11.94,0,0,0,0,0,0,0,-103,-15.26,0,0,0,0,0,0,0,0,0,0,0,0,0,0,0,0,0,0,0,0,0,0,0
101,2017,283,2140,11.94,0,0,0,0,0,0,0,-104.1,-15.35,0,0,0,0,0,0,0,0,0,0,0,0,0,0,0,0,0,0,0,0,0,0,0
101,2017,283,2150,11.94,0,0,0,0,0,0,0,-104.3,-15.72,0,0,0,0,0,0,0,0,0,0,0,0,0,0,0,0,0,0,0,0,0,0,0
101,2017,283,2200,11.94,0,0,0,0,0,0,0,-111.6,-15.92,0,0,0,0,0,0,0,0,0,0,0,0,0,0,0,0,0,0,0,0,0,0,0
101,2017,283,2210,11.94,0,0,0,0,0,0,0,-111.3,-15.7,0,0,0,0,0,0,0,0,0,0,0,0,0,0,0,0,0,0,0,0,0,0,0
101,2017,283,2220,11.94,0,0,0,0,0,0,0,-110.4,-15.81,0,0,0,0,0,0,0,0,0,0,0,0,0,0,0,0,0,0,0,0,0,0,0
101,2017,283,2230,11.94,0,0,0,0,0,0,0,-106.5,-15.98,0,0,0,0,0,0,0,0,0,0,0,0,0,0,0,0,0,0,0,0,0,0,0
101,2017,283,2240,11.94,0,0,0,0,0,0,0,-104.1,-16.03,0,0,0,0,0,0,0,0,0,0,0,0,0,0,0,0,0,0,0,0,0,0,0
101,2017,283,2250,11.93,0,0,0,0,0,0,0,-101.3,-16.02,0,0,0,0,0,0,0,0,0,0,0,0,0,0,0,0,0,0,0,0,0,0,0
101,2017,283,2300,11.93,0,0,0,0,0,0,0,-100.4,-15.93,0,0,0,0,0,0,0,0,0,0,0,0,0,0,0,0,0,0,0,0,0,0,0
101,2017,283,2310,11.94,0,0,0,0,0,0,0,-97.7,-16,0,0,0,0,0,0,0,0,0,0,0,0,0,0,0,0,0,0,0,0,0,0,0
101,2017,283,2320,11.93,0,0,0,0,0,0,0,-95.6,-15.98,0,0,0,0,0,0,0,0,0,0,0,0,0,0,0,0,0,0,0,0,0,0,0
101,2017,283,2330,11.93,0,0,0,0,0,0,0,-92.8,-15.86,0,0,0,0,0,0,0,0,0,0,0,0,0,0,0,0,0,0,0,0,0,0,0
101,2017,283,2340,11.93,0,0,0,0,0,0,0,-93.9,-15.92,0,0,0,0,0,0,0,0,0,0,0,0,0,0,0,0,0,0,0,0,0,0,0
101,2017,283,2350,11.93,0,0,0,0,0,0,0,-94.3,-16.19,0,0,0,0,0,0,0,0,0,0,0,0,0,0,0,0,0,0,0,0,0,0,0
101,2017,283,2400,11.93,0,0,0,0,0,0,0,-85.3,-15.95,0,0,0,0,0,0,0,0,0,0,0,0,0,0,0,0,0,0,0,0,0,0,0
101,2017,284,10,11.93,0,0,0,0,0,0,0,-83.9,-16.08,0,0,0,0,0,0,0,0,0,0,0,0,0,0,0,0,0,0,0,0,0,0,0
101,2017,284,20,11.93,0,0,0,0,0,0,0,-88.4,-16.26,0,0,0,0,0,0,0,0,0,0,0,0,0,0,0,0,0,0,0,0,0,0,0
101,2017,284,30,11.93,0,0,0,0,0,0,0,-86,-16.3,0,0,0,0,0,0,0,0,0,0,0,0,0,0,0,0,0,0,0,0,0,0,0
101,2017,284,40,11.93,0,0,0,0,0,0,0,-83.9,-16.33,0,0,0,0,0,0,0,0,0,0,0,0,0,0,0,0,0,0,0,0,0,0,0
101,2017,284,50,11.93,0,0,0,0,0,0,0,-81.9,-16.4,0,0,0,0,0,0,0,0,0,0,0,0,0,0,0,0,0,0,0,0,0,0,0
101,2017,284,100,11.93,0,0,0,0,0,0,0,-78.8,-16.47,0,0,0,0,0,0,0,0,0,0,0,0,0,0,0,0,0,0,0,0,0,0,0
101,2017,284,110,11.93,0,0,0,0,0,0,0,-78.5,-16.56,0,0,0,0,0,0,0,0,0,0,0,0,0,0,0,0,0,0,0,0,0,0,0
101,2017,284,120,11.93,0,0,0,0,0,0,0,-76.9,-16.58,0,0,0,0,0,0,0,0,0,0,0,0,0,0,0,0,0,0,0,0,0,0,0
101,2017,284,130,11.93,0,0,0,0,0,0,0,-75.1,-16.71,0,0,0,0,0,0,0,0,0,0,0,0,0,0,0,0,0,0,0,0,0,0,0
101,2017,284,140,11.93,0,0,0,0,0,0,0,-73.5,-16.6,0,0,0,0,0,0,0,0,0,0,0,0,0,0,0,0,0,0,0,0,0,0,0
101,2017,284,150,11.93,0,0,0,0,0,0,0,-72.2,-16.61,0,0,0,0,0,0,0,0,0,0,0,0,0,0,0,0,0,0,0,0,0,0,0
101,2017,284,200,11.93,0,0,0,0,0,0,0,-68.86,-16.65,0,0,0,0,0,0,0,0,0,0,0,0,0,0,0,0,0,0,0,0,0,0,0
101,2017,284,210,11.93,0,0,0,0,0,0,0,-66.92,-16.85,0,0,0,0,0,0,0,0,0,0,0,0,0,0,0,0,0,0,0,0,0,0,0
101,2017,284,220,11.93,0,0,0,0,0,0,0,-64.45,-16.97,0,0,0,0,0,0,0,0,0,0,0,0,0,0,0,0,0,0,0,0,0,0,0
101,2017,284,230,11.93,0,0,0,0,0,0,0,-64.18,-17.03,0,0,0,0,0,0,0,0,0,0,0,0,0,0,0,0,0,0,0,0,0,0,0
101,2017,284,240,11.93,0,0,0,0,0,0,0,-64.19,-17.02,0,0,0,0,0,0,0,0,0,0,0,0,0,0,0,0,0,0,0,0,0,0,0
101,2017,284,250,11.93,0,0,0,0,0,0,0,-64.67,-17.15,0,0,0,0,0,0,0,0,0,0,0,0,0,0,0,0,0,0,0,0,0,0,0
101,2017,284,300,11.93,0,0,0,0,0,0,0,-63.45,-17.2,0,0,0,0,0,0,0,0,0,0,0,0,0,0,0,0,0,0,0,0,0,0,0
101,2017,284,310,11.93,0,0,0,0,0,0,0,-61.24,-17.19,0,0,0,0,0,0,0,0,0,0,0,0,0,0,0,0,0,0,0,0,0,0,0
101,2017,284,320,11.93,0,0,0,0,0,0,0,-62.18,-17.15,0,0,0,0,0,0,0,0,0,0,0,0,0,0,0,0,0,0,0,0,0,0,0
101,2017,284,330,11.93,0,0,0,0,0,0,0,-65.5,-17.33,0,0,0,0,0,0,0,0,0,0,0,0,0,0,0,0,0,0,0,0,0,0,0
101,2017,284,340,11.93,0,0,0,0,0,0,0,-68.11,-17.34,0,0,0,0,0,0,0,0,0,0,0,0,0,0,0,0,0,0,0,0,0,0,0
101,2017,284,350,11.93,0,0,0,0,0,0,0,-72.3,-17.33,0,0,0,0,0,0,0,0,0,0,0,0,0,0,0,0,0,0,0,0,0,0,0
101,2017,284,400,11.93,0,0,0,0,0,0,0,-74.2,-17.27,0,0,0,0,0,0,0,0,0,0,0,0,0,0,0,0,0,0,0,0,0,0,0
101,2017,284,410,11.93,0,0,0,0,0,0,0,-73.3,-17.17,0,0,0,0,0,0,0,0,0,0,0,0,0,0,0,0,0,0,0,0,0,0,0
101,2017,284,420,11.93,0,0,0,0,0,0,0,-73.4,-17.01,0,0,0,0,0,0,0,0,0,0,0,0,0,0,0,0,0,0,0,0,0,0,0
101,2017,284,430,11.93,0,0,0,0,0,0,0,-73.5,-16.89,0,0,0,0,0,0,0,0,0,0,0,0,0,0,0,0,0,0,0,0,0,0,0
101,2017,284,440,11.93,0,0,0,0,0,0,0,-77.2,-16.89,0,0,0,0,0,0,0,0,0,0,0,0,0,0,0,0,0,0,0,0,0,0,0
101,2017,284,450,11.93,0,0,0,0,0,0,0,-76.9,-16.74,0,0,0,0,0,0,0,0,0,0,0,0,0,0,0,0,0,0,0,0,0,0,0
101,2017,284,500,11.93,0,0,0,0,0,0,0,-75.1,-16.79,0,0,0,0,0,0,0,0,0,0,0,0,0,0,0,0,0,0,0,0,0,0,0
101,2017,284,510,11.93,0,0,0,0,0,0,0,-75.5,-16.87,0,0,0,0,0,0,0,0,0,0,0,0,0,0,0,0,0,0,0,0,0,0,0
101,2017,284,520,11.93,0,0,0,0,0,0,0,-73.7,-16.78,0,0,0,0,0,0,0,0,0,0,0,0,0,0,0,0,0,0,0,0,0,0,0
101,2017,284,530,11.93,0,0,0,0,0,0,0,-72,-16.73,0,0,0,0,0,0,0,0,0,0,0,0,0,0,0,0,0,0,0,0,0,0,0
101,2017,284,540,11.93,0,0,0,0,0,0,0,-70.2,-16.65,0,.022,0,0,0,.017,.013,.002,.015,.002,0,.007,0,0,.008,0,0,0,0,0,0,0,0
101,2017,284,550,11.92,.023,.008,.002,.045,.022,.013,.008,-68.48,-16.57,.012,.196,.01,.028,.013,.144,.154,.045,.146,.042,.008,.057,.017,.02,.122,.02,.013,.039,0,.008,.015,0,0
101,2017,284,600,11.92,.102,.045,.034,.191,.096,.062,.039,-68.44,-16.47,.047,.831,.054,.097,.07,.694,.726,.176,.644,.179,.049,.238,.065,.067,.593,.069,.064,.186,.025,.034,.069,.032,.034
101,2017,284,610,11.93,.246,.111,.077,.463,.23,.153,.089,-66.12,-16.4,.121,2.087,.137,.236,.178,1.777,1.849,.422,1.619,.419,.126,.551,.166,.174,1.507,.176,.153,.431,.045,.084,.179,.05,.067
101,2017,284,620,11.92,.407,.196,.121,.778,.387,.261,.154,-64.39,-16.3,.206,3.64,.231,.401,.3,3.05,3.204,.744,2.782,.702,.206,.96,.288,.3,2.571,.293,.266,.702,.084,.139,.293,.096,.114
101,2017,284,630,11.93,.558,.275,.178,1.131,.523,.384,.223,-64.52,-16.25,.297,5.227,.323,.54,.446,4.946,4.946,1.674,3.96,1.002,.295,1.381,.419,.441,3.635,.414,.387,.992,.117,.194,.412,.134,.161
101,2017,284,640,11.92,.712,.345,.221,1.436,.664,.461,.28,-63.76,-16.45,.375,6.702,.401,.69,.572,7.25,6.049,3.198,5.452,1.279,.369,1.765,.563,.59,4.502,.503,.466,1.234,.156,.246,.488,.169,.208
101,2017,284,650,11.92,.85,.416,.266,1.709,.801,.578,.328,-61.83,-16.6,.446,17.55,.471,.835,.702,9.92,6.695,2.661,8.02,1.534,.426,2.683,.848,.806,5.237,.612,.575,1.466,.181,.293,.582,.203,.245
101,2017,284,700,11.92,.982,.442,.328,1.974,.964,.731,.404,-63.53,-16.86,.531,51.23,.737,1.022,.83,11.02,7.41,3.228,35.79,2.809,.498,14.79,1.631,1.228,5.846,.697,.731,1.693,.221,.344,.667,.245,.302
101,2017,284,710,11.92,1.099,.491,.404,2.242,1.166,.908,.489,-65.47,-17.19,.652,59.81,1.088,1.676,.927,11.36,8.15,6.186,43.77,21.58,.57,32.53,26.42,1.463,6.362,.783,.965,1.867,.255,.401,.761,.322,.35
101,2017,284,720,11.92,1.234,.551,.476,2.526,1.409,1.115,.982,-66.4,-17.58,.793,66.85,1.217,2.071,1.039,11.23,9.55,24.11,50.34,3.6,.618,15.12,33.8,1.726,6.806,.851,18.98,2.016,.302,.439,.82,.357,.396
101,2017,284,730,11.93,1.324,.595,.608,2.779,1.659,1.587,1.026,-63.14,-17.83,.944,73.6,1.287,5.95,1.106,10.98,9.18,36.53,57,11.72,.689,6.246,24.33,1.998,7.12,.893,34.16,2.13,.334,.469,.865,.369,.432
101,2017,284,740,11.93,1.435,.66,.754,3.08,2.184,2.754,3.535,-54.11,-17.97,1.056,79.7,1.364,9.13,1.18,11.18,9.53,43.1,63.26,21.91,.737,5.105,2.494,2.718,7.4,.955,6.726,2.328,.357,.516,.92,.397,.453
101,2017,284,750,11.93,1.579,1.28,.907,7.03,3.025,3.401,.719,-40.12,-19.32,1.42,85.4,1.902,10.17,1.237,11.51,11.93,49.48,69.37,25.24,.794,5.665,2.008,11.18,7.64,1.012,1.143,2.355,.389,.55,.957,.426,.535
101,2017,284,800,11.93,1.738,.878,.996,8.52,2.806,2.956,.691,-17.54,-19.34,1.252,89.9,6.724,35.01,1.296,12.71,11.75,55.08,74.5,27.46,.843,13.45,2.403,1.855,7.93,1.066,1.18,2.432,.402,.585,1.002,.436,.623
101,2017,284,810,11.93,1.966,1.057,1.066,62.1,2.799,2.906,.712,-.679,-19.05,5.926,94.9,35.85,2.554,1.346,15.79,12.25,60.78,79.9,19,.85,34.2,2.381,2.085,9.37,1.101,1.24,2.517,.404,.618,1.877,.513,.541
101,2017,284,820,11.93,2.22,5.4,1.129,67.96,2.936,3.284,1.093,.617,-18.59,28.78,99.1,22.07,2.587,1.404,20.32,42.52,66.15,84.8,5.101,.861,53.58,29.28,9.57,8.98,1.143,1.305,2.606,.431,.657,1.186,.521,1.146
101,2017,284,830,11.93,5.385,6.565,3.678,70.6,3.108,27.66,.943,13.03,-18.23,31.24,101.8,1.407,4.75,1.471,25,50.78,70.4,88.7,5.99,.88,49.43,18.25,46.4,8.55,1.285,1.426,2.704,.436,.689,2.361,.54,1.299
101,2017,284,840,11.93,11.65,12.93,1.252,73.3,6.435,41.4,1.113,25.65,-17.97,7.45,104.8,1.376,51.11,1.607,29.73,57.04,74.7,92.6,45.67,.918,31.71,2.044,2.93,9.24,1.376,1.562,2.768,.439,.734,1.359,.722,.613
101,2017,284,850,11.93,29.84,44.2,2.453,76,10.81,46.86,10.59,27.46,-15.48,1.652,108.2,1.419,66.47,3.716,34.61,62.75,79.1,96.9,17.03,.985,15.83,2.15,14.97,17.73,2.381,13.21,2.868,.486,.791,1.218,.603,8.07
101,2017,284,900,11.94,39.79,21.83,1.489,77.9,19.81,52.27,3.435,33.1,-16.18,3.711,111.2,1.476,32.86,1.689,39.36,67.94,82.7,100.8,36.08,1.034,7.14,2.217,57.07,14.09,1.531,3.291,3.009,.513,.858,1.268,.61,.7
101,2017,284,910,11.94,12.82,78.9,1.484,78.8,50.44,45.01,1.357,28.28,-15.9,1.741,113.9,1.531,43.99,1.779,44.47,72.8,86.2,104.6,74.2,1.097,5.892,2.052,2.302,13.85,1.645,2.163,4.294,.545,.916,1.629,.638,.759
101,2017,284,920,11.94,7.32,67.02,1.707,78.7,43.35,64.81,1.551,40.38,-16.01,1.758,116.7,1.575,40.36,6.765,50.03,77.7,90.5,108.5,48.7,1.166,5.857,1.977,2.148,29.56,1.558,2.518,3.175,.558,1.002,7.55,.679,3.165
101,2017,284,930,11.94,3.609,3.542,1.68,77.3,42.47,30.77,1.55,17.59,-16,10.5,118.8,1.618,27.07,8.82,55.19,82.2,94,111.8,15.46,1.195,5.901,1.977,2.124,15.29,1.422,9.98,3.28,.575,15.76,6.13,1.243,.947
101,2017,284,940,11.94,66.17,33.58,1.617,73.9,14.99,11.61,1.024,7.78,-15.7,66.97,120.5,1.612,13.03,1.896,60.24,86.4,96.6,114.9,4.654,1.298,5.945,2.002,5.409,38.78,1.476,23.27,3.387,.573,4.507,1.496,.849,26.26
101,2017,284,950,11.94,12.48,41.76,1.617,68.93,6.007,2.193,1.024,5.206,-17.27,39.94,122.1,1.625,18.87,1.94,65.35,90.4,44.35,117.7,6.422,1.407,6.228,1.95,2.065,45.76,1.555,2.28,3.526,.573,13.22,1.491,.848,27.12
101,2017,284,1000,11.94,85,6.419,1.611,62.05,2.961,2.08,1.077,-4.93,-15.96,2.206,123.3,1.675,12.7,1.982,70.9,94.1,16.49,119.9,86.9,1.531,7.07,1.997,2.069,49.91,1.668,2.105,3.667,.58,1.528,7.33,.827,7.55
101,2017,284,1010,11.94,23.83,2.953,1.687,55.75,2.876,1.966,1.107,-7.06,-17.22,3.395,124.5,1.71,3.64,2.045,76.8,97.7,6.651,122.5,49.18,1.651,6.807,1.98,2.085,54.27,1.774,2.119,3.812,.569,1.119,23.99,.841,2.375
101,2017,284,1020,11.94,6.753,60.12,40.17,48.82,2.779,1.898,1.157,-7.83,-16.44,2.087,125.3,5.502,2.273,2.614,82,100.8,6.4,124.5,26.75,1.707,8.75,1.908,2.1,58.21,1.849,1.98,3.975,.569,1.117,7.95,1.06,1.075
101,2017,284,1030,11.94,4.778,105.9,88,42.53,2.713,1.908,7.53,-11.15,-13.94,1.854,125.8,6.978,2.368,2.358,86.9,103.8,6.465,126.4,5.041,1.702,25.06,1.986,2.127,61.96,2.063,2.062,4.137,.569,1.189,2,2.341,1.067
101,2017,284,1040,11.95,4.577,54.94,68.35,35.69,2.621,1.861,1.372,-16.26,-14.85,1.814,125.8,2.023,2.249,2.184,91.2,106.5,6.132,127.8,4.998,1.789,25.63,1.911,2.147,65.2,2.001,2.052,4.326,.569,1.243,4.475,7.84,1.109
101,2017,284,1050,11.95,4.576,2.747,30.35,29.89,2.569,1.883,1.484,-18.42,-15.11,1.847,124.3,1.978,2.244,2.244,95.2,109,8.81,129.1,5.252,1.847,22.81,1.971,2.236,68.34,2.089,2.042,9.9,.588,4.385,1.755,1.064,1.219
101,2017,284,1100,11.95,4.854,2.514,65.59,24.33,2.583,1.928,30.3,-18.67,-8.3,17.23,121.1,2.03,2.3,2.308,98.7,111.3,6.52,129.9,5.507,1.943,13.09,2.03,2.326,71.2,2.196,2.147,5.256,.611,5.003,1.861,.98,1.383
101,2017,284,1110,11.95,19.33,2.556,16.81,20.34,2.628,2.027,12.89,-20.36,-11.44,2.661,117,2.263,2.407,2.403,102.1,113.4,5.391,131,6.016,22.41,6.162,2.07,44.13,74,3.983,2.335,8.92,.807,1.181,2.02,1.007,1.471
101,2017,284,1120,11.95,53.48,2.807,8.59,18.2,2.799,11.04,1.494,-14.17,-12.49,5.221,111.7,2.395,2.646,2.616,104.9,115.2,6.123,132.1,7.33,40.59,6.671,9.75,4.263,76.2,3.256,2.841,7.32,.72,1.286,2.358,1.625,1.549
101,2017,284,1130,11.95,68.45,4.889,4.624,22.91,4.316,4.842,7.01,-17.96,-10.39,3.44,111.4,3.743,4.313,3.119,108.5,118.3,10.11,134.2,13.35,4.686,11.33,12.05,4.283,77.5,3.983,4.308,12.14,.914,1.891,3.206,2.325,1.658
101,2017,284,1140,11.95,16.09,3.546,2.517,15.56,4.678,3.871,2.626,-18.94,-11.63,3.577,54.79,4.897,5.326,4.284,57.1,58.28,10.63,60.68,12.81,3.861,11.85,3.455,4.428,43.02,3.482,5.55,19.58,1.147,2.38,4.47,1.75,2.214
101,2017,284,1150,11.95,5.862,2.382,2.005,10.54,5.142,3.157,2.462,-19.25,-10.78,3.018,36.67,3.454,4.939,4.693,45.61,45.33,7.93,39.43,8.82,3,9.53,2.785,3.733,37.3,3.593,4.102,15.84,1.224,2.154,5.795,1.159,2.177
101,2017,284,1200,11.95,5.385,2.251,1.79,10.05,5.006,3.082,2.194,-22.61,-9.59,2.78,33.79,3.162,4.541,4.361,42.85,43.05,7.32,35.82,8.66,2.702,8.91,2.65,3.641,35.66,3.551,3.839,14.78,1.094,1.931,5.339,1.218,1.891
101,2017,284,1210,11.95,6.051,2.536,2.033,10.89,5.256,3.212,2.3,-27.43,-8.66,3.016,37.08,3.248,4.711,4.338,45.08,45.92,8.21,39.55,9.14,2.787,9.51,2.946,3.837,37.52,3.926,4.284,14.81,1.127,2.025,5.458,1.248,1.913
101,2017,284,1220,11.95,6.331,2.475,1.998,11.68,5.517,3.368,2.276,-29.93,-8.26,3.028,37.2,3.224,5.095,4.52,44.94,46.03,8.56,38.62,8.86,2.656,10.31,2.964,3.814,37.71,3.648,4.135,14.66,1.174,2.033,5.53,1.233,1.931
101,2017,284,1230,11.95,6.11,2.536,1.921,11.24,5.423,3.291,2.321,-32.9,-8.22,3.013,36.64,3.189,5.058,4.472,44.82,45.56,8.32,38,8.5,2.871,10.01,2.933,3.819,37.26,3.849,3.988,14.26,1.166,2.017,5.37,1.234,1.948
101,2017,284,1240,11.95,5.676,2.295,1.867,10.25,5.023,3.112,2.263,-38.33,-8.36,2.916,34.21,3.177,4.678,4.582,44.12,44.37,7.74,36.76,8.17,2.98,9.41,2.81,3.768,36.98,3.675,3.911,14.76,1.129,1.991,5.343,1.234,2.013
101,2017,284,1250,11.95,5.333,2.162,1.857,9.71,5.053,3.122,2.288,-39.34,-8.47,2.869,33.44,3.211,4.755,4.721,43.87,44.68,7.27,36.37,7.72,2.703,8.88,2.785,3.936,37.53,3.576,3.988,15.66,1.146,1.993,5.743,1.337,2.033
101,2017,284,1300,11.95,4.643,1.856,1.563,8.57,4.567,2.651,1.988,-45.25,-8.89,2.437,28.36,2.447,4.105,3.82,36.31,37.69,6.259,30.09,6.2,1.936,8.09,2.368,3.127,31.82,3.078,3.311,12.08,.983,1.683,5.033,1.104,1.588
101,2017,284,1310,11.95,3.897,1.507,1.211,7.29,3.711,2.11,1.506,-51.75,-9.21,1.918,23.18,1.988,3.358,3.016,28.66,29.62,5.214,23.55,5.093,1.65,7.12,1.951,2.41,24.95,2.336,2.542,8.86,.76,1.285,3.445,.765,1.236
101,2017,284,1320,11.95,3.834,1.605,1.313,6.924,3.549,2.171,1.623,-53.26,-9.13,2.022,24.03,2.169,3.36,3.269,30.87,31.3,5.179,25.74,5.437,1.938,6.602,1.963,2.68,26.42,2.556,2.802,10.92,.801,1.409,3.864,.868,1.372
101,2017,284,1330,11.95,3.975,1.472,1.244,7.21,3.558,2.105,1.506,-55.41,-9.1,1.936,22.98,2.033,3.274,3.053,28.93,29.7,5.33,24.28,5.042,1.673,6.658,1.953,2.412,25.07,2.323,2.646,9.5,.755,1.31,3.608,.806,1.295
101,2017,284,1340,11.94,3.559,1.422,1.131,6.433,3.212,1.936,1.389,-58.69,-9.34,1.764,21.45,1.873,3.013,2.829,26.79,27.35,4.712,22.3,4.847,1.651,6.04,1.744,2.256,22.96,2.236,2.367,8.86,.693,1.208,3.261,.744,1.194
101,2017,284,1350,11.95,3.221,1.338,1.151,5.904,3.198,1.933,1.454,-60.21,-9.53,1.765,21.27,2.01,2.978,3.049,27.95,28.2,4.462,22.7,4.918,1.762,5.893,1.729,2.4,24,2.306,2.464,9.78,.702,1.233,3.474,.784,1.288
101,2017,284,1400,11.94,3.725,1.481,1.283,6.906,3.685,2.216,1.653,-60.46,-9.57,2.027,23.67,2.186,3.335,3.397,31.36,31.74,5.104,25.49,5.4,1.923,6.545,1.955,2.722,27.04,2.663,2.729,10.74,.794,1.385,3.955,.889,1.439
101,2017,284,1410,11.94,3.856,1.538,1.335,7.08,3.744,2.256,1.675,-58.83,-9.68,2.069,24.56,2.228,3.484,3.416,31.94,32.55,5.256,26.19,5.575,1.936,6.694,1.998,2.819,27.69,2.699,2.799,10.89,.831,1.429,4.171,.931,1.419
101,2017,284,1420,11.94,4.062,1.605,1.379,7.47,3.786,2.272,1.674,-60.02,-9.91,2.136,25.49,2.473,3.453,3.531,33.14,33.57,5.562,27.35,6.059,2.081,6.925,2.112,2.829,28.38,2.809,2.928,11.43,.833,1.468,4.113,.945,1.484
101,2017,284,1430,11.94,5.012,1.93,1.558,8.9,4.253,2.593,1.856,-60.92,-10.08,2.339,28.54,2.563,3.858,3.724,36.07,36.95,6.471,30.55,6.74,2.186,7.75,2.307,3.126,30.62,3.009,3.307,12.42,.893,1.605,4.377,1.055,1.555
101,2017,284,1440,11.94,4.639,1.819,1.499,8.45,4.126,2.484,1.69,-59.9,-10.37,2.312,26.76,2.193,3.967,3.573,33.63,35.21,6.078,28.15,5.738,1.876,7.74,2.288,2.876,29.43,2.794,3.098,11.02,.898,1.583,4.148,.997,1.449
101,2017,284,1450,11.94,3.702,1.488,1.23,6.723,3.57,2.022,1.468,-61.91,-10.86,1.888,22.73,2.002,3.319,2.954,28.2,29.33,4.873,23.58,5.084,1.667,6.569,1.834,2.422,24.96,2.399,2.582,9.63,.761,1.337,3.485,.772,1.208
101,2017,284,1500,11.94,4.434,1.772,1.556,7.98,4.133,2.536,1.819,-58.98,-10.8,2.335,27,2.434,3.967,3.805,34.65,36.01,5.773,29.4,6.115,1.824,7.45,2.178,3.005,30.37,2.876,3.217,12.7,.947,1.685,4.818,1.086,1.64
101,2017,284,1510,11.94,4.949,1.977,1.54,9.03,4.403,2.551,1.818,-57.05,-10.69,2.372,28.06,2.119,3.967,3.247,34.16,36.12,6.448,28.88,6.202,1.793,8.05,2.327,2.828,30,2.902,3.046,10.4,.943,1.563,4.634,1.037,1.34
101,2017,284,1520,11.94,4.081,1.585,1.266,7.42,4.079,2.208,2.056,-55.83,-10.71,2.174,24.27,2.585,3.58,3.736,36.16,36.9,5.636,26.98,5.282,2.325,7.35,2.257,2.918,31.81,2.828,2.607,10.25,.866,1.392,5.942,1.082,1.441
101,2017,284,1530,11.94,3.488,1.561,1.561,6.475,4.161,2.595,3.347,-56.38,-10.59,2.766,36.65,19.48,3.932,6.679,106.4,98.7,13.92,72,6.376,4.357,24.21,3.679,4.145,85.2,3.612,3.536,15.17,1.29,2.062,47.21,1.93,3.041
101,2017,284,1540,11.94,4.325,1.866,1.95,7.56,4.704,3.027,2.953,-42.72,-13.86,6.183,41.28,5.512,4.808,7.19,127.2,117.5,6.074,85,8.69,32.13,7.62,4.783,4.483,100.6,4.093,4.258,18.15,1.452,2.421,55.85,2.24,3.58
101,2017,284,1550,11.95,4.349,1.901,1.784,7.8,4.315,2.769,2.576,-30.96,-17.13,6.709,34.79,3.697,4.524,5.583,93.6,87.3,6.091,63.23,11.57,15.94,7.44,2.638,5.71,75.7,3.503,3.816,16.29,1.235,2.023,36.19,1.707,2.938
101,2017,284,1600,11.95,3.888,1.636,1.581,7.11,4.01,2.316,2.35,-28.75,-17.5,4.625,28.1,2.821,3.675,4.568,66.2,62.06,5.686,44.72,8.69,3.673,6.856,2.382,3.524,53.91,3.311,3.151,13.47,1.018,1.722,18.67,1.231,2.283
101,2017,284,1610,11.95,3.321,1.429,1.589,6.174,3.591,2.231,2.094,-36.42,-16.06,3.226,23.69,2.738,3.35,4.576,44.53,42.73,4.974,31.12,6.551,3.313,6.063,2.335,3.288,36.96,3.025,2.665,13.54,.916,1.528,6.123,1.109,2.191
101,2017,284,1620,11.95,3.119,1.425,6.281,5.85,3.588,2.161,2.204,-34.56,-13.7,15.77,22.77,8.22,3.224,4.428,94.3,85,4.855,51.68,17.07,3.772,5.772,14.52,3.296,77.5,3.626,2.822,12.36,.904,1.499,4.953,1.318,2.313
101,2017,284,1630,11.95,3.078,1.387,1.663,5.713,3.38,2.176,2.033,-30.11,-12.02,3.484,22.99,4.82,3.204,4.537,103.8,92.9,10.57,53.01,27.6,3.293,6.334,2.363,3.229,85.8,3.524,2.976,11.99,.873,1.507,4.77,1.172,2.42
101,2017,284,1640,11.95,2.692,1.184,1.149,5.041,2.963,1.839,1.511,-29.94,-11.36,2.072,20.1,2.296,2.799,3.768,60.58,55.58,5.842,29.09,5.842,2.4,5.351,1.852,2.665,50.82,2.688,2.348,10.08,.719,1.213,4.18,.97,1.636
101,2017,284,1650,11.95,2.439,1.172,.975,4.594,2.743,1.648,1.516,-30.69,-10.76,2.012,17.87,1.943,2.365,3.057,56.14,51.91,3.683,19.75,4.294,2.07,4.782,3.236,2.482,27.27,2.509,2.08,8.82,.63,1.033,3.438,.801,1.4
101,2017,284,1700,11.95,2.179,1.038,1.05,4.15,2.43,1.347,1.266,-27.49,-10.14,1.395,15.76,1.507,2.127,2.769,47.41,47.13,3.236,16.41,3.643,1.74,4.376,1.424,2.179,21.65,2.077,1.643,7.37,.553,.94,3.023,.725,1.094
101,2017,284,1710,11.95,1.797,.779,.69,3.353,1.909,1.126,1.064,-28.18,-9.99,1.131,13.24,1.204,1.799,2.224,25.43,21.97,2.68,13.96,3.097,1.543,3.408,1.137,1.767,17.35,1.653,1.305,6.041,.451,.784,2.712,.588,.807
101,2017,284,1720,11.95,1.122,.546,.519,2.281,1.454,.911,.847,-26.57,-9.98,.846,11.46,1.194,1.33,1.998,20.54,17.98,1.985,11.78,2.815,1.405,2.537,.931,1.586,14.16,1.385,1.038,5.944,.37,.601,2.201,.486,.774
101,2017,284,1730,11.95,.868,.434,.409,1.774,1.092,.688,.509,-27.99,-10.59,.601,8.26,.821,1.028,1.38,12.36,12.14,1.546,8.32,2.063,.856,2.152,.749,1.092,10.16,1.084,.767,3.77,.256,.44,1.293,.394,.492
101,2017,284,1740,11.94,.811,.367,.3,1.576,.853,.502,.409,-30.57,-10.91,.479,6.587,.518,.739,.913,8.91,9,1.3,6.236,1.496,.59,1.857,.571,.757,7.72,.796,.558,2.263,.194,.322,1.003,.273,.325
101,2017,284,1750,11.94,.496,.251,.203,1.075,.63,.392,.307,-34.57,-11.1,.345,4.851,.41,.526,.67,6.449,6.561,.926,4.415,1.126,.437,1.407,.427,.526,5.695,.588,.412,1.588,.134,.224,.647,.201,.241
101,2017,284,1800,11.94,.405,.198,.159,.806,.487,.307,.243,-42.08,-11.43,.275,3.712,.33,.419,.533,5.134,5.164,.699,3.472,.884,.389,1.054,.333,.432,4.536,.477,.33,1.271,.107,.176,.504,.157,.201
101,2017,284,1810,11.94,.305,.147,.119,.573,.362,.218,.171,-42.55,-11.84,.196,2.494,.226,.313,.389,3.431,3.556,.482,2.424,.583,.243,.702,.233,.325,3.111,.35,.25,.965,.074,.129,.38,.116,.146
101,2017,284,1820,11.94,.163,.075,.054,.322,.189,.106,.084,-50.81,-11.84,.094,1.166,.104,.161,.179,1.489,1.566,.255,1.121,.286,.097,.364,.107,.146,1.32,.157,.112,.441,.04,.065,.183,.05,.067
101,2017,284,1830,11.94,.055,.022,.02,.106,.062,.035,.025,-65.46,-11.62,.03,.365,.032,.052,.057,.466,.477,.082,.365,.094,.034,.112,.034,.049,.427,.052,.039,.152,.005,.022,.062,.02,.018
101,2017,284,1840,11.94,.002,0,0,.012,.005,0,0,-69.18,-11.66,0,.055,0,0,.002,.077,.079,.007,.057,.01,0,.013,0,.003,.074,.003,0,.023,0,0,.005,0,0
101,2017,284,1850,11.94,0,0,0,0,0,0,0,-67.97,-11.88,0,.002,0,0,0,.005,.002,0,0,0,0,0,0,0,.002,0,0,0,0,0,0,0,0
101,2017,284,1900,11.94,0,0,0,0,0,0,0,-64.6,-12.36,0,0,0,0,0,0,0,0,0,0,0,0,0,0,0,0,0,0,0,0,0,0,0
101,2017,284,1910,11.94,0,0,0,0,0,0,0,-66.5,-12.71,0,0,0,0,0,0,0,0,0,0,0,0,0,0,0,0,0,0,0,0,0,0,0
101,2017,284,1920,11.94,0,0,0,0,0,0,0,-64.8,-13.04,0,0,0,0,0,0,0,0,0,0,0,0,0,0,0,0,0,0,0,0,0,0,0
101,2017,284,1930,11.94,0,0,0,0,0,0,0,-64.31,-13.26,0,0,0,0,0,0,0,0,0,0,0,0,0,0,0,0,0,0,0,0,0,0,0
101,2017,284,1940,11.94,0,0,0,0,0,0,0,-65.05,-13.87,0,0,0,0,0,0,0,0,0,0,0,0,0,0,0,0,0,0,0,0,0,0,0
101,2017,284,1950,11.94,0,0,0,0,0,0,0,-67.86,-14.42,0,0,0,0,0,0,0,0,0,0,0,0,0,0,0,0,0,0,0,0,0,0,0
101,2017,284,2000,11.94,0,0,0,0,0,0,0,-68.94,-15.12,0,0,0,0,0,0,0,0,0,0,0,0,0,0,0,0,0,0,0,0,0,0,0
101,2017,284,2010,11.93,0,0,0,0,0,0,0,-70.3,-15.34,0,0,0,0,0,0,0,0,0,0,0,0,0,0,0,0,0,0,0,0,0,0,0
101,2017,284,2020,11.93,0,0,0,0,0,0,0,-70,-15.6,0,0,0,0,0,0,0,0,0,0,0,0,0,0,0,0,0,0,0,0,0,0,0
101,2017,284,2030,11.93,0,0,0,0,0,0,0,-68.59,-15.79,0,0,0,0,0,0,0,0,0,0,0,0,0,0,0,0,0,0,0,0,0,0,0
101,2017,284,2040,11.93,0,0,0,0,0,0,0,-68.17,-16.05,0,0,0,0,0,0,0,0,0,0,0,0,0,0,0,0,0,0,0,0,0,0,0
101,2017,284,2050,11.93,0,0,0,0,0,0,0,-68.99,-16.49,0,0,0,0,0,0,0,0,0,0,0,0,0,0,0,0,0,0,0,0,0,0,0
101,2017,284,2100,11.93,0,0,0,0,0,0,0,-66.8,-16.7,0,0,0,0,0,0,0,0,0,0,0,0,0,0,0,0,0,0,0,0,0,0,0
101,2017,284,2110,11.93,0,0,0,0,0,0,0,-65.94,-16.81,0,0,0,0,0,0,0,0,0,0,0,0,0,0,0,0,0,0,0,0,0,0,0
101,2017,284,2120,11.93,0,0,0,0,0,0,0,-65.6,-16.96,0,0,0,0,0,0,0,0,0,0,0,0,0,0,0,0,0,0,0,0,0,0,0
101,2017,284,2130,11.93,0,0,0,0,0,0,0,-64.71,-16.81,0,0,0,0,0,0,0,0,0,0,0,0,0,0,0,0,0,0,0,0,0,0,0
101,2017,284,2140,11.93,0,0,0,0,0,0,0,-64.51,-16.83,0,0,0,0,0,0,0,0,0,0,0,0,0,0,0,0,0,0,0,0,0,0,0
101,2017,284,2150,11.93,0,0,0,0,0,0,0,-66.68,-17.02,0,0,0,0,0,0,0,0,0,0,0,0,0,0,0,0,0,0,0,0,0,0,0
101,2017,284,2200,11.93,0,0,0,0,0,0,0,-68.36,-17.24,0,0,0,0,0,0,0,0,0,0,0,0,0,0,0,0,0,0,0,0,0,0,0
101,2017,284,2210,11.93,0,0,0,0,0,0,0,-70.5,-17.33,0,0,0,0,0,0,0,0,0,0,0,0,0,0,0,0,0,0,0,0,0,0,0
101,2017,284,2220,11.92,0,0,0,0,0,0,0,-69.54,-17.7,0,0,0,0,0,0,0,0,0,0,0,0,0,0,0,0,0,0,0,0,0,0,0
101,2017,284,2230,11.92,0,0,0,0,0,0,0,-67,-17.68,0,0,0,0,0,0,0,0,0,0,0,0,0,0,0,0,0,0,0,0,0,0,0
101,2017,284,2240,11.92,0,0,0,0,0,0,0,-62.83,-17.36,0,0,0,0,0,0,0,0,0,0,0,0,0,0,0,0,0,0,0,0,0,0,0
101,2017,284,2250,11.92,0,0,0,0,0,0,0,-61.35,-17.48,0,0,0,0,0,0,0,0,0,0,0,0,0,0,0,0,0,0,0,0,0,0,0
101,2017,284,2300,11.92,0,0,0,0,0,0,0,-59.88,-17.43,0,0,0,0,0,0,0,0,0,0,0,0,0,0,0,0,0,0,0,0,0,0,0
101,2017,284,2310,11.92,0,0,0,0,0,0,0,-58.95,-17.51,0,0,0,0,0,0,0,0,0,0,0,0,0,0,0,0,0,0,0,0,0,0,0
101,2017,284,2320,11.92,0,0,0,0,0,0,0,-60.52,-17.61,0,0,0,0,0,0,0,0,0,0,0,0,0,0,0,0,0,0,0,0,0,0,0
101,2017,284,2330,11.92,0,0,0,0,0,0,0,-61.11,-17.56,0,0,0,0,0,0,0,0,0,0,0,0,0,0,0,0,0,0,0,0,0,0,0
101,2017,284,2340,11.92,0,0,0,0,0,0,0,-58.25,-17.3,0,0,0,0,0,0,0,0,0,0,0,0,0,0,0,0,0,0,0,0,0,0,0
101,2017,284,2350,11.92,0,0,0,0,0,0,0,-57.26,-17.38,0,0,0,0,0,0,0,0,0,0,0,0,0,0,0,0,0,0,0,0,0,0,0
101,2017,284,2400,11.92,0,0,0,0,0,0,0,-61.08,-17.59,0,0,0,0,0,0,0,0,0,0,0,0,0,0,0,0,0,0,0,0,0,0,0
101,2017,285,10,11.92,0,0,0,0,0,0,0,-63.85,-17.39,0,0,0,0,0,0,0,0,0,0,0,0,0,0,0,0,0,0,0,0,0,0,0
101,2017,285,20,11.92,0,0,0,0,0,0,0,-66.38,-17.57,0,0,0,0,0,0,0,0,0,0,0,0,0,0,0,0,0,0,0,0,0,0,0
101,2017,285,30,11.92,0,0,0,0,0,0,0,-68.83,-17.72,0,0,0,0,0,0,0,0,0,0,0,0,0,0,0,0,0,0,0,0,0,0,0
101,2017,285,40,11.92,0,0,0,0,0,0,0,-69.3,-17.79,0,0,0,0,0,0,0,0,0,0,0,0,0,0,0,0,0,0,0,0,0,0,0
101,2017,285,50,11.92,0,0,0,0,0,0,0,-72.4,-17.84,0,0,0,0,0,0,0,0,0,0,0,0,0,0,0,0,0,0,0,0,0,0,0
101,2017,285,100,11.92,0,0,0,0,0,0,0,-71.4,-17.81,0,0,0,0,0,0,0,0,0,0,0,0,0,0,0,0,0,0,0,0,0,0,0
101,2017,285,110,11.92,0,0,0,0,0,0,0,-69,-17.86,0,0,0,0,0,0,0,0,0,0,0,0,0,0,0,0,0,0,0,0,0,0,0
101,2017,285,120,11.92,0,0,0,0,0,0,0,-72.6,-18.14,0,0,0,0,0,0,0,0,0,0,0,0,0,0,0,0,0,0,0,0,0,0,0
101,2017,285,130,11.92,0,0,0,0,0,0,0,-78.3,-18.21,0,0,0,0,0,0,0,0,0,0,0,0,0,0,0,0,0,0,0,0,0,0,0
101,2017,285,140,11.92,0,0,0,0,0,0,0,-82,-18.13,0,0,0,0,0,0,0,0,0,0,0,0,0,0,0,0,0,0,0,0,0,0,0
101,2017,285,150,11.92,0,0,0,0,0,0,0,-77,-17.94,0,0,0,0,0,0,0,0,0,0,0,0,0,0,0,0,0,0,0,0,0,0,0
101,2017,285,200,11.92,0,0,0,0,0,0,0,-75.6,-17.67,0,0,0,0,0,0,0,0,0,0,0,0,0,0,0,0,0,0,0,0,0,0,0
101,2017,285,210,11.92,0,0,0,0,0,0,0,-74.2,-17.54,0,0,0,0,0,0,0,0,0,0,0,0,0,0,0,0,0,0,0,0,0,0,0
101,2017,285,220,11.92,0,0,0,0,0,0,0,-73.8,-17.46,0,0,0,0,0,0,0,0,0,0,0,0,0,0,0,0,0,0,0,0,0,0,0
101,2017,285,230,11.92,0,0,0,0,0,0,0,-74.1,-17.58,0,0,0,0,0,0,0,0,0,0,0,0,0,0,0,0,0,0,0,0,0,0,0
101,2017,285,240,11.92,0,0,0,0,0,0,0,-74.7,-17.8,0,0,0,0,0,0,0,0,0,0,0,0,0,0,0,0,0,0,0,0,0,0,0
101,2017,285,250,11.92,0,0,0,0,0,0,0,-71.7,-18.22,0,0,0,0,0,0,0,0,0,0,0,0,0,0,0,0,0,0,0,0,0,0,0
101,2017,285,300,11.92,0,0,0,0,0,0,0,-69.09,-17.47,0,0,0,0,0,0,0,0,0,0,0,0,0,0,0,0,0,0,0,0,0,0,0
101,2017,285,310,11.92,0,0,0,0,0,0,0,-67,-17.16,0,0,0,0,0,0,0,0,0,0,0,0,0,0,0,0,0,0,0,0,0,0,0
101,2017,285,320,11.92,0,0,0,0,0,0,0,-66.68,-16.92,0,0,0,0,0,0,0,0,0,0,0,0,0,0,0,0,0,0,0,0,0,0,0
101,2017,285,330,11.92,0,0,0,0,0,0,0,-65.21,-16.94,0,0,0,0,0,0,0,0,0,0,0,0,0,0,0,0,0,0,0,0,0,0,0
101,2017,285,340,11.92,0,0,0,0,0,0,0,-67.43,-17.11,0,0,0,0,0,0,0,0,0,0,0,0,0,0,0,0,0,0,0,0,0,0,0
101,2017,285,350,11.92,0,0,0,0,0,0,0,-69.93,-17.56,0,0,0,0,0,0,0,0,0,0,0,0,0,0,0,0,0,0,0,0,0,0,0
101,2017,285,400,11.92,0,0,0,0,0,0,0,-70.5,-17.81,0,0,0,0,0,0,0,0,0,0,0,0,0,0,0,0,0,0,0,0,0,0,0
101,2017,285,410,11.92,0,0,0,0,0,0,0,-72.2,-17.96,0,0,0,0,0,0,0,0,0,0,0,0,0,0,0,0,0,0,0,0,0,0,0
101,2017,285,420,11.92,0,0,0,0,0,0,0,-71.8,-18.12,0,0,0,0,0,0,0,0,0,0,0,0,0,0,0,0,0,0,0,0,0,0,0
101,2017,285,430,11.92,0,0,0,0,0,0,0,-67.45,-17.79,0,0,0,0,0,0,0,0,0,0,0,0,0,0,0,0,0,0,0,0,0,0,0
101,2017,285,440,11.92,0,0,0,0,0,0,0,-64.07,-17.49,0,0,0,0,0,0,0,0,0,0,0,0,0,0,0,0,0,0,0,0,0,0,0
101,2017,285,450,11.92,0,0,0,0,0,0,0,-63.47,-17.25,0,0,0,0,0,0,0,0,0,0,0,0,0,0,0,0,0,0,0,0,0,0,0
101,2017,285,500,11.92,0,0,0,0,0,0,0,-63.27,-17.49,0,0,0,0,0,0,0,0,0,0,0,0,0,0,0,0,0,0,0,0,0,0,0
101,2017,285,510,11.92,0,0,0,0,0,0,0,-62.15,-17.43,0,0,0,0,0,0,0,0,0,0,0,0,0,0,0,0,0,0,0,0,0,0,0
101,2017,285,520,11.92,0,0,0,0,0,0,0,-61.15,-17.36,0,0,0,0,0,0,0,0,0,0,0,0,0,0,0,0,0,0,0,0,0,0,0
101,2017,285,530,11.91,0,0,0,0,0,0,0,-61.13,-17.38,0,0,0,0,0,0,0,0,0,0,0,0,0,0,0,0,0,0,0,0,0,0,0
101,2017,285,540,11.92,0,0,0,0,0,0,0,-59.09,-17.43,0,.03,0,0,0,.018,.018,.005,.013,.003,0,.007,0,0,.015,0,0,.002,0,0,0,0,0
101,2017,285,550,11.92,.027,.012,.005,.054,.023,.017,.012,-61.44,-17.97,.013,.236,.017,.032,.015,.176,.189,.052,.178,.052,.008,.067,.02,.025,.149,.025,.017,.049,0,.012,.017,.003,.003
101,2017,285,600,11.91,.112,.049,.035,.213,.107,.067,.044,-60.68,-17.91,.054,.928,.062,.112,.079,.771,.811,.194,.714,.196,.05,.263,.074,.079,.655,.075,.07,.203,.028,.04,.077,.034,.034
101,2017,285,610,11.92,.26,.121,.08,.481,.246,.164,.099,-59.5,-17.89,.129,2.226,.147,.255,.188,1.875,1.978,.444,1.713,.441,.129,.592,.179,.188,1.599,.183,.166,.454,.052,.087,.186,.054,.074
101,2017,285,620,11.92,.426,.203,.127,.818,.402,.273,.163,-59.25,-17.84,.213,3.825,.243,.417,.318,3.199,3.35,.784,2.904,.731,.215,1.019,.305,.313,2.68,.3,.278,.731,.089,.149,.308,.096,.119
101,2017,285,630,11.92,.577,.28,.178,1.158,.535,.392,.225,-57.9,-17.79,.303,5.343,.33,.555,.459,5.15,5.021,1.572,4.036,1.026,.303,1.431,.429,.453,3.717,.422,.399,1.016,.124,.199,.419,.141,.166
101,2017,285,640,11.92,.726,.352,.225,1.456,.677,.469,.285,-53.41,-17.72,.387,6.952,.412,.704,.583,7.45,6.106,2.532,6.184,1.296,.372,1.805,.573,.602,4.684,.509,.473,1.249,.159,.248,.496,.169,.209
101,2017,285,650,11.92,.865,.416,.273,1.725,.809,.588,.334,-47.49,-17.75,.449,16.89,.491,.855,.716,10.06,6.716,2.692,10.19,1.549,.431,2.703,.86,.801,5.278,.607,.58,1.485,.186,.3,.583,.208,.25
101,2017,285,700,11.92,.985,.442,.335,1.986,.979,.744,.409,-43.74,-17.64,.543,52.28,.763,1.036,.846,11.07,7.45,3.496,36.95,4.356,.504,14.08,1.622,1.358,5.871,.692,.739,1.698,.223,.352,.674,.246,.307
101,2017,285,710,11.92,1.104,.488,.407,2.237,1.182,.92,.496,-42.66,-17.54,.659,60.56,1.111,1.626,.949,11.37,8.14,9.35,44.4,17.43,.573,28.81,25.75,1.602,6.374,.768,1.029,1.869,.258,.406,.791,.318,.35
101,2017,285,720,11.92,1.222,.548,.479,2.502,1.42,1.13,.989,-42.08,-17.38,.798,67.83,1.23,2.097,1.068,11.21,9,28.29,51.25,3.577,.62,13.39,33.02,1.619,6.803,.836,42.12,2.011,.297,.437,.826,.355,.397
101,2017,285,730,11.92,1.344,.603,.622,2.814,1.693,1.597,1.535,-41.53,-17.64,1.404,74.3,1.28,3.129,1.121,11.06,9.23,36.75,57.61,20.09,.778,9.26,21.83,1.668,7.2,.895,37.17,2.144,.334,.476,.878,.372,.434
101,2017,285,740,11.92,1.488,.679,.769,3.163,2.073,2.698,1.109,-39.5,-18.69,1.133,80.3,1.361,4.787,1.202,11.3,9.72,43.16,63.77,12.9,.747,5.457,2.541,5.085,7.5,.959,15.96,2.278,.362,.528,.925,.402,.458
101,2017,285,750,11.92,1.646,3.977,.93,4.966,2.728,3.111,.722,-32.96,-19.15,1.46,85.9,1.783,12.35,1.257,11.66,12.86,49.41,69.81,17.94,.793,5.502,2.046,15.24,7.79,1.031,1.173,2.371,.385,.565,.97,.436,.565
101,2017,285,800,11.93,1.818,1.306,1.017,14.95,2.745,2.985,.706,-12.38,-18.08,1.311,90.7,8.03,29.87,1.321,12.97,13.25,55.23,75.3,30.1,.835,9.18,2.457,1.869,8.06,1.073,1.205,2.449,.414,.597,1.017,.446,1.634
101,2017,285,810,11.93,2.219,1.506,1.083,64.65,2.834,2.839,.722,1.957,-17.63,15.81,95.2,28.94,2.571,1.361,16.1,19.09,60.67,80.6,8.59,.866,28.26,2.42,2.098,9.55,1.131,1.264,2.54,.412,.635,1.071,.523,.55
101,2017,285,820,11.93,2.401,7.09,1.156,68.11,2.972,3.391,.88,1.744,-17.44,30.87,99,13.74,3.21,1.434,20.69,44.35,65.59,85.1,4.474,.871,44.88,25.4,11.29,9.13,1.18,1.342,2.644,.436,.687,1.119,.536,3.772
101,2017,285,830,11.93,3.266,5.119,8.48,71,3.15,31.88,1.299,16.59,-16.85,11.61,102.3,1.433,4.624,1.52,25.6,51.85,70.1,89.3,12.17,.903,61.49,21.34,51.87,8.92,1.359,1.491,2.78,.436,.742,1.759,.555,.885
101,2017,285,840,11.93,23.67,9.12,1.288,74.4,4.919,42.31,2.614,23.67,-16.08,6.184,106.1,1.434,34.28,1.662,30.36,58.28,75.3,94,54.8,.94,72.1,2.124,6.749,9.09,1.376,1.655,2.823,.449,.764,1.799,.829,.618
101,2017,285,850,11.93,26.5,37.25,1.737,76.2,6.032,47.35,4.194,26.88,-15.33,1.716,108.6,1.471,66.52,4.071,35.25,63.59,78.6,97.5,9.4,1.025,54.79,2.215,15.08,16.46,1.551,24.45,2.989,.491,.846,1.27,.638,8.92
101,2017,285,900,11.94,27.27,9.95,1.575,79.6,18.17,53.8,2.414,33.17,-15.1,4.212,112.8,1.493,54.49,1.749,40.26,69.57,84,102.6,43.37,1.052,29.66,2.207,58.62,13.6,1.334,5.469,3.158,.524,.878,1.309,.623,2.062
101,2017,285,910,11.94,5.919,71.7,1.484,80.2,38.54,40.78,4.311,25.03,-14.21,1.955,115.2,1.553,45.19,1.806,45.16,74.1,87.3,106.1,66.82,1.107,8,2.039,2.153,14.58,1.391,2.232,3.28,.538,.915,1.523,.64,.739
101,2017,285,920,11.94,5.204,70.6,1.709,79.1,29.13,63.05,1.223,38.83,-15.12,1.781,117,1.602,46.43,5.512,50.35,78.3,90.2,108.9,47.55,1.169,6.028,2.01,2.148,28.46,4.902,2.587,3.205,.558,1.025,1.761,.677,1.496
101,2017,285,930,11.94,3.945,4.373,1.705,77.4,36.34,41.75,1.082,21.33,-15.05,14.28,119.1,1.637,32.82,9.34,55.39,82.7,93.6,112,15.87,1.208,6.019,2.019,3.369,16.26,1.444,10.29,3.453,.57,11.17,1.496,2.092,.854
101,2017,285,940,11.94,64.38,33.13,1.652,74.3,11.58,5.746,1.039,-2.496,-14.91,40.56,121,1.642,11.95,1.91,60.49,86.9,96.5,115.3,4.744,1.312,6.073,2.069,14.78,38.13,1.494,43.05,3.429,.575,3.273,1.461,.901,29.6
101,2017,285,950,11.94,16.69,38.03,1.663,69.54,5.03,2.181,1.047,-6.928,-16.42,35.51,122.2,1.65,13.22,1.953,65.35,90.6,64.73,117.8,7.33,1.404,6.109,1.993,2.384,45.38,1.571,2.302,3.558,.6,16.55,1.489,.816,23.13
101,2017,285,1000,11.94,88.1,3.668,1.615,62.75,3.018,2.124,1.074,-7.09,-15.27,15.42,123.5,1.695,8.35,1.987,71,94.4,30.64,120.5,91.7,1.513,6.073,2.005,2.089,49.71,1.668,2.115,3.656,.585,16.09,4.814,.891,6.37
101,2017,285,1010,11.94,14.92,2.98,1.692,55.25,2.95,1.996,1.115,-9.87,-16.82,18.44,124.7,1.713,11.53,2.058,76.8,98,8.52,122.8,59.55,1.66,6.108,2,2.107,53.89,1.749,2.055,3.782,.569,1.105,50.82,.837,1.171
101,2017,285,1020,11.94,4.917,67.37,37.39,48.9,2.812,1.924,1.176,-12.49,-16.08,1.849,124.7,3.971,2.313,2.172,81.9,100.9,6.522,124.4,23.43,1.708,7.93,1.913,2.125,57.64,1.839,1.983,3.949,.569,5.338,13.37,1.154,1.017
101,2017,285,1030,11.94,4.636,105,105.2,41.66,2.717,1.904,5.685,-11.87,-13.25,1.832,125.3,5.703,2.487,2.122,86.8,103.9,6.212,126.4,4.934,1.702,18.27,2.345,2.146,61.51,1.899,2.196,4.122,.569,1.655,1.841,6.639,1.042
101,2017,285,1040,11.94,4.45,41.8,96.8,35.01,2.619,1.876,2.475,-14.32,-13.2,1.841,125,7.44,2.285,2.199,91.1,106.6,5.86,127.9,4.969,1.742,13.8,1.916,2.174,64.85,1.983,2.072,4.341,.569,1.105,2.685,24.93,1.104
101,2017,285,1050,11.94,4.527,2.707,56.86,30.48,2.619,1.919,1.323,-20.9,-13.48,3.526,123.2,2.211,2.316,2.263,95,109,5.656,129.1,5.246,1.824,10.6,1.99,2.318,68,2.134,2.112,13.43,.601,1.137,1.77,1.002,1.248
101,2017,285,1100,11.95,5.251,2.593,95.6,25.4,2.681,2.04,20.48,-23.64,-7.98,10.03,121.7,2.099,2.402,2.333,99.1,111.8,5.617,130.9,5.839,1.936,7.49,2.109,2.44,71.1,2.288,2.279,5.984,.631,1.201,1.901,1.027,1.414
101,2017,285,1110,11.95,11.56,3.124,16.15,22.74,3.243,2.794,2.015,-22.92,-12.04,2.377,122,2.896,3.238,2.514,103.5,116,7.59,135.5,7.32,19.86,7.39,2.519,19.7,74.3,3.417,2.728,13.94,.779,1.335,2.112,2.847,1.591
101,2017,285,1120,11.95,36.62,4.11,3.705,23.26,4.179,20.19,1.75,-8.39,-11.11,2.978,122.4,2.98,4.37,2.829,109.2,121.7,10.45,141,10.45,31.04,9.01,14.8,3.971,78.2,3.201,3.559,8.59,.914,1.682,2.589,1.444,1.742
101,2017,285,1130,11.95,52.28,4.941,3.154,23.86,4.17,3.954,4.194,-20.86,-9.77,3.397,113.9,3.807,4.391,3.119,111.5,122.4,10.91,138.7,12.57,4.058,12.04,12.95,4.15,81,3.887,4.375,17.89,.973,2.035,4.408,1.638,1.677
101,2017,285,1140,11.95,57.7,5.07,2.849,30.44,4.763,10.96,15.46,-16.19,-6.611,3.43,109.9,15.13,4.803,3.47,113.8,123.4,11.58,138.6,36.19,16.19,33.47,3.532,4.685,81.9,4.103,4.969,52.24,1.047,2.266,4.688,17.03,1.872
101,2017,285,1150,11.95,79.8,4.807,2.916,39.01,4.989,4.852,11.02,-17.73,-6.845,6.627,104.5,41.4,5.313,3.772,116,124.5,13.34,136.8,46.43,37.33,64.49,3.84,5.15,84.2,3.891,5.55,91.2,1.12,3.274,10.28,1.945,1.981
101,2017,285,1200,11.95,103.2,2.948,1.816,10.81,4.11,2.71,2.601,-21.02,-8.23,3.119,93.9,11.77,3.154,3.063,119.2,126.2,7.31,136.7,23.75,4.969,82.3,2.512,3.387,87.6,3.139,28.49,107,.809,1.682,12.16,1.901,1.638
101,2017,285,1210,11.95,12.84,2.626,1.747,7.5,3.268,2.718,1.65,-20.04,-9.22,2.239,91.4,6.306,2.906,5.505,122.7,126.9,6.324,136.4,44.08,17.28,33.37,2.321,3.629,89.2,3.119,14.8,111.2,.827,1.601,3.43,1.315,1.841
101,2017,285,1220,11.95,6.131,3.679,2.422,10.49,4.222,3.976,1.882,-16.2,-8.62,3.028,71.6,5.353,4.259,8.42,89.6,89.8,8.39,97.2,48.55,4.023,8.63,2.85,5.346,64.57,4.028,7.05,70.6,1.008,2.534,4.735,1.491,2.624
101,2017,285,1230,11.95,7.89,3.07,2.606,13.47,5.337,4.063,2.393,-16.22,-7.55,3.778,47.06,4.383,6.176,5.746,55.75,56.07,10.36,53.5,12.74,3.373,9.79,3.437,4.751,43.49,3.865,5.652,24.14,1.447,2.778,6.592,1.393,2.864
101,2017,285,1240,11.95,8.13,3.391,2.601,14.26,6.756,4.073,2.695,-20.03,-6.235,3.78,47.65,3.232,6.124,4.965,57.17,59.98,10.33,52.08,14.06,2.916,11.46,3.775,4.662,47.16,4.51,5.486,21.5,1.467,2.512,6.68,1.552,2.15
101,2017,285,1250,11.95,6.017,2.222,1.856,11.4,5.697,3.334,2.375,-22.92,-5.771,2.983,35.42,2.76,5.113,4.317,43.19,44.54,8.36,35.75,7.22,2.447,10.14,2.994,3.828,37.14,3.54,3.735,12.33,1.122,1.946,5.52,1.276,1.846
101,2017,285,1300,11.95,6.322,2.408,2.067,11.4,5.89,3.787,2.611,-19.83,-5.16,3.51,40.34,4.045,5.415,5.346,51.52,51.62,8.67,43.31,9,3.095,10.32,3.107,4.678,42.84,4.028,4.966,19.27,1.298,2.249,6.229,1.435,2.583
101,2017,285,1310,11.95,7.09,2.824,2.35,12.73,6.451,4.103,2.745,-28.26,-4.879,3.747,43.07,3.757,6.255,5.653,54.6,56.09,9.57,46.8,9.76,3.187,10.82,3.474,4.731,45.96,4.435,5.242,19.54,1.481,2.549,7.06,1.564,2.619
101,2017,285,1320,11.95,5.77,2.13,1.769,10.31,5.187,3.127,2.174,-49.58,-5.493,2.785,33,2.705,4.855,4.249,41.23,42.84,7.6,34.35,7.23,2.271,8.9,2.676,3.591,35.57,3.514,3.693,13.15,1.115,1.956,5.375,1.271,1.802
101,2017,285,1330,11.95,4.4,1.725,1.445,7.61,3.75,2.301,1.68,-57.51,-6.004,2.217,26.09,2.243,3.685,3.495,33.59,34.47,5.788,27.92,5.832,2.001,7.11,2.219,2.794,28.68,2.772,2.988,10.82,.876,1.511,4.232,.948,1.527
101,2017,285,1340,11.95,2.569,1.248,1.074,4.437,2.418,1.638,1.273,-61.91,-6.696,1.502,19.27,2.005,2.258,2.964,25.46,24.75,3.549,21.44,5.209,1.878,4.592,1.482,2.385,20.61,2.156,2.164,10.62,.59,1.127,2.775,.62,1.353
101,2017,285,1350,11.95,2.665,1.228,1.149,4.648,2.149,1.615,1.097,-64.98,-7.2,1.452,19.35,1.956,2.132,2.651,24.12,23.41,3.887,21.7,5.346,1.725,4.006,1.449,2.253,19.09,1.99,2.154,9.72,.531,1.089,2.832,.645,1.219
101,2017,285,1400,11.95,2.497,.993,1.109,4.38,2.273,1.546,1.194,-67.09,-7.49,1.522,18.33,1.924,2.189,2.76,25.81,24.93,3.574,21.79,4.646,1.651,3.856,1.514,2.202,21.15,1.985,2.283,10.11,.606,1.12,3.531,.707,1.216