101,2017,244,1510,12.17,3.882,1.593,1.357,7.2,3.579,2.237,1.582,-69,-24.78,2.089,28.52,2.443,3.126,3.813,33.14,31.57,5.438,27.89,6.752,2.372,5.876,2.014,2.853,26.17,2.714,2.785,11.88,.714,1.404,4.338,.813,1.764
101,2017,244,1520,12.17,3.937,1.533,1.29,7.15,3.388,2.265,1.471,-73.5,-25.05,2.228,28.47,2.449,3.168,3.515,33.15,30.73,5.582,27.74,6.705,2.815,5.569,1.982,2.739,25.3,2.756,2.766,11.38,.699,1.365,3.92,.781,1.612
101,2017,244,1530,12.17,2.594,.983,.799,4.755,2.272,1.382,.932,-73.9,-25.36,1.253,17.59,1.436,2.041,2.166,19.35,19.14,3.599,16.66,3.944,1.21,3.743,1.267,1.667,15.85,1.567,1.729,6.507,.444,.839,2.473,.493,.947
101,2017,244,1540,12.17,2.212,.856,.736,4.039,2.005,1.258,.881,-71.5,-25.26,1.179,16.08,1.493,1.865,2.138,18.7,17.71,3.1,15.74,3.706,1.293,3.197,1.101,1.567,14.74,1.449,1.62,6.806,.429,.796,2.357,.447,1.01
101,2017,244,1550,12.16,2.133,.794,.685,3.837,1.9,1.191,.836,-70.5,-24.38,1.121,15.21,1.332,1.799,2.029,18.05,17.37,2.992,14.8,3.316,1.173,3.111,1.089,1.481,14.52,1.416,1.518,6.221,.427,.759,2.327,.454,.923
101,2017,244,1600,12.14,1.732,.657,.539,3.16,1.56,.958,.665,-68.48,-24.35,.876,12.25,1.061,1.407,1.561,14.49,13.91,2.394,11.71,2.759,.95,2.575,.858,1.203,11.71,1.174,1.228,5.004,.338,.596,1.801,.395,.682
101,2017,244,1610,12.14,1.587,.606,.508,2.937,1.446,.878,.601,-67.07,-24.09,.814,11.25,.94,1.297,1.414,13.22,12.73,2.26,10.85,2.515,.863,2.327,.777,1.084,10.58,1.052,1.128,4.416,.305,.543,1.642,.354,.618
101,2017,244,1620,12.15,1.268,.469,.407,2.263,1.029,.658,.456,-65.3,-24.25,.62,8.82,.742,.988,1.087,10.05,9.56,1.774,8.46,1.898,.667,1.763,.6,.808,7.93,.781,.878,3.436,.226,.434,1.176,.25,.491
101,2017,244,1630,12.14,1.102,.434,.359,2.054,.927,.575,.422,-58.7,-24.1,.526,7.72,.627,.875,.92,8.62,8.56,1.582,7.58,1.662,.545,1.561,.523,.712,6.963,.65,.73,2.924,.196,.387,1.04,.221,.422
101,2017,244,1640,12.12,.927,.392,.317,1.706,.746,.476,.342,-53.94,-24.11,.444,6.638,.506,.729,.766,7.14,7.31,1.355,6.435,1.448,.434,1.345,.459,.578,5.757,.529,.635,2.434,.168,.333,.828,.179,.359
101,2017,244,1650,12.12,.932,.416,.325,1.754,.789,.491,.355,-52.51,-24.29,.442,6.909,.516,.762,.779,7.18,7.4,1.406,6.534,1.481,.436,1.453,.474,.593,5.814,.526,.635,2.439,.169,.338,.834,.168,.365
101,2017,244,1700,12.15,1.077,.427,.313,2.019,.859,.513,.354,-52.02,-23.9,.457,6.894,.461,.824,.724,7.1,7.53,1.561,6.37,1.337,.416,1.61,.511,.566,5.891,.521,.637,2.079,.178,.327,.811,.171,.325
101,2017,244,1710,12.16,.987,.382,.347,1.825,.915,.526,.412,-52.46,-23.77,.491,7.03,.501,.859,.88,7.99,8.42,1.372,6.911,1.355,.417,1.592,.523,.618,6.901,.581,.704,2.557,.219,.382,1.082,.218,.379
101,2017,244,1720,12.16,.598,.255,.208,1.148,.667,.377,.325,-52.71,-23.61,.35,4.56,.355,.55,.6,5.603,5.871,.876,4.349,.918,.342,1.156,.382,.464,5.008,.464,.424,1.677,.146,.241,.799,.181,.263
101,2017,244,1730,12.16,.536,.221,.159,.99,.412,.278,.164,-51.54,-23.36,.23,3.585,.288,.387,.374,3.522,3.637,.776,3.284,.803,.228,.747,.265,.312,2.85,.303,.342,1.059,.082,.154,.374,.089,.161
101,2017,244,1740,12.16,.461,.191,.152,.838,.399,.258,.164,-52.18,-23.53,.228,3.257,.266,.392,.39,3.446,3.528,.642,3.128,.665,.214,.65,.226,.3,2.793,.271,.333,1.178,.092,.161,.421,.09,.178
101,2017,244,1750,12.17,.36,.139,.109,.617,.286,.176,.114,-50.95,-23.63,.157,2.309,.168,.276,.255,2.299,2.384,.471,2.163,.471,.149,.464,.164,.201,1.856,.186,.216,.724,.059,.116,.281,.059,.112
101,2017,244,1800,12.17,.238,.089,.07,.41,.188,.116,.072,-49.76,-23.66,.106,1.464,.122,.179,.174,1.526,1.551,.317,1.392,.337,.097,.323,.106,.129,1.233,.124,.147,.504,.034,.072,.181,.034,.077
101,2017,244,1810,12.17,.096,.037,.034,.163,.077,.045,.04,-53.44,-23.87,.047,.573,.057,.07,.077,.68,.674,.122,.573,.129,.045,.126,.045,.057,.553,.055,.062,.24,.017,.037,.084,.023,.04
101,2017,244,1820,12.17,.037,.013,.002,.055,.025,.018,.01,-54.18,-23.98,.017,.193,.017,.023,.028,.216,.225,.044,.193,.047,.015,.044,.017,.02,.186,.018,.023,.075,0,.01,.028,0,.005
101,2017,244,1830,12.16,0,0,0,.005,0,0,0,-52.57,-23.63,0,.027,0,0,0,.03,.025,.002,.028,0,0,.002,0,0,.023,0,0,.008,0,0,0,0,0
101,2017,244,1840,12.16,0,0,0,0,0,0,0,-52.85,-23.8,0,0,0,0,0,0,0,0,0,0,0,0,0,0,0,0,0,0,0,0,0,0,0
101,2017,244,1850,12.16,0,0,0,0,0,0,0,-53.38,-24.06,0,0,0,0,0,0,0,0,0,0,0,0,0,0,0,0,0,0,0,0,0,0,0
101,2017,244,1900,12.17,0,0,0,0,0,0,0,-52.68,-23.99,0,0,0,0,0,0,0,0,0,0,0,0,0,0,0,0,0,0,0,0,0,0,0
101,2017,244,1910,12.17,0,0,0,0,0,0,0,-52.55,-23.9,0,0,0,0,0,0,0,0,0,0,0,0,0,0,0,0,0,0,0,0,0,0,0
101,2017,244,1920,12.14,0,0,0,0,0,0,0,-53.54,-23.81,0,0,0,0,0,0,0,0,0,0,0,0,0,0,0,0,0,0,0,0,0,0,0
101,2017,244,1930,12.14,0,0,0,0,0,0,0,36.68,-26.72,0,0,0,0,0,0,0,0,0,0,0,0,0,0,0,0,0,0,0,0,0,0,0
101,2017,244,1940,12.15,0,0,0,0,0,0,0,68.29,-30.28,0,0,0,0,0,0,0,0,0,0,0,0,0,0,0,0,0,0,0,0,0,0,0
101,2017,244,1950,12.14,0,0,0,0,0,0,0,13.13,-29.91,0,0,0,0,0,0,0,0,0,0,0,0,0,0,0,0,0,0,0,0,0,0,0
101,2017,244,2000,12.14,0,0,0,0,0,0,0,-50.14,-31.01,0,0,0,0,0,0,0,0,0,0,0,0,0,0,0,0,0,0,0,0,0,0,0
101,2017,244,2010,12.14,0,0,0,0,0,0,0,-80.6,-31.96,0,0,0,0,0,0,0,0,0,0,0,0,0,0,0,0,0,0,0,0,0,0,0
101,2017,244,2020,12.13,0,0,0,0,0,0,0,-49.01,-32.31,0,0,0,0,0,0,0,0,0,0,0,0,0,0,0,0,0,0,0,0,0,0,0
101,2017,244,2030,12.14,0,0,0,0,0,0,0,27.17,-28.86,0,0,0,0,0,0,0,0,0,0,0,0,0,0,0,0,0,0,0,0,0,0,0
101,2017,244,2040,12.15,0,0,0,0,0,0,0,34.56,-28.22,0,0,0,0,0,0,0,0,0,0,0,0,0,0,0,0,0,0,0,0,0,0,0
101,2017,244,2050,12.16,0,0,0,0,0,0,0,-17.91,-27.1,0,0,0,0,0,0,0,0,0,0,0,0,0,0,0,0,0,0,0,0,0,0,0
101,2017,244,2100,12.16,0,0,0,0,0,0,0,-3.469,-27.52,0,0,0,0,0,0,0,0,0,0,0,0,0,0,0,0,0,0,0,0,0,0,0
101,2017,244,2110,12.17,0,0,0,0,0,0,0,-44.95,-29.5,0,0,0,0,0,0,0,0,0,0,0,0,0,0,0,0,0,0,0,0,0,0,0
101,2017,244,2120,12.17,0,0,0,0,0,0,0,-58.56,-30.38,0,0,0,0,0,0,0,0,0,0,0,0,0,0,0,0,0,0,0,0,0,0,0
101,2017,244,2130,12.17,0,0,0,0,0,0,0,-9,-29.95,0,0,0,0,0,0,0,0,0,0,0,0,0,0,0,0,0,0,0,0,0,0,0
101,2017,244,2140,12.17,0,0,0,0,0,0,0,11.73,-27.91,0,0,0,0,0,0,0,0,0,0,0,0,0,0,0,0,0,0,0,0,0,0,0
101,2017,244,2150,12.17,0,0,0,0,0,0,0,-1.973,-28.81,0,0,0,0,0,0,0,0,0,0,0,0,0,0,0,0,0,0,0,0,0,0,0
101,2017,244,2200,12.17,0,0,0,0,0,0,0,-4.453,-29.17,0,0,0,0,0,0,0,0,0,0,0,0,0,0,0,0,0,0,0,0,0,0,0
101,2017,244,2210,12.17,0,0,0,0,0,0,0,7.5,-27.76,0,0,0,0,0,0,0,0,0,0,0,0,0,0,0,0,0,0,0,0,0,0,0
101,2017,244,2220,12.17,0,0,0,0,0,0,0,10.84,-27.39,0,0,0,0,0,0,0,0,0,0,0,0,0,0,0,0,0,0,0,0,0,0,0
101,2017,244,2230,12.17,0,0,0,0,0,0,0,5.388,-25.92,0,0,0,0,0,0,0,0,0,0,0,0,0,0,0,0,0,0,0,0,0,0,0
101,2017,244,2240,12.18,0,0,0,0,0,0,0,3.349,-24.98,0,0,0,0,0,0,0,0,0,0,0,0,0,0,0,0,0,0,0,0,0,0,0
101,2017,244,2250,12.18,0,0,0,0,0,0,0,-.625,-24.37,0,0,0,0,0,0,0,0,0,0,0,0,0,0,0,0,0,0,0,0,0,0,0
101,2017,244,2300,12.18,0,0,0,0,0,0,0,5.759,-24.39,0,0,0,0,0,0,0,0,0,0,0,0,0,0,0,0,0,0,0,0,0,0,0
101,2017,244,2310,12.18,0,0,0,0,0,0,0,14.5,-25.3,0,0,0,0,0,0,0,0,0,0,0,0,0,0,0,0,0,0,0,0,0,0,0
101,2017,244,2320,12.18,0,0,0,0,0,0,0,26.94,-26.05,0,0,0,0,0,0,0,0,0,0,0,0,0,0,0,0,0,0,0,0,0,0,0
101,2017,244,2330,12.18,0,0,0,0,0,0,0,34.15,-24.76,0,0,0,0,0,0,0,0,0,0,0,0,0,0,0,0,0,0,0,0,0,0,0
101,2017,244,2340,12.18,0,0,0,0,0,0,0,35.23,-24.27,0,0,0,0,0,0,0,0,0,0,0,0,0,0,0,0,0,0,0,0,0,0,0
101,2017,244,2350,12.18,0,0,0,0,0,0,0,29.4,-24.25,0,0,0,0,0,0,0,0,0,0,0,0,0,0,0,0,0,0,0,0,0,0,0
101,2017,244,2400,12.18,0,0,0,0,0,0,0,4.185,-24.73,0,0,0,0,0,0,0,0,0,0,0,0,0,0,0,0,0,0,0,0,0,0,0
102,2017,244,2400,12.06,5266
101,2017,245,10,12.18,0,0,0,0,0,0,0,-6.003,-24.83,0,0,0,0,0,0,0,0,0,0,0,0,0,0,0,0,0,0,0,0,0,0,0
101,2017,245,20,12.18,0,0,0,0,0,0,0,-.146,-25.26,0,0,0,0,0,0,0,0,0,0,0,0,0,0,0,0,0,0,0,0,0,0,0
101,2017,245,30,12.18,0,0,0,0,0,0,0,-6.018,-25.66,0,0,0,0,0,0,0,0,0,0,0,0,0,0,0,0,0,0,0,0,0,0,0
101,2017,245,40,12.18,0,0,0,0,0,0,0,-16.91,-25.84,0,0,0,0,0,0,0,0,0,0,0,0,0,0,0,0,0,0,0,0,0,0,0
101,2017,245,50,12.18,0,0,0,0,0,0,0,-20.65,-25.78,0,0,0,0,0,0,0,0,0,0,0,0,0,0,0,0,0,0,0,0,0,0,0
101,2017,245,100,12.18,0,0,0,0,0,0,0,-24.54,-24.8,0,0,0,0,0,0,0,0,0,0,0,0,0,0,0,0,0,0,0,0,0,0,0
101,2017,245,110,12.18,0,0,0,0,0,0,0,-30.4,-24.9,0,0,0,0,0,0,0,0,0,0,0,0,0,0,0,0,0,0,0,0,0,0,0
101,2017,245,120,12.18,0,0,0,0,0,0,0,-30.05,-24.19,0,0,0,0,0,0,0,0,0,0,0,0,0,0,0,0,0,0,0,0,0,0,0
101,2017,245,130,12.18,0,0,0,0,0,0,0,-22.18,-24.22,0,0,0,0,0,0,0,0,0,0,0,0,0,0,0,0,0,0,0,0,0,0,0
101,2017,245,140,12.18,0,0,0,0,0,0,0,32.64,-25,0,0,0,0,0,0,0,0,0,0,0,0,0,0,0,0,0,0,0,0,0,0,0
101,2017,245,150,12.18,0,0,0,0,0,0,0,8.46,-26.38,0,0,0,0,0,0,0,0,0,0,0,0,0,0,0,0,0,0,0,0,0,0,0
101,2017,245,200,12.18,0,0,0,0,0,0,0,6.067,-21.82,0,0,0,0,0,0,0,0,0,0,0,0,0,0,0,0,0,0,0,0,0,0,0
101,2017,245,210,12.19,0,0,0,0,0,0,0,1.52,-19.43,0,0,0,0,0,0,0,0,0,0,0,0,0,0,0,0,0,0,0,0,0,0,0
101,2017,245,220,12.19,0,0,0,0,0,0,0,9.02,-21.91,0,0,0,0,0,0,0,0,0,0,0,0,0,0,0,0,0,0,0,0,0,0,0
101,2017,245,230,12.19,0,0,0,0,0,0,0,17.95,-24.42,0,0,0,0,0,0,0,0,0,0,0,0,0,0,0,0,0,0,0,0,0,0,0
101,2017,245,240,12.19,0,0,0,0,0,0,0,9.26,-30.7,0,0,0,0,0,0,0,0,0,0,0,0,0,0,0,0,0,0,0,0,0,0,0
101,2017,245,250,12.19,0,0,0,0,0,0,0,7.53,-29.1,0,0,0,0,0,0,0,0,0,0,0,0,0,0,0,0,0,0,0,0,0,0,0
101,2017,245,300,12.19,0,0,0,0,0,0,0,3.087,-26.79,0,0,0,0,0,0,0,0,0,0,0,0,0,0,0,0,0,0,0,0,0,0,0
101,2017,245,310,12.19,0,0,0,0,0,0,0,-3.957,-25.69,0,0,0,0,0,0,0,0,0,0,0,0,0,0,0,0,0,0,0,0,0,0,0
101,2017,245,320,12.18,0,0,0,0,0,0,0,-10.59,-26.99,0,0,0,0,0,0,0,0,0,0,0,0,0,0,0,0,0,0,0,0,0,0,0
101,2017,245,330,12.19,0,0,0,0,0,0,0,-18.58,-26.45,0,0,0,0,0,0,0,0,0,0,0,0,0,0,0,0,0,0,0,0,0,0,0
101,2017,245,340,12.18,0,0,0,0,0,0,0,-21.19,-25.96,0,0,0,0,0,0,0,0,0,0,0,0,0,0,0,0,0,0,0,0,0,0,0
101,2017,245,350,12.18,0,0,0,0,0,0,0,-23.48,-26.41,0,0,0,0,0,0,0,0,0,0,0,0,0,0,0,0,0,0,0,0,0,0,0
101,2017,245,400,12.18,0,0,0,0,0,0,0,-25.74,-26.26,0,0,0,0,0,0,0,0,0,0,0,0,0,0,0,0,0,0,0,0,0,0,0
101,2017,245,410,12.18,0,0,0,0,0,0,0,-30.01,-26.99,0,0,0,0,0,0,0,0,0,0,0,0,0,0,0,0,0,0,0,0,0,0,0
101,2017,245,420,12.18,0,0,0,0,0,0,0,-37.31,-25.42,0,0,0,0,0,0,0,0,0,0,0,0,0,0,0,0,0,0,0,0,0,0,0
101,2017,245,430,12.18,0,0,0,0,0,0,0,-32.34,-26.71,0,0,0,0,0,0,0,0,0,0,0,0,0,0,0,0,0,0,0,0,0,0,0
101,2017,245,440,12.18,0,0,0,0,0,0,0,-37.15,-27.4,0,0,0,0,0,0,0,0,0,0,0,0,0,0,0,0,0,0,0,0,0,0,0
101,2017,245,450,12.18,0,0,0,0,0,0,0,-39.05,-28.48,0,0,0,0,0,0,0,0,0,0,0,0,0,0,0,0,0,0,0,0,0,0,0
101,2017,245,500,12.18,0,0,0,0,0,0,0,-43.83,-29.84,0,0,0,0,0,0,0,0,0,0,0,0,0,0,0,0,0,0,0,0,0,0,0
101,2017,245,510,12.18,0,0,0,0,0,0,0,-56.76,-30.01,0,0,0,0,0,0,0,0,0,0,0,0,0,0,0,0,0,0,0,0,0,0,0
101,2017,245,520,12.18,0,0,0,0,0,0,0,-58.99,-29.48,0,0,0,0,0,0,0,0,0,0,0,0,0,0,0,0,0,0,0,0,0,0,0
101,2017,245,530,12.18,0,0,0,0,0,0,0,-50.48,-29.2,0,0,0,0,0,0,0,0,0,0,0,0,0,0,0,0,0,0,0,0,0,0,0
101,2017,245,540,12.18,0,0,0,0,0,0,0,-41.52,-28.7,0,0,0,0,0,0,0,0,0,0,0,0,0,0,0,0,0,0,0,0,0,0,0
101,2017,245,550,12.18,0,0,0,0,0,0,0,-43.26,-28.13,0,0,0,0,0,0,0,0,0,0,0,0,0,0,0,0,0,0,0,0,0,0,0
101,2017,245,600,12.18,0,0,0,0,0,0,0,-42.81,-28.76,0,0,0,0,0,0,0,0,0,0,0,0,0,0,0,0,0,0,0,0,0,0,0
101,2017,245,610,12.18,0,0,0,0,0,0,0,-43.84,-28.82,0,0,0,0,0,0,0,0,0,0,0,0,0,0,0,0,0,0,0,0,0,0,0
101,2017,245,620,12.18,.002,0,0,.01,0,0,0,-29.67,-29.21,0,.05,0,.002,0,.039,.037,.012,.055,.015,0,.015,0,0,.028,0,0,.013,0,0,0,0,0
101,2017,245,630,12.18,.042,.015,.012,.089,.044,.03,.02,-27.62,-28,.027,.369,.03,.047,.03,.283,.282,.074,.377,.094,.02,.094,.027,.032,.233,.032,.03,.079,.003,.018,.032,.007,.017
101,2017,245,640,12.18,.141,.059,.04,.3,.147,.097,.052,-19.46,-27.2,.067,1.232,.089,.156,.107,1.014,1.022,.258,1.29,.33,.065,.312,.097,.104,.823,.106,.092,.283,.034,.044,.117,.034,.045
101,2017,245,650,12.18,.27,.131,.08,.58,.3,.215,.116,-15.04,-26.63,.146,2.626,.181,.315,.221,2.142,2.237,.52,2.71,.647,.139,.65,.204,.221,1.79,.228,.198,.53,.052,.091,.24,.055,.096
101,2017,245,700,12.18,.416,.215,.122,.934,.449,.318,.178,-15.58,-26.84,.22,4.213,.277,.471,.337,3.337,3.52,.784,4.136,1.022,.211,1.056,.322,.34,2.841,.357,.292,.815,.092,.141,.357,.099,.149
101,2017,245,710,12.18,.531,.278,.168,1.27,.587,.414,.228,-16.01,-28.86,.302,5.754,.372,.623,.429,4.388,4.647,1.104,5.596,1.401,.287,1.446,.422,.429,3.816,.456,.397,1.093,.106,.184,.451,.126,.193
101,2017,245,720,12.18,.632,.334,.211,1.582,.727,.493,.277,-17.88,-29.96,.38,12.56,.437,.727,.501,5.948,5.618,1.745,6.836,1.72,.352,1.726,.479,.545,4.631,.701,.447,1.341,.142,.22,.546,.163,.243
101,2017,245,730,12.18,.764,.407,.261,1.947,.923,.654,.345,-18.8,-30.23,.459,51.19,.675,.908,.764,9.52,7.06,2.085,13.3,2.1,.411,2.415,.94,.798,5.371,.704,2.599,1.542,.176,.265,.639,.184,.297
101,2017,245,740,12.18,.828,.434,.32,1.998,1.017,.701,.414,-17.6,-30.16,.506,60.58,1.116,1.063,.927,10.08,7.75,1.979,39.34,2.405,.436,3.833,9.49,1.089,5.928,.791,1.302,1.716,.203,.303,.709,.22,.334
101,2017,245,750,12.18,.882,.436,.364,2.123,1.098,.803,.458,-10.39,-28.29,.592,68.84,1.175,1.327,.996,10.11,7.37,2.071,63.34,2.816,.468,4.096,4.195,1.416,6.575,.804,11.55,1.864,.235,2.558,.749,.24,.377
101,2017,245,800,12.18,.954,.461,.416,2.335,1.25,.934,.578,-11.3,-28.56,.675,76.4,1.249,1.567,1.051,9.77,7.73,2.234,69.96,4.585,.513,4.339,1.844,2.904,7.4,.853,7.16,1.991,.256,.486,.798,.287,.417
101,2017,245,810,12.18,1.031,.511,.461,2.578,1.45,1.096,.729,-9.79,-28.05,.766,83.3,1.354,1.77,1.128,9.91,8.14,2.457,76.1,3.387,.548,4.532,1.81,1.525,9.57,.927,.845,2.12,.292,.411,.841,.302,.436
101,2017,245,820,12.18,1.084,.54,.551,2.842,1.755,1.619,.764,-10.49,-28,.836,89.9,1.482,1.859,1.193,10.24,13.97,2.648,81.8,5.393,.59,4.652,1.818,1.999,10.94,1.001,.883,2.221,.302,.436,.878,.302,.456
101,2017,245,830,12.18,1.16,.582,.628,3.194,2.39,3.843,3.107,-8.03,-27.37,.898,95.2,1.639,1.934,1.257,10.61,23.65,2.832,86.4,7.23,.635,4.736,1.932,6.298,10.05,1.041,.932,2.311,.325,.436,.923,.327,.476
101,2017,245,840,12.18,1.242,.67,.701,33.45,2.76,29.19,.939,6.34,-29.39,.95,99.5,1.78,2.011,1.356,12.54,28.25,3.032,90.3,23.42,.704,4.78,1.931,42.54,9.19,1.096,1.004,2.392,.339,.463,.955,.357,.546
101,2017,245,850,12.18,1.339,1.044,.791,51.16,5.749,37.47,3.597,22.18,-28.78,1.012,103.7,1.453,13.06,1.411,16.25,33.26,3.161,94,37.65,.747,4.805,1.865,10.98,9.03,2.787,1.255,2.465,.369,.478,1.006,.385,.568
101,2017,245,900,12.19,1.433,.756,.885,48.89,7.76,39.87,2.941,11.88,-30.24,1.22,107.4,1.368,2.613,1.466,21.25,38.42,3.365,96.7,4.668,.786,4.822,1.894,56.98,9.16,1.237,1.448,2.556,.38,.509,1.051,.427,1.234
101,2017,245,910,12.19,1.468,.925,.942,44.35,3.186,7.14,4.808,-32.4,-30.96,1.161,110.7,1.423,3.167,1.661,26.21,44,3.53,99.3,5.991,.865,4.797,1.959,63.99,9.46,1.378,1.232,2.628,.404,.536,1.083,.436,.573
101,2017,245,920,12.19,1.528,3.672,1.081,39.27,3.207,2.616,.766,-88.9,-30.67,2.051,113.9,1.455,58.69,1.636,31.18,49.94,3.62,101.3,24.22,.908,4.811,2.901,61.13,9.72,1.399,1.334,2.705,.402,.556,1.129,4.213,.583
101,2017,245,930,12.19,1.614,.913,19.3,33.85,3.2,2.663,1.01,-188.4,-27.12,1.867,116.7,1.459,29.54,1.726,36.12,55.8,3.693,103,8.67,.945,4.842,1.744,59.66,10.03,1.528,1.364,2.802,.402,.583,1.161,.437,2.892
101,2017,245,940,12.19,1.701,.97,72.7,28.17,3.17,5.914,.737,-6999,-23.74,1.242,118.8,1.488,2.088,2.161,40.99,61.21,3.785,104.4,5.048,1.042,4.862,1.771,4.572,10.47,1.701,1.451,2.902,.426,1.066,1.206,.471,.655
101,2017,245,950,12.19,1.848,1.086,7.64,24.52,3.079,47.4,1.057,-6999,-24.17,1.278,120.4,1.51,2.124,7.45,46.37,65.95,3.964,105.7,5.74,1.096,4.981,30.48,1.871,11.76,19.29,1.51,2.997,.436,.637,1.247,1.012,.694
101,2017,245,1000,12.19,2.332,1.496,32.72,22.21,3.336,2.671,.814,-6999,-18.58,1.625,123.7,1.608,35.97,5.926,52.1,71,4.867,109,6.507,1.198,6.605,4.634,2.243,14.24,5.948,1.687,3.143,.436,.682,2.186,1.094,.719
101,2017,245,1010,12.19,2.252,6.992,72.2,17.71,3.091,2.687,.853,-6999,-14.21,1.521,124.2,1.608,16.09,2.17,57.12,74.3,4.212,109.9,6.537,1.337,21.92,1.714,2.359,17.36,11.15,1.701,3.27,.436,.704,1.34,.556,.737
101,2017,245,1020,12.19,3.936,56.06,2.523,16.9,3.172,41.46,.885,-6999,-12.12,6.037,126.4,1.694,3.16,2.103,62.57,78.4,4.309,110.7,7.18,1.355,44.08,1.764,2.553,21.46,2.865,1.913,3.463,.436,.736,1.406,.591,.799
101,2017,245,1030,12.19,7.4,89.1,1.374,18.58,11.57,9.22,.995,-6999,-12.81,31.1,126.8,1.649,2.061,2.185,68.14,82.1,4.266,111.3,18.08,1.441,62.22,1.838,1.975,26.43,3.123,1.957,3.609,.452,.787,1.729,.67,.803
101,2017,245,1040,12.19,20.16,41.41,1.33,25.6,37.37,3.279,.985,-6999,-8.99,80.7,127.5,1.729,2.027,2.238,73.6,85.3,4.219,113.3,19.83,1.506,57.44,1.669,1.928,30.22,9.1,1.995,3.753,.471,.982,1.623,.667,.836
101,2017,245,1050,12.19,4.718,2.041,1.402,33.15,35.53,1.605,2.671,-162.3,-12.08,89.4,128.2,1.783,1.845,2.233,78.7,87.8,4.123,115,5.747,2.421,54.66,1.692,1.897,33.25,86.3,1.855,3.999,.457,.819,1.505,.679,.854
101,2017,245,1100,12.19,11.72,1.885,1.468,42.39,3.535,1.709,5.066,-160,-14.87,51.86,128.3,1.806,1.799,2.721,83.5,90.5,4.093,116.4,12.21,1.947,47.63,1.66,1.947,36.35,100.1,1.985,5.494,.467,.839,1.531,.684,.878
101,2017,245,1110,12.19,8.39,1.912,2.2,48.87,2.885,2.671,.98,-157,-15.4,1.69,127.3,2.067,1.819,2.359,87.1,92,4.219,116.2,106.9,2.349,38.32,1.687,1.994,38.84,96.8,2.156,16.26,.483,.893,1.635,.702,.923
101,2017,245,1120,12.19,23.63,2.605,2.062,52.82,2.659,8.3,1.04,-152.3,-14.89,1.804,118.2,3.498,1.736,2.449,85,87.8,4.337,108.5,53.39,5.012,17.97,1.654,2.039,39.68,62.83,42.31,22.33,.459,2.196,2.118,.772,.973
101,2017,245,1130,12.19,45.03,2.288,2.746,65.6,3.997,17.73,1.042,-141.2,-14.07,1.478,129,2.97,1.829,2.53,97.5,98.7,4.108,120.3,16.67,8.83,31,1.568,2.079,46.59,18.49,87.2,81.9,.503,.97,1.98,.834,1.163
101,2017,245,1140,12.19,23.19,41.05,13.99,66.44,2.394,2.839,1.04,-155.1,-11.83,1.446,118.9,2.285,1.772,2.426,94,94.4,3.989,113,7.03,8.62,49.99,1.519,2.065,47.1,2.677,2.332,81.6,.513,.983,3.437,.787,1.072
101,2017,245,1150,12.19,3.419,95.9,1.271,74.4,2.355,1.816,1.181,-149.3,-14.77,1.709,126.7,2.995,2.258,2.764,103.5,100.6,4.853,120.8,24.62,6.95,9.15,1.72,2.261,53.42,2.338,2.405,89.6,.611,1.109,34,.851,1.206
101,2017,245,1200,12.19,4.75,42.7,1.678,66.31,3.023,2.3,1.293,-155,-15.96,1.966,130.6,8.07,2.36,3.129,109.3,107.2,6.722,125.7,109.9,3.955,6.345,1.961,5.564,57.57,2.851,3.264,92.6,.653,1.549,42.75,.965,1.375
101,2017,245,1210,12.19,2.733,23.41,1.176,24.22,2.11,1.71,1.204,-160.6,-18.23,1.533,123.6,2.946,1.988,3.105,108.1,105.1,4.546,120.1,83.8,10.14,4.973,1.623,17.17,58.84,2.256,10.51,93.8,.647,1.085,25.8,.911,1.26
101,2017,245,1220,12.19,2.752,15.49,1.159,32.8,2.092,3.722,1.239,-149.2,-20.98,1.539,119.7,2.732,1.973,7.68,108.6,105.2,4.46,117.9,18.78,2.836,4.594,1.64,2.375,60.64,2.27,3.028,94.5,.635,1.107,6.381,.985,1.358
101,2017,245,1230,12.19,2.854,21.05,1.198,4.986,2.167,5.157,1.239,-157.7,-22.22,2.271,117.1,2.628,2.209,2.965,110.5,106.4,4.574,117.3,7.56,2.908,4.573,1.702,2.591,63.12,2.35,7.46,96.2,.678,1.193,3.961,1.008,1.462
101,2017,245,1240,12.19,2.981,21.77,1.258,4.896,2.209,19.22,1.271,-144.8,-26.35,3.521,113.1,12.36,2.392,3.167,111,103.1,4.678,114.7,8.28,10.57,4.541,1.812,7.93,64.87,2.596,56.35,95.6,.712,1.335,3.805,1.112,1.765
101,2017,245,1250,12.19,6.234,1.75,1.275,4.847,2.318,2.965,1.345,-153.5,-29.04,1.785,112.2,25.08,40.52,5.956,114,105.3,4.871,115,23.66,3.445,4.624,26.64,3.197,67.58,18.08,89,97.6,.739,1.445,3.844,6.157,2.027
101,2017,245,1300,12.19,9.28,17.25,1.538,5.596,2.851,3.425,1.459,-147,-26.79,2.167,94.2,13.77,2.876,3.864,97.4,88.8,5.267,96.4,69.28,4.614,4.82,22.96,8.5,58.77,9.58,64.62,79.6,.719,1.718,3.901,13.03,2.137
101,2017,245,1310,12.19,4.564,9.62,1.682,7.13,2.889,2.722,1.757,-147.6,-28.46,2.743,111.1,77.1,6.575,4.463,120.5,113.4,7.02,116.9,87.7,6.4,5.447,4.443,31.94,73.7,3.192,79.8,98.7,.965,20.22,4.783,2.596,2.392
101,2017,245,1320,12.18,3.72,2.03,1.454,6.207,2.686,12.84,5.294,-134.2,-29.52,4.524,105,10.94,2.919,3.948,116.8,110,6.148,111.1,92.6,5.189,5.353,2.542,31.18,71.8,2.81,27.33,97.3,.878,1.883,4.299,1.591,1.978
101,2017,245,1330,12.17,4.118,1.909,1.377,8.01,5.087,21.26,2.204,-128.1,-30.22,5.05,104.1,6.877,3.894,9.4,120.2,114.3,6.311,110.9,47.84,3.794,6.282,2.425,21.67,76.6,3.825,32.95,98.6,1.064,2.047,4.735,1.546,2.06
101,2017,245,1340,12.17,5.822,2.157,2.028,8.36,30.7,3.551,2.293,-139.7,-28.76,3.053,93.7,41.08,4.532,34.26,115,107.6,7.36,104.4,10.77,4.179,6.52,2.941,63,76.3,3.572,31.42,89.6,1.161,2.549,6.599,2.67,3.114
101,2017,245,1350,12.17,2.383,1.385,1.358,4.48,15.95,2.777,1.633,-146,-31.2,2.387,69.86,50.84,2.966,33.52,90.5,76.2,4.33,77.4,10,4.835,4.733,1.809,61.49,57.89,3.246,12.94,68.38,.737,1.852,4.646,1.325,3.316
101,2017,245,1400,12.17,3.38,1.888,2.243,5.241,7.92,3.026,1.573,-143.7,-32.26,2.261,66.6,45.62,11.32,28.26,84.5,59.71,4.832,73.8,10.69,4.219,6.773,1.805,17.85,53.42,3.209,4.301,63.98,.729,1.971,4.383,1.196,23.97
101,2017,245,1410,12.17,2.387,1.203,1.926,4.638,5.475,2.308,1.504,-132.9,-32.78,1.975,82.8,76,10.32,43.82,115.5,37.54,4.594,97,8.46,4.135,5.143,3.316,3.355,73.8,3.028,3.676,95.1,.849,12.64,4.691,1.44,26.92
101,2017,245,1420,12.17,2.526,1.514,1.405,4.507,2.598,6.961,3.514,-116.8,-32.77,2.581,78.9,66.11,2.556,42.33,114.5,50.79,4.216,94.2,9.31,4.834,5.877,5.185,3.675,72.9,3.48,4.284,93.8,.796,22.88,4.378,1.514,61.93
101,2017,245,1430,12.17,2.313,1.114,1.192,3.802,2.934,2.886,1.953,-110.2,-32.85,2.388,38.94,6.885,2.76,16.21,56.31,38.72,3.596,44.54,7.17,9.51,5.818,1.415,3.298,37.62,2.606,3.222,36.7,.6,2.157,4.038,.966,22.11
101,2017,245,1440,12.17,3.591,1.499,1.569,6.396,3.489,3.058,2.357,-125.1,-33.42,2.975,44.7,4.536,3.772,14.38,65.71,52.36,5.839,50.62,8.37,4.733,5.832,2.132,3.933,44.75,3.492,3.534,37.96,.888,2.827,5.681,1.181,5.725
101,2017,245,1450,12.17,1.712,.846,.911,3.395,2.13,2.022,2.213,-125.1,-34.09,2.291,59,3.249,2.149,24.23,110.5,91.5,3.603,81.5,5.544,3.923,16.14,1.519,2.279,74.1,3.34,2.38,79.3,.801,3.82,4.067,1.41,3.84
101,2017,245,1500,12.17,1.544,.782,.824,3.293,2.45,1.911,1.6,-126.6,-35.2,3.018,57.02,3.243,2.023,6.202,113.5,98.5,3.553,81.8,5.939,3.413,8.79,1.502,2.259,76,9.62,2.333,15.72,.775,1.502,2.996,1.338,82.7
101,2017,245,1510,12.17,1.73,.826,.938,3.995,15.45,1.991,1.697,-119.6,-34.62,4.673,51.1,3.357,2.427,4.899,108,93.5,3.888,75.1,7.69,3.444,4.648,1.635,2.579,73.2,11.64,2.38,9.11,.754,1.511,4.112,1.213,48
101,2017,245,1520,12.17,3.238,1.095,1.064,4.604,3.512,3.835,1.445,-75.8,-35.77,3.119,47.82,3.658,2.568,4.433,102.9,87.8,4.703,70.6,6.422,3.521,4.767,1.598,3.155,68.68,3.05,2.695,9.65,.62,1.452,3.341,1.042,2.601
101,2017,245,1530,12.16,4.331,1.831,1.635,7.44,3.155,2.775,1.717,-71.2,-36.26,3.072,46.74,3.939,3.673,5.371,86.4,73.6,6.276,63.29,8.25,7.69,5.731,2.152,3.794,58.18,3.542,3.49,15.03,.734,1.747,3.938,1.023,3.109
101,2017,245,1540,12.15,3.576,1.598,1.663,6.572,3.737,2.976,2.472,-73.8,-35.81,3.109,40.47,4.207,4.14,6.371,78.9,68.7,5.636,54.31,8.2,16.02,5.793,2.187,5.217,55.94,5.339,3.38,17.47,.916,1.904,6.582,1.203,3.49
101,2017,245,1550,12.16,2.817,1.238,1.308,5.199,3.067,4.276,2.34,-58.94,-33.82,2.367,29.25,3.425,3.145,4.948,50.73,43.47,4.522,35.21,7.14,6.142,4.671,1.715,3.797,36.69,3.567,2.625,15.57,.702,1.479,5.611,1.053,2.77
101,2017,245,1600,12.15,2.666,1.127,1.06,5.192,2.817,2.223,1.606,-90.7,-35.1,2.033,25.95,2.683,2.686,3.912,42.64,36.12,4.536,27.59,6.306,3.077,4.304,1.556,2.836,30.26,2.876,2.229,11.64,.586,1.231,4.301,.802,2.055
101,2017,245,1610,12.16,1.522,.705,.757,3.11,2.219,1.425,1.372,-91.8,-35.72,1.576,18.9,1.95,1.884,2.799,40.63,34.45,2.983,18.67,4.356,2.762,3.462,1.278,2.541,30.09,2.842,1.64,8.72,.457,.913,3.963,.884,1.266
101,2017,245,1620,12.17,1.233,.591,.613,2.899,1.943,1.326,1.142,-83.1,-36.49,1.201,17.34,2.03,1.735,2.501,40.53,34.76,2.651,15.9,4.127,1.956,3.308,1.115,2.045,30.24,2.095,1.64,7.85,.41,.744,3.299,.801,1.209
101,2017,245,1630,12.17,1.27,.588,.653,2.767,1.74,1.318,1.104,-45.76,-36.67,1.209,17.44,2.105,1.601,2.615,62.08,50.79,2.707,15.76,3.807,1.975,3.187,1.09,2.003,44.77,2.581,1.759,7.64,.379,.797,3.074,.836,1.378
101,2017,245,1640,12.17,.898,.432,.382,1.93,7.48,.782,.744,-77.1,-36.91,.739,12.87,1.318,1.03,1.655,71.7,58.34,1.985,9.1,2.377,1.116,2.665,.824,1.117,52.84,2.372,1.236,3.436,.255,.439,1.93,.704,1.085
101,2017,245,1650,12.17,.821,.405,.335,1.777,1.203,.668,.561,-60.4,-37.59,.603,12.04,.802,.898,1.278,66.81,54.21,1.823,7.72,2.04,.883,2.461,1.05,.98,50.43,2.101,1.122,2.799,.228,.387,1.287,.499,16.05
101,2017,245,1700,12.16,.759,.375,.323,1.68,1.024,.615,.521,-70.4,-37.9,.591,9.27,.7,.849,1.243,51.2,43.52,1.682,7.56,2.025,.921,2.252,.677,.95,41.28,1.845,.995,2.818,.216,.362,1.285,.37,.762
101,2017,245,1710,12.16,.628,.31,.248,1.347,.779,.456,.374,-87.5,-37.91,.441,7.16,.531,.673,.806,9.55,9.14,1.188,5.86,1.525,.623,1.729,.486,.65,8.1,.767,.513,2.168,.168,.288,.906,.219,.37
101,2017,245,1720,12.16,.937,.36,.308,1.742,.777,.511,.385,-87.2,-37.41,.488,8.09,.658,.761,.916,9.1,8.74,1.494,7.14,1.695,.61,1.734,.57,.727,7.39,.707,.741,2.955,.176,.338,.885,.221,.415
101,2017,245,1730,12.15,.601,.278,.211,1.231,.633,.402,.283,-84.3,-36.89,.354,5.536,.397,.565,.566,6.15,6.16,1.027,4.557,1.121,.432,1.381,.409,.506,5.125,.524,.415,1.607,.126,.223,.618,.159,.26
101,2017,245,1740,12.14,.421,.196,.137,.838,.461,.286,.208,-82.9,-36.11,.255,4.024,.302,.419,.437,4.455,4.49,.705,3.218,.811,.325,1.047,.305,.374,3.847,.412,.308,1.106,.095,.163,.456,.121,.184
101,2017,245,1750,12.16,.342,.151,.112,.652,.38,.225,.152,-81.9,-35.54,.196,3.153,.226,.335,.347,3.42,3.448,.55,2.506,.62,.25,.797,.235,.295,2.947,.323,.238,.849,.067,.129,.367,.095,.146
101,2017,245,1800,12.17,.246,.112,.075,.471,.265,.161,.114,-81.7,-34.72,.142,2.205,.166,.236,.246,2.382,2.356,.409,1.771,.456,.184,.538,.164,.208,2.009,.218,.171,.593,.05,.089,.26,.065,.104
101,2017,245,1810,12.17,.144,.057,.047,.285,.151,.092,.062,-83.5,-35.74,.082,1.161,.094,.132,.137,1.33,1.287,.238,.977,.27,.102,.305,.089,.114,1.092,.124,.094,.36,.034,.05,.151,.039,.055
101,2017,245,1820,12.15,.049,.017,.01,.092,.054,.03,.022,-83,-35.54,.03,.379,.03,.044,.049,.467,.446,.077,.347,.095,.042,.095,.028,.042,.387,.045,.032,.136,.002,.015,.055,.007,.025
101,2017,245,1830,12.13,0,0,0,.012,.002,0,0,-82.1,-34.23,0,.055,0,0,.007,.084,.08,.008,.057,.012,0,.012,0,0,.072,.002,.002,.022,0,0,.007,0,0
101,2017,245,1840,12.13,0,0,0,0,0,0,0,-96.8,-33.69,0,0,0,0,0,.002,.002,0,0,0,0,0,0,0,0,0,0,0,0,0,0,0,0
101,2017,245,1850,12.12,0,0,0,0,0,0,0,-89.8,-33.04,0,0,0,0,0,0,0,0,0,0,0,0,0,0,0,0,0,0,0,0,0,0,0
101,2017,245,1900,12.12,0,0,0,0,0,0,0,-86,-33.45,0,0,0,0,0,0,0,0,0,0,0,0,0,0,0,0,0,0,0,0,0,0,0
101,2017,245,1910,12.12,0,0,0,0,0,0,0,-92.4,-32.95,0,0,0,0,0,0,0,0,0,0,0,0,0,0,0,0,0,0,0,0,0,0,0
101,2017,245,1920,12.13,0,0,0,0,0,0,0,-91.3,-32.18,0,0,0,0,0,0,0,0,0,0,0,0,0,0,0,0,0,0,0,0,0,0,0
101,2017,245,1930,12.13,0,0,0,0,0,0,0,-89.4,-31.52,0,0,0,0,0,0,0,0,0,0,0,0,0,0,0,0,0,0,0,0,0,0,0
101,2017,245,1940,12.13,0,0,0,0,0,0,0,-91.9,-31.15,0,0,0,0,0,0,0,0,0,0,0,0,0,0,0,0,0,0,0,0,0,0,0
101,2017,245,1950,12.13,0,0,0,0,0,0,0,-94.9,-30.05,0,0,0,0,0,0,0,0,0,0,0,0,0,0,0,0,0,0,0,0,0,0,0
101,2017,245,2000,12.15,0,0,0,0,0,0,0,-90.9,-29.57,0,0,0,0,0,0,0,0,0,0,0,0,0,0,0,0,0,0,0,0,0,0,0
101,2017,245,2010,12.15,0,0,0,0,0,0,0,-89.6,-28.71,0,0,0,0,0,0,0,0,0,0,0,0,0,0,0,0,0,0,0,0,0,0,0
101,2017,245,2020,12.15,0,0,0,0,0,0,0,-89.6,-28.22,0,0,0,0,0,0,0,0,0,0,0,0,0,0,0,0,0,0,0,0,0,0,0
101,2017,245,2030,12.15,0,0,0,0,0,0,0,-90.9,-27.83,0,0,0,0,0,0,0,0,0,0,0,0,0,0,0,0,0,0,0,0,0,0,0
101,2017,245,2040,12.15,0,0,0,0,0,0,0,-92.5,-27.92,0,0,0,0,0,0,0,0,0,0,0,0,0,0,0,0,0,0,0,0,0,0,0
101,2017,245,2050,12.16,0,0,0,0,0,0,0,-92.6,-27.57,0,0,0,0,0,0,0,0,0,0,0,0,0,0,0,0,0,0,0,0,0,0,0
101,2017,245,2100,12.16,0,0,0,0,0,0,0,-95.8,-27.37,0,0,0,0,0,0,0,0,0,0,0,0,0,0,0,0,0,0,0,0,0,0,0
101,2017,245,2110,12.16,0,0,0,0,0,0,0,-92.6,-27.61,0,0,0,0,0,0,0,0,0,0,0,0,0,0,0,0,0,0,0,0,0,0,0
101,2017,245,2120,12.14,0,0,0,0,0,0,0,-91.6,-27.14,0,0,0,0,0,0,0,0,0,0,0,0,0,0,0,0,0,0,0,0,0,0,0
101,2017,245,2130,12.15,0,0,0,0,0,0,0,-88.4,-26.8,0,0,0,0,0,0,0,0,0,0,0,0,0,0,0,0,0,0,0,0,0,0,0
101,2017,245,2140,12.15,0,0,0,0,0,0,0,-86.1,-26.28,0,0,0,0,0,0,0,0,0,0,0,0,0,0,0,0,0,0,0,0,0,0,0
101,2017,245,2150,12.14,0,0,0,0,0,0,0,-86.7,-25.94,0,0,0,0,0,0,0,0,0,0,0,0,0,0,0,0,0,0,0,0,0,0,0
101,2017,245,2200,12.14,0,0,0,0,0,0,0,-85.8,-26.28,0,0,0,0,0,0,0,0,0,0,0,0,0,0,0,0,0,0,0,0,0,0,0
101,2017,245,2210,12.14,0,0,0,0,0,0,0,-86.1,-26.14,0,0,0,0,0,0,0,0,0,0,0,0,0,0,0,0,0,0,0,0,0,0,0
101,2017,245,2220,12.14,0,0,0,0,0,0,0,-83,-26.38,0,0,0,0,0,0,0,0,0,0,0,0,0,0,0,0,0,0,0,0,0,0,0
101,2017,245,2230,12.16,0,0,0,0,0,0,0,-109.5,-26.81,0,0,0,0,0,0,0,0,0,0,0,0,0,0,0,0,0,0,0,0,0,0,0
101,2017,245,2240,12.16,0,0,0,0,0,0,0,-89.5,-26.87,0,0,0,0,0,0,0,0,0,0,0,0,0,0,0,0,0,0,0,0,0,0,0
101,2017,245,2250,12.15,0,0,0,0,0,0,0,-84,-26.36,0,0,0,0,0,0,0,0,0,0,0,0,0,0,0,0,0,0,0,0,0,0,0
101,2017,245,2300,12.14,0,0,0,0,0,0,0,-86.3,-25.96,0,0,0,0,0,0,0,0,0,0,0,0,0,0,0,0,0,0,0,0,0,0,0
101,2017,245,2310,12.16,0,0,0,0,0,0,0,-83.5,-25.71,0,0,0,0,0,0,0,0,0,0,0,0,0,0,0,0,0,0,0,0,0,0,0
101,2017,245,2320,12.16,0,0,0,0,0,0,0,-81.6,-26.01,0,0,0,0,0,0,0,0,0,0,0,0,0,0,0,0,0,0,0,0,0,0,0
101,2017,245,2330,12.16,0,0,0,0,0,0,0,-80.4,-27.57,0,0,0,0,0,0,0,0,0,0,0,0,0,0,0,0,0,0,0,0,0,0,0
101,2017,245,2340,12.16,0,0,0,0,0,0,0,-77.7,-26.98,0,0,0,0,0,0,0,0,0,0,0,0,0,0,0,0,0,0,0,0,0,0,0
101,2017,245,2350,12.16,0,0,0,0,0,0,0,-77.1,-25.75,0,0,0,0,0,0,0,0,0,0,0,0,0,0,0,0,0,0,0,0,0,0,0
101,2017,245,2400,12.15,0,0,0,0,0,0,0,-79.1,-25.88,0,0,0,0,0,0,0,0,0,0,0,0,0,0,0,0,0,0,0,0,0,0,0
102,2017,245,2400,12.06,5266
101,2017,246,10,12.14,0,0,0,0,0,0,0,-106.2,-25.53,0,0,0,0,0,0,0,0,0,0,0,0,0,0,0,0,0,0,0,0,0,0,0
101,2017,246,20,12.13,0,0,0,0,0,0,0,-104.5,-24.95,0,0,0,0,0,0,0,0,0,0,0,0,0,0,0,0,0,0,0,0,0,0,0
101,2017,246,30,12.14,0,0,0,0,0,0,0,-88.4,-23.86,0,0,0,0,0,0,0,0,0,0,0,0,0,0,0,0,0,0,0,0,0,0,0
101,2017,246,40,12.13,0,0,0,0,0,0,0,-87,-26.45,0,0,0,0,0,0,0,0,0,0,0,0,0,0,0,0,0,0,0,0,0,0,0
101,2017,246,50,12.14,0,0,0,0,0,0,0,-86.3,-23.29,0,0,0,0,0,0,0,0,0,0,0,0,0,0,0,0,0,0,0,0,0,0,0
101,2017,246,100,12.15,0,0,0,0,0,0,0,-97.4,-23.2,0,0,0,0,0,0,0,0,0,0,0,0,0,0,0,0,0,0,0,0,0,0,0
101,2017,246,110,12.14,0,0,0,0,0,0,0,-97.8,-23.49,0,0,0,0,0,0,0,0,0,0,0,0,0,0,0,0,0,0,0,0,0,0,0
101,2017,246,120,12.14,0,0,0,0,0,0,0,-95.6,-23.14,0,0,0,0,0,0,0,0,0,0,0,0,0,0,0,0,0,0,0,0,0,0,0
101,2017,246,130,12.14,0,0,0,0,0,0,0,-103.3,-25.36,0,0,0,0,0,0,0,0,0,0,0,0,0,0,0,0,0,0,0,0,0,0,0
101,2017,246,140,12.13,0,0,0,0,0,0,0,-94.4,-28.37,0,0,0,0,0,0,0,0,0,0,0,0,0,0,0,0,0,0,0,0,0,0,0
101,2017,246,150,12.12,0,0,0,0,0,0,0,-90.9,-26.41,0,0,0,0,0,0,0,0,0,0,0,0,0,0,0,0,0,0,0,0,0,0,0
101,2017,246,200,12.12,0,0,0,0,0,0,0,-86,-27.1,0,0,0,0,0,0,0,0,0,0,0,0,0,0,0,0,0,0,0,0,0,0,0
101,2017,246,210,12.13,0,0,0,0,0,0,0,-76.8,-27.68,0,0,0,0,0,0,0,0,0,0,0,0,0,0,0,0,0,0,0,0,0,0,0
101,2017,246,220,12.12,0,0,0,0,0,0,0,-76.3,-28.66,0,0,0,0,0,0,0,0,0,0,0,0,0,0,0,0,0,0,0,0,0,0,0
101,2017,246,230,12.13,0,0,0,0,0,0,0,-76.7,-29.88,0,0,0,0,0,0,0,0,0,0,0,0,0,0,0,0,0,0,0,0,0,0,0
101,2017,246,240,12.13,0,0,0,0,0,0,0,-77,-28.19,0,0,0,0,0,0,0,0,0,0,0,0,0,0,0,0,0,0,0,0,0,0,0
101,2017,246,250,12.14,0,0,0,0,0,0,0,-79.9,-27.13,0,0,0,0,0,0,0,0,0,0,0,0,0,0,0,0,0,0,0,0,0,0,0
101,2017,246,300,12.14,0,0,0,0,0,0,0,-83.5,-26.54,0,0,0,0,0,0,0,0,0,0,0,0,0,0,0,0,0,0,0,0,0,0,0
101,2017,246,310,12.15,0,0,0,0,0,0,0,-85.4,-25.81,0,0,0,0,0,0,0,0,0,0,0,0,0,0,0,0,0,0,0,0,0,0,0
101,2017,246,320,12.15,0,0,0,0,0,0,0,-82.2,-25.5,0,0,0,0,0,0,0,0,0,0,0,0,0,0,0,0,0,0,0,0,0,0,0
101,2017,246,330,12.14,0,0,0,0,0,0,0,-81.4,-26.07,0,0,0,0,0,0,0,0,0,0,0,0,0,0,0,0,0,0,0,0,0,0,0
101,2017,246,340,12.14,0,0,0,0,0,0,0,-80.7,-26.76,0,0,0,0,0,0,0,0,0,0,0,0,0,0,0,0,0,0,0,0,0,0,0
101,2017,246,350,12.14,0,0,0,0,0,0,0,-96.3,-27.59,0,0,0,0,0,0,0,0,0,0,0,0,0,0,0,0,0,0,0,0,0,0,0
101,2017,246,400,12.13,0,0,0,0,0,0,0,-82.7,-27.65,0,0,0,0,0,0,0,0,0,0,0,0,0,0,0,0,0,0,0,0,0,0,0
101,2017,246,410,12.14,0,0,0,0,0,0,0,-77.7,-27.06,0,0,0,0,0,0,0,0,0,0,0,0,0,0,0,0,0,0,0,0,0,0,0
101,2017,246,420,12.14,0,0,0,0,0,0,0,-75.7,-26.04,0,0,0,0,0,0,0,0,0,0,0,0,0,0,0,0,0,0,0,0,0,0,0
101,2017,246,430,12.15,0,0,0,0,0,0,0,-74.1,-25.95,0,0,0,0,0,0,0,0,0,0,0,0,0,0,0,0,0,0,0,0,0,0,0
101,2017,246,440,12.12,0,0,0,0,0,0,0,-76.6,-25.75,0,0,0,0,0,0,0,0,0,0,0,0,0,0,0,0,0,0,0,0,0,0,0
101,2017,246,450,12.15,0,0,0,0,0,0,0,-76.3,-25.14,0,0,0,0,0,0,0,0,0,0,0,0,0,0,0,0,0,0,0,0,0,0,0
101,2017,246,500,12.15,0,0,0,0,0,0,0,-75.8,-25.19,0,0,0,0,0,0,0,0,0,0,0,0,0,0,0,0,0,0,0,0,0,0,0
101,2017,246,510,12.13,0,0,0,0,0,0,0,-71.1,-24.87,0,0,0,0,0,0,0,0,0,0,0,0,0,0,0,0,0,0,0,0,0,0,0
101,2017,246,520,12.14,0,0,0,0,0,0,0,-66.42,-25.25,0,0,0,0,0,0,0,0,0,0,0,0,0,0,0,0,0,0,0,0,0,0,0
101,2017,246,530,12.15,0,0,0,0,0,0,0,-65.38,-25.69,0,0,0,0,0,0,0,0,0,0,0,0,0,0,0,0,0,0,0,0,0,0,0
101,2017,246,540,12.15,0,0,0,0,0,0,0,-68.92,-26,0,0,0,0,0,0,0,0,0,0,0,0,0,0,0,0,0,0,0,0,0,0,0
101,2017,246,550,12.15,0,0,0,0,0,0,0,-75.8,-25.48,0,0,0,0,0,0,0,0,0,0,0,0,0,0,0,0,0,0,0,0,0,0,0
101,2017,246,600,12.15,0,0,0,0,0,0,0,-74,-25.58,0,0,0,0,0,0,0,0,0,0,0,0,0,0,0,0,0,0,0,0,0,0,0
101,2017,246,610,12.15,0,0,0,0,0,0,0,-74.5,-26.14,0,0,0,0,0,0,0,0,0,0,0,0,0,0,0,0,0,0,0,0,0,0,0
101,2017,246,620,12.14,0,0,0,.008,0,0,0,-80.7,-26.23,0,.028,0,0,0,.023,.028,.005,.023,.003,0,.003,0,0,.025,0,0,.005,0,0,0,0,0
101,2017,246,630,12.14,.039,.013,.005,.072,.025,.023,.007,-106.5,-25.83,.018,.246,.015,.028,.022,.206,.218,.059,.221,.057,.012,.055,.018,.023,.166,.018,.023,.069,0,.01,.028,0,.007
101,2017,246,640,12.13,.094,.034,.034,.184,.075,.054,.034,-107.2,-25.75,.042,.717,.054,.072,.075,.64,.63,.147,.645,.171,.044,.153,.05,.065,.508,.055,.064,.24,.018,.034,.067,.018,.034
101,2017,246,650,12.14,.235,.091,.065,.437,.183,.132,.072,-87.9,-25.71,.104,1.718,.127,.194,.169,1.45,1.468,.372,1.485,.354,.097,.362,.126,.156,1.16,.124,.149,.454,.035,.069,.169,.034,.079
101,2017,246,700,12.15,.58,.245,.151,1.14,.451,.332,.154,-80.6,-25.84,.236,4.029,.23,.459,.32,2.982,3.146,.952,3.308,.727,.171,.843,.277,.34,2.366,.251,.307,.804,.082,.149,.337,.077,.141
101,2017,246,710,12.15,.868,.379,.243,1.777,.731,.508,.263,-80.3,-27.53,.369,7.15,.409,.696,.511,5.066,5.214,1.542,5.787,1.361,.298,1.495,.449,.526,4.017,.417,.498,1.426,.136,.253,.536,.129,.231
101,2017,246,720,12.15,1.22,.451,.334,2.336,.992,.682,.359,-83.3,-27.8,.489,10.78,.607,.952,.732,7.25,7.27,2.107,8.34,2.018,.439,1.998,.634,.704,5.655,.573,.711,2.07,.186,.349,.774,.189,.344
101,2017,246,730,12.15,1.487,.615,.451,2.938,1.304,.873,.456,-90.4,-30.26,.657,30.54,.898,1.279,1.031,10.93,9.73,3.121,17.52,2.759,.602,3.25,1.034,1.046,7.53,.811,1.089,2.722,.272,.471,1.027,.255,.436
101,2017,246,740,12.15,2.157,.922,.592,4.064,1.778,1.249,.615,-87,-30.31,.99,73.1,1.621,1.882,1.507,15.82,12.92,4.166,46.33,3.803,.788,5.693,4.854,1.659,9.57,1.091,1.668,3.451,.375,.634,1.356,.345,.54
101,2017,246,750,12.15,2.971,1.188,.726,5.725,2.356,1.777,.806,-84.8,-30.51,1.22,83.8,1.701,2.593,1.679,17.3,14.67,5.174,55.72,4.72,.932,6.628,4.839,2.152,12.21,1.269,6.734,3.56,.432,2.377,1.532,.424,.627
101,2017,246,800,12.15,3.243,1.361,.833,6.578,2.655,2.014,.912,-87.3,-36.88,1.319,69.93,1.549,2.752,1.614,16.37,15.71,5.641,48.28,6.858,.979,6.746,2.355,3.412,11.75,1.428,2.356,3.375,.421,1.106,1.45,.437,.607
101,2017,246,810,12.15,3.544,1.49,.873,7.3,2.887,2.078,.826,-90.6,-28.7,1.277,39.64,1.374,2.638,1.449,16.16,17.02,6.108,28.34,6.135,.933,6.334,2.014,2.326,12.51,1.463,1.808,3.469,.417,.772,1.418,.432,.573
101,2017,246,820,12.15,4.708,1.885,1.186,9.41,3.509,2.895,1.005,-94.2,-26.47,1.587,44.49,1.776,3.361,1.89,19.45,21.29,7.7,32.8,7.94,1.106,7.52,2.386,2.733,14.57,1.686,2.237,4.658,.493,.962,1.721,.473,.772
101,2017,246,830,12.15,5.395,2.23,1.371,11.61,4.13,4.224,1.211,-92.5,-26.82,1.821,49.01,2.036,3.773,2.017,21.54,24.71,9.15,36.72,9.53,1.205,8.58,2.674,3.874,15.51,1.994,2.433,4.914,.498,1.059,1.878,.508,.876
101,2017,246,840,12.15,4.864,2.153,1.374,11.6,3.952,4.38,.999,-92.5,-27.07,1.652,42.97,1.954,3.322,1.732,19.66,21.77,8.74,32.31,9.85,1.141,7.71,2.444,3.9,13.58,1.933,2.292,4.199,.422,.92,1.64,.456,.848
101,2017,246,850,12.15,4.87,2.011,1.421,11.31,3.773,3.944,.895,-92.5,-26.87,1.649,42.69,2.005,3.294,1.505,18.5,20.07,8.82,31.54,9.91,1.119,7.37,2.341,4.173,11.98,1.97,2.339,3.639,.38,.821,1.322,.434,.841
101,2017,246,900,12.15,4.8,2.235,1.412,13.82,4.617,5.73,1.014,-89.8,-27.66,1.92,49.32,1.943,4.098,1.54,19.07,22.22,9.74,36.74,9.99,1.054,8.34,2.582,7.36,11.82,1.955,2.3,3.455,.422,.878,1.334,.424,.823
101,2017,246,910,12.15,5.45,2.481,1.684,16.75,4.874,5.361,1.044,-113.5,-27.47,2.071,54.43,1.669,4.899,1.672,20.7,25.96,10.5,41.72,9.23,1.017,8.94,2.813,11.64,12.42,2.054,2.533,3.614,.467,.97,1.567,.471,.766
101,2017,246,920,12.15,7.35,3.153,2.362,19.62,5.717,4.798,1.268,-128.6,-27.41,2.421,60.7,1.858,9.58,2.005,26.01,31.82,12.73,48.16,12.91,1.236,10.17,3.289,11.85,15.15,2.51,3.188,4.56,.529,1.228,1.927,.67,.925
101,2017,246,930,12.15,8.35,3.664,3.609,21.78,6.172,4.976,1.443,-127.9,-27.73,2.692,67.44,2.181,8.57,2.32,30.96,37.07,13.79,54.78,13.36,1.583,10.54,3.441,13.3,17.05,3.249,3.621,5.98,.558,1.399,2.022,.665,1.369
101,2017,246,940,12.15,7.16,3.349,29.06,27.16,6.284,7.01,1.29,-117.8,-26.53,2.706,97,2.201,5.46,2.731,39.79,52.31,12.92,79.7,12.16,1.605,10.17,3.776,7.51,17.02,3.771,3.456,5.256,.595,1.392,2.072,.732,1.151
101,2017,246,950,12.15,5.81,2.882,9.7,24.22,5.324,25.86,1.139,-102.7,-28.37,2.924,101.3,1.972,4.939,5.961,41.39,55.59,10.83,84.3,10.03,1.374,8.75,28.88,4.385,15.15,16.74,2.912,3.907,.486,1.119,1.788,1.134,1.092
101,2017,246,1000,12.15,6.308,4.081,23.6,25.9,5.743,4.966,1.205,-99.1,-27.94,3.163,131.1,2.031,39.21,7.12,56.43,74.8,10,111.5,11.49,1.689,10.02,5.321,3.925,17.75,21.9,3.093,4.611,.493,1.138,2.682,.983,.987
101,2017,246,1010,12.15,4.284,16.14,68.66,20.86,4.452,3.215,1.042,-97.3,-25.13,2.408,129.8,2.012,22.6,2.612,60.24,78.1,7.49,111.7,9.54,1.62,21.71,2.354,4.534,19.64,7.01,4.591,4.517,.449,.98,1.617,.675,.945
101,2017,246,1020,12.15,15.87,65.92,2.436,18.17,3.404,14.32,.947,-83.8,-27.51,1.908,127.1,1.783,3.82,2.24,63.39,79.7,5.006,110.5,7.47,1.486,43.34,1.823,9.46,22.57,3.017,7.9,4.054,.436,.804,1.471,.618,.925
101,2017,246,1030,12.15,26.49,91.1,1.457,20.94,19.86,22.28,.95,-91.7,-25.3,35.09,126.2,1.724,2.002,2.195,67.43,81.6,4.761,110.9,24.67,1.504,62.47,1.752,2.014,26.09,3.238,2.24,3.866,.436,1.3,1.469,.616,.836
101,2017,246,1040,12.15,14.21,30.72,1.37,28,47.7,5.9,.963,-113.5,-22.44,80.1,126.7,1.735,1.876,2.236,72.7,84.7,4.484,112.7,18.38,1.56,57.24,1.662,1.96,29.68,16.83,2.047,3.833,.446,.829,1.483,.643,.838
101,2017,246,1050,12.14,3.66,2.045,1.508,36.58,28.74,1.804,7.12,-107.5,-23.28,83.7,127.5,1.859,1.926,2.285,77.5,87,4.874,114.5,6.719,1.874,53.78,1.754,2.084,33.15,91.3,3.526,4.335,.469,.874,1.531,.68,.871
101,2017,246,1100,12.12,4.613,2.028,1.698,44.46,3.345,2.794,3.084,-96.2,-26.2,45.09,128,1.926,1.909,2.764,82.8,90.1,4.764,116.3,12.85,1.935,47.54,1.739,2.142,36.4,97.5,2.345,4.769,.472,.899,1.603,.742,.911
101,2017,246,1110,12.12,11.35,2.189,9.29,51.57,3.919,4.661,1.085,-82.1,-25.2,2.01,126.4,2.511,1.978,4.666,85.1,88.8,5.345,114.6,101.7,2.849,36.31,1.785,2.521,38.16,89.6,3.248,15.66,.497,.993,1.814,.755,1.018
101,2017,246,1120,12.14,31.62,2.01,3.373,60.93,2.625,10.67,1.04,-97.3,-24.63,1.598,128.5,4.383,1.867,2.479,92.2,95.9,4.51,119,62.74,5.746,17.59,1.645,2.273,43.11,81.9,60.46,10.13,.502,1.655,1.802,.754,1.057
101,2017,246,1130,12.15,66.33,2.402,1.986,68.6,2.68,24.33,1.042,-87.9,-23.18,1.539,126.8,2.614,1.834,2.459,95.7,98,4.211,118.9,10.53,8.64,33.35,1.539,2.025,46.29,20.1,68.35,73.9,.502,.976,1.881,.879,1.092
101,2017,246,1140,12.15,14.2,51.33,7.26,73.3,2.073,5.973,1.074,-94.5,-26.12,1.491,124.1,2.015,1.799,2.494,98.2,99.7,3.909,118.3,6.802,9.5,44.29,1.46,2.042,49.45,2.573,2.171,86.5,.514,.976,6.39,.831,1.053
101,2017,246,1150,12.13,2.906,92.2,1.194,74.4,2.072,1.725,1.109,-96.9,-28.52,1.551,123.5,2.256,1.948,2.653,101.1,101.5,4.192,118.9,36.16,7.23,4.87,1.517,2.13,52.67,2.231,2.147,89.4,.569,1.008,20.81,.826,1.119
101,2017,246,1200,12.15,2.966,61.74,1.203,72,2.053,1.683,1.142,-97.8,-29.58,1.546,122.5,6.168,1.919,3.691,104,103.2,4.226,119.1,112.2,3.66,5.705,1.551,10.81,55.85,2.219,2.676,91.7,.583,1.045,56.71,.844,1.172
101,2017,246,1210,12.15,2.697,8.89,1.136,11.04,1.933,1.668,1.162,-112,-29.5,1.481,120.7,2.418,1.883,3.047,106.5,105,4.068,118.7,91.9,7.23,4.659,1.467,38.72,58.73,2.104,3.224,94.2,.63,1.033,33.88,.898,1.198
101,2017,246,1220,12.15,2.877,3.368,1.167,33.89,2.052,1.909,1.276,-106.3,-28.44,1.66,119.6,2.944,2.151,6.651,109.4,106.4,4.596,118.5,22.56,2.998,4.646,1.646,2.506,61.28,2.278,8.86,95.2,.658,1.144,9.44,.975,1.392
101,2017,246,1230,12.15,2.566,7.56,1.586,4.783,2.09,4.196,1.243,-107.7,-26.39,1.655,118.4,3.388,2.092,3.016,112.2,106.9,4.785,118.3,9.5,3.521,4.452,1.69,3.579,63.46,2.42,9.88,96.8,.673,1.226,4.097,1.03,1.534
101,2017,246,1240,12.15,2.757,6.929,1.343,4.706,3.031,7.56,1.348,-105.2,-27.96,2.556,120.9,17.35,2.35,3.234,118.8,109.6,5.018,122.6,10.27,8.05,4.572,1.819,14.77,68.34,2.817,51.45,102.4,.752,1.437,4.077,1.126,2.006
101,2017,246,1250,12.15,3.472,1.963,1.574,4.527,3.192,2.851,1.424,-103.6,-24.29,2.209,88.3,19.36,10.38,5.018,90.1,81.8,4.76,90.9,17.68,4.001,4.393,9.77,4.123,53.87,10.38,57.49,75.3,.841,1.899,4.065,1.878,2.782
101,2017,246,1300,12.15,3.303,28.25,1.73,5.398,4.865,3.304,1.672,-98.6,-27.01,2.772,93.8,19.02,3.747,5.825,102.4,91.2,6.14,98.2,60.35,5.093,5.035,17.38,10.19,62.37,14.06,61.04,80,.958,2.196,5.092,12.36,3.482
101,2017,246,1310,12.16,3.547,2.318,1.613,5.947,2.626,3.583,1.72,-95.3,-28.86,2.646,97.5,52.02,4.805,4.375,106.4,96.5,5.525,102.6,68.96,6.133,4.696,3.82,27.29,64.15,3.487,64.13,85.7,.811,18.2,4.314,2.018,2.368
101,2017,246,1320,12.16,2.062,1.105,1.129,3.641,2.022,3.492,1.727,-93,-29.63,3.691,77.3,9.75,2.089,4.157,88.8,80,3.901,81,57.66,3.815,3.76,1.816,15.09,54.02,2.32,26.92,71.5,.638,2.023,3.39,1.241,2.172
101,2017,246,1330,12.16,2.157,1.025,1.04,3.358,3.132,8.95,1.325,-94,-28.71,2.02,72.9,12.37,2.089,10.38,84.7,77.3,3.655,78.4,31.03,3.097,3.643,1.42,22.25,52.95,2.581,23.71,71.2,.635,1.599,3.199,1.074,1.809
101,2017,246,1340,12.16,5.678,1.172,1.37,3.65,20.73,1.995,1.236,-99.1,-27.75,1.608,93.4,65.48,2.008,47.58,114.1,104.2,4.082,103.5,8.05,3.738,3.82,1.596,83.3,71.1,2.465,32.66,98.6,.734,1.66,3.82,2.764,1.789
101,2017,246,1350,12.16,2.368,1.271,1.109,4.261,7.28,1.837,1.196,-92.9,-31.63,1.646,93.9,90.6,2.048,60.1,119.9,101.1,4.08,106.5,7.32,3.572,4.015,1.61,113.6,75.7,2.502,17.18,104.2,.755,1.606,3.979,1.342,2.315
101,2017,246,1400,12.16,2.065,.961,1.203,3.577,2.876,2.172,1.132,-94,-32.93,1.516,87.7,88.7,28.54,51.05,117.7,61.32,3.72,102.1,5.939,3.187,7.1,1.633,17.89,75.6,2.14,3.375,102.9,.739,1.63,3.904,1.353,55.16
101,2017,246,1410,12.16,5.205,.938,5.887,3.867,1.948,1.857,1.172,-87.8,-35.25,1.613,83.5,85.3,11.33,48.28,117.9,38.41,3.998,100.1,5.658,3.189,4.179,2.145,2.434,76.4,2.192,3.187,102.4,.774,22.41,4.068,1.368,24.45
101,2017,246,1420,12.17,3.715,1.043,1.017,3.917,1.939,10.93,8.33,-88,-33.91,1.804,80,78.6,2.161,47.43,118.5,34.43,4.145,97.9,5.941,3.469,4.402,3.742,2.459,76.9,2.44,3.115,101.8,.782,25.31,4.194,1.553,55.08
101,2017,246,1430,12.17,2.177,.938,1.104,4.229,5.671,8.53,9.07,-82,-33.05,1.96,73.8,18.96,2.417,48.78,114.1,61.2,4.569,92.3,10.38,25.94,8.6,1.733,3.432,74.4,2.529,3.112,95.7,.863,7.1,4.596,1.598,100.5
101,2017,246,1440,12.17,2.226,.941,1.095,4.574,2.941,10.68,3.047,-76.5,-33.63,2.338,74.7,5.413,2.355,48.01,121.9,86.1,4.914,95.5,8.27,9.52,4.989,1.75,3.018,78.1,3.025,3.09,100.5,.841,5.845,4.633,1.578,33.91
101,2017,246,1450,12.17,2.162,1.007,1.273,4.77,2.733,2.892,6.982,-85.4,-32.45,2.673,70.6,4.621,2.891,17.39,121.4,99.2,5.445,93.3,8.16,5.078,10.37,1.861,3.13,77.9,3.509,2.921,86.5,.901,3.124,4.192,1.521,7.9
101,2017,246,1500,12.17,3.825,1.507,1.455,6.92,4.633,3.008,2.569,-75.9,-32.27,5.433,50.49,3.926,3.164,6.041,81.3,67.84,5.996,63.22,8.07,4.562,6.741,1.993,3.629,53.27,5.398,3.194,21.66,.807,2.058,3.52,1.064,25.31
101,2017,246,1510,12.17,5.294,2.087,1.717,9.22,16.6,3.051,1.78,-73.9,-29.68,3.435,46.25,4.394,3.76,5.3,66.54,57.67,7.3,53.75,10.52,4.269,6.535,2.167,3.644,44.32,3.909,3.731,16.92,.782,1.864,4.361,.986,5.245
101,2017,246,1520,12.17,5.468,1.953,2.072,9.65,6.896,3.629,2.336,-67.7,-28.92,4.259,53.3,5.403,4.771,7.13,88.4,75.5,8.17,66.95,10.52,5.408,7.19,2.696,6.399,59.94,4.577,4.564,20.91,1.03,2.304,6.007,1.226,4.676
101,2017,246,1530,12.17,4.96,1.825,2.05,8.93,4.6,3.436,2.592,-63.69,-28.51,3.962,48.43,4.84,4.815,6.912,85.7,73.7,7.42,62.07,9.83,8.5,6.995,2.572,4.766,59.47,4.423,4.296,20.02,1.048,2.266,6.498,1.326,3.969
101,2017,246,1540,12.17,4.239,1.638,1.618,7.64,4.08,2.701,2.266,-64.29,-27.82,2.802,33.7,3.321,4.023,5.496,52.22,47.83,5.937,39.14,7.51,5.342,6.156,2.172,3.934,39.56,3.544,3.299,16.56,.891,1.764,6.063,1.164,2.934
101,2017,246,1550,12.17,3.738,1.395,1.328,6.691,3.475,2.348,1.8,-62.43,-27.29,2.284,27.53,2.752,3.41,4.507,37.17,34.78,5.095,29.07,6.51,2.804,5.395,1.876,3.209,28.98,2.842,2.829,14.43,.729,1.504,4.495,.933,2.452
101,2017,246,1600,12.17,3.388,1.246,1.186,6.287,3.276,2.043,1.623,-60.85,-26.93,2.005,24.81,2.231,2.959,3.732,34.92,32.73,4.865,25.86,5.917,2.417,5.115,1.797,2.757,27.68,2.727,2.351,11.47,.683,1.328,4.278,.859,1.769
101,2017,246,1610,12.16,2.906,1.038,1.005,5.336,2.879,1.811,1.311,-55.89,-26.55,1.712,21.45,2.062,2.576,3.283,30.35,27.87,4.075,21.54,4.996,2.196,4.487,1.559,2.484,23.49,2.554,2.171,9.65,.543,1.112,3.395,.767,1.429
101,2017,246,1620,12.15,2.673,.943,.976,5.018,2.69,1.737,1.36,-53.74,-26.96,1.78,21.11,2.022,2.552,3.392,48.55,42.11,4.015,21.21,4.571,2.223,4.311,1.497,2.298,36.12,2.834,2.172,9.15,.529,1.07,3.839,.859,1.603
101,2017,246,1630,12.14,2.097,.747,.796,3.83,2.316,1.392,1.136,-63.24,-27.12,1.367,16.46,1.532,2.112,2.72,29.04,26.47,3.075,16.87,3.532,1.611,3.562,1.199,1.923,22.82,2.276,1.655,7.64,.469,.901,3.095,.606,1.333
101,2017,246,1640,12.13,1.583,.59,.68,3.016,5.515,1.265,1.042,-69.89,-26.31,1.259,15.29,1.603,1.943,2.762,40.81,35.05,2.559,15.49,3.254,1.655,3.067,1.084,1.832,31.45,2.335,1.648,7.56,.437,.814,2.901,.66,1.61
101,2017,246,1650,12.13,1.46,.529,.636,2.769,1.785,1.043,.933,-60.83,-26.77,1.124,12.81,1.174,1.598,2.273,24.02,22.02,2.397,13.85,2.769,1.558,2.732,1.015,1.613,19.75,1.73,1.397,6.445,.39,.708,2.521,.513,1.613
101,2017,246,1700,12.14,1.266,.439,.477,2.532,1.559,.874,.831,-58.12,-26.96,.941,10.43,.903,1.316,1.831,18.01,16.61,2.07,11.14,2.28,1.332,2.47,.854,1.253,14.95,1.514,1.038,5.08,.343,.591,2.233,.435,.827
101,2017,246,1710,12.14,1.245,.435,.479,2.35,1.509,.853,.789,-58.64,-27.54,.864,10,.936,1.243,1.782,16.16,15.1,1.888,10.69,2.154,1.199,2.28,.787,1.271,13.5,1.34,1.075,5.345,.313,.578,2.156,.456,.764
101,2017,246,1720,12.14,1.246,.436,.462,2.288,1.464,.873,.791,-63.11,-27.02,.931,9.99,1.02,1.235,1.774,15.6,14.62,1.774,10.77,2.119,1.159,2.28,.747,1.253,13.15,1.333,1.095,5.181,.325,.57,2.174,.432,.836
101,2017,246,1730,12.13,1.082,.404,.4,2.04,1.171,.613,.511,-59.98,-26.58,.59,7.99,.683,.958,1.25,14.13,15.33,1.498,7.95,1.797,.647,1.871,.593,.811,9.37,.883,.848,3.528,.248,.432,1.342,.293,.498
101,2017,246,1740,12.16,.69,.255,.246,1.338,.705,.417,.34,-59.5,-26.1,.42,5.28,.439,.568,.732,12.4,18.44,1.084,4.925,1.188,.506,1.364,.432,.548,6.332,.64,.503,1.879,.152,.26,.784,.206,.293
101,2017,246,1750,12.17,.437,.171,.183,.843,.523,.338,.268,-65.21,-26.42,.364,3.885,.387,.414,.583,6.034,6.183,.702,3.824,.957,.506,.916,.305,.442,4.826,.518,.377,1.598,.102,.198,.682,.181,.28
101,2017,246,1800,12.16,.369,.136,.151,.637,.39,.24,.204,-57.27,-26.91,.24,2.769,.26,.34,.459,3.982,3.753,.518,2.841,.61,.302,.611,.219,.318,3.3,.348,.273,1.287,.077,.161,.466,.095,.219
101,2017,246,1810,12.16,.171,.06,.055,.322,.179,.109,.075,-54.74,-28.88,.104,1.245,.107,.152,.181,1.64,1.536,.258,1.213,.298,.127,.297,.097,.134,1.365,.152,.122,.477,.035,.062,.218,.047,.087
101,2017,246,1820,12.16,.05,.012,.007,.102,.052,.034,.02,-55.21,-29.89,.028,.384,.04,.044,.055,.501,.466,.077,.377,.097,.047,.085,.032,.042,.421,.049,.042,.164,0,.017,.062,.007,.023
101,2017,246,1830,12.16,0,0,0,.01,.002,0,0,-53.79,-28.91,0,.062,0,0,.003,.089,.085,.008,.06,.012,0,.01,0,0,.077,0,0,.022,0,0,.008,0,0
101,2017,246,1840,12.16,0,0,0,0,0,0,0,-52.08,-28.06,0,0,0,0,0,0,0,0,0,0,0,0,0,0,0,0,0,0,0,0,0,0,0
101,2017,246,1850,12.16,0,0,0,0,0,0,0,-49.63,-26.54,0,0,0,0,0,0,0,0,0,0,0,0,0,0,0,0,0,0,0,0,0,0,0
101,2017,246,1900,12.16,0,0,0,0,0,0,0,-60.97,-26.1,0,0,0,0,0,0,0,0,0,0,0,0,0,0,0,0,0,0,0,0,0,0,0
101,2017,246,1910,12.16,0,0,0,0,0,0,0,-47.92,-26.26,0,0,0,0,0,0,0,0,0,0,0,0,0,0,0,0,0,0,0,0,0,0,0
101,2017,246,1920,12.16,0,0,0,0,0,0,0,-52.01,-25.45,0,0,0,0,0,0,0,0,0,0,0,0,0,0,0,0,0,0,0,0,0,0,0
101,2017,246,1930,12.16,0,0,0,0,0,0,0,-50.24,-25.41,0,0,0,0,0,0,0,0,0,0,0,0,0,0,0,0,0,0,0,0,0,0,0
101,2017,246,1940,12.16,0,0,0,0,0,0,0,-50.69,-25.46,0,0,0,0,0,0,0,0,0,0,0,0,0,0,0,0,0,0,0,0,0,0,0
101,2017,246,1950,12.16,0,0,0,0,0,0,0,-49.55,-24.97,0,0,0,0,0,0,0,0,0,0,0,0,0,0,0,0,0,0,0,0,0,0,0
101,2017,246,2000,12.16,0,0,0,0,0,0,0,-49.74,-24.28,0,0,0,0,0,0,0,0,0,0,0,0,0,0,0,0,0,0,0,0,0,0,0
101,2017,246,2010,12.16,0,0,0,0,0,0,0,-50.75,-24.12,0,0,0,0,0,0,0,0,0,0,0,0,0,0,0,0,0,0,0,0,0,0,0
101,2017,246,2020,12.16,0,0,0,0,0,0,0,-52.74,-23.96,0,0,0,0,0,0,0,0,0,0,0,0,0,0,0,0,0,0,0,0,0,0,0
101,2017,246,2030,12.16,0,0,0,0,0,0,0,-50.61,-24.1,0,0,0,0,0,0,0,0,0,0,0,0,0,0,0,0,0,0,0,0,0,0,0
101,2017,246,2040,12.16,0,0,0,0,0,0,0,-50.32,-24.23,0,0,0,0,0,0,0,0,0,0,0,0,0,0,0,0,0,0,0,0,0,0,0
101,2017,246,2050,12.16,0,0,0,0,0,0,0,-49.15,-23.87,0,0,0,0,0,0,0,0,0,0,0,0,0,0,0,0,0,0,0,0,0,0,0
101,2017,246,2100,12.16,0,0,0,0,0,0,0,-48.08,-23.47,0,0,0,0,0,0,0,0,0,0,0,0,0,0,0,0,0,0,0,0,0,0,0
101,2017,246,2110,12.15,0,0,0,0,0,0,0,-49.06,-23.13,0,0,0,0,0,0,0,0,0,0,0,0,0,0,0,0,0,0,0,0,0,0,0
101,2017,246,2120,12.15,0,0,0,0,0,0,0,-50.57,-22.88,0,0,0,0,0,0,0,0,0,0,0,0,0,0,0,0,0,0,0,0,0,0,0
101,2017,246,2130,12.15,0,0,0,0,0,0,0,-50.27,-22.47,0,0,0,0,0,0,0,0,0,0,0,0,0,0,0,0,0,0,0,0,0,0,0
101,2017,246,2140,12.15,0,0,0,0,0,0,0,-48.31,-22.39,0,0,0,0,0,0,0,0,0,0,0,0,0,0,0,0,0,0,0,0,0,0,0
101,2017,246,2150,12.15,0,0,0,0,0,0,0,-49.46,-22.27,0,0,0,0,0,0,0,0,0,0,0,0,0,0,0,0,0,0,0,0,0,0,0
101,2017,246,2200,12.15,0,0,0,0,0,0,0,-48.06,-23.36,0,0,0,0,0,0,0,0,0,0,0,0,0,0,0,0,0,0,0,0,0,0,0
101,2017,246,2210,12.15,0,0,0,0,0,0,0,-49.46,-23.15,0,0,0,0,0,0,0,0,0,0,0,0,0,0,0,0,0,0,0,0,0,0,0
101,2017,246,2220,12.15,0,0,0,0,0,0,0,-53.71,-22.58,0,0,0,0,0,0,0,0,0,0,0,0,0,0,0,0,0,0,0,0,0,0,0
101,2017,246,2230,12.15,0,0,0,0,0,0,0,-53.54,-22.39,0,0,0,0,0,0,0,0,0,0,0,0,0,0,0,0,0,0,0,0,0,0,0
101,2017,246,2240,12.15,0,0,0,0,0,0,0,-47.56,-22.48,0,0,0,0,0,0,0,0,0,0,0,0,0,0,0,0,0,0,0,0,0,0,0
101,2017,246,2250,12.14,0,0,0,0,0,0,0,-48,-22.26,0,0,0,0,0,0,0,0,0,0,0,0,0,0,0,0,0,0,0,0,0,0,0
101,2017,246,2300,12.12,0,0,0,0,0,0,0,-49.82,-22,0,0,0,0,0,0,0,0,0,0,0,0,0,0,0,0,0,0,0,0,0,0,0
101,2017,246,2310,12.12,0,0,0,0,0,0,0,-53.17,-22.08,0,0,0,0,0,0,0,0,0,0,0,0,0,0,0,0,0,0,0,0,0,0,0
101,2017,246,2320,12.14,0,0,0,0,0,0,0,-55.72,-22.23,0,0,0,0,0,0,0,0,0,0,0,0,0,0,0,0,0,0,0,0,0,0,0
101,2017,246,2330,12.14,0,0,0,0,0,0,0,-55.36,-22.48,0,0,0,0,0,0,0,0,0,0,0,0,0,0,0,0,0,0,0,0,0,0,0
101,2017,246,2340,12.12,0,0,0,0,0,0,0,-58.54,-22.28,0,0,0,0,0,0,0,0,0,0,0,0,0,0,0,0,0,0,0,0,0,0,0
101,2017,246,2350,12.14,0,0,0,0,0,0,0,-54.39,-22.12,0,0,0,0,0,0,0,0,0,0,0,0,0,0,0,0,0,0,0,0,0,0,0
101,2017,246,2400,12.15,0,0,0,0,0,0,0,-55.56,-22.26,0,0,0,0,0,0,0,0,0,0,0,0,0,0,0,0,0,0,0,0,0,0,0
102,2017,246,2400,12.05,5266
101,2017,247,10,12.15,0,0,0,0,0,0,0,-56.41,-22.12,0,0,0,0,0,0,0,0,0,0,0,0,0,0,0,0,0,0,0,0,0,0,0
101,2017,247,20,12.15,0,0,0,0,0,0,0,-55.49,-20.3,0,0,0,0,0,0,0,0,0,0,0,0,0,0,0,0,0,0,0,0,0,0,0
101,2017,247,30,12.15,0,0,0,0,0,0,0,-54.74,-21.07,0,0,0,0,0,0,0,0,0,0,0,0,0,0,0,0,0,0,0,0,0,0,0
101,2017,247,40,12.14,0,0,0,0,0,0,0,-54.28,-21.25,0,0,0,0,0,0,0,0,0,0,0,0,0,0,0,0,0,0,0,0,0,0,0
101,2017,247,50,12.14,0,0,0,0,0,0,0,-58,-21.05,0,0,0,0,0,0,0,0,0,0,0,0,0,0,0,0,0,0,0,0,0,0,0
101,2017,247,100,12.14,0,0,0,0,0,0,0,-59.61,-20.83,0,0,0,0,0,0,0,0,0,0,0,0,0,0,0,0,0,0,0,0,0,0,0
101,2017,247,110,12.14,0,0,0,0,0,0,0,-62.87,-20.71,0,0,0,0,0,0,0,0,0,0,0,0,0,0,0,0,0,0,0,0,0,0,0
101,2017,247,120,12.12,0,0,0,0,0,0,0,-55.64,-20.6,0,0,0,0,0,0,0,0,0,0,0,0,0,0,0,0,0,0,0,0,0,0,0
101,2017,247,130,12.12,0,0,0,0,0,0,0,-54.64,-21.02,0,0,0,0,0,0,0,0,0,0,0,0,0,0,0,0,0,0,0,0,0,0,0
101,2017,247,140,12.12,0,0,0,0,0,0,0,-57.44,-21,0,0,0,0,0,0,0,0,0,0,0,0,0,0,0,0,0,0,0,0,0,0,0
101,2017,247,150,12.12,0,0,0,0,0,0,0,-54.23,-19.77,0,0,0,0,0,0,0,0,0,0,0,0,0,0,0,0,0,0,0,0,0,0,0
101,2017,247,200,12.14,0,0,0,0,0,0,0,-54.2,-20.69,0,0,0,0,0,0,0,0,0,0,0,0,0,0,0,0,0,0,0,0,0,0,0
101,2017,247,210,12.13,0,0,0,0,0,0,0,-52.87,-20.66,0,0,0,0,0,0,0,0,0,0,0,0,0,0,0,0,0,0,0,0,0,0,0
101,2017,247,220,12.12,0,0,0,0,0,0,0,-52.53,-20.64,0,0,0,0,0,0,0,0,0,0,0,0,0,0,0,0,0,0,0,0,0,0,0
101,2017,247,230,12.12,0,0,0,0,0,0,0,-52.66,-20.03,0,0,0,0,0,0,0,0,0,0,0,0,0,0,0,0,0,0,0,0,0,0,0
101,2017,247,240,12.12,0,0,0,0,0,0,0,-54.52,-19.85,0,0,0,0,0,0,0,0,0,0,0,0,0,0,0,0,0,0,0,0,0,0,0
101,2017,247,250,12.12,0,0,0,0,0,0,0,-54.05,-19.72,0,0,0,0,0,0,0,0,0,0,0,0,0,0,0,0,0,0,0,0,0,0,0
101,2017,247,300,12.12,0,0,0,0,0,0,0,-53.61,-19.77,0,0,0,0,0,0,0,0,0,0,0,0,0,0,0,0,0,0,0,0,0,0,0
101,2017,247,310,12.12,0,0,0,0,0,0,0,-53.27,-19.95,0,0,0,0,0,0,0,0,0,0,0,0,0,0,0,0,0,0,0,0,0,0,0
101,2017,247,320,12.12,0,0,0,0,0,0,0,-53.41,-19.74,0,0,0,0,0,0,0,0,0,0,0,0,0,0,0,0,0,0,0,0,0,0,0
101,2017,247,330,12.12,0,0,0,0,0,0,0,-53,-20,0,0,0,0,0,0,0,0,0,0,0,0,0,0,0,0,0,0,0,0,0,0,0
101,2017,247,340,12.12,0,0,0,0,0,0,0,-53.46,-20.16,0,0,0,0,0,0,0,0,0,0,0,0,0,0,0,0,0,0,0,0,0,0,0
101,2017,247,350,12.12,0,0,0,0,0,0,0,-54.71,-19.96,0,0,0,0,0,0,0,0,0,0,0,0,0,0,0,0,0,0,0,0,0,0,0
101,2017,247,400,12.14,0,0,0,0,0,0,0,-53.06,-19.5,0,0,0,0,0,0,0,0,0,0,0,0,0,0,0,0,0,0,0,0,0,0,0
101,2017,247,410,12.14,0,0,0,0,0,0,0,-52.76,-19.38,0,0,0,0,0,0,0,0,0,0,0,0,0,0,0,0,0,0,0,0,0,0,0
101,2017,247,420,12.14,0,0,0,0,0,0,0,-51.25,-19.65,0,0,0,0,0,0,0,0,0,0,0,0,0,0,0,0,0,0,0,0,0,0,0
101,2017,247,430,12.14,0,0,0,0,0,0,0,-56.56,-19.72,0,0,0,0,0,0,0,0,0,0,0,0,0,0,0,0,0,0,0,0,0,0,0
101,2017,247,440,12.14,0,0,0,0,0,0,0,-67.1,-19.66,0,0,0,0,0,0,0,0,0,0,0,0,0,0,0,0,0,0,0,0,0,0,0
101,2017,247,450,12.14,0,0,0,0,0,0,0,-56.88,-19.61,0,0,0,0,0,0,0,0,0,0,0,0,0,0,0,0,0,0,0,0,0,0,0
101,2017,247,500,12.14,0,0,0,0,0,0,0,-72.8,-18.85,0,0,0,0,0,0,0,0,0,0,0,0,0,0,0,0,0,0,0,0,0,0,0
101,2017,247,510,12.14,0,0,0,0,0,0,0,-59.1,-19.18,0,0,0,0,0,0,0,0,0,0,0,0,0,0,0,0,0,0,0,0,0,0,0
101,2017,247,520,12.14,0,0,0,0,0,0,0,-55.52,-19.73,0,0,0,0,0,0,0,0,0,0,0,0,0,0,0,0,0,0,0,0,0,0,0
101,2017,247,530,12.14,0,0,0,0,0,0,0,-64.29,-19.89,0,0,0,0,0,0,0,0,0,0,0,0,0,0,0,0,0,0,0,0,0,0,0
101,2017,247,540,12.14,0,0,0,0,0,0,0,-60.83,-20.35,0,0,0,0,0,0,0,0,0,0,0,0,0,0,0,0,0,0,0,0,0,0,0
101,2017,247,550,12.13,0,0,0,0,0,0,0,-58.91,-20.18,0,0,0,0,0,0,0,0,0,0,0,0,0,0,0,0,0,0,0,0,0,0,0
101,2017,247,600,12.12,0,0,0,0,0,0,0,-58.71,-20.52,0,0,0,0,0,0,0,0,0,0,0,0,0,0,0,0,0,0,0,0,0,0,0
101,2017,247,610,12.12,0,0,0,0,0,0,0,-59.03,-20.64,0,.005,0,0,0,0,.002,0,0,0,0,0,0,0,0,0,0,0,0,0,0,0,0
101,2017,247,620,12.12,.007,0,0,.017,.005,.003,0,-66.96,-20.13,0,.089,0,.007,.003,.059,.059,.017,.064,.017,.002,.017,.002,.003,.047,.002,.005,.015,0,0,.005,0,0
101,2017,247,630,12.12,.054,.022,.017,.112,.054,.037,.022,-80,-19.93,.028,.52,.035,.052,.044,.392,.402,.099,.382,.106,.028,.127,.039,.042,.337,.042,.039,.102,.015,.02,.044,.013,.022
101,2017,247,640,12.12,.159,.047,.044,.313,.153,.094,.055,-65.97,-19.97,.075,1.391,.092,.139,.129,1.183,1.177,.273,1.061,.292,.084,.327,.101,.114,.985,.111,.099,.322,.034,.045,.134,.034,.044
101,2017,247,650,12.12,.334,.104,.092,.61,.3,.193,.112,-64.12,-19.7,.156,2.712,.178,.272,.248,2.326,2.387,.525,2.172,.511,.147,.61,.201,.225,2.004,.218,.206,.61,.049,.097,.266,.064,.101
101,2017,247,700,12.12,.558,.181,.161,1.093,.478,.332,.194,-62.3,-19.12,.26,5.179,.317,.469,.406,3.836,3.92,.985,3.878,.928,.256,1.141,.352,.367,3.24,.345,.367,.989,.097,.176,.422,.107,.173
101,2017,247,710,12.12,1.192,.36,.265,2.239,.816,.568,.295,-57.88,-18.79,.446,9.34,.506,.935,.58,6.178,6.31,1.899,6.86,1.686,.432,2.078,.58,.59,4.896,.484,.56,1.641,.169,.308,.597,.159,.277
101,2017,247,720,12.11,1.461,.459,.37,2.717,1.128,.793,.409,-55.97,-19.05,.535,13.31,.781,1.24,.771,8.32,8.31,2.599,9.59,2.447,.56,2.695,.796,.793,6.325,.669,.883,2.172,.226,.417,.836,.208,.36
101,2017,247,730,12.11,1.703,.555,.442,3.067,1.302,.937,.436,-54.99,-18.86,.645,16.07,.892,1.451,.996,9.59,9.64,2.948,11.27,2.831,.617,3.158,.937,1.011,7.27,.828,1.031,2.447,.266,.478,.89,.256,.463
101,2017,247,740,12.11,1.192,.513,.374,2.737,1.319,.89,.446,-70,-18.67,.605,13.46,.732,1.116,.835,9.37,9.33,2.395,9.96,3.198,.657,2.688,.756,1.017,7.25,.92,.897,2.794,.216,.402,.88,.245,.347
101,2017,247,750,12.11,1.47,.481,.471,3.268,1.431,.972,.416,-55.77,-18.39,.6,18.02,.662,1.203,.82,8.91,9.13,2.79,12.79,2.893,.509,3.102,.996,1.232,6.893,.779,.984,1.827,.184,.385,.749,.238,.335
101,2017,247,800,12.11,2.465,.724,.577,4.849,1.914,1.59,.726,-53.84,-18.25,1.042,65.57,1.322,2.199,1.349,12.88,11.97,4.482,44.77,3.811,.806,5.769,2.149,2.739,9.03,1.101,1.508,2.593,.307,.712,1.183,.392,.521
101,2017,247,810,12.11,1.827,.632,.749,4.579,2.139,2.085,.856,-52.54,-18.49,1.141,78.4,1.901,2.331,1.584,14.09,13.03,4.867,54.87,7.45,.89,6.012,2.234,3.625,11.07,1.22,1.661,3.634,.37,.644,1.259,.392,.649
101,2017,247,820,12.11,1.537,.558,.662,3.779,2.122,2.512,.784,-51.01,-19.08,.974,87,1.493,1.844,1.327,11.64,19.12,3.809,62.27,20.53,.768,5.348,2.087,2.075,11.05,1.074,1.711,2.454,.308,.479,.972,.35,.489
101,2017,247,830,12.12,1.391,.488,.699,3.509,2.608,6.732,1.53,-46.84,-19.95,.982,95.9,1.611,1.818,1.42,11.9,26.65,3.261,69.86,14.19,.746,5.199,2.162,2.452,11.09,1.113,1.037,2.393,.328,.479,1.071,.409,.488
101,2017,247,840,12.12,3.106,1.59,1.001,30.46,3.53,31.77,1.032,-46.28,-20.37,1.408,103.2,1.964,2.64,1.981,18.3,36.57,4.542,78.3,31.99,.93,6.246,2.454,29.84,14.43,1.374,1.525,3.503,.493,.751,1.916,.531,.706
101,2017,247,850,12.12,7.4,1.384,1.247,46.6,9.75,35.72,.917,-43.66,-20.22,1.736,110.9,1.818,14.6,1.931,21.87,42.18,6.635,85.6,34.16,1.001,7.19,2.484,5.202,12.83,1.542,1.922,3.446,.511,3.511,1.456,.523,10.24
101,2017,247,900,12.13,1.795,.804,.96,41.36,13.48,29.74,.923,-57.36,-21.32,2.636,107.6,1.347,10.26,1.525,21.97,41.72,4.058,84.1,6.393,.868,5.24,1.999,55.32,9.67,1.247,1.242,2.52,.394,.778,1.072,.439,1.15
101,2017,247,910,12.14,1.716,.682,1.032,38.9,3.212,3.829,.719,-80.1,-22.97,1.923,111.1,1.399,3.492,1.598,26.87,47.55,3.887,88.6,4.623,.922,5.05,2.004,65.73,9.76,1.334,3.254,2.604,.387,.573,1.118,.751,2.602
101,2017,247,920,12.14,1.801,.725,1.169,35.76,3.314,4.556,.751,-64.31,-22.15,1.615,114,1.503,59.98,2.002,32.03,53.48,4.076,92.1,17.91,1,5.187,2.646,49.7,10.18,1.409,1.469,2.877,.402,.771,1.245,2.274,3.21
101,2017,247,930,12.14,2.002,.791,2.679,32.17,3.287,2.785,4.127,-79.3,-21.76,1.533,115.8,1.484,38.22,1.813,36.5,58.75,4.249,94.8,5.013,1.03,5.239,1.858,74.6,10.55,1.563,1.476,2.848,.414,1.272,1.221,.481,1.066
101,2017,247,940,12.14,2.067,.853,66.06,28.14,3.404,5.763,.823,-97.2,-19.1,1.389,118.8,1.546,2.443,2.386,41.98,64.67,4.54,98.7,4.834,1.126,5.462,1.952,9.25,11.72,4.262,1.602,3.428,.446,.779,1.314,.533,.863
101,2017,247,950,12.14,3.773,1.33,15.51,25.62,3.512,35.47,1.005,-85.4,-20.49,7.87,124.5,1.754,3.564,9.2,49.44,71.8,6.13,105.1,6.1,1.396,6.207,40.89,2.354,14.22,33.35,2.505,3.44,.459,.881,1.422,.668,4.344
101,2017,247,1000,12.14,4.376,1.588,19.12,22.15,3.976,3.651,.952,-105.7,-19.52,7.99,126.4,1.895,47.55,9.1,54.52,75.3,6.955,108.1,7.82,1.585,8.2,6.353,2.505,16.43,19.4,2.351,3.714,.447,.873,1.538,2.361,.839
101,2017,247,1010,12.14,3.451,9.23,66.22,18.53,3.597,2.33,.952,-142.3,-16.2,2.314,125.7,1.734,28.28,2.389,57.92,77.4,6.068,108.3,7.22,1.407,23.33,2.032,17.84,19.16,4.023,27.04,3.401,.436,.836,1.461,.606,.928
101,2017,247,1020,12.14,12.53,54.16,1.967,18,3.677,3.263,.952,-111.1,-19.89,2.444,126.4,1.72,4.262,2.248,62.35,80.1,6.053,110.1,11.45,1.421,47.63,1.955,30.25,22.64,2.947,31.12,3.51,.436,.828,1.459,.615,1.63
101,2017,247,1030,12.14,34.36,70.3,1.414,21.11,29.98,11.63,.973,-94.9,-17.79,49.45,127.2,1.722,2.082,2.183,67.53,83,5.074,111.9,32.47,1.467,64.83,1.833,2.173,26.69,3.091,4.151,3.623,.436,3.446,1.472,.623,.833
101,2017,247,1040,12.15,21.33,15.05,1.374,27.47,55.67,6.302,.987,-94.7,-14.86,74.5,126.4,1.749,1.891,2.248,73,85.8,4.457,112.6,19.46,1.573,58.02,1.652,1.993,30.35,21.39,2.047,3.859,.457,.831,1.494,.647,.846
101,2017,247,1050,12.14,7.15,1.598,1.464,36.34,21.46,1.67,5.144,-87,-16.93,76.4,127.2,1.802,1.849,2.298,78.6,88.8,4.417,114.5,5.893,1.72,52.97,1.657,1.976,34.03,95.5,6.043,5.212,.452,.844,1.524,.682,.864
101,2017,247,1100,12.15,4.983,1.546,2.583,44.54,2.973,1.906,1.811,-83.4,-19.43,67.59,127.7,1.896,1.866,5.257,83.7,91.7,4.37,116.2,10.82,1.945,48.15,1.658,2.02,37.25,99.1,1.995,4.964,.482,.886,1.635,.799,.928
101,2017,247,1110,12.15,6.991,1.544,24.75,52.58,2.862,2.025,1.05,-82.1,-18.11,1.891,128.5,2.037,1.94,10.19,88.2,94.2,4.499,117.8,105.7,2.722,39.77,1.727,11.04,40.54,100.9,2.948,7.06,.499,.94,1.698,.745,.973
101,2017,247,1120,12.15,36.41,1.775,9.84,60.83,2.831,8.11,1.124,-74.4,-15.97,1.817,130.4,4.196,2.073,2.619,93.2,97.3,5.135,120.4,56.12,5.991,18.66,1.872,2.953,44.32,93.8,71.3,7.73,.513,1.047,1.926,.792,1.151
101,2017,247,1130,12.15,44.2,2.897,8.7,67.23,3.41,8.31,1.429,-69.01,-15.28,2.219,134,3.532,2.564,3.202,99.3,100.6,7.44,124.6,13,8.61,38.16,2.226,3.266,49.01,22.51,41.42,65.35,.62,1.46,2.549,1.002,1.506
101,2017,247,1140,12.15,7.99,38.24,2.676,63.57,4.529,3.685,1.727,-65.76,-17.92,2.882,123.8,4.192,3.653,3.988,97.4,96.9,10.63,118.1,16.15,8.84,31.21,2.933,4.1,51.88,4.435,5.226,74.1,.764,1.802,3.723,1.109,1.775