101,2017,251,1010,12.13,9.75,8.87,24.24,24.11,5.066,3.718,1.682,-.856,-19.93,3.517,128.9,2.961,5.163,9.12,70.7,86.6,27.05,116.6,41.35,2.865,48.81,3.216,4.57,29.78,3.774,6.718,11.29,.761,2.185,3.17,.757,1.664
101,2017,251,1020,12.13,12.75,42.99,2.599,20.41,7.62,3.398,1.466,1.565,-20.1,23.43,132.8,2.282,3.986,3.698,72.2,89.9,32.08,119.1,98.5,1.967,67.29,2.765,25.8,29.41,3.504,36.62,6.975,.642,1.49,2.619,.722,11.62
101,2017,251,1030,12.13,15.75,42.29,1.553,19.73,50.87,1.918,2.161,-10.09,-17.59,50.19,127,1.769,2.084,2.453,69.62,81.3,63.7,112.6,104.4,1.523,61.59,1.845,2.064,27.51,3.21,10.46,3.981,.469,2.424,1.612,.61,23.49
101,2017,251,1040,12.13,19.55,20.47,1.421,23.33,43.37,12.79,1.429,-.844,-17.15,61.76,113,1.756,2.009,2.334,66.54,76.4,62.33,100.6,23.97,1.836,37.34,1.754,2.061,28.34,26.39,16.99,4.648,.471,1.384,1.613,.591,.886
101,2017,251,1050,12.13,25.2,6.997,5.227,33.16,22.33,6.241,2.027,-15.67,-17.49,17.32,126,2.223,2.384,2.754,79.7,88.7,41.85,114.3,9.14,2.176,38.15,2.116,2.721,35.42,89.4,3.031,6.821,.546,3.567,2.166,.72,1.039
101,2017,251,1100,12.13,41.36,9.97,10.51,43.41,4.237,4.924,1.535,-18.55,-17.12,19.26,129.5,2.535,2.279,3.994,87.1,93.6,9.12,119.6,9.82,2.453,48.65,2.012,2.424,39.3,99,26.48,7.12,.546,1.121,2.108,.734,3.046
101,2017,251,1110,12.13,24.92,5.884,5.872,49.93,3.285,12.5,1.292,-16.77,-17.46,8.1,124.3,2.27,2.573,3.001,87.8,93.8,5.078,115,90.8,2.627,34.92,1.935,2.542,41.54,97.8,2.565,30.11,.63,1.171,2.2,.772,1.072
101,2017,251,1120,12.13,22.71,1.763,1.86,62.38,3.12,2.656,1.262,-22.45,-17.87,1.798,126.8,2.389,2.535,2.711,94,95.1,5.316,119.1,51.78,3.349,33.67,1.907,2.279,45.82,104,3.84,76.1,.596,11.1,2.176,.764,1.107
101,2017,251,1130,12.13,31.52,10.31,2.151,66.85,2.376,1.779,1.159,-17.46,-17.82,1.665,124.4,2.349,2.034,3.919,96.3,98.5,4.509,119.2,7.16,6.467,46.45,1.712,3.957,47.82,52.79,18.24,78,.546,1.067,1.918,.714,1.119
101,2017,251,1140,12.13,23.92,46.53,2.344,72.6,2.252,1.717,1.196,-17.67,-18.48,1.592,118.9,2.183,2.069,7.52,98.6,101.3,4.316,118.6,13.8,14.39,30.44,1.685,26.18,51,2.741,6.315,87.9,.568,2.997,3.443,.724,1.124
101,2017,251,1150,12.13,10.68,60.46,1.29,75.1,2.233,1.781,1.235,-15.2,-18.72,5.345,114.1,2.367,2.098,11.5,101.4,102.7,4.323,118.7,93.7,29.59,7.81,1.684,8.8,54.41,2.446,2.418,90.8,.583,1.722,2.451,.737,1.208
101,2017,251,1200,12.13,10.64,25.18,1.241,67.15,2.136,1.711,1.213,-19.88,-19.45,1.947,117.7,2.47,2.061,7.37,103.8,100,4.229,118.3,112.7,4.884,5.638,1.642,16.47,57.44,2.258,2.21,93,.605,3.726,43.82,.893,1.176
101,2017,251,1210,12.13,9.38,12.37,1.22,38.18,2.133,1.726,1.248,-23.85,-20.21,1.548,119,2.491,2.071,3.512,106.3,105.9,4.165,118.3,105.5,2.488,4.998,1.612,3.979,60.35,2.186,2.317,95.3,.615,1.111,36.17,.779,1.216
101,2017,251,1220,12.13,2.977,39.83,1.166,7.55,2.081,4.597,1.293,-24.45,-19.87,1.575,107.3,2.699,2.064,11.06,108.3,104.3,4.259,117.9,30.15,2.917,4.835,3.061,2.292,62.85,2.218,17.59,96.8,.65,1.121,13.75,.813,1.337
101,2017,251,1230,12.13,3.699,5.448,1.203,4.643,2.848,2.418,1.285,-25.47,-20.42,1.578,90.1,2.662,2.15,4.366,110,108.1,4.197,117.1,7.99,2.754,4.738,2.441,17.42,65.2,2.277,28.14,98.1,.704,1.181,5.653,.829,1.412
101,2017,251,1240,12.13,3.217,2.387,9.75,4.581,2.145,2.193,1.297,-14.41,-20.11,1.603,90.1,10.31,13.58,4.132,109.7,107.2,4.279,114.2,7.35,3.322,4.803,8.08,64.64,66.44,2.485,18.69,97.5,.742,1.248,3.498,.895,1.565
101,2017,251,1250,12.13,12.67,1.349,2.079,5.035,2.17,18.35,1.295,3.681,-19.46,1.647,109.8,67.92,83.8,3.627,113.6,109.5,4.359,115.5,16.25,3.084,4.654,13,9.09,69.73,13.17,88.9,100.6,.796,1.345,3.719,1.21,1.759
101,2017,251,1300,12.13,12,1.729,7.29,4.07,2.051,28.49,1.25,7.32,-18.97,1.744,106,43.37,6.784,3.272,114.3,109.8,4.053,113.3,33.03,2.887,4.225,4.622,2.567,71.2,31.3,87.8,101.6,.784,1.37,3.751,5.293,1.808
101,2017,251,1310,12.13,2.563,1.124,2.126,3.922,1.959,10.49,1.26,3.863,-19.1,11.36,99.5,84.2,2.093,3.92,114.6,110.2,3.817,111.1,29.31,3.012,4.088,4.251,2.511,72.5,2.349,84.1,101.9,.806,3.006,3.766,1.221,1.521
101,2017,251,1320,12.13,2.386,.99,1.223,3.825,1.952,2.039,1.23,-1.774,-18.28,1.55,85.8,72.5,2.037,8.41,115.2,110.9,3.815,109.1,33.9,2.94,4.019,1.61,6.239,74,2.279,77.6,102.5,.804,10.38,3.755,1.174,1.58
101,2017,251,1330,12.13,2.6,1.329,1.009,3.582,1.912,6.499,1.193,-.251,-17.06,1.729,89.5,87.2,2.057,7.36,115.6,110.5,3.594,107.4,52.22,3.163,3.775,1.541,56.83,75.1,2.215,22.63,103.1,.787,6.4,3.766,1.57,1.572
101,2017,251,1340,12.13,3.425,.935,.982,3.659,2.064,5.718,1.201,-5.123,-16.04,1.518,65.35,86.5,3.455,40.89,115.8,107.1,3.461,105.3,5.184,4.147,4.872,1.469,112.3,76.1,2.217,18.76,103.7,.776,1.484,3.855,2.9,2.252
101,2017,251,1350,12.13,10.55,.858,.983,3.622,2.439,2.139,1.156,-36.54,-15.52,1.536,60.99,90,4.269,63.98,116,109,3.319,102.5,4.969,3.791,3.661,1.994,106,76.8,2.247,3.451,103.2,.751,1.473,4.034,1.061,1.729
101,2017,251,1400,12.13,14.28,.782,1.334,3.456,1.855,9.72,1.387,6.816,-15.1,1.521,56.66,86.8,15.25,54.92,115.9,106.9,3.227,99.7,4.82,3.217,3.611,1.453,46.72,77.2,2.207,3.178,102.3,.751,1.493,4.135,1.064,10.03
101,2017,251,1410,12.14,2.585,.754,.999,3.282,1.826,1.692,1.166,7.68,-14.58,1.535,73.9,82.9,4.229,56.88,115.3,104.3,3.182,97.4,4.641,2.981,3.666,1.463,5.894,77.3,2.217,3.423,101.7,1.298,3.475,4.16,1.079,2.017
101,2017,251,1420,12.13,2.019,.722,1.466,3.2,1.83,1.749,2.188,-3.508,-13.58,1.588,73.3,67.92,2.118,55.95,115.1,103,3.15,94.4,4.413,3.364,11.26,1.456,3.594,77.8,2.387,3.141,100.9,1.377,2.054,4.247,1.178,2.863
101,2017,251,1430,12.14,1.714,.663,.911,3.192,1.825,8.31,1.223,-45.02,-13.31,2.228,64.75,16.02,2.021,47.57,110.6,101.8,3.083,90.8,4.391,3.118,30.43,1.478,2.235,77.6,2.463,2.567,99.4,.796,20.04,4.341,1.216,3.614
101,2017,251,1440,12.14,1.699,.642,1.042,3.115,1.952,2.847,2.58,-53.25,-12.79,3.337,42.31,4.232,2.114,27.44,113.4,100.8,3.078,87.9,4.381,3.026,11.43,1.414,2.131,78,2.438,2.473,97.6,.803,1.726,4.582,1.21,50.95
101,2017,251,1450,12.14,1.612,.601,3.161,3.054,8.62,2.052,2.813,-39.48,-11.79,6.867,50.21,3.245,2.004,10.96,108.6,96.4,3.036,82.2,4.353,3.567,5.641,1.35,1.999,75.1,2.463,2.3,50.61,.789,1.588,4.24,1.101,69.62
101,2017,251,1500,12.14,1.603,.633,1.488,3.021,12.33,1.545,1.283,-44.28,-11.05,1.819,47.08,2.92,2.086,3.92,109.2,97,3.004,80.9,23.7,2.773,4.321,1.399,4.262,76.4,2.48,2.247,7.9,.816,1.602,3.843,1.119,32.48
101,2017,251,1510,12.14,1.481,.551,.784,3.026,26.68,1.401,1.211,-44.49,-10,1.664,33.35,2.781,1.927,3.733,107.7,95,2.915,76.5,16.14,2.846,5.448,1.33,2.222,75.6,2.367,2.103,7.08,.67,1.345,3.068,1.096,14.27
101,2017,251,1520,12.14,1.545,.563,.752,3.106,23.73,1.787,1.228,-51.89,-9.4,1.586,31.12,2.689,1.893,3.572,105.2,92.2,2.833,71.5,4.061,2.798,3.82,1.266,5.791,74.4,2.407,2.061,6.713,.575,1.226,3.421,1.03,2.087
101,2017,251,1530,12.14,1.571,.536,1.831,3.119,1.885,1.434,1.245,-54.64,-9.44,1.534,27.51,2.561,1.87,3.878,97.6,85.4,2.741,63.53,4.178,9.19,3.774,1.278,4.009,70,2.421,1.921,7.02,.539,1.055,4.791,1.03,1.87
101,2017,251,1540,12.14,1.357,.501,.635,2.751,1.583,1.169,3.191,-53.43,-8.65,1.295,24.51,2.238,1.571,3.208,98.3,85.1,2.519,60.65,5.406,9.19,3.35,1.121,3.613,70.8,2.322,1.792,5.466,.449,.851,4.062,1.027,1.447
101,2017,251,1550,12.14,1.323,.474,.573,2.449,1.499,1.575,3.184,-48.44,-8.84,1.176,22.57,2.032,1.441,2.742,94.7,81.7,2.337,54.46,7.03,2.149,3.263,1.345,1.549,69.05,2.236,1.632,5.072,.412,.724,7.16,1.102,1.263
101,2017,251,1600,12.14,1.191,.437,.533,2.353,1.712,5.569,1.012,-44.48,-9.52,1.082,18.97,1.858,1.367,2.369,90,77.6,2.231,39.57,3.097,1.675,3.112,1.025,2.908,66.82,2.141,1.549,4.7,.385,.668,8.12,1.193,1.094
101,2017,251,1610,12.14,1.131,.441,.514,2.271,1.379,.958,.977,-43.96,-8.31,.995,14.99,2.112,1.317,2.154,85.7,73.5,2.174,12.75,2.767,1.504,2.975,.982,1.476,64.62,2.158,1.565,4.536,.377,.603,5.987,1.085,1.05
101,2017,251,1620,12.14,1.064,.425,.466,2.203,1.33,.895,.936,-49.78,-6.386,.92,12.52,1.633,1.446,1.983,80,68.66,2.158,10.52,2.541,1.395,2.915,.945,1.355,61.76,2.216,1.652,4.302,.352,.538,4.561,1.02,1.037
101,2017,251,1630,12.14,1.029,.395,.436,2.253,6.54,.846,.95,-62.42,-4.761,.854,12.31,1.518,1.188,1.834,73.8,63.56,2.067,9.84,2.381,1.283,2.871,.945,1.248,58.54,2.102,1.367,4.083,.335,.477,2.427,1.024,1.637
101,2017,251,1640,12.14,.988,.36,.415,2.203,4.698,.792,.786,-38.82,-4.332,.784,12.15,1.521,1.124,1.731,64.42,58.04,1.989,9.18,2.223,1.169,2.714,.854,1.173,54.76,1.994,1.23,3.773,.307,.441,1.67,.553,2.989
101,2017,251,1650,12.13,.89,.337,.385,1.866,1.344,.727,.625,-40.51,-4.557,.702,11.82,1.126,.978,1.635,50.51,52.07,1.856,8.47,2.067,1.05,2.503,.799,1.062,50.49,1.873,1.119,3.473,.271,.429,1.431,.382,1.052
101,2017,251,1700,12.13,.819,.308,.357,1.721,1.037,.652,.541,-19.31,-4.862,.648,11.38,.824,.898,1.397,34.81,45.77,1.759,7.85,1.925,.972,2.329,.717,.977,45.69,1.687,1.037,3.161,.253,.397,1.308,.333,.792
101,2017,251,1710,12.13,.756,.285,.317,1.598,.938,.586,.467,-12.29,-4.875,.575,8.28,.684,.813,1.223,24.62,39.03,1.585,7.2,1.769,.873,2.113,.635,.868,40.05,1.283,.841,2.865,.233,.36,1.183,.3,.583
101,2017,251,1720,12.13,.687,.263,.29,1.449,.858,.519,.437,-13.63,-5.197,.516,7.28,.615,.762,1.077,16.4,32.07,1.414,6.576,1.592,.759,1.858,.553,.759,27.45,.96,.689,2.627,.208,.328,1.087,.27,.457
101,2017,251,1730,12.13,.7,.24,.268,1.357,.814,.476,.414,-17.31,-5.562,.469,6.4,.548,.712,.973,11.14,24.91,1.23,6.095,1.466,.682,1.706,.504,.7,7.88,.844,.543,2.389,.189,.315,1.062,.258,.409
101,2017,251,1740,12.13,.667,.24,.265,1.305,.739,.442,.389,-28.8,-5.996,.444,5.728,.508,.665,.888,8.24,18.1,1.119,5.76,1.357,.628,1.443,.452,.642,7.01,.761,.514,2.354,.176,.297,.913,.225,.384
101,2017,251,1750,12.13,.511,.181,.196,.988,.585,.36,.293,-56.2,-6.293,.348,4.085,.38,.518,.657,6.001,6.486,.784,4.224,.95,.424,1.069,.347,.491,5.313,.566,.41,1.771,.144,.223,.734,.183,.283
101,2017,251,1800,12.13,.34,.107,.111,.615,.364,.221,.161,-50.28,-6.742,.196,2.46,.221,.322,.37,3.103,3.25,.498,2.406,.556,.218,.581,.208,.305,2.731,.328,.238,.913,.08,.134,.394,.106,.146
101,2017,251,1810,12.13,.178,.054,.052,.342,.186,.107,.079,-50.64,-6.988,.094,1.2,.104,.159,.178,1.496,1.555,.268,1.178,.297,.112,.303,.099,.144,1.3,.152,.116,.446,.037,.06,.198,.047,.072
101,2017,251,1820,12.13,.069,.02,.023,.117,.062,.039,.032,-60.11,-7.24,.035,.41,.037,.06,.064,.518,.555,.094,.4,.101,.04,.109,.037,.052,.479,.055,.042,.166,.015,.03,.069,.027,.027
101,2017,251,1830,12.13,.01,0,0,.018,.012,0,0,-58.39,-7.71,.002,.074,0,.01,.01,.09,.101,.015,.072,.018,0,.018,0,.007,.085,.012,.003,.034,0,0,.012,0,0
101,2017,251,1840,12.13,0,0,0,0,0,0,0,-60.49,-7.97,0,.003,0,0,0,.01,.008,0,0,0,0,0,0,0,.005,0,0,0,0,0,0,0,0
101,2017,251,1850,12.13,0,0,0,0,0,0,0,-41,-8.4,0,0,0,0,0,0,0,0,0,0,0,0,0,0,0,0,0,0,0,0,0,0,0
101,2017,251,1900,12.12,0,0,0,0,0,0,0,-26.67,-8.98,0,0,0,0,0,0,0,0,0,0,0,0,0,0,0,0,0,0,0,0,0,0,0
101,2017,251,1910,12.12,0,0,0,0,0,0,0,-27.69,-9.46,0,0,0,0,0,0,0,0,0,0,0,0,0,0,0,0,0,0,0,0,0,0,0
101,2017,251,1920,12.12,0,0,0,0,0,0,0,-26.1,-9.97,0,0,0,0,0,0,0,0,0,0,0,0,0,0,0,0,0,0,0,0,0,0,0
101,2017,251,1930,12.12,0,0,0,0,0,0,0,-25.76,-10.4,0,0,0,0,0,0,0,0,0,0,0,0,0,0,0,0,0,0,0,0,0,0,0
101,2017,251,1940,12.12,0,0,0,0,0,0,0,-22.3,-10.71,0,0,0,0,0,0,0,0,0,0,0,0,0,0,0,0,0,0,0,0,0,0,0
101,2017,251,1950,12.12,0,0,0,0,0,0,0,-8.25,-11.06,0,0,0,0,0,0,0,0,0,0,0,0,0,0,0,0,0,0,0,0,0,0,0
101,2017,251,2000,12.12,0,0,0,0,0,0,0,-6.93,-11.42,0,0,0,0,0,0,0,0,0,0,0,0,0,0,0,0,0,0,0,0,0,0,0
101,2017,251,2010,12.12,0,0,0,0,0,0,0,-18.12,-11.7,0,0,0,0,0,0,0,0,0,0,0,0,0,0,0,0,0,0,0,0,0,0,0
101,2017,251,2020,12.12,0,0,0,0,0,0,0,-18.49,-12.06,0,0,0,0,0,0,0,0,0,0,0,0,0,0,0,0,0,0,0,0,0,0,0
101,2017,251,2030,12.12,0,0,0,0,0,0,0,-17.13,-12.42,0,0,0,0,0,0,0,0,0,0,0,0,0,0,0,0,0,0,0,0,0,0,0
101,2017,251,2040,12.12,0,0,0,0,0,0,0,-13.31,-12.84,0,0,0,0,0,0,0,0,0,0,0,0,0,0,0,0,0,0,0,0,0,0,0
101,2017,251,2050,12.12,0,0,0,0,0,0,0,-10.21,-13.11,0,0,0,0,0,0,0,0,0,0,0,0,0,0,0,0,0,0,0,0,0,0,0
101,2017,251,2100,12.12,0,0,0,0,0,0,0,-1.539,-13.36,0,0,0,0,0,0,0,0,0,0,0,0,0,0,0,0,0,0,0,0,0,0,0
101,2017,251,2110,12.12,0,0,0,0,0,0,0,-5.211,-13.66,0,0,0,0,0,0,0,0,0,0,0,0,0,0,0,0,0,0,0,0,0,0,0
101,2017,251,2120,12.12,0,0,0,0,0,0,0,-3.344,-14.06,0,0,0,0,0,0,0,0,0,0,0,0,0,0,0,0,0,0,0,0,0,0,0
101,2017,251,2130,12.12,0,0,0,0,0,0,0,-3.144,-14.28,0,0,0,0,0,0,0,0,0,0,0,0,0,0,0,0,0,0,0,0,0,0,0
101,2017,251,2140,12.12,0,0,0,0,0,0,0,.24,-14.54,0,0,0,0,0,0,0,0,0,0,0,0,0,0,0,0,0,0,0,0,0,0,0
101,2017,251,2150,12.12,0,0,0,0,0,0,0,6.458,-14.95,0,0,0,0,0,0,0,0,0,0,0,0,0,0,0,0,0,0,0,0,0,0,0
101,2017,251,2200,12.12,0,0,0,0,0,0,0,-2.35,-15.36,0,0,0,0,0,0,0,0,0,0,0,0,0,0,0,0,0,0,0,0,0,0,0
101,2017,251,2210,12.12,0,0,0,0,0,0,0,-24.04,-15.67,0,0,0,0,0,0,0,0,0,0,0,0,0,0,0,0,0,0,0,0,0,0,0
101,2017,251,2220,12.12,0,0,0,0,0,0,0,-15.41,-15.9,0,0,0,0,0,0,0,0,0,0,0,0,0,0,0,0,0,0,0,0,0,0,0
101,2017,251,2230,12.12,0,0,0,0,0,0,0,-3.664,-16.18,0,0,0,0,0,0,0,0,0,0,0,0,0,0,0,0,0,0,0,0,0,0,0
101,2017,251,2240,12.12,0,0,0,0,0,0,0,2.356,-16.22,0,0,0,0,0,0,0,0,0,0,0,0,0,0,0,0,0,0,0,0,0,0,0
101,2017,251,2250,12.12,0,0,0,0,0,0,0,-2.13,-16.34,0,0,0,0,0,0,0,0,0,0,0,0,0,0,0,0,0,0,0,0,0,0,0
101,2017,251,2300,12.12,0,0,0,0,0,0,0,3.144,-16.36,0,0,0,0,0,0,0,0,0,0,0,0,0,0,0,0,0,0,0,0,0,0,0
101,2017,251,2310,12.12,0,0,0,0,0,0,0,5.02,-16.28,0,0,0,0,0,0,0,0,0,0,0,0,0,0,0,0,0,0,0,0,0,0,0
101,2017,251,2320,12.12,0,0,0,0,0,0,0,7.48,-16.44,0,0,0,0,0,0,0,0,0,0,0,0,0,0,0,0,0,0,0,0,0,0,0
101,2017,251,2330,12.12,0,0,0,0,0,0,0,1.689,-16.61,0,0,0,0,0,0,0,0,0,0,0,0,0,0,0,0,0,0,0,0,0,0,0
101,2017,251,2340,12.12,0,0,0,0,0,0,0,-.36,-16.6,0,0,0,0,0,0,0,0,0,0,0,0,0,0,0,0,0,0,0,0,0,0,0
101,2017,251,2350,12.12,0,0,0,0,0,0,0,2.405,-16.52,0,0,0,0,0,0,0,0,0,0,0,0,0,0,0,0,0,0,0,0,0,0,0
101,2017,251,2400,12.12,0,0,0,0,0,0,0,2.47,-16.64,0,0,0,0,0,0,0,0,0,0,0,0,0,0,0,0,0,0,0,0,0,0,0
102,2017,251,2400,12.11,5266
101,2017,252,10,12.12,0,0,0,0,0,0,0,.442,-16.65,0,0,0,0,0,0,0,0,0,0,0,0,0,0,0,0,0,0,0,0,0,0,0
101,2017,252,20,12.12,0,0,0,0,0,0,0,2.94,-16.89,0,0,0,0,0,0,0,0,0,0,0,0,0,0,0,0,0,0,0,0,0,0,0
101,2017,252,30,12.12,0,0,0,0,0,0,0,2.219,-16.98,0,0,0,0,0,0,0,0,0,0,0,0,0,0,0,0,0,0,0,0,0,0,0
101,2017,252,40,12.12,0,0,0,0,0,0,0,-1.145,-17.19,0,0,0,0,0,0,0,0,0,0,0,0,0,0,0,0,0,0,0,0,0,0,0
101,2017,252,50,12.12,0,0,0,0,0,0,0,-2.767,-17.15,0,0,0,0,0,0,0,0,0,0,0,0,0,0,0,0,0,0,0,0,0,0,0
101,2017,252,100,12.12,0,0,0,0,0,0,0,-1.872,-16.77,0,0,0,0,0,0,0,0,0,0,0,0,0,0,0,0,0,0,0,0,0,0,0
101,2017,252,110,12.12,0,0,0,0,0,0,0,-2.184,-16.27,0,0,0,0,0,0,0,0,0,0,0,0,0,0,0,0,0,0,0,0,0,0,0
101,2017,252,120,12.12,0,0,0,0,0,0,0,-1.415,-15.62,0,0,0,0,0,0,0,0,0,0,0,0,0,0,0,0,0,0,0,0,0,0,0
101,2017,252,130,12.12,0,0,0,0,0,0,0,-2.227,-15.38,0,0,0,0,0,0,0,0,0,0,0,0,0,0,0,0,0,0,0,0,0,0,0
101,2017,252,140,12.12,0,0,0,0,0,0,0,-2.063,-15.69,0,0,0,0,0,0,0,0,0,0,0,0,0,0,0,0,0,0,0,0,0,0,0
101,2017,252,150,12.12,0,0,0,0,0,0,0,-8.27,-16.12,0,0,0,0,0,0,0,0,0,0,0,0,0,0,0,0,0,0,0,0,0,0,0
101,2017,252,200,12.12,0,0,0,0,0,0,0,-7.05,-16.44,0,0,0,0,0,0,0,0,0,0,0,0,0,0,0,0,0,0,0,0,0,0,0
101,2017,252,210,12.12,0,0,0,0,0,0,0,-3.835,-16.67,0,0,0,0,0,0,0,0,0,0,0,0,0,0,0,0,0,0,0,0,0,0,0
101,2017,252,220,12.12,0,0,0,0,0,0,0,-.062,-16.65,0,0,0,0,0,0,0,0,0,0,0,0,0,0,0,0,0,0,0,0,0,0,0
101,2017,252,230,12.12,0,0,0,0,0,0,0,.183,-16.39,0,0,0,0,0,0,0,0,0,0,0,0,0,0,0,0,0,0,0,0,0,0,0
101,2017,252,240,12.12,0,0,0,0,0,0,0,-.384,-16.1,0,0,0,0,0,0,0,0,0,0,0,0,0,0,0,0,0,0,0,0,0,0,0
101,2017,252,250,12.12,0,0,0,0,0,0,0,-3.173,-15.78,0,0,0,0,0,0,0,0,0,0,0,0,0,0,0,0,0,0,0,0,0,0,0
101,2017,252,300,12.12,0,0,0,0,0,0,0,-5.516,-15.62,0,0,0,0,0,0,0,0,0,0,0,0,0,0,0,0,0,0,0,0,0,0,0
101,2017,252,310,12.12,0,0,0,0,0,0,0,-1.565,-15.6,0,0,0,0,0,0,0,0,0,0,0,0,0,0,0,0,0,0,0,0,0,0,0
101,2017,252,320,12.12,0,0,0,0,0,0,0,-1.307,-15.64,0,0,0,0,0,0,0,0,0,0,0,0,0,0,0,0,0,0,0,0,0,0,0
101,2017,252,330,12.12,0,0,0,0,0,0,0,1.282,-15.62,0,0,0,0,0,0,0,0,0,0,0,0,0,0,0,0,0,0,0,0,0,0,0
101,2017,252,340,12.12,0,0,0,0,0,0,0,1.653,-15.72,0,0,0,0,0,0,0,0,0,0,0,0,0,0,0,0,0,0,0,0,0,0,0
101,2017,252,350,12.12,0,0,0,0,0,0,0,.494,-16.14,0,0,0,0,0,0,0,0,0,0,0,0,0,0,0,0,0,0,0,0,0,0,0
101,2017,252,400,12.12,0,0,0,0,0,0,0,3.023,-16.72,0,0,0,0,0,0,0,0,0,0,0,0,0,0,0,0,0,0,0,0,0,0,0
101,2017,252,410,12.12,0,0,0,0,0,0,0,1.711,-17.62,0,0,0,0,0,0,0,0,0,0,0,0,0,0,0,0,0,0,0,0,0,0,0
101,2017,252,420,12.12,0,0,0,0,0,0,0,.097,-17.84,0,0,0,0,0,0,0,0,0,0,0,0,0,0,0,0,0,0,0,0,0,0,0
101,2017,252,430,12.12,0,0,0,0,0,0,0,.287,-17.78,0,0,0,0,0,0,0,0,0,0,0,0,0,0,0,0,0,0,0,0,0,0,0
101,2017,252,440,12.12,0,0,0,0,0,0,0,.434,-17.78,0,0,0,0,0,0,0,0,0,0,0,0,0,0,0,0,0,0,0,0,0,0,0
101,2017,252,450,12.12,0,0,0,0,0,0,0,-.872,-17.73,0,0,0,0,0,0,0,0,0,0,0,0,0,0,0,0,0,0,0,0,0,0,0
101,2017,252,500,12.12,0,0,0,0,0,0,0,-2.077,-17.68,0,0,0,0,0,0,0,0,0,0,0,0,0,0,0,0,0,0,0,0,0,0,0
101,2017,252,510,12.12,0,0,0,0,0,0,0,.815,-17.61,0,0,0,0,0,0,0,0,0,0,0,0,0,0,0,0,0,0,0,0,0,0,0
101,2017,252,520,12.12,0,0,0,0,0,0,0,1.718,-17.79,0,0,0,0,0,0,0,0,0,0,0,0,0,0,0,0,0,0,0,0,0,0,0
101,2017,252,530,12.12,0,0,0,0,0,0,0,2.382,-18.21,0,0,0,0,0,0,0,0,0,0,0,0,0,0,0,0,0,0,0,0,0,0,0
101,2017,252,540,12.12,0,0,0,0,0,0,0,.272,-18.35,0,0,0,0,0,0,0,0,0,0,0,0,0,0,0,0,0,0,0,0,0,0,0
101,2017,252,550,12.12,0,0,0,0,0,0,0,3.649,-18.22,0,0,0,0,0,0,0,0,0,0,0,0,0,0,0,0,0,0,0,0,0,0,0
101,2017,252,600,12.12,0,0,0,0,0,0,0,2.335,-18.21,0,0,0,0,0,0,0,0,0,0,0,0,0,0,0,0,0,0,0,0,0,0,0
101,2017,252,610,12.12,0,0,0,.002,0,0,0,.818,-18.29,0,.025,0,0,0,.015,.015,.002,.015,.003,0,.003,0,0,.013,0,0,.002,0,0,0,0,0
101,2017,252,620,12.12,.028,.008,.005,.05,.025,.017,.01,-1.818,-18.9,.013,.208,.015,.027,.015,.149,.153,.045,.151,.045,.012,.05,.017,.023,.121,.022,.018,.044,0,.008,.02,.003,.002
101,2017,252,630,12.12,.104,.037,.034,.213,.094,.06,.037,-19.54,-19.2,.044,.84,.054,.089,.074,.685,.702,.173,.654,.183,.047,.209,.062,.07,.573,.067,.059,.186,.027,.034,.075,.028,.034
101,2017,252,640,12.12,.243,.085,.067,.496,.231,.147,.087,-37.9,-19.55,.112,2.105,.136,.22,.188,1.709,1.778,.414,1.617,.424,.122,.509,.156,.176,1.45,.174,.146,.429,.042,.079,.188,.045,.074
101,2017,252,650,12.12,.406,.153,.117,.865,.391,.256,.151,-32.81,-19.63,.194,3.737,.235,.377,.315,2.908,3.049,.711,2.814,.722,.201,.893,.277,.3,2.465,.287,.255,.694,.077,.129,.312,.085,.116
101,2017,252,700,12.12,.566,.223,.171,1.285,.531,.379,.209,-31.03,-19.18,.275,5.626,.335,.518,.424,4.12,4.314,1.086,4.145,1.073,.285,1.324,.402,.421,3.464,.407,.37,.975,.102,.181,.419,.114,.166
101,2017,252,710,12.12,.741,.288,.22,1.671,.679,.458,.253,-28.51,-18.77,.359,7.3,.417,.662,.499,5.206,5.38,1.421,5.388,1.398,.364,1.689,.481,.509,4.342,.489,.447,1.239,.141,.23,.504,.149,.213
101,2017,252,720,12.12,.895,.345,.26,2.023,.813,.556,.312,-29.93,-18.37,.437,26.65,.52,.835,.677,9.25,6.461,1.959,21.17,1.76,.429,2.055,.607,.628,5.108,.602,.551,1.475,.168,.283,.608,.168,.251
101,2017,252,730,12.12,1.037,.402,.323,2.365,.96,.692,.377,-31.03,-18.18,.516,52.52,.776,1.011,.877,10.2,7.34,2.403,32.63,2.115,.459,2.447,.923,.92,5.749,.813,.764,1.669,.204,.337,.694,.204,.307
101,2017,252,740,12.12,1.168,.436,.389,2.695,1.138,.858,.432,-30.01,-18.28,.615,61.14,1.063,1.242,1.004,10.7,7.98,4.741,39.36,2.48,.523,3.898,1.664,1.265,6.216,.784,7.99,1.839,.238,.402,.764,.233,.359
101,2017,252,750,12.12,1.296,.461,.442,3.013,1.341,1.011,.491,-30.19,-18.6,.714,68.55,1.165,3.003,1.18,10.87,8.58,2.936,45.73,2.809,.572,4.45,1.89,2.315,6.932,.826,8.5,1.996,.478,.436,.828,.27,.409
101,2017,252,800,12.12,1.415,.515,.499,3.345,1.528,1.177,.655,-30.83,-19.07,.815,74.7,1.225,1.797,1.205,10.65,9.12,3.174,51.39,3.213,.613,4.703,1.964,9.78,8.16,.892,1.011,2.13,.302,.694,.878,.298,.436
101,2017,252,810,12.12,1.535,.556,.6,3.724,1.857,1.792,.758,-30.32,-19.43,.917,81,1.369,1.88,1.28,10.99,11.56,3.431,57.12,12.26,.67,4.922,1.968,1.674,10.38,.987,1.021,2.266,.322,.494,.93,.302,.447
101,2017,252,820,12.12,1.656,.613,.704,4.175,2.276,19.13,.907,-17.67,-19.92,1.002,86.9,1.435,1.984,1.378,11.46,23.19,3.744,63.02,4.108,.774,5.139,2.021,1.889,11.41,1.037,1.091,2.395,.35,.511,.992,.328,.483
101,2017,252,830,12.12,2.117,.737,.813,9.01,2.739,28.44,6.885,-7.82,-19.36,1.086,92.3,1.53,2.058,1.465,12.33,27.96,4.059,68.55,22.02,.804,5.609,3.136,2.184,10.8,1.106,1.17,2.506,.369,.545,1.051,.365,.511
101,2017,252,840,12.12,2.777,.781,.917,47.75,3.067,30.65,3.685,-8.41,-20.2,1.158,96.8,1.772,2.185,1.523,14.94,32.79,4.406,73.5,31.92,.969,5.623,2.222,5.501,10.22,1.183,1.255,2.625,.385,.583,1.121,.382,5.722
101,2017,252,850,12.12,2.264,.856,1.006,52.2,18.17,34.81,.761,-6.396,-20.29,2.573,100.8,1.743,9.85,1.614,19.02,37.84,4.673,78.2,37.75,.925,5.593,1.981,49.49,10.3,1.275,3.406,2.75,.404,1.339,1.394,.404,3.156
101,2017,252,900,12.12,2.194,1.027,1.088,55.65,35.32,39.87,.841,.127,-19.57,25.83,104.8,1.515,37.71,1.689,23.78,43.34,5.02,82.6,19.05,.955,5.626,2.028,40.58,10.52,1.384,1.996,2.878,.437,.652,1.192,.429,1.15
101,2017,252,910,12.12,2.316,.96,1.173,58.56,15.41,24.31,1.667,-4.734,-20.26,2.246,108,1.56,22.17,1.763,28.42,48.71,5.667,86.5,9.06,1.009,5.721,2.147,61.25,10.74,1.483,7.69,2.996,.478,1.507,1.248,.436,.851
101,2017,252,920,12.13,2.463,1.025,1.315,61.31,3.661,2.902,.823,-14.82,-20.69,2.084,111.1,1.595,42.93,1.954,33.13,54.09,8.62,90.3,50.7,1.071,5.818,2.348,68.01,11.02,1.761,2.81,3.14,.436,1.005,1.292,.437,.885
101,2017,252,930,12.13,2.548,1.047,1.511,64.03,3.522,2.929,.855,-13.97,-20.62,1.803,114.3,1.652,17.37,2.155,37.88,59.57,5.603,94.1,6.119,1.156,5.876,2.262,22.37,11.34,7.93,1.716,3.281,.436,.982,1.345,.466,.675
101,2017,252,940,12.13,2.677,1.116,7.44,66.2,3.549,8.46,.891,-1.059,-20.44,1.58,116.7,1.736,2.476,3.652,42.75,64.4,13.69,97.4,5.695,1.248,6.261,2.121,44.66,11.88,33.91,2.565,3.433,.439,.796,1.401,.486,.717
101,2017,252,950,12.13,2.773,1.174,9.65,68.49,3.471,3.89,.923,-8.17,-20.09,1.722,118.7,1.774,8.62,12.86,48.11,68.9,73.5,100.4,6.445,1.317,11.74,2.009,2.264,13.36,33.22,2.223,3.57,.461,.818,1.438,.508,.767
101,2017,252,1000,12.13,3.002,1.379,5.534,70.5,3.406,3.121,1.587,-8.36,-19.92,1.674,120.6,1.809,7.92,17.33,53.28,73.2,87.5,103.4,7.05,1.69,36.18,1.937,2.16,15.89,2.857,5.266,4.058,.469,4.487,1.488,.523,.804
101,2017,252,1010,12.13,3.296,19.78,16.06,72.2,3.401,2.466,1.004,-9.14,-19.4,1.87,122.1,1.853,2.406,9.23,58.37,77,65.96,106.1,6.372,3.381,61.43,1.91,2.173,19.22,2.679,6.841,3.902,.469,.87,1.536,.558,.839
101,2017,252,1020,12.13,3.807,56.44,1.58,73.5,11.77,2.024,1.03,-6.194,-19.32,36.6,123.2,1.875,2.265,2.845,63.44,80.5,70.9,108.5,36.18,1.592,66.52,1.893,2.319,23.35,3.11,6.365,4.096,.476,.891,1.608,.57,6.281
101,2017,252,1030,12.13,33.59,18.54,1.543,74.4,48.41,2.042,1.091,-6.76,-16.98,38.6,123.1,1.905,2.23,2.446,68.77,83.8,96,110.7,102.2,1.628,53.48,1.902,2.222,27.49,3.478,24.4,4.321,.503,2.185,1.702,.591,3.451
101,2017,252,1040,12.13,24.11,4.706,1.531,74.8,36.16,7.56,2.833,11.35,-17.37,44,124.5,2.034,2.208,2.5,74.2,86.6,104.3,112.3,24.71,2.151,32.68,1.918,2.329,31.25,58.91,11.53,4.907,.523,5.009,1.724,.606,.952
101,2017,252,1050,12.13,22.19,4.017,1.927,71.8,24.39,3.359,5.242,13.94,-17.25,23,125,2.143,2.151,2.54,79.4,86.8,78.9,114.1,6.942,1.984,37.44,1.89,2.325,34.9,94.7,3.232,6.674,.531,5.922,1.754,.66,1.166
101,2017,252,1100,12.13,44.31,4.657,2.349,61.72,3.042,2.004,1.117,7.15,-17.45,18.21,124.5,2.072,2.134,4.077,83.6,91.9,9.25,115.2,7.07,2.086,48.1,1.843,2.226,37.71,97.7,29.02,6.16,.536,1.03,1.784,.637,1.196
101,2017,252,1110,12.13,4.392,2.746,1.683,44.32,2.861,17.13,1.144,12.79,-17.8,2.816,124,2.251,2.111,2.625,87.7,94.3,4.985,116.2,88.8,2.588,32.37,1.818,2.985,41.11,99.9,3.437,30.99,.536,1.045,1.841,.638,1.104
101,2017,252,1120,12.13,45.6,1.776,1.615,32.77,2.74,2.372,1.181,4.357,-16.49,1.749,123.3,2.451,2.079,2.905,91.5,95.3,4.883,117.1,49.05,3.127,27.68,1.812,2.302,44.49,101.5,14.64,72.7,.558,2.029,1.92,.675,1.136
101,2017,252,1130,12.14,24.08,2.074,1.482,34.82,2.608,1.945,1.213,5.03,-16.81,1.725,121.7,2.248,2.09,4.378,94.4,98.1,4.804,117.3,7.85,5.564,32.22,1.762,2.424,47.6,48.29,29.64,70.7,.569,1.347,1.997,.707,1.3
101,2017,252,1140,12.14,13.39,42.55,4.728,60.92,2.365,1.856,1.243,7.35,-16.34,1.695,117,2.303,2.107,12.78,97.3,99.9,4.633,117.3,17.14,18.73,13.72,1.672,5.462,50.92,2.996,2.511,86.2,.596,1.368,7.4,.695,1.166
101,2017,252,1150,12.14,4.428,63.31,1.35,66.93,2.246,5.855,1.236,5.899,-16.05,3.837,112.5,2.331,2.089,17.18,100.7,102.3,4.447,118.1,104.6,41.26,6.453,1.61,14.31,54.43,2.558,2.367,89.8,.613,1.306,3.212,.707,1.224
101,2017,252,1200,12.14,3.279,11.94,1.285,47.76,2.211,1.762,1.211,-5.643,-15.37,1.628,107.1,2.422,2.048,8.79,103.5,104.2,4.331,118.7,111.7,5.103,5.631,1.631,15.72,57.83,2.326,2.336,92.6,.635,2.037,42.69,.772,1.221
101,2017,252,1210,12.14,3.212,4.624,4.969,40.41,2.228,1.934,1.278,-1.816,-14.81,1.64,102.1,2.526,2.11,3.147,106,103.4,4.447,118.7,101.3,2.601,5.013,1.692,2.496,60.71,2.37,2.584,94.7,.655,1.186,38.87,.779,1.295
101,2017,252,1220,12.14,2.986,48.34,3.067,7.11,2.207,33.8,1.323,10.03,-14.19,1.64,96.9,2.606,2.152,9.92,108,107.2,4.383,118.2,26.6,3,4.778,1.655,2.447,63.3,2.348,16.46,96.5,.697,1.177,19.28,.779,1.409
101,2017,252,1230,12.14,3.472,3.904,1.348,4.778,3.377,7.3,1.303,-7.95,-13.65,1.638,90,2.97,2.184,4.606,110.3,108.2,4.457,117.3,26.37,2.931,4.609,2.645,13.99,65.7,2.432,10.09,98,.703,1.214,6.123,.797,1.492
101,2017,252,1240,12.14,3.181,3.809,2.499,5.048,2.351,2.06,1.352,-4.01,-12.83,1.785,86.9,14.16,21.19,8.14,112.2,109.1,4.832,117.8,52.64,4.015,4.857,13.28,70.3,67.89,2.807,12.96,99.2,.735,1.372,3.701,.858,1.757
101,2017,252,1250,12.14,6.085,1.621,2.656,6.004,2.797,13.98,1.39,2.268,-11.91,1.99,85.8,61.73,77.4,3.911,110.8,105.7,5.391,114.3,61.42,3.673,5.09,16.1,3.643,67.65,9.76,81.4,96.4,.786,1.521,3.859,.884,1.978
101,2017,252,1300,12.14,15.65,2.831,5.42,6.199,2.882,4.51,1.477,-4.152,-11.08,6.271,80.8,28.01,3.098,4.324,106.1,99.3,5.561,107.1,23.39,4.092,5.073,2.71,5.125,65.3,28.17,70.5,90.4,.881,2.1,4.125,1.012,2.229
101,2017,252,1310,12.14,3.1,1.616,7.44,4.896,2.564,11.06,1.715,3.432,-10.67,20.18,80.7,80.6,2.911,5.237,115.5,107.2,5.076,111.4,13.85,4.405,4.705,4.432,4.584,72.3,3.39,73.6,98.1,1.012,2.315,4.613,1.129,2.388
101,2017,252,1320,12.14,2.765,1.119,2.429,4.043,2.199,3.201,1.437,-2.83,-10.01,1.958,73.1,79.9,2.631,7.98,112.3,106,4.371,106.1,14.77,3.653,4.308,1.784,3.789,72.3,2.712,64.92,97.3,.913,9.22,4.239,1.131,2.216
101,2017,252,1330,12.14,2.429,1.248,1.1,3.795,2.052,22.37,1.273,-2.259,-9.57,3.795,72.1,90.5,2.187,10.41,117.1,112,3.852,109.1,45.7,3.554,4.04,1.64,68.87,76.3,2.424,25.53,103.8,.821,6.527,3.887,1.117,1.762
101,2017,252,1340,12.14,2.601,.968,1.06,3.633,2.075,2.702,1.246,-4.954,-9.22,2.224,67.03,81.1,2.526,33.27,116.8,110.8,3.648,106.6,6.686,4.782,3.976,1.581,112.1,76.8,2.382,10.37,103.7,.837,1.573,3.963,1.112,4.932
101,2017,252,1350,12.14,3.723,.904,1.171,4.187,2.035,2.047,1.234,-.73,-8.95,1.656,63.86,89.3,11.58,64.58,117.2,109.8,3.82,105.3,6.095,4.117,4.129,3.524,108.2,77.7,2.434,3.601,103.6,.849,1.573,4.145,1.062,1.881
101,2017,252,1400,12.14,2.959,1.157,1.616,4.988,2.469,9.29,2.99,4.753,-8.28,1.888,61.01,80.6,13.34,61.15,114.2,104.1,4.775,101.7,7.56,3.624,4.68,1.859,59.07,75.9,2.666,4.028,98.8,1.176,1.817,4.343,1.067,2.459
101,2017,252,1410,12.14,2.953,1.127,1.494,5.185,2.715,3.643,1.61,-8.72,-8.43,2.437,37.15,20.26,3.387,17.73,56.25,45.99,4.559,49.32,8.86,3.854,5.14,1.677,5.52,36.92,3.055,3.711,37.28,.998,1.866,3.783,1.084,4.008
101,2017,252,1420,12.14,2.683,1.037,1.497,4.762,3.078,3.172,1.822,-6.291,-7.25,2.847,36.36,13.1,3.66,18.47,63.57,54.49,4.251,51.46,8.14,4.395,5.286,1.872,3.817,44.4,3.289,3.822,39.88,1.032,2.099,5.495,1.042,4.078
101,2017,252,1430,12.14,2.606,.906,1.538,4.798,3.09,5.135,2.115,-8.56,-5.999,2.941,39.72,12.23,3.526,25.91,78.4,67.54,4.335,62.42,8.16,4.608,8.19,2.028,3.973,54.86,3.613,3.579,54.63,1.055,4.067,5.572,1.221,4.333
101,2017,252,1440,12.14,2.097,.834,1.501,3.976,4.581,4.097,2.551,-5.065,-5.566,15.5,48.66,6.026,2.98,33.3,120.5,106,4.015,93.4,7.9,4.824,9.1,1.933,3.768,83.5,3.792,3.733,96.9,1.097,2.233,6.632,1.506,74.3
101,2017,252,1450,12.14,1.581,.564,5.058,2.799,3.39,2.176,1.856,.296,-5.684,16.9,34.52,3.906,2.206,8.91,91,80.5,3.028,67.54,4.969,4.1,3.948,1.367,2.814,64.13,2.725,2.542,27.09,.777,1.522,4.79,1.084,61.51
101,2017,252,1500,12.14,1.415,.538,1.747,2.748,13.26,1.417,1.132,1.042,-4.961,1.708,37.27,2.812,1.759,3.778,110.7,98.3,2.872,81.8,27.88,2.653,3.542,1.273,2.33,77.6,2.326,2.124,6.468,.779,1.335,3.819,1.079,31.74
101,2017,252,1510,12.14,1.373,.554,.744,2.792,20.82,1.343,1.124,-14.3,-4.341,1.744,34.96,2.697,1.685,3.609,108,95.4,2.769,77.9,13.28,2.469,5.746,1.238,3.85,76.2,2.223,2.023,5.72,.646,1.241,2.737,1.06,10.12
101,2017,252,1520,12.14,1.368,.539,.7,2.743,2.738,3.323,1.095,-14.97,-4.51,1.425,31.73,2.628,1.63,3.45,106.5,93.2,2.769,73.1,4.217,2.574,3.408,1.167,2.152,75.4,2.296,1.955,5.607,.569,1.115,3.36,.985,1.919
101,2017,252,1530,12.15,1.673,.588,.796,2.976,1.872,6.793,1.238,-11.77,-4.504,1.611,31.03,3.095,1.723,3.872,106.5,91.8,2.941,70.6,5.649,9.4,3.522,1.229,4.428,75.4,2.675,2.184,7.64,.563,1.122,3.66,1.002,2.065
101,2017,252,1540,12.15,1.678,.569,.981,3.013,1.851,1.615,6.787,-20.87,-3.129,1.677,29.33,3.278,2.199,4.514,103.5,88.6,3.199,66.19,7.69,7.22,3.633,1.305,2.516,73.8,2.722,2.316,9.77,.586,1.186,5.512,1.079,2.377
101,2017,252,1550,12.15,1.536,.524,.747,2.784,1.774,2.211,5.745,-4.69,-3.435,1.655,21.74,2.767,1.809,4.093,70.7,60.22,2.944,43.43,8.41,3.444,3.542,1.219,2.204,51.58,2.532,1.72,8.55,.513,.921,4.937,.911,2.092
101,2017,252,1600,12.15,1.777,.573,.796,3.117,2.043,10.59,1.896,5.805,-3.588,1.439,22.6,2.542,1.918,3.46,99.2,85.2,2.993,43.27,4.34,2.264,3.879,1.3,2.288,73.2,2.638,2.092,8.15,.531,.946,5.122,1.343,1.675
101,2017,252,1610,12.14,1.38,.487,.588,2.76,1.839,1.137,1.226,-21.81,-3.4,1.241,16.9,2.14,1.578,2.621,90.5,77.3,2.613,15.75,3.293,1.864,3.464,1.193,1.697,68.34,2.621,1.881,5.288,.446,.725,5.648,1.182,1.206
101,2017,252,1620,12.14,1.234,.444,.573,2.546,1.836,1.075,1.169,-33.87,-2.395,1.204,15.59,1.919,1.866,2.477,84.9,72.5,2.497,12.96,3.244,1.829,3.494,1.161,1.653,65.42,2.593,1.876,5.304,.424,.655,3.755,1.11,1.206
101,2017,252,1630,12.14,1.712,.559,.645,3.224,2.001,1.184,1.162,-29.1,-1.343,1.298,16.85,1.929,1.7,2.579,82.2,69.39,3.184,14.45,3.455,2,3.675,1.316,1.767,63.49,2.772,1.68,5.745,.446,.729,2.752,.809,1.75
101,2017,252,1640,12.14,2.176,.67,.75,4.102,2.094,1.37,1.127,-16.28,-1.007,1.358,19.13,2.283,1.913,2.596,78.1,65.8,3.695,16.1,4.095,1.924,3.897,1.35,1.831,60.83,2.74,1.943,6.272,.451,.775,2.308,.574,2.196
101,2017,252,1650,12.14,1.687,.536,.638,3.291,2.084,1.221,1.033,-25.15,-1.132,1.144,16.63,1.74,1.787,5.77,62.89,55.46,3.001,13.99,3.276,1.509,3.609,1.159,1.708,52.66,2.387,1.687,6.172,.437,.722,2.345,.482,1.452
101,2017,252,1700,12.14,1.556,.523,.608,3,1.832,1.114,.886,-22.89,-1.518,1.196,15.19,1.377,1.578,2.285,40.8,39.07,2.665,13.9,3.37,1.712,3.206,1.139,1.578,36.89,2.223,1.549,5.938,.419,.653,2.281,.491,1.065
101,2017,252,1710,12.14,1.424,.444,.561,2.647,1.663,1.008,.856,-14.09,-1.88,1.05,12.27,1.213,1.472,2.159,28.92,31.92,2.33,12.71,2.896,1.516,2.814,.941,1.531,30.48,1.816,1.238,5.741,.41,.627,2.295,.464,.995
101,2017,252,1720,12.14,1.282,.405,.472,2.381,1.362,.831,.719,3.18,-2.409,.888,10.71,1.022,1.168,1.721,23.4,30.27,2.092,10.95,2.568,1.267,2.367,.804,1.226,22.74,1.484,1.101,4.676,.323,.518,1.866,.414,.784
101,2017,252,1730,12.14,1.025,.333,.387,1.974,1.124,.647,.539,-15.46,-2.674,.66,8.51,.767,.99,1.342,17.17,27.61,1.68,8.38,2.019,.937,1.995,.642,.928,10.54,1.126,.799,3.463,.233,.41,1.401,.327,.555
101,2017,252,1740,12.13,.751,.25,.285,1.427,.821,.484,.414,-15.28,-3.021,.484,6.49,.551,.729,.965,9.53,18.44,1.221,6.211,1.471,.712,1.556,.488,.699,7.75,.814,.539,2.57,.188,.318,1.002,.243,.414
101,2017,252,1750,12.13,.483,.159,.174,.926,.543,.332,.283,-14.76,-3.339,.327,4.247,.36,.476,.578,5.978,5.996,.801,3.919,.938,.454,1.126,.357,.457,5.066,.536,.354,1.491,.121,.203,.625,.164,.25
101,2017,252,1800,12.13,.317,.114,.111,.58,.362,.216,.166,4.205,-3.858,.204,2.692,.235,.31,.38,3.502,3.517,.506,2.459,.603,.273,.712,.223,.3,3.007,.338,.223,.883,.072,.129,.384,.104,.154
101,2017,252,1810,12.13,.183,.054,.059,.342,.199,.117,.085,7.43,-4.19,.106,1.434,.121,.171,.198,1.742,1.759,.292,1.278,.343,.139,.392,.121,.156,1.51,.179,.116,.462,.039,.065,.201,.05,.077
101,2017,252,1820,12.13,.065,.022,.023,.119,.069,.042,.039,11.98,-4.684,.039,.429,.042,.06,.069,.617,.622,.094,.421,.109,.047,.137,.045,.054,.55,.065,.044,.178,.013,.03,.072,.022,.028
101,2017,252,1830,12.13,.012,0,0,.02,.013,.002,.002,13.28,-5.199,0,.075,0,.01,.012,.112,.119,.017,.075,.017,0,.025,.002,.01,.102,.013,.003,.03,0,0,.012,0,0
101,2017,252,1840,12.13,0,0,0,0,0,0,0,2.897,-5.544,0,.003,0,0,0,.005,.005,0,0,0,0,0,0,0,.005,0,0,0,0,0,0,0,0
101,2017,252,1850,12.13,0,0,0,0,0,0,0,4.706,-5.923,0,0,0,0,0,0,0,0,0,0,0,0,0,0,0,0,0,0,0,0,0,0,0
101,2017,252,1900,12.13,0,0,0,0,0,0,0,-7.69,-6.129,0,0,0,0,0,0,0,0,0,0,0,0,0,0,0,0,0,0,0,0,0,0,0
101,2017,252,1910,12.13,0,0,0,0,0,0,0,-1.201,-6.532,0,0,0,0,0,0,0,0,0,0,0,0,0,0,0,0,0,0,0,0,0,0,0
101,2017,252,1920,12.13,0,0,0,0,0,0,0,-6.832,-6.727,0,0,0,0,0,0,0,0,0,0,0,0,0,0,0,0,0,0,0,0,0,0,0
101,2017,252,1930,12.13,0,0,0,0,0,0,0,-12.13,-6.879,0,0,0,0,0,0,0,0,0,0,0,0,0,0,0,0,0,0,0,0,0,0,0
101,2017,252,1940,12.13,0,0,0,0,0,0,0,-6.484,-7.09,0,0,0,0,0,0,0,0,0,0,0,0,0,0,0,0,0,0,0,0,0,0,0
101,2017,252,1950,12.13,0,0,0,0,0,0,0,-9.32,-7.33,0,0,0,0,0,0,0,0,0,0,0,0,0,0,0,0,0,0,0,0,0,0,0
101,2017,252,2000,12.13,0,0,0,0,0,0,0,-6.523,-7.5,0,0,0,0,0,0,0,0,0,0,0,0,0,0,0,0,0,0,0,0,0,0,0
101,2017,252,2010,12.13,0,0,0,0,0,0,0,-11.46,-7.59,0,0,0,0,0,0,0,0,0,0,0,0,0,0,0,0,0,0,0,0,0,0,0
101,2017,252,2020,12.13,0,0,0,0,0,0,0,-5.892,-7.79,0,0,0,0,0,0,0,0,0,0,0,0,0,0,0,0,0,0,0,0,0,0,0
101,2017,252,2030,12.12,0,0,0,0,0,0,0,-2.177,-7.87,0,0,0,0,0,0,0,0,0,0,0,0,0,0,0,0,0,0,0,0,0,0,0
101,2017,252,2040,12.12,0,0,0,0,0,0,0,-11.21,-7.95,0,0,0,0,0,0,0,0,0,0,0,0,0,0,0,0,0,0,0,0,0,0,0
101,2017,252,2050,12.12,0,0,0,0,0,0,0,-7.6,-8.1,0,0,0,0,0,0,0,0,0,0,0,0,0,0,0,0,0,0,0,0,0,0,0
101,2017,252,2100,12.12,0,0,0,0,0,0,0,-1.961,-8.33,0,0,0,0,0,0,0,0,0,0,0,0,0,0,0,0,0,0,0,0,0,0,0
101,2017,252,2110,12.12,0,0,0,0,0,0,0,-3.794,-8.49,0,0,0,0,0,0,0,0,0,0,0,0,0,0,0,0,0,0,0,0,0,0,0
101,2017,252,2120,12.12,0,0,0,0,0,0,0,-9.39,-8.35,0,0,0,0,0,0,0,0,0,0,0,0,0,0,0,0,0,0,0,0,0,0,0
101,2017,252,2130,12.12,0,0,0,0,0,0,0,-10,-8.27,0,0,0,0,0,0,0,0,0,0,0,0,0,0,0,0,0,0,0,0,0,0,0
101,2017,252,2140,12.12,0,0,0,0,0,0,0,-11.51,-8.38,0,0,0,0,0,0,0,0,0,0,0,0,0,0,0,0,0,0,0,0,0,0,0
101,2017,252,2150,12.12,0,0,0,0,0,0,0,-20.96,-8.45,0,0,0,0,0,0,0,0,0,0,0,0,0,0,0,0,0,0,0,0,0,0,0
101,2017,252,2200,12.12,0,0,0,0,0,0,0,-22.85,-8.55,0,0,0,0,0,0,0,0,0,0,0,0,0,0,0,0,0,0,0,0,0,0,0
101,2017,252,2210,12.12,0,0,0,0,0,0,0,-11.43,-8.77,0,0,0,0,0,0,0,0,0,0,0,0,0,0,0,0,0,0,0,0,0,0,0
101,2017,252,2220,12.12,0,0,0,0,0,0,0,-12.12,-8.64,0,0,0,0,0,0,0,0,0,0,0,0,0,0,0,0,0,0,0,0,0,0,0
101,2017,252,2230,12.12,0,0,0,0,0,0,0,-16.24,-8.74,0,0,0,0,0,0,0,0,0,0,0,0,0,0,0,0,0,0,0,0,0,0,0
101,2017,252,2240,12.12,0,0,0,0,0,0,0,-18.44,-8.91,0,0,0,0,0,0,0,0,0,0,0,0,0,0,0,0,0,0,0,0,0,0,0
101,2017,252,2250,12.12,0,0,0,0,0,0,0,-21.01,-8.88,0,0,0,0,0,0,0,0,0,0,0,0,0,0,0,0,0,0,0,0,0,0,0
101,2017,252,2300,12.12,0,0,0,0,0,0,0,-24.91,-9.06,0,0,0,0,0,0,0,0,0,0,0,0,0,0,0,0,0,0,0,0,0,0,0
101,2017,252,2310,12.12,0,0,0,0,0,0,0,-19.36,-9.16,0,0,0,0,0,0,0,0,0,0,0,0,0,0,0,0,0,0,0,0,0,0,0
101,2017,252,2320,12.12,0,0,0,0,0,0,0,-25.31,-9.2,0,0,0,0,0,0,0,0,0,0,0,0,0,0,0,0,0,0,0,0,0,0,0
101,2017,252,2330,12.12,0,0,0,0,0,0,0,-24.93,-9.65,0,0,0,0,0,0,0,0,0,0,0,0,0,0,0,0,0,0,0,0,0,0,0
101,2017,252,2340,12.12,0,0,0,0,0,0,0,-26.02,-9.91,0,0,0,0,0,0,0,0,0,0,0,0,0,0,0,0,0,0,0,0,0,0,0
101,2017,252,2350,12.12,0,0,0,0,0,0,0,-31.03,-9.92,0,0,0,0,0,0,0,0,0,0,0,0,0,0,0,0,0,0,0,0,0,0,0
101,2017,252,2400,12.12,0,0,0,0,0,0,0,-31.64,-9.99,0,0,0,0,0,0,0,0,0,0,0,0,0,0,0,0,0,0,0,0,0,0,0
102,2017,252,2400,12.11,5266
101,2017,253,10,12.12,0,0,0,0,0,0,0,-30.19,-10.25,0,0,0,0,0,0,0,0,0,0,0,0,0,0,0,0,0,0,0,0,0,0,0
101,2017,253,20,12.12,0,0,0,0,0,0,0,-28.74,-10.31,0,0,0,0,0,0,0,0,0,0,0,0,0,0,0,0,0,0,0,0,0,0,0
101,2017,253,30,12.12,0,0,0,0,0,0,0,-29.84,-10.64,0,0,0,0,0,0,0,0,0,0,0,0,0,0,0,0,0,0,0,0,0,0,0
101,2017,253,40,12.12,0,0,0,0,0,0,0,-30.23,-11.04,0,0,0,0,0,0,0,0,0,0,0,0,0,0,0,0,0,0,0,0,0,0,0
101,2017,253,50,12.12,0,0,0,0,0,0,0,-29.47,-11.07,0,0,0,0,0,0,0,0,0,0,0,0,0,0,0,0,0,0,0,0,0,0,0
101,2017,253,100,12.11,0,0,0,0,0,0,0,-28.03,-11.08,0,0,0,0,0,0,0,0,0,0,0,0,0,0,0,0,0,0,0,0,0,0,0
101,2017,253,110,12.12,0,0,0,0,0,0,0,-28.26,-11.41,0,0,0,0,0,0,0,0,0,0,0,0,0,0,0,0,0,0,0,0,0,0,0
101,2017,253,120,12.11,0,0,0,0,0,0,0,-29.17,-12.28,0,0,0,0,0,0,0,0,0,0,0,0,0,0,0,0,0,0,0,0,0,0,0
101,2017,253,130,12.11,0,0,0,0,0,0,0,-30.17,-12.96,0,0,0,0,0,0,0,0,0,0,0,0,0,0,0,0,0,0,0,0,0,0,0
101,2017,253,140,12.11,0,0,0,0,0,0,0,-28.21,-13.16,0,0,0,0,0,0,0,0,0,0,0,0,0,0,0,0,0,0,0,0,0,0,0
101,2017,253,150,12.11,0,0,0,0,0,0,0,-26.3,-13.27,0,0,0,0,0,0,0,0,0,0,0,0,0,0,0,0,0,0,0,0,0,0,0
101,2017,253,200,12.11,0,0,0,0,0,0,0,-25.68,-13.47,0,0,0,0,0,0,0,0,0,0,0,0,0,0,0,0,0,0,0,0,0,0,0
101,2017,253,210,12.11,0,0,0,0,0,0,0,-25.54,-13.59,0,0,0,0,0,0,0,0,0,0,0,0,0,0,0,0,0,0,0,0,0,0,0
101,2017,253,220,12.11,0,0,0,0,0,0,0,-26.84,-13.77,0,0,0,0,0,0,0,0,0,0,0,0,0,0,0,0,0,0,0,0,0,0,0
101,2017,253,230,12.11,0,0,0,0,0,0,0,-26.49,-13.9,0,0,0,0,0,0,0,0,0,0,0,0,0,0,0,0,0,0,0,0,0,0,0
101,2017,253,240,12.11,0,0,0,0,0,0,0,-26.63,-14.03,0,0,0,0,0,0,0,0,0,0,0,0,0,0,0,0,0,0,0,0,0,0,0
101,2017,253,250,12.11,0,0,0,0,0,0,0,-24.15,-14.06,0,0,0,0,0,0,0,0,0,0,0,0,0,0,0,0,0,0,0,0,0,0,0
101,2017,253,300,12.11,0,0,0,0,0,0,0,-19.5,-14.07,0,0,0,0,0,0,0,0,0,0,0,0,0,0,0,0,0,0,0,0,0,0,0
101,2017,253,310,12.11,0,0,0,0,0,0,0,-18.1,-13.98,0,0,0,0,0,0,0,0,0,0,0,0,0,0,0,0,0,0,0,0,0,0,0
101,2017,253,320,12.11,0,0,0,0,0,0,0,-16.24,-13.63,0,0,0,0,0,0,0,0,0,0,0,0,0,0,0,0,0,0,0,0,0,0,0
101,2017,253,330,12.11,0,0,0,0,0,0,0,-12.72,-13.53,0,0,0,0,0,0,0,0,0,0,0,0,0,0,0,0,0,0,0,0,0,0,0
101,2017,253,340,12.11,0,0,0,0,0,0,0,-14.92,-13.64,0,0,0,0,0,0,0,0,0,0,0,0,0,0,0,0,0,0,0,0,0,0,0
101,2017,253,350,12.11,0,0,0,0,0,0,0,-17.92,-13.57,0,0,0,0,0,0,0,0,0,0,0,0,0,0,0,0,0,0,0,0,0,0,0
101,2017,253,400,12.11,0,0,0,0,0,0,0,-17.39,-13.36,0,0,0,0,0,0,0,0,0,0,0,0,0,0,0,0,0,0,0,0,0,0,0
101,2017,253,410,12.11,0,0,0,0,0,0,0,-16.27,-13.43,0,0,0,0,0,0,0,0,0,0,0,0,0,0,0,0,0,0,0,0,0,0,0
101,2017,253,420,12.11,0,0,0,0,0,0,0,-15.83,-13.67,0,0,0,0,0,0,0,0,0,0,0,0,0,0,0,0,0,0,0,0,0,0,0
101,2017,253,430,12.11,0,0,0,0,0,0,0,-13.15,-13.53,0,0,0,0,0,0,0,0,0,0,0,0,0,0,0,0,0,0,0,0,0,0,0
101,2017,253,440,12.11,0,0,0,0,0,0,0,-10.51,-13.27,0,0,0,0,0,0,0,0,0,0,0,0,0,0,0,0,0,0,0,0,0,0,0
101,2017,253,450,12.11,0,0,0,0,0,0,0,-11.24,-13.04,0,0,0,0,0,0,0,0,0,0,0,0,0,0,0,0,0,0,0,0,0,0,0
101,2017,253,500,12.11,0,0,0,0,0,0,0,-8.93,-12.59,0,0,0,0,0,0,0,0,0,0,0,0,0,0,0,0,0,0,0,0,0,0,0
101,2017,253,510,12.11,0,0,0,0,0,0,0,-7.96,-12.74,0,0,0,0,0,0,0,0,0,0,0,0,0,0,0,0,0,0,0,0,0,0,0
101,2017,253,520,12.11,0,0,0,0,0,0,0,-9.63,-12.96,0,0,0,0,0,0,0,0,0,0,0,0,0,0,0,0,0,0,0,0,0,0,0
101,2017,253,530,12.11,0,0,0,0,0,0,0,-6.873,-12.99,0,0,0,0,0,0,0,0,0,0,0,0,0,0,0,0,0,0,0,0,0,0,0
101,2017,253,540,12.11,0,0,0,0,0,0,0,-2.816,-13,0,0,0,0,0,0,0,0,0,0,0,0,0,0,0,0,0,0,0,0,0,0,0
101,2017,253,550,12.11,0,0,0,0,0,0,0,-3.902,-12.98,0,0,0,0,0,0,0,0,0,0,0,0,0,0,0,0,0,0,0,0,0,0,0
101,2017,253,600,12.11,0,0,0,0,0,0,0,-7.8,-12.94,0,0,0,0,0,0,0,0,0,0,0,0,0,0,0,0,0,0,0,0,0,0,0
101,2017,253,610,12.11,0,0,0,.003,0,0,0,-12.03,-12.88,0,.032,0,0,0,.017,.018,.007,.02,.007,0,.007,0,0,.013,0,0,.005,0,0,0,0,0
101,2017,253,620,12.11,.035,.008,.013,.057,.027,.017,.015,-18.35,-12.85,.017,.25,.022,.032,.023,.181,.186,.055,.193,.055,.012,.062,.018,.023,.142,.022,.023,.054,0,.015,.022,.002,.005
101,2017,253,630,12.11,.117,.037,.035,.218,.107,.067,.04,-20.13,-12.81,.05,.972,.065,.109,.084,.754,.761,.203,.736,.203,.049,.256,.069,.08,.612,.075,.069,.213,.03,.039,.085,.03,.035
101,2017,253,640,12.11,.253,.087,.077,.478,.251,.171,.101,-20.38,-12.9,.126,2.311,.156,.24,.208,1.877,1.921,.442,1.782,.464,.132,.566,.169,.203,1.589,.191,.159,.489,.042,.089,.206,.05,.087
101,2017,253,650,12.11,.411,.142,.121,.786,.404,.27,.158,-20.62,-13.07,.201,3.952,.255,.385,.339,3.144,3.236,.744,2.983,.754,.215,.952,.283,.32,2.66,.313,.266,.749,.075,.134,.332,.096,.131
101,2017,253,700,12.11,.551,.198,.171,1.128,.526,.379,.215,-20.37,-12.92,.278,5.683,.337,.503,.429,4.252,4.403,1.088,4.208,1.069,.3,1.341,.401,.429,3.598,.417,.37,.997,.101,.179,.429,.117,.169
101,2017,253,710,12.11,.684,.245,.211,1.389,.649,.442,.253,-19.6,-12.81,.352,7.11,.414,.622,.499,5.241,5.353,1.363,5.626,1.349,.37,1.654,.458,.501,4.413,.498,.439,1.245,.127,.226,.509,.154,.213
101,2017,253,720,12.11,.783,.283,.243,1.587,.754,.504,.302,-19.11,-12.86,.424,24.26,.499,.736,.68,9.42,6.258,1.874,26.21,1.631,.431,1.89,.54,.58,5.098,.602,.518,1.463,.163,.258,.603,.169,.25
101,2017,253,730,12.11,.875,.312,.302,1.788,.87,.615,.364,-16.58,-12.04,.493,58.82,.798,.888,.878,10.43,6.925,2.185,36.42,1.937,.459,2.214,.913,.868,5.64,.69,.726,1.632,.188,.308,.677,.209,.3
101,2017,253,740,12.11,1.002,.359,.37,2.073,1.064,.786,.427,-16.09,-11.69,.59,66.38,1.088,1.14,1.011,10.79,7.61,2.668,42.85,2.301,.52,3.925,1.768,1.244,6.156,.769,10.31,1.808,.225,.468,.756,.235,.357
101,2017,253,750,12.11,1.146,.416,.434,2.427,1.304,.974,.496,-14.52,-11.61,.704,73.9,1.198,3.04,1.299,10.88,8.29,2.755,49.35,2.665,.568,4.632,1.968,3.474,7.58,.816,6.444,1.961,.577,.424,.905,.27,.414
101,2017,253,800,12.11,1.264,.436,.498,2.727,1.498,1.158,.665,-13.77,-11.99,.804,80,1.23,2.137,1.218,10.62,8.82,3.02,55.2,3.501,.612,4.75,2.015,8.2,8.29,.888,1.141,2.093,.297,.753,.875,.308,.436
101,2017,253,810,12.11,1.371,.461,.595,3.072,1.845,2.427,.778,-11.79,-12.43,.912,85.8,1.349,1.83,1.285,10.9,11.95,3.245,60.84,5.402,.665,4.869,1.989,1.711,10.5,.959,.965,2.211,.305,.469,.923,.308,.446
101,2017,253,820,12.11,1.455,.496,.701,3.456,2.281,23.07,1.151,3.714,-12.9,.982,91.5,1.393,1.906,1.363,11.25,24.16,3.516,66.52,3.737,.717,5.048,1.961,1.924,11.42,1.009,1.453,2.316,.337,.479,.987,.335,.664
101,2017,253,830,12.11,1.699,.565,.818,11.74,2.72,30.16,9.05,11.27,-10.92,1.068,96.3,1.48,1.976,1.441,12.26,29.07,3.873,71.6,29.01,.771,5.551,2.408,2.246,10.68,1.069,1.109,2.427,.36,.528,1.021,.369,.508
101,2017,253,840,12.11,2.16,.623,.923,45.81,2.98,32.59,8.63,14.54,-11.52,1.14,100.8,1.686,2.092,1.507,15.12,34.14,4.225,76.7,34.28,1.094,5.417,3.439,12.78,10.11,1.145,1.183,2.516,.369,.558,1.399,.384,1.066
101,2017,253,850,12.11,1.855,.722,1.009,45.33,16.94,37.05,1.034,18.74,-13.78,2.573,104.7,1.641,7.56,1.579,19.44,39.45,4.696,81.3,52.73,.88,5.437,1.939,54.52,10.19,1.23,1.269,2.606,.392,.593,1.475,.422,.716
101,2017,253,900,12.11,1.956,.808,1.083,43.12,40.1,42.38,.793,22.53,-13.72,11.09,108.5,1.435,33.33,1.664,24.41,45.27,5.241,85.9,10.49,.925,5.494,1.979,38.71,10.38,1.347,2.314,2.718,.474,.622,1.158,.436,.858
101,2017,253,910,12.12,2.054,.846,1.168,39.86,21.59,24.26,1.873,9.83,-14.1,2.343,112.5,1.456,32.06,1.842,29.39,51.52,8.4,90.3,18.24,.972,5.577,2.068,62.4,10.6,1.47,9.12,2.827,1.21,2.058,1.218,.436,.642
101,2017,253,920,12.12,2.187,.89,1.33,36.05,4.068,2.942,.823,-1.821,-14.74,2.874,115.1,1.474,32.13,2.225,34.25,57.33,15.88,94,59.78,1.032,5.673,2.399,72.4,10.87,1.741,1.895,2.936,.436,.973,1.258,.444,.657
101,2017,253,930,12.12,2.223,.938,1.525,32.27,3.487,2.961,.834,2.007,-14.75,1.959,117.4,1.541,4.629,2.354,38.83,62.44,8.87,97.3,6,1.107,5.735,3.688,29.37,11.1,9.98,1.624,3.036,.436,3.989,1.307,.469,.658
101,2017,253,940,12.12,2.374,2.927,2.525,27.48,3.473,11.02,.868,6.325,-14.78,1.793,119.5,1.603,2.399,3.601,43.81,67.12,6.335,100.3,5.204,1.193,6.197,2.044,23.43,11.73,36.12,1.796,3.153,.436,.749,1.344,.488,.702
101,2017,253,950,12.12,2.5,1.114,6.419,22.88,3.404,5.522,1.149,4.158,-14.56,1.873,121.7,1.672,5.706,13.6,49.76,71.9,74.3,103.6,7.32,1.26,13.78,1.933,2.542,13.68,17.76,1.861,3.523,.444,.816,1.432,.518,.814
101,2017,253,1000,12.12,2.803,2.14,4.058,19.49,3.336,11.78,2.788,6.854,-13.89,1.694,123.7,1.692,2.651,18.97,54.71,75.9,101.1,106.6,8.88,2.505,43.39,1.836,2.133,16.14,2.393,16.66,3.433,.437,4.019,1.438,.528,.796
101,2017,253,1010,12.12,5.517,12.27,8.67,16.51,3.311,4.385,.97,1.399,-13.45,1.892,125.1,1.724,2.339,16.39,59.85,79.7,98.6,109.1,6.02,3.709,65.78,1.82,2.101,19.64,2.699,27.88,3.58,.447,.839,1.461,.555,.883
101,2017,253,1020,12.12,4.83,51.14,1.99,14.77,12.41,1.907,.985,-1.233,-12.5,44.16,125.6,1.732,2.151,6.477,64.69,82.8,98.4,110.8,38.77,1.506,70,1.776,2.96,23.88,3.121,2.414,3.708,.457,.859,1.511,.573,2.409
101,2017,253,1030,12.12,47.85,21.88,1.536,16.52,40.39,1.866,1.035,-14.57,-10.21,36.61,126.4,1.752,2.056,3.203,69.96,82.3,107,112.9,106.8,1.598,56.71,1.763,2.072,27.99,4.217,22.79,3.885,.476,1.141,1.585,.586,1.345
101,2017,253,1040,12.12,34,9.09,1.469,23.41,34,2.57,2.217,-22.92,-9.48,45.18,127,1.804,2,2.627,75.6,89,110.5,114.6,24.72,2.208,35.84,1.798,2.109,31.73,77.2,7.01,4.106,.486,3.743,1.602,.612,.898
101,2017,253,1050,12.12,42.22,5.611,1.494,29.23,22.43,2.084,3.185,-21.46,-8.54,15.52,126.9,1.86,1.975,2.344,80.6,91.6,84.5,116,6.167,1.86,38.69,1.727,2.089,35.27,98.8,2.434,4.85,.504,1.211,1.642,.707,.921
101,2017,253,1100,12.12,23.21,5.92,1.56,40.89,2.86,1.829,1.082,-16.1,-9.15,10.58,127.3,1.922,1.977,7.4,85.5,94.4,8.38,117.7,6.731,2.03,49.98,1.684,2.084,38.57,101.9,14.81,5.448,.501,.96,1.667,.637,.982
101,2017,253,1110,12.12,15.21,4.728,1.509,48.55,2.697,9.51,1.114,-8.89,-8.83,1.705,127.1,2.118,1.982,3.113,89.8,96.9,4.637,118.9,87.4,2.895,30.13,1.722,23.81,42.07,104.1,6.777,58.08,.523,.997,1.752,.638,4.431
101,2017,253,1120,12.12,84.2,1.697,1.513,57.28,2.617,2.136,1.156,-13.98,-8,1.679,127,2.349,1.992,3.079,93.6,99.1,4.649,120,47.33,3.305,21.62,1.747,2.335,45.66,105.5,13.27,79.6,.536,1.156,1.839,.702,1.188
101,2017,253,1130,12.12,40.66,3.607,1.545,66.73,2.746,2.039,1.233,-8.12,-8.71,1.767,127.8,2.478,2.131,17.39,98.5,101.9,5.148,122.7,9.05,4.034,26.42,1.858,2.553,49.83,49.01,31.56,63.41,.576,6.791,2.111,.749,1.576
101,2017,253,1140,12.12,24.2,38.81,10.06,69.44,3.164,2.362,1.365,-15.05,-8.81,1.89,123.9,3.731,2.215,25.9,99.8,100.6,5.915,121.5,31.52,18.03,13.41,1.955,19.07,51.48,3.603,4.37,85.8,.608,15.07,4.764,.705,1.357
101,2017,253,1150,12.13,8.37,49.53,1.64,58.32,3.189,5.967,1.355,-11.59,-9.11,2.134,101.8,4.017,2.235,13.62,86.7,85.2,5.916,102.8,85,37.95,6.586,1.935,8.85,46.47,3.638,3.412,71.5,.58,1.533,5.23,.653,1.323
101,2017,253,1200,12.13,4.229,17.68,1.601,34.07,3.139,2.511,1.404,-12.23,-8.52,1.975,107.4,4.265,2.37,8.27,99.9,98,5.98,114.9,101.3,5.136,6.524,2.007,16.94,55.39,3.188,3.301,84.8,.662,2.077,31.84,.762,1.474
101,2017,253,1210,12.13,3.749,3.015,2.027,27.1,4.707,2.276,1.377,-20.84,-7.64,1.899,97.7,3.819,2.365,3.452,100.5,97.5,5.221,110.7,90.2,3.514,5.31,1.903,13.09,57.43,2.727,3.931,85.2,.707,1.389,37.82,.772,1.523
101,2017,253,1220,12.13,3.576,27.99,1.789,12.33,3.102,39.71,1.653,7.97,-6.629,2.189,105,4.772,2.703,8.87,116.9,112.3,5.921,127.1,20.77,4.4,5.839,7.09,3.688,67.68,3.325,14.62,100.6,.796,1.613,20.6,.876,2.012
101,2017,253,1230,12.13,3.553,3.521,2.023,6.487,2.975,3.581,1.501,-20.65,-6.226,2.102,88,5.44,2.871,5.512,102.6,96.2,5.911,108.9,26.21,4.439,5.361,3.625,12.74,60.15,3.238,8.02,85.3,.75,1.573,6.197,.806,1.861
101,2017,253,1240,12.13,3.273,1.879,2.005,5.34,2.393,3.365,1.352,-25.31,-5.554,1.806,74.8,19.07,21.61,10.55,94.4,89.3,5.003,98.4,44.82,4.482,4.666,10.47,36.5,57.54,3.028,11.72,80.3,.693,1.497,3.757,.784,1.839
101,2017,253,1250,12.13,5.025,1.43,1.651,4.701,2.303,5.673,1.323,-21.11,-4.743,2.231,86.1,57.78,88.6,4.199,115.9,112.3,4.621,118.7,82.1,3.047,4.737,4.135,2.948,72,8.38,81.6,103,.809,1.429,3.859,.889,1.829
101,2017,253,1300,12.13,8.03,4.525,7.71,5.177,2.561,2.676,1.409,-19.37,-4.624,13.62,86.2,19.94,2.867,3.653,117.1,111.9,5.251,117.9,28.82,3.269,5.152,2.278,4.443,73.3,26.8,86.2,102.8,.869,1.675,4.041,1.007,1.998
101,2017,253,1310,12.13,4.055,1.924,2.831,7.14,3.206,3.943,1.534,-15.03,-4.634,10.52,73,52.19,3.167,4.683,92.6,85.2,6.363,93.1,15.14,4.067,5.686,2.862,4.715,57.53,3.485,52.94,75.3,.888,2.209,3.917,.879,2.134
101,2017,253,1320,12.13,6.746,2.333,3.062,10.13,4.427,5.589,2.444,-19.21,-3.946,3.604,63.05,25.82,5.271,10.97,80,70.9,9.27,76.3,17.71,5.241,7.42,3.026,8.2,51.7,4.308,18.39,50.82,1.29,4.834,5.929,1.033,3.777
101,2017,253,1330,12.13,6.386,6.14,2.566,10.61,5.117,16.51,2.663,-9.86,-3.393,3.767,75.3,52.86,5.227,10.33,106.5,96.5,9.46,99.7,28.88,6.194,8.03,3.038,34.32,69.29,4.663,18.63,79.1,1.291,9.36,6.122,1.362,4.115
101,2017,253,1340,12.13,7.05,2.377,2.648,10.97,6.294,5.231,2.978,-15.71,-3.037,4.105,63.19,31.51,6.401,21.86,91.1,82.5,8.92,82.1,13.5,5.808,9.12,3.276,36.6,63.01,4.912,8.24,59.67,1.504,3.214,7.02,1.353,4.941
101,2017,253,1350,12.13,6.477,1.914,2.275,10.36,5.288,3.604,2.615,-11.38,-2.958,3.293,41.87,7.69,5.318,9.19,54.98,53.44,8.24,47.95,8.97,3.3,9.03,3.023,9.16,43,4.025,4.67,24.84,1.233,2.42,6.735,1.263,3.167
101,2017,253,1400,12.13,6.117,1.799,1.97,10.27,4.973,3.231,2.35,-5.301,-2.921,3.005,37.28,4.119,4.928,5.864,46.33,46.43,7.97,40.01,8.7,2.744,8.77,2.842,4.233,37.7,3.759,4.424,17.87,1.183,2.121,6.139,1.167,2.388
101,2017,253,1410,12.13,5.578,1.652,1.931,9.71,5.049,3.117,2.283,-17.28,-2.432,2.834,35.95,4.221,4.789,5.894,45.44,45.56,7.37,38.44,8.9,2.563,8.59,2.76,3.92,37.49,3.692,4.094,17.62,1.151,2.131,6.057,1.178,2.228
101,2017,253,1420,12.13,5.166,1.638,1.821,8.91,4.658,2.96,2.173,-18.84,-2.174,2.896,34.52,3.325,4.467,5.377,44.01,42.7,7.03,37.01,8.4,2.931,8.14,2.613,3.667,35.29,3.61,3.97,16.74,1.097,2.047,5.494,1.025,2.482
101,2017,253,1430,12.13,4.709,1.511,1.799,8.31,4.722,6.306,2.578,-15.12,-2.066,3.513,36.35,4.366,4.379,8.49,54.91,48.71,6.741,43.14,8.99,4.267,8.44,2.643,4.034,41.2,4.156,3.742,24.1,1.166,2.312,6.458,1.204,4.32
101,2017,253,1440,12.13,3.831,1.184,1.511,6.961,3.833,2.516,1.841,-16.38,-2.732,2.516,29.36,3.329,3.59,4.532,41.22,37.31,5.77,31.97,7.99,3.604,6.591,2.208,3.331,31.49,3.362,3.135,14.5,.871,1.628,4.543,.885,2.051
101,2017,253,1450,12.13,4.778,1.369,1.56,7.97,3.897,2.511,1.868,-12.65,-2.925,2.597,28.2,2.463,3.815,4.518,38.34,37.82,6.175,31.31,6.413,2.687,6.802,2.287,3.183,31.33,3.133,3.108,13.04,.923,1.635,5.034,.96,2.005
101,2017,253,1500,12.13,5.048,1.406,1.727,8.58,5.939,2.877,2.431,-17.56,-2.595,3.83,32.28,3.233,4.281,6.452,53.29,49.79,6.591,41.39,7.99,3.309,7.53,2.481,3.743,41.64,3.713,3.277,16.73,1.037,1.964,6.15,1.146,6.291
101,2017,253,1510,12.13,4.435,1.324,1.431,7.59,3.86,2.436,1.719,-14.84,-3.173,2.312,28.69,2.785,3.639,4.452,36.79,35.58,5.618,29.55,6.355,2.409,6.568,2.027,3.051,29.48,2.877,3.105,13.26,.873,1.59,4.738,.928,1.843
101,2017,253,1520,12.12,3.55,.997,1.133,6.194,3.185,1.902,1.409,-12.16,-3.466,1.928,22.56,2.064,2.873,3.626,29.27,28.47,4.614,23.1,4.911,2.021,5.428,1.685,2.337,23.92,2.426,2.314,9.91,.68,1.235,3.691,.736,1.498
101,2017,253,1530,12.13,2.882,.878,1.012,5.207,2.798,1.68,1.303,-13.5,-3.493,1.674,20.87,1.95,2.537,3.177,27.14,26.1,3.996,21.39,5.003,1.938,4.735,1.545,2.178,21.85,2.257,2.165,9.31,.598,1.112,3.396,.61,1.308
101,2017,253,1540,12.12,3.731,1.025,1.253,6.47,3.244,2.151,1.652,-13.71,-3.423,2.071,25,2.682,3.173,4.328,33.09,31.37,4.946,26.53,5.618,2.218,5.358,1.781,2.957,25.93,2.565,2.676,12.89,.714,1.367,4.274,.769,2.089
101,2017,253,1550,12.12,3.282,.906,1.044,5.847,2.984,1.769,1.399,-7.19,-3.74,1.794,21.13,1.898,2.664,3.426,27.74,26.97,4.313,22,4.686,1.893,4.949,1.622,2.3,22.52,2.371,2.176,9.33,.6,1.114,3.537,.667,1.438
101,2017,253,1600,12.12,2.867,.787,.901,5.018,2.493,1.488,1.102,1.954,-4.199,1.441,18.13,1.6,2.16,2.59,22.76,22.28,3.788,18.4,4.245,1.575,4.296,1.374,1.86,18.54,1.918,1.843,7.43,.489,.913,2.739,.526,1.034
101,2017,253,1610,12.12,2.853,.796,.915,4.882,2.347,1.424,1.084,-8.77,-4.194,1.439,18.28,1.588,2.155,2.602,22.48,21.87,3.776,18.82,4.18,1.448,3.808,1.337,1.821,18.2,1.833,1.903,7.76,.501,.95,2.994,.571,1.109
101,2017,253,1620,12.12,2.702,.752,.856,4.812,2.486,1.453,1.05,-13.73,-4.296,1.367,17.92,1.501,2.248,2.374,21.43,20.74,3.746,17.6,4.088,1.253,4.158,1.247,1.764,17.3,1.806,1.768,6.95,.506,.933,2.898,.558,.955
101,2017,253,1630,12.12,2.419,.737,.786,4.386,2.309,1.376,.935,-13.92,-4.442,1.23,17.42,1.575,1.955,2.104,21.07,19.43,3.466,16.48,4.296,1.427,3.807,1.166,1.669,16.01,1.771,1.639,6.239,.456,.819,2.454,.501,.854
101,2017,253,1640,12.12,2.384,.679,.876,4.284,2.3,1.489,1.139,-14.51,-4.559,1.52,18.45,1.933,2.232,2.86,25.91,23.22,3.455,18.99,4.287,1.905,3.825,1.258,1.954,19.69,1.917,1.801,8.53,.514,.955,2.95,.521,1.438
101,2017,253,1650,12.12,2.093,.606,.797,3.733,2.151,1.359,1.19,-15.24,-4.649,1.431,16.64,1.791,2.016,2.791,23.89,21.49,3.089,17.83,3.852,1.88,3.435,1.195,1.955,18.55,1.855,1.572,8.75,.494,.913,3.111,.539,1.402
101,2017,253,1700,12.12,1.809,.506,.662,3.193,1.793,1.117,.955,-14.88,-4.963,1.203,13.94,1.417,1.66,2.253,19.4,17.67,2.63,14.81,3.18,1.587,2.952,1.015,1.558,15.19,1.545,1.34,6.926,.422,.756,2.573,.471,1.067
101,2017,253,1710,12.12,1.464,.446,.519,2.62,1.469,.918,.746,-12.3,-5.244,.938,11.36,1.114,1.36,1.769,15.21,14.18,2.128,11.79,2.578,1.183,2.56,.844,1.267,12.14,1.245,1.101,5.407,.352,.59,2.024,.407,.789
101,2017,253,1720,12.12,1.198,.377,.416,2.141,1.131,.685,.521,-13.36,-5.329,.667,8.71,.754,1.052,1.247,10.76,10.39,1.68,8.64,1.846,.759,2.114,.645,.9,8.85,.888,.819,3.763,.265,.457,1.325,.28,.536
101,2017,253,1730,12.12,.965,.312,.33,1.727,.908,.526,.417,-15.45,-5.306,.493,6.722,.529,.831,.906,7.87,7.9,1.352,6.444,1.364,.461,1.756,.496,.667,6.718,.677,.635,2.612,.204,.364,1.029,.23,.394
101,2017,253,1740,12.12,.754,.253,.25,1.372,.705,.421,.317,-16.12,-5.321,.389,5.179,.416,.633,.665,5.869,6.008,1.025,4.854,1.076,.355,1.407,.399,.499,5.08,.514,.469,1.954,.154,.281,.782,.176,.292
101,2017,253,1750,12.12,.498,.179,.176,.938,.509,.315,.246,-16.57,-5.289,.276,3.768,.327,.472,.494,4.294,4.396,.7,3.51,.781,.266,1.024,.302,.405,3.763,.402,.375,1.54,.117,.198,.538,.144,.226
101,2017,253,1800,12.12,.352,.117,.114,.612,.359,.214,.163,-18.16,-5.386,.194,2.573,.231,.327,.359,2.904,2.989,.483,2.384,.523,.193,.677,.209,.292,2.568,.281,.238,.99,.07,.134,.397,.094,.168
101,2017,253,1810,12.12,.194,.057,.064,.359,.203,.121,.094,-18.82,-5.438,.112,1.448,.119,.189,.201,1.645,1.694,.297,1.345,.318,.119,.392,.121,.159,1.459,.164,.131,.516,.039,.07,.223,.052,.089
101,2017,253,1820,12.12,.072,.022,.03,.136,.077,.049,.035,-19.45,-5.586,.044,.519,.045,.065,.067,.596,.617,.116,.476,.122,.049,.149,.045,.059,.529,.062,.047,.184,.013,.028,.072,.027,.032
101,2017,253,1830,12.12,.013,0,0,.022,.013,0,.003,-18.75,-5.829,.002,.101,.005,.01,.012,.129,.134,.02,.095,.025,.008,.028,0,.013,.112,.018,.003,.042,0,.002,.015,0,0
101,2017,253,1840,12.12,0,0,0,0,0,0,0,-17.81,-5.953,0,.007,0,0,0,.01,.01,0,.005,0,0,0,0,0,.01,0,0,0,0,0,0,0,0
101,2017,253,1850,12.12,0,0,0,0,0,0,0,-24.93,-6.098,0,0,0,0,0,0,0,0,0,0,0,0,0,0,0,0,0,0,0,0,0,0,0
101,2017,253,1900,12.12,0,0,0,0,0,0,0,-31.02,-6.464,0,0,0,0,0,0,0,0,0,0,0,0,0,0,0,0,0,0,0,0,0,0,0
101,2017,253,1910,12.12,0,0,0,0,0,0,0,-28.63,-6.77,0,0,0,0,0,0,0,0,0,0,0,0,0,0,0,0,0,0,0,0,0,0,0
101,2017,253,1920,12.12,0,0,0,0,0,0,0,-27.66,-6.995,0,0,0,0,0,0,0,0,0,0,0,0,0,0,0,0,0,0,0,0,0,0,0
101,2017,253,1930,12.12,0,0,0,0,0,0,0,-27.43,-7.17,0,0,0,0,0,0,0,0,0,0,0,0,0,0,0,0,0,0,0,0,0,0,0
101,2017,253,1940,12.12,0,0,0,0,0,0,0,-25.11,-7.44,0,0,0,0,0,0,0,0,0,0,0,0,0,0,0,0,0,0,0,0,0,0,0
101,2017,253,1950,12.12,0,0,0,0,0,0,0,-26.79,-7.6,0,0,0,0,0,0,0,0,0,0,0,0,0,0,0,0,0,0,0,0,0,0,0
101,2017,253,2000,12.12,0,0,0,0,0,0,0,-24.12,-7.78,0,0,0,0,0,0,0,0,0,0,0,0,0,0,0,0,0,0,0,0,0,0,0
101,2017,253,2010,12.12,0,0,0,0,0,0,0,-27.05,-8.03,0,0,0,0,0,0,0,0,0,0,0,0,0,0,0,0,0,0,0,0,0,0,0
101,2017,253,2020,12.12,0,0,0,0,0,0,0,-25.94,-8.18,0,0,0,0,0,0,0,0,0,0,0,0,0,0,0,0,0,0,0,0,0,0,0
101,2017,253,2030,12.11,0,0,0,0,0,0,0,-26.28,-8.33,0,0,0,0,0,0,0,0,0,0,0,0,0,0,0,0,0,0,0,0,0,0,0
101,2017,253,2040,12.11,0,0,0,0,0,0,0,-26.57,-8.56,0,0,0,0,0,0,0,0,0,0,0,0,0,0,0,0,0,0,0,0,0,0,0
101,2017,253,2050,12.11,0,0,0,0,0,0,0,-24.83,-9,0,0,0,0,0,0,0,0,0,0,0,0,0,0,0,0,0,0,0,0,0,0,0
101,2017,253,2100,12.11,0,0,0,0,0,0,0,-24.47,-9.53,0,0,0,0,0,0,0,0,0,0,0,0,0,0,0,0,0,0,0,0,0,0,0
101,2017,253,2110,12.11,0,0,0,0,0,0,0,-23.21,-9.94,0,0,0,0,0,0,0,0,0,0,0,0,0,0,0,0,0,0,0,0,0,0,0
101,2017,253,2120,12.11,0,0,0,0,0,0,0,-24.6,-9.49,0,0,0,0,0,0,0,0,0,0,0,0,0,0,0,0,0,0,0,0,0,0,0
101,2017,253,2130,12.11,0,0,0,0,0,0,0,-24.92,-9.44,0,0,0,0,0,0,0,0,0,0,0,0,0,0,0,0,0,0,0,0,0,0,0
101,2017,253,2140,12.11,0,0,0,0,0,0,0,-25.06,-9.69,0,0,0,0,0,0,0,0,0,0,0,0,0,0,0,0,0,0,0,0,0,0,0
101,2017,253,2150,12.11,0,0,0,0,0,0,0,-23.26,-10.23,0,0,0,0,0,0,0,0,0,0,0,0,0,0,0,0,0,0,0,0,0,0,0
101,2017,253,2200,12.11,0,0,0,0,0,0,0,-21.03,-10.84,0,0,0,0,0,0,0,0,0,0,0,0,0,0,0,0,0,0,0,0,0,0,0
101,2017,253,2210,12.11,0,0,0,0,0,0,0,-18.6,-11.89,0,0,0,0,0,0,0,0,0,0,0,0,0,0,0,0,0,0,0,0,0,0,0
101,2017,253,2220,12.11,0,0,0,0,0,0,0,-19.28,-12.4,0,0,0,0,0,0,0,0,0,0,0,0,0,0,0,0,0,0,0,0,0,0,0
101,2017,253,2230,12.11,0,0,0,0,0,0,0,-18.21,-12.65,0,0,0,0,0,0,0,0,0,0,0,0,0,0,0,0,0,0,0,0,0,0,0
101,2017,253,2240,12.11,0,0,0,0,0,0,0,-18.52,-13.06,0,0,0,0,0,0,0,0,0,0,0,0,0,0,0,0,0,0,0,0,0,0,0
101,2017,253,2250,12.11,0,0,0,0,0,0,0,-19.77,-13.05,0,0,0,0,0,0,0,0,0,0,0,0,0,0,0,0,0,0,0,0,0,0,0
101,2017,253,2300,12.11,0,0,0,0,0,0,0,-21.94,-13.69,0,0,0,0,0,0,0,0,0,0,0,0,0,0,0,0,0,0,0,0,0,0,0
101,2017,253,2310,12.11,0,0,0,0,0,0,0,-21.36,-13.87,0,0,0,0,0,0,0,0,0,0,0,0,0,0,0,0,0,0,0,0,0,0,0
101,2017,253,2320,12.11,0,0,0,0,0,0,0,-20.16,-13.77,0,0,0,0,0,0,0,0,0,0,0,0,0,0,0,0,0,0,0,0,0,0,0
101,2017,253,2330,12.11,0,0,0,0,0,0,0,-20.45,-13.88,0,0,0,0,0,0,0,0,0,0,0,0,0,0,0,0,0,0,0,0,0,0,0
101,2017,253,2340,12.11,0,0,0,0,0,0,0,-19.65,-13.94,0,0,0,0,0,0,0,0,0,0,0,0,0,0,0,0,0,0,0,0,0,0,0
101,2017,253,2350,12.11,0,0,0,0,0,0,0,-20.31,-14.29,0,0,0,0,0,0,0,0,0,0,0,0,0,0,0,0,0,0,0,0,0,0,0
101,2017,253,2400,12.11,0,0,0,0,0,0,0,-21.88,-14.39,0,0,0,0,0,0,0,0,0,0,0,0,0,0,0,0,0,0,0,0,0,0,0
102,2017,253,2400,12.1,5266
101,2017,254,10,12.11,0,0,0,0,0,0,0,-23.36,-14.31,0,0,0,0,0,0,0,0,0,0,0,0,0,0,0,0,0,0,0,0,0,0,0
101,2017,254,20,12.11,0,0,0,0,0,0,0,-15.3,-14.17,0,0,0,0,0,0,0,0,0,0,0,0,0,0,0,0,0,0,0,0,0,0,0
101,2017,254,30,12.1,0,0,0,0,0,0,0,-12.63,-14.66,0,0,0,0,0,0,0,0,0,0,0,0,0,0,0,0,0,0,0,0,0,0,0
101,2017,254,40,12.11,0,0,0,0,0,0,0,-13.62,-14.98,0,0,0,0,0,0,0,0,0,0,0,0,0,0,0,0,0,0,0,0,0,0,0
101,2017,254,50,12.1,0,0,0,0,0,0,0,-15.02,-14.94,0,0,0,0,0,0,0,0,0,0,0,0,0,0,0,0,0,0,0,0,0,0,0
101,2017,254,100,12.1,0,0,0,0,0,0,0,-16.76,-15.02,0,0,0,0,0,0,0,0,0,0,0,0,0,0,0,0,0,0,0,0,0,0,0
101,2017,254,110,12.11,0,0,0,0,0,0,0,-19.89,-14.99,0,0,0,0,0,0,0,0,0,0,0,0,0,0,0,0,0,0,0,0,0,0,0
101,2017,254,120,12.1,0,0,0,0,0,0,0,-18.25,-14.89,0,0,0,0,0,0,0,0,0,0,0,0,0,0,0,0,0,0,0,0,0,0,0
101,2017,254,130,12.1,0,0,0,0,0,0,0,-17.18,-14.89,0,0,0,0,0,0,0,0,0,0,0,0,0,0,0,0,0,0,0,0,0,0,0
101,2017,254,140,12.1,0,0,0,0,0,0,0,-18.08,-14.82,0,0,0,0,0,0,0,0,0,0,0,0,0,0,0,0,0,0,0,0,0,0,0
101,2017,254,150,12.1,0,0,0,0,0,0,0,-19.24,-14.97,0,0,0,0,0,0,0,0,0,0,0,0,0,0,0,0,0,0,0,0,0,0,0
101,2017,254,200,12.1,0,0,0,0,0,0,0,-21.33,-15.22,0,0,0,0,0,0,0,0,0,0,0,0,0,0,0,0,0,0,0,0,0,0,0
101,2017,254,210,12.1,0,0,0,0,0,0,0,-22.51,-15.25,0,0,0,0,0,0,0,0,0,0,0,0,0,0,0,0,0,0,0,0,0,0,0
101,2017,254,220,12.1,0,0,0,0,0,0,0,-22.7,-15.41,0,0,0,0,0,0,0,0,0,0,0,0,0,0,0,0,0,0,0,0,0,0,0
101,2017,254,230,12.1,0,0,0,0,0,0,0,-20.57,-15.15,0,0,0,0,0,0,0,0,0,0,0,0,0,0,0,0,0,0,0,0,0,0,0
101,2017,254,240,12.1,0,0,0,0,0,0,0,-19.3,-15.19,0,0,0,0,0,0,0,0,0,0,0,0,0,0,0,0,0,0,0,0,0,0,0
101,2017,254,250,12.1,0,0,0,0,0,0,0,-19.58,-15.22,0,0,0,0,0,0,0,0,0,0,0,0,0,0,0,0,0,0,0,0,0,0,0
101,2017,254,300,12.1,0,0,0,0,0,0,0,-18.37,-15.3,0,0,0,0,0,0,0,0,0,0,0,0,0,0,0,0,0,0,0,0,0,0,0
101,2017,254,310,12.1,0,0,0,0,0,0,0,-16.07,-15.16,0,0,0,0,0,0,0,0,0,0,0,0,0,0,0,0,0,0,0,0,0,0,0
101,2017,254,320,12.1,0,0,0,0,0,0,0,-14.74,-15.09,0,0,0,0,0,0,0,0,0,0,0,0,0,0,0,0,0,0,0,0,0,0,0
101,2017,254,330,12.1,0,0,0,0,0,0,0,-15.76,-15.11,0,0,0,0,0,0,0,0,0,0,0,0,0,0,0,0,0,0,0,0,0,0,0
101,2017,254,340,12.1,0,0,0,0,0,0,0,-15.23,-14.99,0,0,0,0,0,0,0,0,0,0,0,0,0,0,0,0,0,0,0,0,0,0,0
101,2017,254,350,12.1,0,0,0,0,0,0,0,-15.4,-15.14,0,0,0,0,0,0,0,0,0,0,0,0,0,0,0,0,0,0,0,0,0,0,0
101,2017,254,400,12.1,0,0,0,0,0,0,0,-14.64,-15.06,0,0,0,0,0,0,0,0,0,0,0,0,0,0,0,0,0,0,0,0,0,0,0
101,2017,254,410,12.1,0,0,0,0,0,0,0,-13.59,-14.81,0,0,0,0,0,0,0,0,0,0,0,0,0,0,0,0,0,0,0,0,0,0,0
101,2017,254,420,12.1,0,0,0,0,0,0,0,-14.13,-14.92,0,0,0,0,0,0,0,0,0,0,0,0,0,0,0,0,0,0,0,0,0,0,0
101,2017,254,430,12.1,0,0,0,0,0,0,0,-14.81,-14.97,0,0,0,0,0,0,0,0,0,0,0,0,0,0,0,0,0,0,0,0,0,0,0
101,2017,254,440,12.1,0,0,0,0,0,0,0,-14.03,-14.86,0,0,0,0,0,0,0,0,0,0,0,0,0,0,0,0,0,0,0,0,0,0,0
101,2017,254,450,12.1,0,0,0,0,0,0,0,-14.21,-14.89,0,0,0,0,0,0,0,0,0,0,0,0,0,0,0,0,0,0,0,0,0,0,0
101,2017,254,500,12.1,0,0,0,0,0,0,0,-14.82,-14.88,0,0,0,0,0,0,0,0,0,0,0,0,0,0,0,0,0,0,0,0,0,0,0
101,2017,254,510,12.1,0,0,0,0,0,0,0,-14.37,-14.74,0,0,0,0,0,0,0,0,0,0,0,0,0,0,0,0,0,0,0,0,0,0,0
101,2017,254,520,12.1,0,0,0,0,0,0,0,-15.16,-14.72,0,0,0,0,0,0,0,0,0,0,0,0,0,0,0,0,0,0,0,0,0,0,0
101,2017,254,530,12.1,0,0,0,0,0,0,0,-15.75,-14.61,0,0,0,0,0,0,0,0,0,0,0,0,0,0,0,0,0,0,0,0,0,0,0
101,2017,254,540,12.1,0,0,0,0,0,0,0,-15.42,-14.46,0,0,0,0,0,0,0,0,0,0,0,0,0,0,0,0,0,0,0,0,0,0,0
101,2017,254,550,12.1,0,0,0,0,0,0,0,-14.06,-14.2,0,0,0,0,0,0,0,0,0,0,0,0,0,0,0,0,0,0,0,0,0,0,0
101,2017,254,600,12.1,0,0,0,0,0,0,0,-13.81,-14.12,0,0,0,0,0,0,0,0,0,0,0,0,0,0,0,0,0,0,0,0,0,0,0
101,2017,254,610,12.1,0,0,0,.007,0,0,0,-12.43,-14.19,0,.044,0,.003,0,.028,.023,.01,.027,.008,0,.017,0,.002,.017,0,0,.007,0,0,0,0,0
101,2017,254,620,12.1,.039,.012,.015,.065,.039,.023,.018,-11.01,-14.21,.018,.308,.023,.039,.022,.231,.236,.062,.231,.062,.018,.075,.027,.03,.194,.03,.027,.06,.003,.013,.027,.01,.008
101,2017,254,630,12.1,.141,.049,.039,.258,.127,.079,.045,-8.87,-14.1,.06,1.136,.074,.124,.099,.915,.945,.236,.86,.238,.064,.3,.087,.094,.768,.097,.08,.24,.034,.044,.102,.034,.035
101,2017,254,640,12.1,.285,.099,.084,.516,.268,.178,.106,-7.97,-14.08,.134,2.527,.161,.26,.215,2.02,2.097,.486,1.889,.486,.136,.618,.186,.204,1.706,.204,.176,.483,.047,.091,.215,.054,.084
101,2017,254,650,12.1,.422,.158,.124,.811,.414,.275,.163,-7.45,-14.14,.203,4.162,.26,.396,.332,3.221,3.335,.769,3.035,.774,.22,1.014,.293,.323,2.723,.32,.273,.749,.084,.137,.335,.096,.124
101,2017,254,700,12.1,.551,.216,.168,1.118,.536,.372,.216,-6.396,-13.96,.28,5.767,.34,.504,.432,4.326,4.472,1.068,4.177,1.069,.303,1.371,.406,.426,3.677,.426,.37,1.019,.102,.179,.434,.121,.173
101,2017,254,710,12.1,.677,.253,.206,1.373,.65,.441,.251,-4.917,-14.22,.354,7.16,.417,.618,.499,5.526,5.373,1.331,7.23,1.353,.37,1.666,.461,.493,4.461,.504,.437,1.26,.132,.225,.515,.158,.209
101,2017,254,720,12.1,.784,.298,.248,1.594,.759,.506,.307,-4.408,-14.18,.427,22.46,.509,.739,.684,9.7,6.297,1.944,26.83,1.676,.432,1.926,.553,.587,5.139,.612,.525,1.475,.164,.26,.607,.171,.248
101,2017,254,730,12.1,.888,.347,.308,1.813,.88,.627,.372,-4.554,-14.28,.501,59.92,.826,.915,.87,10.49,6.955,3.181,37.16,1.994,.459,2.408,.915,.872,5.645,.719,1.183,1.636,.191,.308,.684,.211,.308
101,2017,254,740,12.1,.982,.382,.372,2.043,1.061,.791,.429,-5.41,-14.49,.593,68.67,1.12,1.161,.992,10.78,7.5,2.542,44.25,2.298,.52,4.114,1.84,1.277,6.196,.758,7.86,1.785,.228,.37,.751,.235,.379
101,2017,254,750,12.1,1.076,.417,.431,2.269,1.269,.945,.501,-9.06,-14.62,.697,76.2,1.205,3.649,1.108,10.67,7.98,2.67,50.88,2.571,.555,4.664,2.009,1.971,8.17,.801,3.833,1.917,.481,.412,.863,.265,.419
101,2017,254,800,12.1,1.158,.436,.486,2.502,1.47,1.121,.667,-9.57,-15.18,.788,83,1.207,3.152,1.19,10.36,8.4,2.832,57.12,5.184,.6,4.696,2.04,2.68,7.9,.86,1.197,2.031,.288,.647,.855,.308,.436
101,2017,254,810,12.1,1.23,.454,.583,2.787,1.81,3.308,.769,-5.661,-15.63,.89,88.8,1.299,2.127,1.247,10.54,9.75,2.982,62.92,3.913,.65,4.795,1.991,1.646,9.34,.923,.915,2.13,.302,.597,.89,.303,.436
101,2017,254,820,12.1,1.302,.484,.687,3.179,2.271,26.21,1.715,11,-15.33,.949,94.1,1.329,1.818,1.316,10.79,24.51,3.263,68.41,3.317,.69,4.991,1.939,1.845,11.05,.959,1.609,2.212,.369,.466,1.371,.334,.469
101,2017,254,830,12.1,1.404,.57,.801,18.53,2.646,31.92,10.11,16.14,-13.29,1.027,99.2,1.378,1.869,1.396,11.88,29.94,3.468,74,35.71,.746,5.412,2.144,2.304,10.21,1.004,1.022,2.294,.352,.491,1.004,.362,.481
101,2017,254,840,12.1,1.493,.618,.9,48.35,2.806,34.29,7.52,18.53,-14.23,1.084,103.6,1.528,1.921,1.46,14.94,35.08,3.9,79,33.26,.965,5.194,4.59,28.34,9.69,1.089,1.094,2.373,.369,2.496,2.392,.379,.516
101,2017,254,850,12.11,1.607,.717,.999,47.25,13.61,38.93,2.088,23.58,-15.57,4.577,107.4,1.495,5.621,1.517,19.57,40.73,4.686,83.6,39.98,.848,5.229,1.855,57.38,9.78,1.161,1.188,2.467,.375,.551,1.15,.409,.588
101,2017,254,900,12.11,1.753,.799,1.061,44.57,42.93,44.38,.741,28.1,-15.09,17.16,111,1.356,28.46,1.607,24.64,46.81,6.401,87.9,5.014,.888,5.334,1.892,39.95,9.91,1.265,1.292,2.545,2.76,.585,1.119,.436,.598
101,2017,254,910,12.11,2.143,.898,1.176,40.49,29.76,25.99,.789,18.24,-15.35,11.59,112.5,1.387,37.86,1.932,29.35,52.27,19.42,90.7,26.72,.937,5.504,2.017,57.32,10.14,1.449,7.32,2.664,1.597,.66,1.18,.436,.573
101,2017,254,920,12.11,1.995,.93,1.469,35.17,7.13,4.825,1.57,9.7,-15.77,2.19,111,1.387,22.78,2.052,33.08,55.82,34.79,90.8,63.04,.95,5.499,2.27,69.8,10.13,1.652,1.691,2.696,.397,1.017,1.185,.432,.595
101,2017,254,930,12.11,2.026,.968,1.449,30.69,3.41,2.927,.789,9.82,-15.83,3.58,113.4,1.459,2.455,2.677,37.39,60.54,12.61,94,5.449,1.037,5.633,6.333,23.77,10.28,6.243,1.513,2.748,.421,1.541,1.203,.452,.615
101,2017,254,940,12.11,2.156,4.72,1.699,27.32,3.326,17.11,.836,17.39,-15.54,1.438,122.1,1.546,2.766,5.075,44.19,68.29,5.174,102.6,4.951,1.128,6.419,2.027,3.322,11.29,35.28,2.627,2.91,.436,.717,1.278,.469,.689
101,2017,254,950,12.11,2.404,1.716,5.886,22.59,3.332,9.31,1.014,13.01,-15.21,1.518,123.1,1.618,2.944,9.63,49.64,72.2,57.45,104.7,8.41,1.218,16.24,1.895,2.555,13.27,16.45,1.811,3.054,.436,.776,1.322,.508,.754
101,2017,254,1000,12.11,2.778,1.687,2.718,17.9,3.384,10.75,.943,14.4,-14.88,1.652,124.4,1.675,2.48,2.734,54.58,75.8,100.9,106.9,12.53,2.076,44.72,1.883,2.205,16.04,2.324,34.41,3.183,.436,1.198,1.359,.509,.794
101,2017,254,1010,12.11,13.96,16.43,5.534,16.29,4.095,3.711,1.02,10.43,-14.01,2.965,130.1,1.773,2.48,14.06,61.48,81.4,105,113.4,8.01,1.645,67.55,2.044,2.592,20.35,3.188,57.44,3.505,.442,.853,1.449,.561,.861
101,2017,254,1020,12.11,6.46,50.97,1.655,15.63,13.99,2.096,1.004,11.05,-13.56,34.48,128.1,1.833,2.262,10.21,65.18,83.2,106.8,113,43.71,1.568,70.3,1.881,2.337,24.39,3.153,4.374,3.565,.444,.864,1.506,.57,1.697
101,2017,254,1030,12.11,56.49,3.542,1.985,20.48,26.05,2.613,1.116,9.29,-11.7,18.54,125.3,2.097,2.737,2.692,68.27,82.9,101,110.9,98.4,1.732,50.88,2.17,2.83,27.56,11.13,5.066,3.996,.476,2.943,1.657,.565,1.022
101,2017,254,1040,12.12,61.76,3.352,1.928,29.23,24.57,3.34,1.736,8.71,-10.97,33.91,130.3,3.104,3.287,2.927,76.5,87.7,101.3,116.7,24.11,2.987,33.5,2.414,3.451,32.42,79.7,7.1,7.53,.561,4.458,1.977,.618,1.189
101,2017,254,1050,12.12,51.75,4.233,2.53,41.73,22.79,4.042,2.744,8.12,-10.5,5.739,142.7,3.943,3.9,3.454,90.5,99.2,80.8,129.5,15.53,3.183,40.65,2.943,4.272,40.68,91.2,4.474,11.68,.767,3.684,2.623,.714,1.481
101,2017,254,1100,12.12,34.22,18.92,2.794,46.85,5.583,3.829,1.7,5.226,-11.01,3.529,132.2,3.164,3.915,5.528,87,94.5,12.84,120.6,15.1,3.198,43.07,2.849,3.915,40.8,86.2,6.28,14.18,.699,1.6,2.575,.7,1.39
101,2017,254,1110,12.12,34.83,7.19,2.268,39.87,4.275,3.348,1.504,8.38,-10.48,2.841,100.8,2.692,3.439,3.053,68.08,72.8,9.66,92.5,58.26,3.569,19.96,2.459,4.861,33.58,63.39,4.481,44.93,.585,1.456,1.96,.559,5.363
101,2017,254,1120,12.12,93.8,2.273,1.655,63.32,2.844,2.221,1.256,5.49,-8.89,2.042,130.2,2.857,2.301,4.976,95.6,100.7,5.609,122.9,42.95,4.003,24.42,1.976,2.616,46.83,104.3,14.96,78.8,.569,1.236,2.032,.72,1.596
101,2017,254,1130,12.12,33.74,3.306,1.693,72.1,2.859,2.254,1.275,6.405,-9.14,1.849,129.6,2.419,2.377,33.68,98.9,102.7,5.847,123.7,8.8,3.68,33.83,1.889,2.73,50.23,50.31,32.33,51.45,.586,27.12,2.017,.764,1.311
101,2017,254,1140,12.12,43.34,45.7,4.252,69.98,2.542,2.206,1.375,4.522,-8.97,1.857,118.3,2.574,2.44,26.51,94.3,96.6,5.807,114.3,41.55,20.94,11.73,1.898,2.722,49.99,3.521,15.13,80.5,.591,44.68,2.224,.667,1.256
101,2017,254,1150,12.12,4.053,77.3,1.487,80.1,2.511,2.176,1.362,10.38,-9.59,1.862,128.3,2.738,2.537,13.03,106.5,107.8,5.837,125.6,115.8,50.47,6.229,2.065,14.87,58.15,2.797,2.959,93.6,.7,1.646,25.59,.713,1.265
101,2017,254,1200,12.12,3.663,20.4,1.377,40.71,2.536,2.191,1.268,6.741,-9.31,1.891,101.9,3.31,2.378,5.988,87.3,86.5,5.025,99.7,85.7,5.869,5.869,1.871,17.34,49.51,2.434,3.164,74.3,.64,2.234,38.29,.653,1.338
101,2017,254,1210,12.12,3.78,2.966,1.733,12.13,8.26,2.681,1.472,5.5,-8.13,2.214,113,3.899,2.921,4.167,101.8,99.8,5.7,113.7,87.2,3.164,6.006,2.099,18.05,59.09,3.107,4.546,87.6,.819,1.636,34.76,.873,1.913
101,2017,254,1220,12.12,4.542,22.68,2.075,8.65,3.104,30.43,1.509,22.43,-7.19,2.08,109.8,4.018,2.986,5.758,99.9,97.5,6.252,110,13.54,3.611,6.004,8.35,3.76,58.56,2.918,8.76,84.6,.72,1.581,16.59,.77,1.641
101,2017,254,1230,12.13,4.587,3.125,2.032,7.91,3.219,2.958,1.589,2.497,-6.112,2.12,125.5,4.405,3.576,4.149,117.6,115.2,6.741,127.4,14.19,3.777,6.38,4.227,13.21,69.87,3.244,17.64,101,.856,1.985,7.51,.903,1.963
101,2017,254,1240,12.12,4.802,2.695,6.09,8.31,3.517,3.137,1.631,4.095,-5.512,2.427,126.8,22.52,24.71,20.47,123,119.9,7.13,130.9,42.77,4.889,6.721,14.27,64.84,74.5,3.661,34.8,105.6,.971,1.844,4.437,.906,2.251
101,2017,254,1250,12.13,5.209,2.747,7.88,5.941,2.584,2.474,1.395,2.583,-5.184,1.934,108.4,37.49,62.9,4.028,110.7,107.1,5.874,114.1,87.8,3.021,5.249,3.4,3.288,68.98,6.122,64.97,96,.839,1.605,3.921,.842,1.799
101,2017,254,1300,12.13,5.683,10.35,3.727,5.467,2.541,8.8,1.348,6.021,-4.814,2.037,84.4,10.04,2.842,3.794,88,83.4,5.373,88.5,38.05,2.985,4.976,2.849,3.914,55.43,16.67,56.7,72.3,.774,3.266,3.562,.755,1.851
101,2017,254,1310,12.13,3.857,2.05,16.46,6.396,2.971,2.742,1.658,2.39,-3.795,2.547,111.7,83.3,3.397,8.88,123.9,117.6,5.962,121.6,11.28,4.249,5.606,3.179,3.537,78.4,3.48,82.7,106.2,1.038,2.023,4.735,1.162,2.005
101,2017,254,1320,12.13,8.69,1.427,6.46,4.544,2.395,5.703,2.641,3.135,-3.058,2.013,93.4,82.2,2.457,21.2,109.3,103.2,4.688,103.2,8.99,3.685,4.847,1.923,4.231,70.6,2.742,48.36,93.2,.913,11.07,4.013,1.089,1.769
101,2017,254,1330,12.13,4.231,11.4,1.477,5.19,5.564,41.45,1.606,24.39,-2.973,2.176,95.7,83.4,3.016,5.748,117.1,110.7,4.949,107,19.18,4.819,5.316,1.988,79.8,75.9,2.985,12.64,98.2,.946,2.881,4.242,1.162,2.531
101,2017,254,1340,12.13,4.758,3.281,1.884,7.36,13.77,5.108,1.841,-.695,-2.32,2.663,108.8,83.1,6.678,35.52,136.8,129.5,6.626,125.5,9.57,6.74,6.45,2.519,118.6,90.1,3.477,5.772,115.7,1.167,2.326,5.452,1.328,3.087
101,2017,254,1350,12.13,4.443,1.591,1.744,6.984,3.946,3.636,1.886,.523,-2.134,2.564,79.8,61.9,3.926,47.27,102.4,94.5,6.303,91.2,9.08,4.328,6.817,4.723,62.87,69,3.594,5.437,80.2,1.1,2.114,4.969,1.112,2.465
101,2017,254,1400,12.13,3.931,1.437,3.447,6.373,4.626,5.326,4.438,2.728,-.914,2.573,61.97,40.94,4.641,33.55,80.4,72.9,5.857,69.46,8.35,3.737,6.738,2.186,5.381,55.32,3.303,4.177,57.62,1.064,2.037,4.943,1.038,2.708
101,2017,254,1410,12.13,4.515,1.646,3.74,7.76,4.02,6.887,2.117,5.056,-1.362,3.155,63.32,40.19,4.984,35.43,85.3,77.4,6.892,72.5,8.79,3.859,7.9,2.556,8.8,59.34,3.618,4.557,59.03,2.119,2.202,5.606,1.221,3.232
101,2017,254,1420,12.13,4.922,1.747,1.888,8,4.167,11.33,2.31,7.54,-.655,2.975,65.63,35.99,6.041,37.34,91,81.5,7.19,76.4,9.32,4.103,8.59,2.693,4.628,63.4,3.804,4.648,64.39,21.7,2.464,5.808,1.241,3.303
101,2017,254,1430,12.13,4.581,1.564,1.961,7.62,5.602,17.81,2.519,8.44,-.291,3.541,63,7.32,5.028,36.05,93.8,83.3,6.949,76.4,9.09,4.716,10.05,2.68,4.773,65.86,4.103,4.579,65.78,1.357,2.651,6.426,1.414,5.202
101,2017,254,1440,12.13,4,1.563,2.241,7.2,4.294,6.309,2.591,-2.151,-.169,23.64,62.45,6.018,9.52,26.05,99.3,88.5,6.549,78.9,9.9,4.862,9.52,2.625,5.092,70,4.313,4.636,69.44,1.3,2.491,7.01,1.474,55.94
101,2017,254,1450,12.13,4.561,1.755,2.02,8.33,4.874,3.626,2.494,-5.311,-.06,23.13,52.26,5.078,4.753,9.83,80.8,72,6.936,63.7,10.05,4.822,8.12,2.715,4.7,58.47,4.319,4.437,22.93,1.306,2.465,7.2,1.363,33.15
101,2017,254,1500,12.13,4.135,1.422,1.883,7.54,6.627,3.608,2.407,-4.274,.291,6.922,49.42,4.919,4.514,8.56,82.5,72.6,6.492,62.69,11.79,4.634,7.97,2.683,4.433,59.88,4.361,3.655,20.64,1.244,2.348,6.736,1.33,9.87
101,2017,254,1510,12.13,3.377,1.236,1.512,6.189,4.152,2.792,2.07,-10.07,.144,3.735,35.28,3.917,3.591,6.462,53.28,46.3,5.661,40.12,7.9,4.43,7.42,2.554,4.068,39.34,3.857,2.929,16.77,1.012,1.78,5.651,.97,4.936
101,2017,254,1520,12.13,4.125,1.477,1.588,7.23,3.886,2.707,2.251,-13.78,.268,2.954,35.94,3.921,3.757,5.932,55.54,49.6,6.287,42.09,8.01,4.477,6.758,2.494,3.981,41.83,3.847,3.289,16.51,1.015,1.767,6.17,1.03,3
101,2017,254,1530,12.13,3.933,1.337,1.568,7.32,4.201,2.797,2.156,-13.35,.219,2.737,32.33,3.636,4.028,5.974,46.29,43.23,5.862,35.66,7.12,3.552,7.06,2.415,3.882,36.49,3.467,3.078,15.81,1.02,1.708,6.04,1.047,2.79
101,2017,254,1540,12.13,3.152,1.109,1.119,6.118,3.685,2.254,1.901,-15.34,-.186,2.261,26.43,2.934,3.268,4.974,37.96,35.51,4.817,28.46,6.04,2.82,6.177,1.985,3.269,30.61,2.956,2.264,12.73,.801,1.393,5.406,.961,2.487
101,2017,254,1550,12.13,3.204,1.06,1.105,5.887,3.212,2.02,1.558,-18.1,-.626,2.194,24.95,2.544,2.919,4.268,33.83,31.56,4.73,26.15,5.639,2.809,5.703,1.869,2.586,27.23,2.537,2.132,10.72,.724,1.373,4.452,.737,2.145
101,2017,254,1600,12.13,3.187,.997,1.094,6.019,3.494,2.085,1.774,-18.33,-.73,2.243,24.2,2.325,3.01,4.15,34.43,32.65,4.827,25.72,5.172,2.817,5.832,1.933,2.846,28.41,2.829,2.187,10.48,.734,1.266,4.852,.894,2.018
101,2017,254,1610,12.13,3.378,1.013,1.174,6.12,3.489,2.032,1.752,-20.18,-.96,2.089,23.58,2.182,3.072,4.075,32.09,30.9,4.718,24.95,5.025,2.301,5.52,1.861,2.839,26.86,2.837,2.318,11.31,.712,1.31,4.571,.898,1.809
101,2017,254,1620,12.13,3.149,1.017,1.28,5.601,3.209,2.057,1.832,-21.08,-1.219,2.211,24.17,2.74,2.931,4.343,48.36,43.68,4.502,27.32,5.869,3.141,5.012,1.883,3.008,38.57,3.082,2.606,12.86,.73,1.348,5.157,1.005,2.191
101,2017,254,1630,12.12,2.302,.771,.965,4.144,2.434,1.548,1.362,-22.86,-1.819,1.776,19.78,2.424,2.131,3.219,48.66,41.96,3.565,21.27,4.985,2.807,3.804,1.606,2.308,37.95,3.02,2.141,9.56,.544,1.028,3.575,.729,1.662