101,2017,261,1040,12.08,12.64,5.227,3.47,18.17,7.43,4.634,2.818,-10.63,-10.54,4.453,62.96,4.244,6.553,6.05,56.84,57.69,14.18,58.34,14.18,3.713,13.32,4.044,5.177,41.45,7.43,5.804,18.12,1.337,2.731,6.105,1.148,2.547
101,2017,261,1050,12.08,12.55,5.641,3.572,18.94,7.4,4.872,2.91,-11.37,-9.88,4.482,65.37,4.705,6.693,6.305,59.98,60.34,14.36,60.99,15.32,4.049,13.4,4.189,5.418,43.64,7.71,6.145,20.07,1.35,2.748,6.315,1.183,2.671
101,2017,261,1100,12.08,10.35,4.396,2.875,17.95,7.24,4.961,2.836,-11.89,-9.58,4.135,61.9,4.787,6.811,6.303,57.84,57.81,13.76,57.29,14.51,3.946,12.85,4.21,5.546,42.82,5.442,5.902,19.87,1.381,2.667,6.358,1.201,2.689
101,2017,261,1110,12.08,11.17,4.988,3.259,19.28,7.66,5.175,2.922,-12.27,-9.23,4.48,66.21,5.04,7.1,6.645,61.15,61.04,14.79,61.57,15.8,4.118,13.51,4.351,5.923,44.79,5.572,6.393,21.32,1.429,2.887,6.688,1.23,2.878
101,2017,261,1120,12.08,13.37,5.386,3.505,21.12,7.93,5.324,3.262,-12.03,-8.89,4.803,72.8,5.37,7.19,6.933,66.92,66.48,15.41,68.28,18.22,5.102,14.1,4.616,6.135,47.76,8.47,6.74,23.3,1.508,3.716,7.07,1.27,2.994
101,2017,261,1130,12.08,13.95,6.127,3.599,22.97,7.59,5.418,3.262,-12.09,-8.72,4.947,77.4,5.745,7.08,7.27,71.6,70.3,15.17,73.3,20.16,5.775,13.96,4.658,6.606,50.06,8.35,7.49,26.57,1.528,3.676,7.22,1.285,3.138
101,2017,261,1140,12.08,12.9,6.834,3.435,21.54,7.59,5.37,3.195,-11.57,-8.63,4.77,74.4,5.914,6.973,7.43,70.7,68.73,14.57,70.9,21.24,5.433,13.17,4.537,6.537,49.91,6.293,7.16,28.52,1.545,3.259,7.4,1.314,3.205
101,2017,261,1150,12.08,12.81,8.77,3.485,23.16,7.31,5.202,3.093,-9.06,-8.51,4.83,75.3,5.851,6.878,7.58,71.2,68.95,14.57,71.6,21.53,5.264,13.2,4.721,6.303,49.71,6.289,6.759,29.42,1.506,3.165,7.77,1.263,3.218
101,2017,261,1200,12.08,11.29,6.102,3.43,20.01,7.39,5.316,3.177,-10.86,-8.24,4.733,73.9,6.152,7.09,8,72,69.7,14.11,71.2,20.03,5.14,12.97,4.507,6.474,51.12,5.901,7.04,30.35,1.603,3.207,8.16,1.339,3.347
101,2017,261,1210,12.08,10.68,4.963,3.364,18.4,7.3,5.294,3.213,-10.63,-7.85,4.649,71.4,6.187,7.08,8.08,71.6,69.18,13.73,69.4,18.63,5.097,12.75,4.413,6.74,51.42,5.805,7.21,30.22,1.613,3.218,8.04,1.384,3.421
101,2017,261,1220,12.08,10.26,4.436,3.289,17.09,7.19,5.271,3.165,-10.91,-7.35,4.579,68.72,6.067,7.01,8.13,70.8,68.23,13.18,67.15,17.05,5.04,12.4,4.47,6.477,51.43,5.706,7.52,29.85,1.622,3.167,7.96,1.399,3.398
101,2017,261,1230,12.08,9.4,3.952,3.066,16.14,7.23,4.949,3.167,-10.62,-6.876,4.452,63.52,5.933,6.886,7.68,67.43,64.66,12.54,62.12,15.69,4.763,12.33,4.155,6.135,49.93,5.425,7.06,26.86,1.577,3.076,7.89,1.426,3.371
101,2017,261,1240,12.08,9.05,3.914,2.992,15.71,7.11,4.86,3.136,-9.72,-6.501,4.371,61.16,5.678,6.908,7.58,65.42,63.35,12.12,59.96,15.12,4.438,12.18,4.073,5.936,48.96,5.329,6.703,25.81,1.577,3.011,7.73,1.391,3.301
101,2017,261,1250,12.08,8.81,3.502,2.847,15.05,6.929,4.579,3.081,-9.66,-6.229,4.173,57.39,5.185,6.797,7.43,62.5,61.07,11.62,56.34,13.52,4.182,11.85,3.92,5.618,47.75,5.051,6.073,23.68,1.526,2.873,7.65,1.367,3.213
101,2017,261,1300,12.08,8.52,3.428,2.816,14.6,6.935,4.592,3.128,-8.18,-5.969,4.2,57.33,5.457,6.735,7.49,63.59,61.28,11.5,56.68,13.66,4.369,11.71,3.959,5.686,48.25,5.172,6.134,24.45,1.551,2.945,7.75,1.354,3.347
101,2017,261,1310,12.08,8.37,3.358,2.759,14.31,6.79,4.447,3.091,-8.95,-5.82,4.187,55.67,5.227,6.519,7.38,63.15,60.49,11.13,55.4,12.96,4.473,11.49,3.87,5.539,48.02,5.138,5.926,23.88,1.521,2.855,7.64,1.377,3.252
101,2017,261,1320,12.08,7.41,2.944,2.48,12.93,6.469,4.073,2.905,-9.53,-5.775,3.872,50.16,4.509,6.166,6.884,58.05,56.25,10.05,49.77,11.47,3.989,10.92,3.555,5.07,45.12,4.793,5.19,21.11,1.458,2.63,7.35,1.347,2.989
101,2017,261,1330,12.08,7.18,2.818,2.295,12.61,6.167,3.817,2.649,-9.27,-5.802,3.53,47.34,4.063,5.81,6.189,53.07,52.41,9.72,46.07,10.94,3.416,10.53,3.404,4.604,41.85,4.346,4.885,18.77,1.37,2.423,6.693,1.273,2.592
101,2017,261,1340,12.08,7.19,2.857,2.364,12.56,6.184,3.912,2.736,-13.03,-5.587,3.569,48.29,4.473,5.911,6.489,54.01,53.05,9.72,47.26,11.1,3.492,10.57,3.409,4.904,42.44,4.418,5.102,20.03,1.386,2.481,6.923,1.29,2.771
101,2017,261,1350,12.08,7.04,2.833,2.404,12.38,6.209,4.009,2.776,-10.63,-5.381,3.657,48.67,4.646,5.996,6.906,55.15,53.84,9.66,48.13,11.22,3.542,10.43,3.379,5.075,43.19,4.502,5.105,21.1,1.414,2.533,7.13,1.322,3.021
101,2017,261,1400,12.08,6.988,2.833,2.409,12.17,6.09,4.048,2.786,-9.58,-5.199,3.654,49,4.951,5.921,7.03,55.88,53.8,9.55,48.84,11.54,3.756,10.17,3.332,5.12,43.31,4.592,5.175,21.95,1.386,2.548,7.14,1.332,3.024
101,2017,261,1410,12.08,6.752,2.781,2.599,11.67,6.127,4.549,2.981,-9.61,-4.901,3.947,51.54,5.943,6.306,8.66,61.9,58.15,9.33,53.14,12.14,4.42,10.19,3.379,5.688,47.15,4.912,5.527,26.57,1.496,2.761,7.77,1.471,3.776
101,2017,261,1420,12.08,6.274,2.712,2.6,10.87,6.02,5.271,3.11,-9.41,-4.718,4.13,52.38,6.318,6.412,9.78,65.43,60.14,8.9,54.91,12.54,4.882,9.99,3.316,6.025,49.12,5.152,5.641,29.46,1.538,2.813,7.98,1.503,4.13
101,2017,261,1430,12.08,6.047,2.545,2.56,10.48,5.944,5.011,3.203,-10.02,-4.552,4.23,50.97,5.852,6.345,9.76,66.05,60.01,8.64,54.24,12.03,5.113,9.65,3.269,5.857,49.55,5.175,5.47,29.69,1.546,2.867,8.06,1.464,4.619
101,2017,261,1440,12.08,5.475,2.342,2.468,9.39,5.737,5.973,3.23,-9.34,-4.504,4.586,50.37,6.058,6.196,13.63,71,63.88,7.85,56.35,11.03,5.175,9.25,3.089,5.881,53.27,5.04,5.351,34.71,1.511,2.845,8.5,1.501,6.608
101,2017,261,1450,12.08,4.415,1.819,2.143,7.42,4.974,3.902,2.997,-11.14,-4.487,4.465,42.85,5.45,5.576,11.2,64.23,57.19,6.412,48.86,9.19,4.932,7.96,2.714,5.381,48.81,4.599,4.626,30.08,1.386,2.565,8.08,1.434,6.447
101,2017,261,1500,12.08,3.18,1.344,1.769,5.586,4.376,3.096,2.753,-10.52,-4.493,3.872,35.85,4.688,4.694,9.73,58.08,50.83,5.026,41.89,7.42,4.669,6.856,2.429,4.741,44.51,4.17,3.738,24.57,1.257,2.28,7.52,1.335,4.813
101,2017,261,1510,12.08,2.345,1.059,1.65,4.336,3.841,2.63,2.536,-10.17,-4.411,3.205,30.39,4.6,3.903,8.89,53.06,45.6,3.95,36.61,6.239,4.357,5.984,2.22,4.383,40.77,3.893,3.121,21.03,1.072,1.893,7.01,1.236,4.3
101,2017,261,1520,12.08,2.019,.905,1.523,3.739,3.382,2.295,2.327,-11.68,-4.215,3.042,28.17,5.83,3.433,9.35,54.29,46.88,3.538,36.87,5.701,4.346,5.269,1.799,3.959,41.65,4.091,2.726,18.66,.987,1.699,7.42,1.168,4.096
101,2017,261,1530,12.08,1.808,.844,1.273,3.387,2.861,2.019,2.377,-13.96,-3.774,2.707,29.71,10.85,2.61,12.77,73,62.48,3.491,46.8,8.3,5.108,4.594,1.71,3.763,54.78,4.342,2.399,14.72,.898,1.474,10.16,1.302,3.23
101,2017,261,1540,12.08,1.545,.702,1.003,2.955,2.372,1.662,1.844,-12.01,-4.098,2.278,22.22,3.134,2.148,6.604,50.66,42.86,3.166,31.35,7.11,5.291,3.888,1.511,3.091,38.33,3.245,1.891,12.73,.735,1.154,7.41,.953,2.603
101,2017,261,1550,12.08,1.494,.687,1.064,2.866,2.203,1.511,1.633,-10.96,-4.23,1.932,22.31,2.637,2.02,4.57,65.67,56.1,2.99,38.23,5.141,25.86,3.753,1.416,2.637,49.76,3.027,1.901,10.48,.648,1.049,8.34,1.049,2.169
101,2017,261,1600,12.08,1.446,.678,5.957,2.786,2.052,1.4,1.484,-11.79,-3.955,1.725,21.25,2.439,1.886,3.543,78.6,67.12,2.818,42.4,4.463,36.94,3.67,2.022,2.94,59.95,3.024,1.896,9.1,.591,.957,10.01,1.173,1.932
101,2017,261,1610,12.08,1.355,.632,.794,2.615,1.9,1.256,4.669,-11.3,-2.715,1.504,17.61,2.148,1.747,3.18,74.4,63.69,2.669,36.49,4.02,4.91,3.449,1.476,2.116,57.87,2.816,1.786,8.01,.528,.844,5.587,1.091,1.752
101,2017,261,1620,12.08,1.27,.581,.908,2.476,1.777,1.158,1.223,-10.77,-4.729,1.354,15.35,2.186,1.612,2.819,67.78,58.05,2.461,19.65,3.551,2.344,3.27,3.292,1.94,53.63,2.618,1.632,7.25,.447,.752,3.092,1.298,1.575
101,2017,261,1630,12.08,1.186,.541,.601,2.335,1.675,1.07,1.111,-12.33,-4.783,1.231,14.31,3.133,1.508,2.575,62.29,53.12,2.322,13.93,3.201,2.096,3.093,1.985,1.779,50.03,2.468,1.498,6.601,.434,.68,2.687,.752,1.417
101,2017,261,1640,12.08,1.111,.499,.533,2.188,1.556,.975,.958,-15.02,-4.604,1.111,13.35,1.525,1.364,2.339,55.24,47.12,2.183,12.47,2.885,1.851,2.923,.997,1.638,45.27,2.242,1.349,5.971,.409,.612,2.384,.521,1.262
101,2017,261,1650,12.08,1.029,.461,.477,2.032,1.448,.883,.851,-16.31,-4.619,.992,12.6,1.349,1.24,2.109,46.62,41.49,2.014,11.28,2.632,1.642,2.734,.905,1.484,40.78,2.027,1.221,5.349,.374,.553,2.116,.457,1.067
101,2017,261,1700,12.08,.947,.436,.436,1.873,1.312,.787,.739,-17.82,-4.693,.881,10.72,1.082,1.112,1.846,35.19,35.5,1.825,10.16,2.389,1.448,2.533,.813,1.32,35.46,1.732,1.059,4.731,.33,.488,1.898,.436,.871
101,2017,261,1710,12.08,.859,.414,.41,1.706,1.173,.695,.642,-19.26,-4.822,.767,9.69,.885,.99,1.731,23.82,29.47,1.627,9,2.126,1.255,2.289,.717,1.149,18.57,1.397,.881,4.123,.292,.439,1.654,.399,.707
101,2017,261,1720,12.08,.772,.369,.355,1.525,1.035,.605,.548,-20.15,-4.946,.652,8.92,.741,.865,1.334,15.87,23.62,1.404,7.83,1.871,1.059,2.01,.603,.978,10.9,1.179,.715,3.528,.253,.399,1.426,.354,.566
101,2017,261,1730,12.08,.67,.32,.298,1.322,.878,.506,.457,-20.92,-5.092,.538,6.819,.605,.747,1.092,10.99,14.77,1.191,6.586,1.58,.861,1.717,.511,.809,8.96,.97,.578,2.903,.208,.34,1.173,.297,.456
101,2017,261,1740,12.08,.551,.265,.238,1.097,.714,.427,.385,-22.41,-5.239,.436,5.529,.479,.605,.853,8.39,8.06,.973,5.289,1.28,.653,1.402,.427,.635,7.02,.761,.462,2.267,.168,.27,.915,.235,.37
101,2017,261,1750,12.08,.449,.204,.183,.854,.534,.337,.286,-24,-5.407,.33,4.189,.375,.454,.608,6.015,5.773,.749,3.927,.957,.466,1.066,.337,.469,5.065,.545,.369,1.632,.117,.201,.657,.171,.261
101,2017,261,1800,12.07,.335,.146,.121,.593,.382,.226,.186,-25.71,-5.549,.216,2.848,.246,.328,.4,3.81,3.679,.516,2.607,.637,.303,.719,.225,.325,3.217,.367,.246,1.03,.075,.134,.429,.112,.168
101,2017,261,1810,12.07,.203,.082,.065,.367,.218,.127,.099,-29.4,-5.701,.117,1.593,.136,.188,.214,1.972,1.92,.32,1.429,.372,.152,.414,.127,.173,1.662,.198,.139,.534,.047,.077,.233,.055,.09
101,2017,261,1820,12.07,.085,.039,.03,.152,.089,.052,.04,-33.84,-5.837,.049,.627,.054,.075,.082,.742,.73,.131,.558,.154,.057,.169,.049,.067,.627,.077,.055,.219,.017,.032,.089,.03,.037
101,2017,261,1830,12.07,.018,0,.002,.032,.02,.007,.007,-37.62,-6.166,.008,.137,.008,.018,.018,.179,.174,.028,.124,.035,.012,.039,.005,.018,.152,.02,.008,.052,0,0,.017,0,.002
101,2017,261,1840,12.07,0,0,0,0,0,0,0,-39.21,-6.385,0,.012,0,0,0,.017,.015,0,.007,0,0,0,0,0,.01,0,0,.002,0,0,0,0,0
101,2017,261,1850,12.07,0,0,0,0,0,0,0,-39.42,-6.558,0,0,0,0,0,0,0,0,0,0,0,0,0,0,0,0,0,0,0,0,0,0,0
101,2017,261,1900,12.07,0,0,0,0,0,0,0,-40.76,-6.763,0,0,0,0,0,0,0,0,0,0,0,0,0,0,0,0,0,0,0,0,0,0,0
101,2017,261,1910,12.07,0,0,0,0,0,0,0,-43.11,-6.889,0,0,0,0,0,0,0,0,0,0,0,0,0,0,0,0,0,0,0,0,0,0,0
101,2017,261,1920,12.07,0,0,0,0,0,0,0,-48.66,-7.21,0,0,0,0,0,0,0,0,0,0,0,0,0,0,0,0,0,0,0,0,0,0,0
101,2017,261,1930,12.07,0,0,0,0,0,0,0,-52.39,-7.75,0,0,0,0,0,0,0,0,0,0,0,0,0,0,0,0,0,0,0,0,0,0,0
101,2017,261,1940,12.07,0,0,0,0,0,0,0,-53.03,-8.46,0,0,0,0,0,0,0,0,0,0,0,0,0,0,0,0,0,0,0,0,0,0,0
101,2017,261,1950,12.07,0,0,0,0,0,0,0,-53.07,-8.96,0,0,0,0,0,0,0,0,0,0,0,0,0,0,0,0,0,0,0,0,0,0,0
101,2017,261,2000,12.07,0,0,0,0,0,0,0,-53.56,-9.25,0,0,0,0,0,0,0,0,0,0,0,0,0,0,0,0,0,0,0,0,0,0,0
101,2017,261,2010,12.07,0,0,0,0,0,0,0,-54.34,-9.54,0,0,0,0,0,0,0,0,0,0,0,0,0,0,0,0,0,0,0,0,0,0,0
101,2017,261,2020,12.07,0,0,0,0,0,0,0,-55.48,-9.76,0,0,0,0,0,0,0,0,0,0,0,0,0,0,0,0,0,0,0,0,0,0,0
101,2017,261,2030,12.07,0,0,0,0,0,0,0,-56.52,-10.15,0,0,0,0,0,0,0,0,0,0,0,0,0,0,0,0,0,0,0,0,0,0,0
101,2017,261,2040,12.07,0,0,0,0,0,0,0,-57.33,-10.38,0,0,0,0,0,0,0,0,0,0,0,0,0,0,0,0,0,0,0,0,0,0,0
101,2017,261,2050,12.06,0,0,0,0,0,0,0,-56.65,-10.57,0,0,0,0,0,0,0,0,0,0,0,0,0,0,0,0,0,0,0,0,0,0,0
101,2017,261,2100,12.06,0,0,0,0,0,0,0,-56.14,-10.85,0,0,0,0,0,0,0,0,0,0,0,0,0,0,0,0,0,0,0,0,0,0,0
101,2017,261,2110,12.06,0,0,0,0,0,0,0,-54.99,-10.74,0,0,0,0,0,0,0,0,0,0,0,0,0,0,0,0,0,0,0,0,0,0,0
101,2017,261,2120,12.06,0,0,0,0,0,0,0,-55.86,-10.95,0,0,0,0,0,0,0,0,0,0,0,0,0,0,0,0,0,0,0,0,0,0,0
101,2017,261,2130,12.06,0,0,0,0,0,0,0,-55.29,-10.92,0,0,0,0,0,0,0,0,0,0,0,0,0,0,0,0,0,0,0,0,0,0,0
101,2017,261,2140,12.06,0,0,0,0,0,0,0,-54.42,-11.03,0,0,0,0,0,0,0,0,0,0,0,0,0,0,0,0,0,0,0,0,0,0,0
101,2017,261,2150,12.06,0,0,0,0,0,0,0,-55.65,-11.74,0,0,0,0,0,0,0,0,0,0,0,0,0,0,0,0,0,0,0,0,0,0,0
101,2017,261,2200,12.06,0,0,0,0,0,0,0,-54.49,-11.94,0,0,0,0,0,0,0,0,0,0,0,0,0,0,0,0,0,0,0,0,0,0,0
101,2017,261,2210,12.06,0,0,0,0,0,0,0,-54.43,-12.19,0,0,0,0,0,0,0,0,0,0,0,0,0,0,0,0,0,0,0,0,0,0,0
101,2017,261,2220,12.06,0,0,0,0,0,0,0,-54.47,-12.75,0,0,0,0,0,0,0,0,0,0,0,0,0,0,0,0,0,0,0,0,0,0,0
101,2017,261,2230,12.06,0,0,0,0,0,0,0,-54.08,-12.15,0,0,0,0,0,0,0,0,0,0,0,0,0,0,0,0,0,0,0,0,0,0,0
101,2017,261,2240,12.06,0,0,0,0,0,0,0,-53.62,-12.34,0,0,0,0,0,0,0,0,0,0,0,0,0,0,0,0,0,0,0,0,0,0,0
101,2017,261,2250,12.06,0,0,0,0,0,0,0,-53.27,-11.95,0,0,0,0,0,0,0,0,0,0,0,0,0,0,0,0,0,0,0,0,0,0,0
101,2017,261,2300,12.06,0,0,0,0,0,0,0,-52.24,-11.41,0,0,0,0,0,0,0,0,0,0,0,0,0,0,0,0,0,0,0,0,0,0,0
101,2017,261,2310,12.06,0,0,0,0,0,0,0,-52.51,-11.2,0,0,0,0,0,0,0,0,0,0,0,0,0,0,0,0,0,0,0,0,0,0,0
101,2017,261,2320,12.06,0,0,0,0,0,0,0,-52.2,-11.09,0,0,0,0,0,0,0,0,0,0,0,0,0,0,0,0,0,0,0,0,0,0,0
101,2017,261,2330,12.06,0,0,0,0,0,0,0,-50.69,-10.79,0,0,0,0,0,0,0,0,0,0,0,0,0,0,0,0,0,0,0,0,0,0,0
101,2017,261,2340,12.06,0,0,0,0,0,0,0,-52.67,-10.99,0,0,0,0,0,0,0,0,0,0,0,0,0,0,0,0,0,0,0,0,0,0,0
101,2017,261,2350,12.06,0,0,0,0,0,0,0,-52.68,-11.14,0,0,0,0,0,0,0,0,0,0,0,0,0,0,0,0,0,0,0,0,0,0,0
101,2017,261,2400,12.06,0,0,0,0,0,0,0,-53.03,-11.33,0,0,0,0,0,0,0,0,0,0,0,0,0,0,0,0,0,0,0,0,0,0,0
102,2017,261,2400,12.05,5266
101,2017,262,10,12.06,0,0,0,0,0,0,0,-51.2,-11.19,0,0,0,0,0,0,0,0,0,0,0,0,0,0,0,0,0,0,0,0,0,0,0
101,2017,262,20,12.06,0,0,0,0,0,0,0,-49.45,-10.83,0,0,0,0,0,0,0,0,0,0,0,0,0,0,0,0,0,0,0,0,0,0,0
101,2017,262,30,12.06,0,0,0,0,0,0,0,-50.32,-10.52,0,0,0,0,0,0,0,0,0,0,0,0,0,0,0,0,0,0,0,0,0,0,0
101,2017,262,40,12.06,0,0,0,0,0,0,0,-50.98,-10.29,0,0,0,0,0,0,0,0,0,0,0,0,0,0,0,0,0,0,0,0,0,0,0
101,2017,262,50,12.06,0,0,0,0,0,0,0,-51.2,-10.17,0,0,0,0,0,0,0,0,0,0,0,0,0,0,0,0,0,0,0,0,0,0,0
101,2017,262,100,12.06,0,0,0,0,0,0,0,-52.6,-10.34,0,0,0,0,0,0,0,0,0,0,0,0,0,0,0,0,0,0,0,0,0,0,0
101,2017,262,110,12.06,0,0,0,0,0,0,0,-54.57,-10.3,0,0,0,0,0,0,0,0,0,0,0,0,0,0,0,0,0,0,0,0,0,0,0
101,2017,262,120,12.06,0,0,0,0,0,0,0,-56.08,-10.17,0,0,0,0,0,0,0,0,0,0,0,0,0,0,0,0,0,0,0,0,0,0,0
101,2017,262,130,12.06,0,0,0,0,0,0,0,-59.12,-9.74,0,0,0,0,0,0,0,0,0,0,0,0,0,0,0,0,0,0,0,0,0,0,0
101,2017,262,140,12.06,0,0,0,0,0,0,0,-59.7,-9.53,0,0,0,0,0,0,0,0,0,0,0,0,0,0,0,0,0,0,0,0,0,0,0
101,2017,262,150,12.06,0,0,0,0,0,0,0,-59.37,-9.41,0,0,0,0,0,0,0,0,0,0,0,0,0,0,0,0,0,0,0,0,0,0,0
101,2017,262,200,12.06,0,0,0,0,0,0,0,-59.69,-9.38,0,0,0,0,0,0,0,0,0,0,0,0,0,0,0,0,0,0,0,0,0,0,0
101,2017,262,210,12.06,0,0,0,0,0,0,0,-60.71,-9.35,0,0,0,0,0,0,0,0,0,0,0,0,0,0,0,0,0,0,0,0,0,0,0
101,2017,262,220,12.06,0,0,0,0,0,0,0,-60.94,-9.26,0,0,0,0,0,0,0,0,0,0,0,0,0,0,0,0,0,0,0,0,0,0,0
101,2017,262,230,12.06,0,0,0,0,0,0,0,-62.73,-9.18,0,0,0,0,0,0,0,0,0,0,0,0,0,0,0,0,0,0,0,0,0,0,0
101,2017,262,240,12.06,0,0,0,0,0,0,0,-62.45,-9.12,0,0,0,0,0,0,0,0,0,0,0,0,0,0,0,0,0,0,0,0,0,0,0
101,2017,262,250,12.06,0,0,0,0,0,0,0,-60.11,-9.1,0,0,0,0,0,0,0,0,0,0,0,0,0,0,0,0,0,0,0,0,0,0,0
101,2017,262,300,12.06,0,0,0,0,0,0,0,-59.84,-8.96,0,0,0,0,0,0,0,0,0,0,0,0,0,0,0,0,0,0,0,0,0,0,0
101,2017,262,310,12.06,0,0,0,0,0,0,0,-60.93,-8.93,0,0,0,0,0,0,0,0,0,0,0,0,0,0,0,0,0,0,0,0,0,0,0
101,2017,262,320,12.06,0,0,0,0,0,0,0,-62.8,-8.87,0,0,0,0,0,0,0,0,0,0,0,0,0,0,0,0,0,0,0,0,0,0,0
101,2017,262,330,12.06,0,0,0,0,0,0,0,-61.57,-8.79,0,0,0,0,0,0,0,0,0,0,0,0,0,0,0,0,0,0,0,0,0,0,0
101,2017,262,340,12.06,0,0,0,0,0,0,0,-62.9,-8.84,0,0,0,0,0,0,0,0,0,0,0,0,0,0,0,0,0,0,0,0,0,0,0
101,2017,262,350,12.06,0,0,0,0,0,0,0,-63.43,-8.82,0,0,0,0,0,0,0,0,0,0,0,0,0,0,0,0,0,0,0,0,0,0,0
101,2017,262,400,12.06,0,0,0,0,0,0,0,-70,-8.86,0,0,0,0,0,0,0,0,0,0,0,0,0,0,0,0,0,0,0,0,0,0,0
101,2017,262,410,12.06,0,0,0,0,0,0,0,-71.4,-8.79,0,0,0,0,0,0,0,0,0,0,0,0,0,0,0,0,0,0,0,0,0,0,0
101,2017,262,420,12.06,0,0,0,0,0,0,0,-67.97,-8.74,0,0,0,0,0,0,0,0,0,0,0,0,0,0,0,0,0,0,0,0,0,0,0
101,2017,262,430,12.06,0,0,0,0,0,0,0,-61.91,-8.95,0,0,0,0,0,0,0,0,0,0,0,0,0,0,0,0,0,0,0,0,0,0,0
101,2017,262,440,12.06,0,0,0,0,0,0,0,-62.08,-8.84,0,0,0,0,0,0,0,0,0,0,0,0,0,0,0,0,0,0,0,0,0,0,0
101,2017,262,450,12.06,0,0,0,0,0,0,0,-63.22,-8.84,0,0,0,0,0,0,0,0,0,0,0,0,0,0,0,0,0,0,0,0,0,0,0
101,2017,262,500,12.06,0,0,0,0,0,0,0,-60.47,-8.94,0,0,0,0,0,0,0,0,0,0,0,0,0,0,0,0,0,0,0,0,0,0,0
101,2017,262,510,12.06,0,0,0,0,0,0,0,-53.05,-9.02,0,0,0,0,0,0,0,0,0,0,0,0,0,0,0,0,0,0,0,0,0,0,0
101,2017,262,520,12.06,0,0,0,0,0,0,0,-55.65,-9.16,0,0,0,0,0,0,0,0,0,0,0,0,0,0,0,0,0,0,0,0,0,0,0
101,2017,262,530,12.06,0,0,0,0,0,0,0,-59.25,-9.2,0,0,0,0,0,0,0,0,0,0,0,0,0,0,0,0,0,0,0,0,0,0,0
101,2017,262,540,12.06,0,0,0,0,0,0,0,-60.73,-9.17,0,0,0,0,0,0,0,0,0,0,0,0,0,0,0,0,0,0,0,0,0,0,0
101,2017,262,550,12.06,0,0,0,0,0,0,0,-57.98,-9.33,0,0,0,0,0,0,0,0,0,0,0,0,0,0,0,0,0,0,0,0,0,0,0
101,2017,262,600,12.06,0,0,0,0,0,0,0,-61.79,-9.22,0,.003,0,0,0,.002,0,0,0,0,0,0,0,0,0,0,0,0,0,0,0,0,0
101,2017,262,610,12.06,.018,0,0,.028,.013,.003,0,-67.85,-9.07,0,.082,.002,.012,.003,.07,.075,.023,.069,.017,0,.018,.002,.01,.052,.005,.003,.02,0,0,.007,0,0
101,2017,262,620,12.06,.06,.025,.028,.106,.042,.035,.027,-66.76,-9,.028,.396,.034,.045,.037,.349,.34,.097,.36,.104,.03,.075,.03,.037,.265,.035,.039,.131,0,.03,.035,.003,.022
101,2017,262,630,12.06,.176,.067,.049,.297,.122,.094,.047,-65.82,-8.95,.069,1.099,.087,.122,.099,.888,.86,.255,.964,.27,.072,.215,.072,.101,.63,.082,.099,.318,.027,.045,.097,.028,.045
101,2017,262,640,12.06,.451,.169,.107,.773,.295,.208,.099,-63.02,-8.87,.163,2.487,.179,.332,.225,2.015,2.088,.612,2.159,.531,.129,.535,.164,.208,1.472,.174,.221,.622,.059,.114,.213,.035,.099
101,2017,262,650,12.06,.595,.231,.164,1.012,.406,.28,.158,-64.24,-8.86,.248,3.32,.258,.416,.367,3.282,3.22,.793,3.171,.721,.24,.696,.226,.302,2.428,.29,.32,1.094,.075,.161,.377,.067,.163
101,2017,262,700,12.06,.722,.278,.209,1.205,.478,.32,.213,-64.32,-8.89,.318,4.123,.349,.486,.479,4.508,4.324,.877,3.962,.865,.32,.851,.285,.359,3.416,.384,.406,1.554,.114,.213,.483,.096,.218
101,2017,262,710,12.06,.441,.169,.161,.758,.384,.25,.184,-65.4,-8.93,.243,3.171,.282,.379,.426,3.758,3.531,.593,3.193,.69,.285,.613,.223,.315,2.95,.307,.322,1.331,.085,.164,.456,.085,.201
101,2017,262,720,12.06,.377,.153,.134,.659,.34,.209,.142,-69.87,-9.18,.193,2.754,.246,.313,.334,2.977,2.811,.509,2.576,.639,.215,.58,.191,.256,2.355,.26,.268,.972,.07,.131,.354,.072,.141
101,2017,262,730,12.06,.556,.215,.198,1.036,.561,.313,.268,-78.5,-9.62,.313,3.895,.308,.526,.543,4.761,4.869,.764,3.711,.727,.258,1.041,.31,.36,4.136,.364,.387,1.477,.134,.23,.618,.126,.231
101,2017,262,740,12.06,.85,.344,.3,1.596,.883,.469,.409,-79.9,-9.51,.454,5.965,.444,.801,.815,7.43,7.58,1.172,5.77,1.163,.411,1.542,.444,.555,6.442,.541,.585,2.283,.203,.339,1.037,.208,.344
101,2017,262,750,12.06,1.091,.421,.359,1.974,1.056,.577,.454,-78.1,-9.14,.545,7.76,.568,1.031,.975,8.88,9.1,1.48,7.14,1.505,.466,1.954,.558,.66,7.62,.647,.714,2.643,.25,.396,1.118,.233,.402
101,2017,262,800,12.06,1.766,.634,.531,3.223,1.592,.93,.652,-72.4,-8.97,.833,12.29,.885,1.55,1.421,12.67,13.09,2.531,11.15,2.536,.687,2.973,.866,1.096,10.73,.974,1.053,3.786,.345,.541,1.616,.335,.563
101,2017,262,810,12.06,3.453,1.222,.902,6.918,2.722,2.331,.965,-61.4,-8.54,1.386,34.71,1.584,2.616,2.009,18.45,20.68,6.097,28.71,5.229,1.109,5.331,1.931,2.201,14.12,1.539,1.921,5.534,.464,.848,2.036,.432,.828
101,2017,262,820,12.06,2.982,1.252,.985,8.49,2.604,2.412,.987,-55.18,-8.46,1.393,32.07,1.704,2.288,2.107,19.51,20.37,7.61,27.26,6.96,1.363,4.765,1.653,2.279,14.28,1.738,1.906,6.419,.434,.825,2.159,.419,.912
101,2017,262,830,12.06,2.041,.774,.667,3.841,1.81,1.19,.741,-57.89,-9.15,1.004,16.71,1.413,1.596,1.758,16.21,15.17,3.055,15.3,4.292,1.183,3.134,1.059,1.436,12.29,1.356,1.404,5.507,.372,.66,1.899,.369,.751
101,2017,262,840,12.06,2.075,.744,.627,3.732,1.57,1.068,.628,-64.53,-9.54,.927,14.79,1.177,1.493,1.634,14.22,13.68,3.018,13.64,3.313,.93,3.039,.984,1.252,10.93,1.17,1.309,4.947,.337,.602,1.552,.305,.694
101,2017,262,850,12.06,3.933,1.639,1.096,7.87,3.202,2.477,1.14,-67.6,-9.12,1.59,27.77,1.865,2.758,2.284,21.87,21.85,6.395,24.01,6.452,1.421,5.763,1.755,2.762,16.09,1.909,2.214,6.827,.509,.97,2.326,.469,.947
101,2017,262,900,12.06,6.649,5.662,1.862,26.64,15.34,16.81,2.046,-50.99,-8.19,3.065,66.85,2.704,4.859,3.331,36.15,43.11,32.89,57.25,9.15,2.16,9.18,2.9,13.07,22.79,2.808,3.514,8.98,.845,1.563,3.316,.669,1.867
101,2017,262,910,12.06,6.407,4.298,2.133,33.09,28.23,25.3,4.09,-34.83,-7.33,3.145,84.6,2.748,6.221,3.504,40.38,51.96,45.47,71,10.93,2.009,10.62,3.339,5.665,24.1,3.056,3.426,8.33,1.094,1.545,3.458,.796,1.536
101,2017,262,920,12.07,4.916,2.354,1.662,17.9,15.82,13.14,1.371,-41.85,-9.84,2.304,56.14,2.505,5.407,2.751,31.47,35.65,24.22,47.03,14.75,1.902,8.57,2.733,4.036,19.41,3.173,2.914,7.67,.585,1.188,2.761,.596,1.123
101,2017,262,930,12.07,7.75,3.545,2.718,30.82,27.73,18.43,1.94,-41.16,-9.89,3.401,97.1,3.478,11.27,5.09,51.04,62.12,52.06,84.7,12.65,2.709,22.94,31.07,6.502,26.87,7.54,4.932,11.61,.927,1.878,3.86,.824,1.833
101,2017,262,940,12.07,8.53,3.823,2.501,23.86,14.09,11.17,1.947,-39.77,-10.63,3.274,75.9,3.004,11,6.898,47.07,55.6,31.44,66.36,10.97,2.341,25.19,11.19,4.896,28.37,5.948,6.266,10.08,.938,1.908,4.016,.886,1.634
101,2017,262,950,12.07,7.79,3.167,2.128,15.37,5.465,7.55,1.789,-41.75,-11.35,2.858,50.15,2.981,9.67,3.83,39.53,41.65,11,44.92,10.22,2.465,13.73,3.043,3.822,27.21,3.512,4.609,11.46,.844,1.763,3.641,.73,1.642
101,2017,262,1000,12.07,6.276,2.58,2.007,13.03,5.033,3.691,1.932,-42.39,-11.36,2.795,49.25,3.048,12.58,4.331,42.36,43.92,8.71,45.35,9.44,2.609,15.04,2.689,3.684,29.73,3.388,4.021,12.86,.96,1.816,4.443,.824,1.841
101,2017,262,1010,12.07,7.53,3.061,2.093,12.64,5.164,3.381,2.051,-41.76,-11,3.089,42.86,3.188,5.371,4.612,42.25,42.55,9.83,40.36,9.82,2.694,9.7,2.878,3.765,31.98,3.617,4.304,13.93,1,1.984,4.87,.918,1.937
101,2017,262,1020,12.07,9.92,3.828,3.942,14.82,5.973,3.962,2.21,-39,-10.4,3.971,55.54,3.559,5.537,4.998,48.45,49.11,11.52,51.48,12.94,3.148,14.33,3.18,4.4,33.83,5.524,5.395,15.56,1.059,2.258,4.931,.915,2.15
101,2017,262,1030,12.07,9.97,3.485,2.332,14.42,5.495,3.662,2.143,-40.31,-10.04,3.471,49.81,3.875,5.14,4.882,46.22,45.76,11.11,46.16,13,3.175,10.59,3.094,4.058,33.6,4.907,4.721,15.8,1.067,2.193,4.765,.875,2.081
101,2017,262,1040,12.07,23.34,7.23,4.247,18.56,7.21,4.604,2.624,-42.1,-9.42,4.411,73.8,4.271,6.057,5.621,60.48,62.48,14.45,67.92,15.07,3.791,14.48,3.842,5.071,40.76,18.55,5.81,16.96,1.233,2.689,5.554,1.044,2.403
101,2017,262,1050,12.07,24.83,23.87,4.105,21.43,7.31,4.539,2.433,-38.94,-9.4,4.688,81.5,4.128,5.708,5.076,63.94,66.55,13.96,74,20.26,4.621,13.81,3.874,4.946,40.91,26.6,10.58,15.6,1.102,2.377,4.914,1.064,2.009
101,2017,262,1100,12.07,8.53,3.207,2.067,13.58,4.723,3.369,1.806,-41.31,-10.09,2.783,45.98,3.527,4.807,4.227,39.23,39.78,10.7,41.51,11.04,2.475,8.94,2.957,3.594,28.34,3.352,4.304,14.01,.955,1.902,3.808,.665,1.819
101,2017,262,1110,12.07,12.33,4.767,2.845,19.56,7.09,4.512,3.384,-41.98,-9.02,4.08,65.98,4.512,6.556,5.975,60.09,61.18,13.33,61.5,18.31,4.436,12,3.875,5.055,43.35,11.1,5.809,19.4,1.367,3.123,6.373,1.2,2.54
101,2017,262,1120,12.07,15.5,9.81,3.187,34.35,7.07,4.673,3.249,-39.26,-8.78,4.442,100.8,4.646,6.02,5.829,86,88.4,13.38,96.2,17.58,15.04,13.7,4.091,5.316,55.36,45.09,7.68,27.33,1.327,23.19,6.206,1.355,2.319
101,2017,262,1130,12.07,27.85,8.74,2.922,42.56,6.626,4.398,4.065,-33.92,-8.63,4.488,107.2,4.447,6.038,5.812,91.4,94.7,12.41,103,30.14,6.583,13.13,3.924,5.467,58.7,33.93,14.2,24.24,1.369,17.6,6.269,1.376,2.309
101,2017,262,1140,12.07,25.21,45.49,2.309,55.56,4.485,3.257,2.284,-30.09,-9.77,4.892,113.3,3.815,3.969,4.401,95.8,98.3,8.76,110,83.1,4.44,9.28,2.907,4.286,58.04,4.968,4.619,50.62,.975,3.292,4.55,1.087,1.761
101,2017,262,1150,12.07,23.73,49.34,2.456,65.71,3.716,2.9,1.783,-34.66,-10.13,14.3,119.7,3.493,3.423,4.629,102.2,104,7.74,118,53.06,4.86,7.92,3.706,3.525,60.81,3.793,3.807,83.4,.824,1.722,11.55,.851,1.696
101,2017,262,1200,12.07,21.51,31.54,2.2,40.96,3.48,2.798,1.876,-36.5,-10.09,2.55,120.3,3.507,3.321,13.58,107.3,108.2,7.15,119.6,14.56,3.324,8.08,2.635,3.446,65.43,3.508,3.617,89.5,.861,2.354,9.21,.911,1.749
101,2017,262,1210,12.07,7.36,3.342,1.995,18.6,4.267,6.754,2.146,-20.75,-9.98,2.736,119.5,3.925,4.021,12.09,111.1,109.5,8.16,119.4,26.18,4.803,9.46,2.903,45.88,70.3,3.765,4.338,90,1.081,4.79,6.031,1.022,1.99
101,2017,262,1220,12.07,10.06,3.317,2.575,10.62,5.277,10,2.637,-34.18,-9.5,3.295,113.3,4.867,4.919,15.7,113.2,111.9,8.54,115.5,14.8,5.225,10.13,3.558,9.31,74.6,4.612,11.09,86.6,1.354,2.339,6.665,1.354,2.585
101,2017,262,1230,12.07,5.887,2.955,4.093,9.07,4.039,24.88,2.195,-27.53,-9.12,2.877,111.9,5.932,3.9,5.162,114,111.1,7.25,115.8,13.15,7.31,8.35,3.081,4.249,74.1,4.155,48.6,91.8,1.285,2.036,5.369,1.092,2.347
101,2017,262,1240,12.08,8.55,2.692,12.13,8.5,3.759,3.196,1.997,-45.13,-8.51,2.841,115.4,6.165,4.021,4.836,119.7,112.8,7.85,121.2,16.81,4.248,7.8,2.722,3.918,77.9,3.907,49.43,98.2,1.231,2.045,5.054,1.079,2.434
101,2017,262,1250,12.08,9.48,3.704,20.72,10.87,5.366,6.019,2.655,-38.52,-7.74,5.503,88.8,8.99,5.754,6.575,106.9,100.5,9.11,102.5,49.87,5.424,9.56,3.394,5.645,71.5,5.26,29.24,77,1.536,7.95,6.887,1.357,3.431
101,2017,262,1300,12.08,7.61,3.216,3.669,10.52,5.044,4.417,2.653,-39.13,-7.45,4.701,73.4,18.66,5.572,7.01,98.5,91.6,8.99,93.1,37.48,5.506,9.23,7.32,13.1,66.64,5.015,18.53,69.19,1.508,3.769,6.88,1.297,3.665
101,2017,262,1310,12.07,7.67,6.53,2.93,11.49,5.694,4.736,2.958,-38.26,-6.572,4.087,74.9,15.07,5.902,7.49,102.7,95.7,9.65,94.4,20.14,6.057,10.15,5.131,7.74,70.7,5.416,10.95,69.21,1.712,3.198,7.4,1.472,3.791
101,2017,262,1320,12.08,7.99,3.558,2.868,13.66,6.625,4.804,3.039,-39.71,-6.179,4.193,58.73,8.88,6.622,7.33,70.6,65.81,10.94,63.66,15.3,5.107,11.1,3.856,6.099,50.98,5.303,6.687,32.94,1.745,3.019,7.62,1.384,3.603
101,2017,262,1330,12.08,8.28,3.29,2.729,13.46,6.401,4.744,2.955,-45.36,-5.754,3.993,53.66,8.45,6.382,7.31,64.94,61.73,10.52,59.01,13.51,4.392,10.54,3.754,6.498,47.9,5.303,6.6,29.81,1.714,2.824,7.19,1.308,3.563
101,2017,262,1340,12.07,6.094,2.437,1.945,10.62,4.903,3.19,2.062,-47.11,-5.835,2.915,38.63,3.61,4.729,4.793,43.08,42.06,8.21,39.35,9.66,2.893,8.32,2.935,3.803,33.28,3.62,4.101,16.04,1.111,2,5.216,.93,2.174
101,2017,262,1350,12.08,5.374,2.124,1.669,9.6,4.701,2.813,1.977,-58.73,-6.594,2.558,33.63,2.907,4.305,4.207,38.31,38.06,7.3,33.51,8.01,2.401,7.86,2.66,3.295,30.61,3.228,3.454,12.96,1.009,1.744,4.919,.93,1.808
101,2017,262,1400,12.07,6.313,2.667,2.036,11.29,5.386,3.408,2.33,-65.5,-6.34,3.073,39.69,3.954,5.137,5.2,46.43,45.95,8.57,40.57,9.7,2.94,9.1,3.093,4.054,36.58,3.847,4.341,16.86,1.164,2.113,5.753,1.104,2.277
101,2017,262,1410,12.07,6.073,2.431,1.967,10.7,5.291,3.433,2.273,-88.5,-6.169,3.017,38.44,3.858,5.021,5.209,45.53,44.97,8.14,39.45,9.34,2.952,9.04,2.987,3.976,35.9,3.86,4.106,16.71,1.126,2.051,5.527,1.129,2.27
101,2017,262,1420,12.07,5.339,2.114,1.757,9.51,4.689,2.957,2.01,-87.8,-6.712,2.671,34.57,3.247,4.411,4.487,40.51,39.61,7.39,35.42,8.49,2.659,7.87,2.632,3.552,31.9,3.406,3.669,14.63,1.002,1.821,5.108,.983,2.034
101,2017,262,1430,12.07,4.85,1.903,1.556,8.59,4.026,2.684,1.719,-92,-7.68,2.334,32.02,3.054,3.813,4.239,35.4,33.94,6.795,32.11,8.12,2.461,6.715,2.371,3.163,26.98,2.965,3.257,12.77,.853,1.583,4.336,.792,1.774
101,2017,262,1440,12.07,3.818,1.582,1.23,7,3.435,2.155,1.396,-89.6,-7.61,1.883,27.15,2.463,3.212,3.22,28.54,27.71,5.562,25.89,6.832,1.928,6.058,1.965,2.527,22.28,2.446,2.583,9.69,.727,1.272,3.45,.66,1.362
101,2017,262,1450,12.08,5.175,2.026,1.649,8.99,4.299,2.769,1.865,-81,-7.31,2.532,33.43,3.151,4.145,4.242,37.96,36.93,7.02,34.09,8.25,2.548,7.28,2.511,3.342,29.47,3.148,3.492,14.09,.95,1.719,4.778,.873,1.967
101,2017,262,1500,12.07,5.167,2.096,1.642,9.16,4.334,2.826,1.845,-82.6,-7.44,2.515,34.02,3.185,4.143,4.125,38.2,36.69,7.22,34.38,8.4,2.656,7.4,2.535,3.408,29.36,3.218,3.545,14.17,.95,1.742,4.716,.876,1.9
101,2017,262,1510,12.07,5.048,2.01,1.644,8.89,4.354,2.88,1.98,-83.6,-7.86,2.825,33.61,3.265,4.17,4.656,40.73,37.89,6.995,35.31,8.1,3.227,7.42,2.568,3.482,30.88,3.43,3.421,14.84,1.014,1.771,4.891,.908,2.302
101,2017,262,1520,12.07,4.364,1.731,1.36,7.63,3.502,2.255,1.548,-85.2,-8.41,2.155,27.39,2.473,3.545,3.714,32.29,31.58,5.943,28.51,6.402,2.165,6.015,2.054,2.724,25.22,2.553,2.736,11.27,.813,1.421,4.051,.72,1.771
101,2017,262,1530,12.07,4.058,1.526,1.139,7.03,3.218,1.969,1.295,-83.7,-8.9,1.759,24.19,1.984,2.937,2.87,26.14,25.96,5.402,23.44,5.67,1.672,5.705,1.776,2.277,20.65,2.28,2.386,8.52,.643,1.161,3.151,.617,1.195
101,2017,262,1540,12.07,3.845,1.491,1.141,6.754,3.193,1.969,1.324,-68.96,-9.06,1.779,23.86,2.007,2.996,2.954,27.14,26.54,5.195,23.71,5.589,1.833,5.582,1.813,2.295,21.33,2.272,2.448,8.81,.665,1.195,3.257,.63,1.226
101,2017,262,1550,12.07,3.644,1.34,1.069,6.29,2.91,1.851,1.231,-69.78,-9.36,1.706,22.49,2.024,2.843,2.893,26.15,25.21,4.83,22.52,5.35,1.783,5.232,1.64,2.176,20.23,2.126,2.294,8.63,.625,1.119,2.969,.555,1.258
101,2017,262,1600,12.07,3.126,1.253,.932,5.571,2.714,1.607,1.151,-75.9,-9.62,1.493,19.61,1.647,2.619,2.51,22.05,22,4.194,19.03,4.376,1.319,4.931,1.505,1.91,18,1.841,1.933,7.21,.568,.978,2.773,.541,1.034
101,2017,262,1610,12.07,2.599,1.037,.779,4.738,2.403,1.407,.982,-91.5,-9.98,1.263,17.38,1.411,2.185,2.195,19.34,19.22,3.585,16.74,4.115,1.188,4.294,1.3,1.654,15.7,1.642,1.664,6.454,.481,.849,2.403,.471,.891
101,2017,262,1620,12.07,2.607,1.004,.787,4.708,2.185,1.325,.883,-86.6,-10.3,1.218,17.15,1.409,2.047,2.021,18.26,17.9,3.651,16.53,4.163,1.211,3.879,1.241,1.565,14.36,1.56,1.644,6.134,.444,.808,2.213,.434,.831
101,2017,262,1630,12.07,2.319,.9,.702,4.132,1.965,1.228,.833,-86.8,-10.46,1.111,15.09,1.322,1.823,1.835,17.11,16.53,3.208,14.92,3.59,1.171,3.56,1.102,1.443,13.37,1.432,1.528,5.814,.419,.739,2.056,.416,.752
101,2017,262,1640,12.07,1.922,.707,.555,3.386,1.6,.963,.663,-84.6,-10.72,.866,11.65,.955,1.526,1.518,13.6,13.57,2.532,11.53,2.582,.821,3.086,.896,1.134,11.09,1.133,1.169,4.463,.354,.583,1.669,.362,.598
101,2017,262,1650,12.07,1.444,.523,.427,2.585,1.293,.709,.521,-86.4,-10.99,.65,8.86,.674,1.186,1.156,10.21,10.5,1.957,8.47,1.883,.548,2.451,.729,.814,8.75,.839,.876,3.162,.28,.461,1.275,.285,.442
101,2017,262,1700,12.07,1.054,.419,.354,1.885,1.014,.555,.434,-80.4,-11.25,.509,7.03,.568,.901,.915,8.25,8.33,1.446,6.771,1.533,.472,1.954,.568,.66,7.05,.699,.69,2.615,.228,.38,1.056,.235,.377
101,2017,262,1710,12.07,.829,.34,.28,1.485,.759,.444,.344,-78.5,-11.38,.431,5.575,.474,.674,.731,6.5,6.545,1.141,5.431,1.238,.416,1.538,.447,.524,5.53,.553,.55,2.116,.171,.292,.772,.176,.312
101,2017,262,1720,12.07,.665,.27,.225,1.186,.617,.375,.282,-84,-11.61,.347,4.545,.404,.56,.585,5.314,5.359,.91,4.362,.987,.339,1.252,.38,.442,4.551,.452,.451,1.708,.141,.243,.637,.151,.245
101,2017,262,1730,12.07,.571,.231,.188,.99,.479,.315,.23,-74.4,-11.84,.285,3.933,.339,.466,.471,4.31,4.324,.788,3.692,.838,.271,1.021,.323,.375,3.613,.379,.387,1.403,.114,.201,.496,.109,.204
101,2017,262,1740,12.07,.53,.231,.168,.98,.473,.307,.218,-58.49,-11.93,.275,3.773,.31,.453,.442,3.999,4,.758,3.528,.84,.266,.942,.302,.362,3.3,.36,.357,1.292,.102,.184,.468,.102,.199
101,2017,262,1750,12.07,.463,.198,.154,.828,.427,.275,.206,-57.11,-12.16,.251,3.32,.298,.409,.421,3.764,3.707,.649,3.214,.747,.272,.813,.258,.342,3.087,.337,.332,1.301,.099,.173,.466,.104,.189
101,2017,262,1800,12.07,.312,.131,.096,.521,.313,.181,.142,-63.75,-12.3,.163,2.09,.178,.283,.288,2.46,2.474,.416,1.998,.456,.164,.541,.168,.213,2.097,.235,.223,.791,.067,.114,.325,.069,.117
101,2017,262,1810,12.07,.179,.072,.057,.31,.184,.101,.082,-59.96,-12.48,.091,1.145,.104,.161,.176,1.466,1.505,.241,1.108,.266,.089,.349,.099,.132,1.316,.144,.122,.451,.034,.064,.204,.05,.07
101,2017,262,1820,12.06,.067,.023,.023,.117,.069,.042,.03,-72.9,-12.76,.037,.436,.04,.06,.062,.518,.531,.094,.406,.102,.04,.134,.044,.052,.456,.054,.047,.171,.013,.028,.067,.022,.02
101,2017,262,1830,12.06,.015,0,0,.02,.013,.003,.002,-82.3,-13,.003,.087,.002,.013,.012,.112,.114,.025,.084,.022,0,.027,.002,.007,.101,.012,0,.04,0,0,.015,0,0
101,2017,262,1840,12.06,0,0,0,0,0,0,0,-87,-13.32,0,.008,0,0,0,.008,.007,0,.005,0,0,0,0,0,.007,0,0,0,0,0,0,0,0
101,2017,262,1850,12.06,0,0,0,0,0,0,0,-87.7,-13.41,0,0,0,0,0,0,0,0,0,0,0,0,0,0,0,0,0,0,0,0,0,0,0
101,2017,262,1900,12.06,0,0,0,0,0,0,0,-84,-13.51,0,0,0,0,0,0,0,0,0,0,0,0,0,0,0,0,0,0,0,0,0,0,0
101,2017,262,1910,12.06,0,0,0,0,0,0,0,-81.1,-13.69,0,0,0,0,0,0,0,0,0,0,0,0,0,0,0,0,0,0,0,0,0,0,0
101,2017,262,1920,12.06,0,0,0,0,0,0,0,-80.5,-13.81,0,0,0,0,0,0,0,0,0,0,0,0,0,0,0,0,0,0,0,0,0,0,0
101,2017,262,1930,12.06,0,0,0,0,0,0,0,-78.1,-14.01,0,0,0,0,0,0,0,0,0,0,0,0,0,0,0,0,0,0,0,0,0,0,0
101,2017,262,1940,12.06,0,0,0,0,0,0,0,-82.9,-14.24,0,0,0,0,0,0,0,0,0,0,0,0,0,0,0,0,0,0,0,0,0,0,0
101,2017,262,1950,12.06,0,0,0,0,0,0,0,-80,-14.47,0,0,0,0,0,0,0,0,0,0,0,0,0,0,0,0,0,0,0,0,0,0,0
101,2017,262,2000,12.06,0,0,0,0,0,0,0,-82.7,-14.68,0,0,0,0,0,0,0,0,0,0,0,0,0,0,0,0,0,0,0,0,0,0,0
101,2017,262,2010,12.06,0,0,0,0,0,0,0,-85.8,-14.66,0,0,0,0,0,0,0,0,0,0,0,0,0,0,0,0,0,0,0,0,0,0,0
101,2017,262,2020,12.06,0,0,0,0,0,0,0,-82.8,-14.8,0,0,0,0,0,0,0,0,0,0,0,0,0,0,0,0,0,0,0,0,0,0,0
101,2017,262,2030,12.06,0,0,0,0,0,0,0,-83.9,-14.87,0,0,0,0,0,0,0,0,0,0,0,0,0,0,0,0,0,0,0,0,0,0,0
101,2017,262,2040,12.06,0,0,0,0,0,0,0,-81.3,-14.97,0,0,0,0,0,0,0,0,0,0,0,0,0,0,0,0,0,0,0,0,0,0,0
101,2017,262,2050,12.06,0,0,0,0,0,0,0,-79.7,-15,0,0,0,0,0,0,0,0,0,0,0,0,0,0,0,0,0,0,0,0,0,0,0
101,2017,262,2100,12.06,0,0,0,0,0,0,0,-62.65,-15.04,0,0,0,0,0,0,0,0,0,0,0,0,0,0,0,0,0,0,0,0,0,0,0
101,2017,262,2110,12.06,0,0,0,0,0,0,0,-67.26,-14.98,0,0,0,0,0,0,0,0,0,0,0,0,0,0,0,0,0,0,0,0,0,0,0
101,2017,262,2120,12.06,0,0,0,0,0,0,0,-70.4,-15.03,0,0,0,0,0,0,0,0,0,0,0,0,0,0,0,0,0,0,0,0,0,0,0
101,2017,262,2130,12.06,0,0,0,0,0,0,0,-67.65,-14.93,0,0,0,0,0,0,0,0,0,0,0,0,0,0,0,0,0,0,0,0,0,0,0
101,2017,262,2140,12.06,0,0,0,0,0,0,0,-70.9,-14.99,0,0,0,0,0,0,0,0,0,0,0,0,0,0,0,0,0,0,0,0,0,0,0
101,2017,262,2150,12.06,0,0,0,0,0,0,0,-69.96,-15.05,0,0,0,0,0,0,0,0,0,0,0,0,0,0,0,0,0,0,0,0,0,0,0
101,2017,262,2200,12.06,0,0,0,0,0,0,0,-68.49,-15.04,0,0,0,0,0,0,0,0,0,0,0,0,0,0,0,0,0,0,0,0,0,0,0
101,2017,262,2210,12.06,0,0,0,0,0,0,0,-63.05,-15.21,0,0,0,0,0,0,0,0,0,0,0,0,0,0,0,0,0,0,0,0,0,0,0
101,2017,262,2220,12.06,0,0,0,0,0,0,0,-64.98,-15.3,0,0,0,0,0,0,0,0,0,0,0,0,0,0,0,0,0,0,0,0,0,0,0
101,2017,262,2230,12.06,0,0,0,0,0,0,0,-61.64,-15.33,0,0,0,0,0,0,0,0,0,0,0,0,0,0,0,0,0,0,0,0,0,0,0
101,2017,262,2240,12.06,0,0,0,0,0,0,0,-58.52,-15.38,0,0,0,0,0,0,0,0,0,0,0,0,0,0,0,0,0,0,0,0,0,0,0
101,2017,262,2250,12.06,0,0,0,0,0,0,0,-58.64,-15.48,0,0,0,0,0,0,0,0,0,0,0,0,0,0,0,0,0,0,0,0,0,0,0
101,2017,262,2300,12.06,0,0,0,0,0,0,0,-57.02,-15.64,0,0,0,0,0,0,0,0,0,0,0,0,0,0,0,0,0,0,0,0,0,0,0
101,2017,262,2310,12.06,0,0,0,0,0,0,0,-54.94,-15.76,0,0,0,0,0,0,0,0,0,0,0,0,0,0,0,0,0,0,0,0,0,0,0
101,2017,262,2320,12.06,0,0,0,0,0,0,0,-57.65,-15.78,0,0,0,0,0,0,0,0,0,0,0,0,0,0,0,0,0,0,0,0,0,0,0
101,2017,262,2330,12.06,0,0,0,0,0,0,0,-61.85,-15.79,0,0,0,0,0,0,0,0,0,0,0,0,0,0,0,0,0,0,0,0,0,0,0
101,2017,262,2340,12.06,0,0,0,0,0,0,0,-62.67,-15.86,0,0,0,0,0,0,0,0,0,0,0,0,0,0,0,0,0,0,0,0,0,0,0
101,2017,262,2350,12.06,0,0,0,0,0,0,0,-60.78,-15.88,0,0,0,0,0,0,0,0,0,0,0,0,0,0,0,0,0,0,0,0,0,0,0
101,2017,262,2400,12.06,0,0,0,0,0,0,0,-54.8,-16.03,0,0,0,0,0,0,0,0,0,0,0,0,0,0,0,0,0,0,0,0,0,0,0
102,2017,262,2400,12.05,5266
101,2017,263,10,12.06,0,0,0,0,0,0,0,-55.79,-16.09,0,0,0,0,0,0,0,0,0,0,0,0,0,0,0,0,0,0,0,0,0,0,0
101,2017,263,20,12.06,0,0,0,0,0,0,0,-58.64,-16.09,0,0,0,0,0,0,0,0,0,0,0,0,0,0,0,0,0,0,0,0,0,0,0
101,2017,263,30,12.06,0,0,0,0,0,0,0,-59.87,-16.11,0,0,0,0,0,0,0,0,0,0,0,0,0,0,0,0,0,0,0,0,0,0,0
101,2017,263,40,12.06,0,0,0,0,0,0,0,-60.32,-16.1,0,0,0,0,0,0,0,0,0,0,0,0,0,0,0,0,0,0,0,0,0,0,0
101,2017,263,50,12.06,0,0,0,0,0,0,0,-60.41,-16.1,0,0,0,0,0,0,0,0,0,0,0,0,0,0,0,0,0,0,0,0,0,0,0
101,2017,263,100,12.06,0,0,0,0,0,0,0,-61.14,-16,0,0,0,0,0,0,0,0,0,0,0,0,0,0,0,0,0,0,0,0,0,0,0
101,2017,263,110,12.06,0,0,0,0,0,0,0,-62.57,-15.99,0,0,0,0,0,0,0,0,0,0,0,0,0,0,0,0,0,0,0,0,0,0,0
101,2017,263,120,12.06,0,0,0,0,0,0,0,-61.22,-15.89,0,0,0,0,0,0,0,0,0,0,0,0,0,0,0,0,0,0,0,0,0,0,0
101,2017,263,130,12.06,0,0,0,0,0,0,0,-61.88,-15.98,0,0,0,0,0,0,0,0,0,0,0,0,0,0,0,0,0,0,0,0,0,0,0
101,2017,263,140,12.06,0,0,0,0,0,0,0,-66.59,-16.04,0,0,0,0,0,0,0,0,0,0,0,0,0,0,0,0,0,0,0,0,0,0,0
101,2017,263,150,12.06,0,0,0,0,0,0,0,-68.82,-16.17,0,0,0,0,0,0,0,0,0,0,0,0,0,0,0,0,0,0,0,0,0,0,0
101,2017,263,200,12.06,0,0,0,0,0,0,0,-65.2,-16.15,0,0,0,0,0,0,0,0,0,0,0,0,0,0,0,0,0,0,0,0,0,0,0
101,2017,263,210,12.06,0,0,0,0,0,0,0,-66.76,-16.13,0,0,0,0,0,0,0,0,0,0,0,0,0,0,0,0,0,0,0,0,0,0,0
101,2017,263,220,12.06,0,0,0,0,0,0,0,-67.76,-16.29,0,0,0,0,0,0,0,0,0,0,0,0,0,0,0,0,0,0,0,0,0,0,0
101,2017,263,230,12.06,0,0,0,0,0,0,0,-68.62,-16.11,0,0,0,0,0,0,0,0,0,0,0,0,0,0,0,0,0,0,0,0,0,0,0
101,2017,263,240,12.06,0,0,0,0,0,0,0,-68.29,-16,0,0,0,0,0,0,0,0,0,0,0,0,0,0,0,0,0,0,0,0,0,0,0
101,2017,263,250,12.06,0,0,0,0,0,0,0,-66.25,-16.01,0,0,0,0,0,0,0,0,0,0,0,0,0,0,0,0,0,0,0,0,0,0,0
101,2017,263,300,12.06,0,0,0,0,0,0,0,-67.68,-15.91,0,0,0,0,0,0,0,0,0,0,0,0,0,0,0,0,0,0,0,0,0,0,0
101,2017,263,310,12.06,0,0,0,0,0,0,0,-64.16,-15.94,0,0,0,0,0,0,0,0,0,0,0,0,0,0,0,0,0,0,0,0,0,0,0
101,2017,263,320,12.06,0,0,0,0,0,0,0,-60.33,-16.14,0,0,0,0,0,0,0,0,0,0,0,0,0,0,0,0,0,0,0,0,0,0,0
101,2017,263,330,12.06,0,0,0,0,0,0,0,-59.31,-16.13,0,0,0,0,0,0,0,0,0,0,0,0,0,0,0,0,0,0,0,0,0,0,0
101,2017,263,340,12.05,0,0,0,0,0,0,0,-60.3,-16.08,0,0,0,0,0,0,0,0,0,0,0,0,0,0,0,0,0,0,0,0,0,0,0
101,2017,263,350,12.05,0,0,0,0,0,0,0,-59.34,-16.09,0,0,0,0,0,0,0,0,0,0,0,0,0,0,0,0,0,0,0,0,0,0,0
101,2017,263,400,12.05,0,0,0,0,0,0,0,-60.34,-16.02,0,0,0,0,0,0,0,0,0,0,0,0,0,0,0,0,0,0,0,0,0,0,0
101,2017,263,410,12.05,0,0,0,0,0,0,0,-61.98,-15.9,0,0,0,0,0,0,0,0,0,0,0,0,0,0,0,0,0,0,0,0,0,0,0
101,2017,263,420,12.05,0,0,0,0,0,0,0,-60.45,-15.83,0,0,0,0,0,0,0,0,0,0,0,0,0,0,0,0,0,0,0,0,0,0,0
101,2017,263,430,12.05,0,0,0,0,0,0,0,-60.03,-15.87,0,0,0,0,0,0,0,0,0,0,0,0,0,0,0,0,0,0,0,0,0,0,0
101,2017,263,440,12.05,0,0,0,0,0,0,0,-56.8,-15.98,0,0,0,0,0,0,0,0,0,0,0,0,0,0,0,0,0,0,0,0,0,0,0
101,2017,263,450,12.05,0,0,0,0,0,0,0,-55.4,-16.03,0,0,0,0,0,0,0,0,0,0,0,0,0,0,0,0,0,0,0,0,0,0,0
101,2017,263,500,12.05,0,0,0,0,0,0,0,-56.63,-16.12,0,0,0,0,0,0,0,0,0,0,0,0,0,0,0,0,0,0,0,0,0,0,0
101,2017,263,510,12.05,0,0,0,0,0,0,0,-55.88,-16.16,0,0,0,0,0,0,0,0,0,0,0,0,0,0,0,0,0,0,0,0,0,0,0
101,2017,263,520,12.05,0,0,0,0,0,0,0,-57.56,-16.16,0,0,0,0,0,0,0,0,0,0,0,0,0,0,0,0,0,0,0,0,0,0,0
101,2017,263,530,12.05,0,0,0,0,0,0,0,-58.72,-16.02,0,0,0,0,0,0,0,0,0,0,0,0,0,0,0,0,0,0,0,0,0,0,0
101,2017,263,540,12.05,0,0,0,0,0,0,0,-57.75,-15.86,0,0,0,0,0,0,0,0,0,0,0,0,0,0,0,0,0,0,0,0,0,0,0
101,2017,263,550,12.05,0,0,0,0,0,0,0,-55.31,-15.9,0,0,0,0,0,0,0,0,0,0,0,0,0,0,0,0,0,0,0,0,0,0,0
101,2017,263,600,12.05,.002,0,0,0,0,0,0,-57.68,-15.88,0,.023,0,0,0,.017,.015,.003,.013,.003,0,.007,0,0,.012,0,0,.002,0,0,0,0,0
101,2017,263,610,12.05,.032,.012,.013,.047,.025,.015,.012,-52.12,-15.86,.013,.198,.013,.025,.018,.156,.159,.045,.153,.047,.008,.054,.017,.023,.122,.023,.017,.047,0,.015,.02,.002,.005
101,2017,263,620,12.05,.107,.044,.034,.196,.096,.059,.039,-51.29,-16.09,.047,.783,.054,.094,.072,.674,.691,.171,.63,.174,.047,.21,.059,.069,.555,.067,.06,.189,.025,.034,.072,.034,.032
101,2017,263,630,12.05,.273,.116,.074,.49,.238,.159,.091,-52.03,-16.29,.119,2.121,.137,.24,.181,1.703,1.755,.434,1.656,.434,.119,.526,.158,.174,1.383,.169,.159,.436,.045,.079,.183,.042,.072
101,2017,263,640,12.05,.493,.218,.136,.946,.424,.298,.163,-51.23,-16.33,.215,4.173,.25,.441,.314,3.036,3.167,.838,3.142,.795,.206,1.018,.298,.322,2.433,.29,.297,.728,.087,.148,.314,.086,.122
101,2017,263,650,12.05,.758,.342,.203,1.475,.617,.441,.231,-49.75,-16.4,.324,6.532,.367,.657,.433,4.406,4.651,1.333,4.805,1.229,.297,1.576,.441,.464,3.524,.416,.433,1.038,.126,.216,.431,.114,.179
101,2017,263,700,12.05,1.036,.443,.268,2.024,.833,.587,.302,-49.48,-16.52,.421,8.93,.454,.897,.543,5.73,6.076,1.868,6.498,1.665,.384,2.283,.644,.632,4.555,.516,.567,1.345,.169,.285,.531,.159,.231
101,2017,263,710,12.05,1.321,.545,.334,2.563,1.038,.743,.371,-45.76,-16.86,.506,12.08,.565,1.133,.672,7.53,7.44,2.397,12.33,2.114,.448,2.969,.828,.798,5.524,.645,.718,1.631,.213,.352,.654,.183,.288
101,2017,263,720,12.05,1.596,.661,.411,3.105,1.256,.929,.433,-42.87,-17.4,.637,34.21,.761,1.4,.89,10.06,8.78,5.454,24.54,2.647,.518,3.884,1.266,1.105,6.428,.768,1.237,1.896,.253,.424,.759,.225,.486
101,2017,263,730,12.05,1.849,.774,.466,3.633,1.509,1.15,.498,-44.58,-18.12,.763,44.49,1.071,1.663,1.135,11.17,9.93,3.705,30.65,3.23,.595,4.68,1.609,1.447,7.17,.875,2.208,2.136,.3,.458,.858,.248,.795
101,2017,263,740,12.05,2.102,.882,.553,4.144,1.748,1.354,.615,-45.29,-18.74,.89,52.25,1.269,1.965,1.143,11.97,10.98,4.196,36.52,3.592,.669,5.129,5.369,1.566,8.22,.976,1.205,2.36,.332,.523,.969,.302,.518
101,2017,263,750,12.05,2.342,.984,.645,4.68,2.023,1.591,.686,-43.47,-19.32,1.022,59.57,1.443,2.264,1.269,12.49,12.01,5.179,42.56,4.041,.739,5.591,1.919,3.325,8.94,1.079,1.334,2.574,.369,.577,9.57,.334,.501
101,2017,263,800,12.05,2.571,1.089,.753,5.298,2.367,2.026,.776,-43.12,-19.99,1.15,66.12,1.497,2.502,1.383,13.18,13.2,18.69,48.25,4.639,.803,5.977,2.036,8.99,9.4,1.172,3.727,2.764,.407,.627,1.111,.347,1.088
101,2017,263,810,12.05,2.824,1.197,.895,7.01,2.848,3.337,.804,-48.66,-20.7,1.277,72.9,1.513,2.697,1.492,14,19.24,8.93,54.44,6.099,.872,6.335,2.38,6.62,9.69,1.27,1.569,2.961,.436,.679,1.185,.369,.582
101,2017,263,820,12.05,3.052,1.307,1.024,36.37,3.159,5.212,2.333,-46.6,-20.92,1.379,78.5,1.562,2.876,1.585,15.16,28.12,6.89,59.78,21.91,.944,6.679,2.33,2.432,10.35,1.378,1.661,3.163,.526,.727,1.26,.399,.618
101,2017,263,830,12.05,3.263,1.433,1.192,41.81,3.389,13.51,2.128,-40.84,-20.97,1.48,84.4,1.642,3.015,1.674,17.65,32.78,6.917,65.45,24.88,1.037,7.04,2.422,2.645,11.43,1.456,1.746,3.352,.561,.778,1.332,.434,1.14
101,2017,263,840,12.06,3.635,1.619,2.058,43.91,3.566,25.16,1.415,-30.38,-21.11,1.639,89.8,1.713,3.097,1.773,21.22,37.75,13.43,70.9,39.1,1.138,7.32,4.532,31.38,12.45,1.56,1.852,3.535,.499,5.072,1.398,.436,.897
101,2017,263,850,12.06,3.84,5.257,1.455,44.79,10.3,31.76,5.115,-26.71,-20.56,5.621,95,1.768,3.204,1.887,25.45,43.19,34.75,76.3,20.59,1.183,7.31,2.591,45.1,12.48,1.673,1.954,3.716,.483,1.728,1.679,.447,.803
101,2017,263,900,12.06,3.802,4.518,1.49,43.58,25.04,36.89,7.2,-20.07,-19.75,23.56,99.5,1.84,3.243,2.043,29.73,48.72,56.8,81,6.556,1.223,7.35,2.408,41.63,13.11,1.808,2.168,3.894,.548,.895,1.82,.469,.947
101,2017,263,910,12.06,3.988,3.262,1.602,41.33,45.69,41.7,2.041,-15.64,-19.7,1.902,103.1,1.908,3.358,2.113,34.03,53.94,69.03,85.2,7.48,1.302,7.62,2.45,3.155,13.7,1.959,2.232,4.108,.898,.97,1.605,.498,.796
101,2017,263,920,12.06,4.18,2.044,1.744,38.16,52.38,46.12,1.071,-11.18,-19.76,5.219,106.8,2.006,3.505,2.741,38.5,59.08,73.5,89.3,17.04,1.416,12.67,8.53,2.954,14.25,2.094,2.354,4.366,.814,1.178,1.689,.531,.846
101,2017,263,930,12.06,5.425,2.247,1.794,34.1,45.21,35.86,1.124,-20.06,-20.18,4.676,110.4,2.176,17.81,5.449,43.45,63.95,76.1,93.4,7.7,1.568,36.39,62.23,3.041,15.69,17.26,2.56,4.661,.618,1.057,1.815,.563,.923
101,2017,263,940,12.06,4.891,2.54,1.84,31.83,20.55,20.61,1.216,-32.91,-21.52,2.173,114.4,2.342,18.64,10.51,49.2,69.15,72,97.8,8.41,1.657,56.47,26.91,3.143,18.33,6.078,3.842,5.016,.595,1.164,1.927,.603,1.339
101,2017,263,950,12.06,5.712,4.202,2.027,27.7,5.353,19.82,1.302,-24.2,-22.39,5.975,115.6,2.416,47.02,2.723,53.5,72.3,20.48,99.9,9.11,1.721,59.33,3.006,3.287,21.34,2.791,13.67,5.368,.637,1.37,2.041,.63,1.682
101,2017,263,1000,12.07,7.06,3.667,2.351,24.96,5.792,5.686,1.494,-15.56,-21.98,3.088,123.1,2.635,70.3,3.079,60.39,79,11.81,107.8,43,1.965,64.63,3.086,3.964,25.48,3.27,10.24,6.115,.645,1.727,2.19,.658,1.273
101,2017,263,1010,12.07,20.59,5.018,5.333,19.21,6.435,4.633,1.365,-7.82,-21.36,3.894,121,2.652,30.42,4.537,64.33,81.5,9.19,107.8,33.78,2.057,66.88,2.733,3.304,28.86,3.476,7.35,6.346,.643,2.801,2.227,.672,1.484
101,2017,263,1020,12.07,38.07,6.544,25.21,16.32,4.549,3.036,1.374,-4.81,-20.04,4.046,122.4,2.788,3.832,2.858,69.02,84.3,8.37,110.3,18.5,2.297,62.81,2.652,3.148,31.96,17.68,15.82,6.373,.637,1.31,2.289,.697,1.255
101,2017,263,1030,12.07,84.4,11.29,2.01,16.04,4.213,5.021,3.645,.211,-18.9,3.872,122.5,2.721,3.218,2.92,73.7,86.9,8.24,111.8,78.5,2.339,39.69,2.716,3.121,35.04,76.9,3.543,6.839,.657,11.85,2.479,.704,1.617
101,2017,263,1040,12.07,72.2,32.9,2.434,18.99,4.32,4.92,7.24,.012,-18.34,3.439,122.8,2.702,3.21,2.972,77.9,89,8.45,113,10.93,3.153,19.95,2.69,3.211,37.96,77.5,3.319,7.54,.67,1.484,2.345,.712,1.285
101,2017,263,1050,12.07,54.81,71.5,2.215,24.66,4.726,2.814,1.479,-5.855,-19,2.613,123.1,2.754,3.198,3.052,82,91.3,8.37,114.2,41.01,5.215,12.39,2.588,3.161,41.12,85.1,7.51,7.47,.692,1.369,2.367,.745,1.312
101,2017,263,1100,12.07,11.97,53.75,1.938,31.71,7.11,2.72,1.772,-9.12,-19.68,2.482,122.5,2.938,3.077,3.106,86.7,90.7,7.62,115.4,10.11,6.375,9.87,2.504,3.059,44.67,88.5,3.116,7.88,.712,1.817,2.451,.846,1.375
101,2017,263,1110,12.07,16.22,6.516,2.062,37.96,12.59,2.878,16.25,-7.6,-16.59,2.506,117.1,3.576,2.963,3.32,87,91,7.97,111.4,80.5,8.55,8.24,2.476,3.213,45.98,81.2,3.427,10.65,.695,5.028,2.759,.903,1.546
101,2017,263,1120,12.08,19.51,11.57,2.136,37.82,3.605,2.834,3.003,-8.82,-18.58,2.69,95.8,3.732,3.124,3.643,78,79.7,7.94,94.5,14.16,27.46,8.15,2.464,3.561,44.07,58.42,4.125,16.58,.712,16.79,2.948,.863,1.677
101,2017,263,1130,12.07,20.11,21.53,2.003,56.8,3.487,2.74,4.718,-10.39,-17.4,5.191,116.2,3.852,3.094,3.62,99.1,102,7.28,119,54.84,10.52,7.83,2.539,3.491,56.01,39.85,10.59,30.09,.777,33.23,3.055,1.409,1.68
101,2017,263,1140,12.07,11.31,60.53,2.072,63.95,3.648,2.983,5.052,-8.51,-16.77,5.313,112.6,3.812,3.375,4.336,105.2,106.5,7.38,121.6,90.1,4.038,8.07,2.677,6.092,61.84,4.134,3.913,60.23,.913,1.868,3.958,.997,2.015
101,2017,263,1150,12.08,13.53,48.74,9.18,72,4.691,3.66,2.154,-8.19,-16.35,11.41,114.1,3.892,3.804,10.22,111,111.8,9.68,127.7,35.32,5.129,8.78,3.187,4.522,65.96,5.03,4.417,82.1,.976,2.197,8.72,1.007,2.109
101,2017,263,1200,12.08,10.86,20.94,3.348,39.62,4.695,4.594,2.253,-4.263,-15.74,4.284,90.8,5.417,4.452,17.8,93.9,91.6,10.62,104.2,22.77,5.366,8.96,3.308,5.798,57.95,5.092,6.117,66.15,1.141,4.063,8.34,.983,2.489
101,2017,263,1210,12.08,9,4.1,2.891,15.94,6.145,5.056,2.688,-7.41,-14.7,4.152,59.77,5.348,6.143,7.27,65.16,62.3,11.97,64.68,16.33,4.706,10.32,3.879,6.081,45.94,4.976,6.539,30.33,1.429,2.785,6.981,1.157,3.191
101,2017,263,1220,12.08,8.17,3.244,2.497,14.09,6.557,4.17,2.799,-6.998,-13.33,3.805,49.19,4.187,6.297,6.411,55.7,55.18,10.74,49.97,11.58,3.537,11.21,3.722,4.916,43.37,4.646,5.261,19.74,1.472,2.591,7.04,1.332,2.757
101,2017,263,1230,12.07,7.43,2.769,2.228,12.88,6.061,3.718,2.554,-11.53,-11.88,3.412,44.14,3.551,5.599,5.542,49.83,49.92,9.95,43.74,10.16,3.145,10.87,3.438,4.318,39.53,4.197,4.69,15.99,1.285,2.239,6.18,1.229,2.229
101,2017,263,1240,12.07,6.673,2.62,2.102,11.92,5.921,3.626,2.581,-15.09,-10.61,3.353,41.96,3.681,5.484,5.634,50.07,48.99,9.15,42.46,10.01,3.487,10.14,3.301,4.32,39.46,4.234,4.42,16.69,1.276,2.223,6.291,1.246,2.442
101,2017,263,1250,12.07,6.34,2.454,1.936,11.06,5.357,3.276,2.327,-15.77,-9.86,3.033,38.56,3.325,4.968,5.067,45.99,46.25,8.35,39.33,9.07,2.908,9.44,3.097,3.906,36.94,3.864,4.291,15.56,1.166,2.025,5.765,1.161,2.035
101,2017,263,1300,12.07,6.154,2.357,1.881,10.83,5.37,3.198,2.3,-14.94,-9.35,2.987,36.99,3.142,4.91,4.995,44.82,44.91,8.14,37.67,8.43,2.801,9.3,2.967,3.752,36.25,3.745,4.059,14.71,1.161,2.002,5.786,1.169,2.023
101,2017,263,1310,12.07,5.977,2.303,1.859,10.57,5.36,3.223,2.312,-19.08,-8.89,2.968,36.81,3.163,4.997,5.169,44.43,44.1,7.96,37.24,8.23,2.777,9.38,2.885,3.828,35.98,3.719,3.881,14.97,1.178,2.015,5.65,1.161,2.168
101,2017,263,1320,12.07,6.322,2.498,2.007,11.09,5.443,3.32,2.409,-18.62,-8.6,3.128,39.15,3.404,5.054,5.386,46.74,46.35,8.44,40.02,9.16,3.064,9.56,3.074,4.017,37.37,3.982,4.269,16.2,1.198,2.129,5.929,1.181,2.24
101,2017,263,1330,12.07,6.99,2.592,2.23,11.64,5.845,3.679,2.603,-19.94,-8.41,3.362,42.15,4.358,5.735,6.34,51.27,50.6,8.87,44.28,9.37,3.163,10.16,3.171,4.986,40.73,4.128,5.013,19.63,1.33,2.387,6.46,1.268,2.639
101,2017,263,1340,12.07,6.373,2.387,1.982,10.83,5.416,3.347,2.337,-21.73,-8.56,3.006,38.17,3.569,5.219,5.405,45.44,45.64,8.12,39.21,8.57,2.711,9.49,2.919,4.13,36.73,3.746,4.344,16.44,1.223,2.143,5.844,1.164,2.211
101,2017,263,1350,12.07,5.834,2.171,1.763,9.91,5.014,3.002,2.175,-22.34,-8.68,2.796,34.7,2.903,4.681,4.788,41.26,41.84,7.48,35.23,7.7,2.408,8.77,2.754,3.507,33.81,3.44,3.858,14.09,1.109,1.912,5.408,1.071,1.948
101,2017,263,1400,12.07,5.154,1.955,1.59,9.01,4.525,2.659,1.954,-21.79,-8.74,2.505,31.78,2.625,4.195,4.369,37.84,38.16,6.784,32.17,7.16,2.268,7.96,2.547,3.155,31.02,3.13,3.49,12.64,.995,1.724,4.936,.96,1.741
101,2017,263,1410,12.07,4.728,1.799,1.508,8.47,4.296,2.547,1.86,-21.63,-8.69,2.364,30.08,2.547,3.942,4.158,35.78,35.99,6.338,30.38,6.876,2.138,7.56,2.392,3.038,29.42,2.991,3.277,12.04,.937,1.625,4.601,.918,1.68
101,2017,263,1420,12.07,4.872,1.814,1.476,8.54,4.247,2.525,1.819,-23.51,-8.59,2.317,29.8,2.481,3.927,4.034,34.93,35.36,6.437,29.93,6.764,2.039,7.5,2.387,2.981,28.77,2.898,3.223,11.65,.915,1.598,4.524,.896,1.623
101,2017,263,1430,12.08,4.676,1.739,1.427,8.27,4.091,2.419,1.722,-23.63,-8.65,2.24,28.6,2.319,3.781,3.855,33.17,33.67,6.243,28.55,6.462,1.925,7.26,2.26,2.826,27.33,2.801,3.024,10.86,.878,1.525,4.299,.848,1.563
101,2017,263,1440,12.08,4.619,1.742,1.392,8.14,4.026,2.352,1.717,-24.17,-8.6,2.191,28.15,2.267,3.642,3.711,32.98,33.18,6.112,28.02,6.464,2.024,7.07,2.223,2.825,27.03,2.82,2.949,10.67,.841,1.454,4.215,.861,1.483
101,2017,263,1450,12.08,4.46,1.722,1.407,7.87,3.959,2.419,1.758,-25.49,-8.56,2.28,28.52,2.595,3.599,3.942,34.53,33.87,6.105,29.2,6.795,2.297,6.869,2.237,3.002,27.72,2.95,3.094,11.89,.844,1.521,4.388,.87,1.647
101,2017,263,1500,12.08,4.431,1.736,1.553,7.84,4.13,2.558,1.933,-26.92,-8.4,2.495,29.4,2.811,3.937,4.798,37.42,36.58,6.016,31.51,7.04,2.376,6.971,2.309,3.277,30.11,3.071,3.307,14.09,.915,1.694,4.917,.945,2.049
101,2017,263,1510,12.08,4.785,1.836,1.602,8.2,4.282,2.635,1.954,-25.77,-8.35,2.47,29.67,2.753,4.091,4.638,37.83,37.53,6.129,31.73,6.873,2.32,7.29,2.285,3.282,30.79,3.14,3.337,14.04,.978,1.766,5.097,.98,1.975
101,2017,263,1520,12.08,4.361,1.62,1.391,7.66,3.977,2.354,1.781,-26.41,-8.48,2.247,27.09,2.364,3.611,3.998,33.72,34.15,5.72,28.22,6.323,2.083,6.809,2.128,2.885,27.66,2.868,2.914,11.67,.846,1.493,4.547,.891,1.706
101,2017,263,1530,12.08,4.23,1.644,1.434,7.46,3.962,2.336,1.808,-26.26,-8.35,2.255,27.04,2.446,3.761,4.204,34.47,34.94,5.608,28.72,6.224,2.134,6.784,2.041,3.051,28.34,2.852,3.024,12.55,.875,1.523,4.684,.916,1.798
101,2017,263,1540,12.08,3.857,1.496,1.25,6.728,3.554,2.121,1.63,-28.14,-8.33,2.004,24.58,2.222,3.26,3.765,31.44,31.76,5.12,26.03,5.743,2.051,6.102,1.88,2.711,25.8,2.528,2.759,10.71,.767,1.335,4.22,.787,1.496
101,2017,263,1550,12.08,3.51,1.349,1.181,6.192,3.309,1.935,1.597,-25.91,-8.36,1.858,22.74,2.047,3.014,3.669,30.57,30.61,4.708,24.58,5.366,2.511,5.737,1.781,2.57,25.26,2.476,2.431,10.31,.715,1.262,4.256,.779,1.489
101,2017,263,1600,12.08,3.311,1.283,1.139,5.676,3.125,1.843,1.551,-25.34,-8.32,1.759,21.11,2.101,2.895,3.515,28.51,28.94,4.225,22.96,4.926,1.799,5.326,1.659,2.562,23.92,2.354,2.434,10.71,.709,1.24,3.984,.779,1.476
101,2017,263,1610,12.08,2.922,1.188,1.014,5.313,3.053,1.704,1.501,-26.84,-8.23,1.699,19.41,1.659,2.674,3.167,26.84,27.55,3.959,20.84,4.504,1.664,5.142,1.618,2.391,23.1,2.403,2.145,9.57,.672,1.144,3.696,.797,1.295
101,2017,263,1620,12.08,2.657,1.005,.873,4.626,2.645,1.471,1.22,-25.81,-8.36,1.422,16.87,1.481,2.324,2.728,22.79,23.48,3.507,17.76,3.828,1.354,4.602,1.396,1.987,19.8,2.019,1.853,7.72,.551,.96,3.093,.702,1.104
101,2017,263,1630,12.08,2.33,.878,.792,4.212,2.387,1.362,1.126,-28.52,-8.39,1.329,15.63,1.421,2.141,2.659,21.89,22.59,3.175,16.5,3.626,1.297,4.237,1.325,1.892,19.15,1.908,1.737,7.28,.514,.916,2.882,.648,1.082
101,2017,263,1640,12.08,2.156,.833,.759,3.952,2.242,1.314,1.086,-26.85,-8.34,1.293,14.84,1.364,1.992,2.516,23.79,23.87,3.029,15.9,3.55,1.525,3.976,1.3,1.865,20.59,1.95,1.625,7.1,.484,.838,2.853,.648,1.015
101,2017,263,1650,12.08,1.826,.757,.699,3.404,2.074,1.218,1.092,-28.32,-8.27,1.236,13.96,1.449,1.836,2.56,27.41,26.72,2.701,15.28,3.398,1.608,3.621,1.193,1.866,23.99,1.954,1.545,7.41,.456,.794,2.78,.61,1.092
101,2017,263,1700,12.08,1.577,.645,.637,2.895,1.89,1.134,1.015,-26.39,-8.37,1.144,12.39,1.314,1.659,5.666,29.6,31.3,2.386,13.85,3.048,1.573,3.299,1.089,1.742,29.28,1.843,1.431,6.712,.439,.719,2.667,.573,1.057
101,2017,263,1710,12.08,1.173,.508,.506,2.334,1.536,.93,.814,-27.25,-8.38,.977,10.96,1.129,1.3,4.333,25.35,31.33,1.995,11.37,2.634,1.431,2.811,.916,1.488,17.49,1.593,1.133,5.519,.379,.563,2.108,.491,.888
101,2017,263,1720,12.08,1.004,.446,.412,1.96,1.262,.759,.638,-29.15,-8.32,.779,9.45,.861,1.082,1.567,16.7,25.76,1.628,9.14,2.178,1.139,2.324,.736,1.158,12.57,1.303,.861,4.217,.293,.446,1.642,.421,.67
101,2017,263,1730,12.08,.851,.38,.362,1.628,1.039,.608,.518,-29.95,-8.18,.618,7.16,.712,.895,1.265,11.91,15.61,1.359,7.65,1.788,.9,1.917,.596,.943,10.17,1.071,.714,3.525,.241,.402,1.329,.345,.529
101,2017,263,1740,12.08,.67,.31,.271,1.302,.792,.472,.417,-29.77,-8.09,.472,5.644,.526,.685,.958,9,8.98,1.076,5.938,1.411,.685,1.511,.467,.729,7.69,.823,.546,2.677,.193,.313,1.009,.266,.41
101,2017,263,1750,12.07,.518,.226,.201,.985,.588,.365,.305,-31.65,-8.05,.357,4.081,.384,.503,.648,6.01,6.003,.789,4.204,.988,.436,1.071,.342,.486,5.118,.541,.41,1.806,.139,.228,.71,.184,.276
101,2017,263,1800,12.07,.365,.147,.129,.638,.387,.23,.184,-35.16,-8.04,.221,2.565,.246,.333,.407,3.636,3.637,.504,2.625,.605,.271,.672,.218,.307,3.084,.354,.265,1.067,.082,.144,.422,.099,.164
101,2017,263,1810,12.07,.209,.08,.07,.37,.211,.126,.097,-35.88,-8.06,.117,1.394,.129,.184,.223,1.915,1.942,.307,1.411,.347,.139,.379,.121,.169,1.65,.188,.144,.555,.042,.079,.236,.055,.09
101,2017,263,1820,12.07,.087,.035,.03,.154,.09,.049,.044,-36.44,-8.13,.045,.55,.052,.074,.085,.737,.754,.121,.545,.142,.052,.161,.049,.065,.643,.079,.055,.235,.015,.034,.092,.03,.032
101,2017,263,1830,12.07,.018,.002,0,.034,.02,.007,.007,-34.89,-8.24,.005,.127,.005,.02,.018,.181,.186,.023,.126,.035,.01,.04,.007,.017,.159,.018,.01,.057,0,.002,.018,0,.002
101,2017,263,1840,12.07,0,0,0,0,0,0,0,-38.56,-8.35,0,.013,0,0,0,.018,.017,0,.012,0,0,0,0,0,.015,0,0,.002,0,0,0,0,0
101,2017,263,1850,12.07,0,0,0,0,0,0,0,-41.75,-8.55,0,0,0,0,0,0,0,0,0,0,0,0,0,0,0,0,0,0,0,0,0,0,0
101,2017,263,1900,12.07,0,0,0,0,0,0,0,-47.01,-8.89,0,0,0,0,0,0,0,0,0,0,0,0,0,0,0,0,0,0,0,0,0,0,0
101,2017,263,1910,12.07,0,0,0,0,0,0,0,-54.98,-9.41,0,0,0,0,0,0,0,0,0,0,0,0,0,0,0,0,0,0,0,0,0,0,0
101,2017,263,1920,12.07,0,0,0,0,0,0,0,-62.46,-10.52,0,0,0,0,0,0,0,0,0,0,0,0,0,0,0,0,0,0,0,0,0,0,0
101,2017,263,1930,12.07,0,0,0,0,0,0,0,-67.19,-12.45,0,0,0,0,0,0,0,0,0,0,0,0,0,0,0,0,0,0,0,0,0,0,0
101,2017,263,1940,12.07,0,0,0,0,0,0,0,-72,-13.85,0,0,0,0,0,0,0,0,0,0,0,0,0,0,0,0,0,0,0,0,0,0,0
101,2017,263,1950,12.07,0,0,0,0,0,0,0,-74.9,-14.4,0,0,0,0,0,0,0,0,0,0,0,0,0,0,0,0,0,0,0,0,0,0,0
101,2017,263,2000,12.07,0,0,0,0,0,0,0,-76.4,-15.2,0,0,0,0,0,0,0,0,0,0,0,0,0,0,0,0,0,0,0,0,0,0,0
101,2017,263,2010,12.07,0,0,0,0,0,0,0,-78.5,-15.78,0,0,0,0,0,0,0,0,0,0,0,0,0,0,0,0,0,0,0,0,0,0,0
101,2017,263,2020,12.07,0,0,0,0,0,0,0,-80.6,-15.72,0,0,0,0,0,0,0,0,0,0,0,0,0,0,0,0,0,0,0,0,0,0,0
101,2017,263,2030,12.07,0,0,0,0,0,0,0,-81.1,-15.93,0,0,0,0,0,0,0,0,0,0,0,0,0,0,0,0,0,0,0,0,0,0,0
101,2017,263,2040,12.07,0,0,0,0,0,0,0,-81.2,-16.29,0,0,0,0,0,0,0,0,0,0,0,0,0,0,0,0,0,0,0,0,0,0,0
101,2017,263,2050,12.06,0,0,0,0,0,0,0,-81.3,-16.32,0,0,0,0,0,0,0,0,0,0,0,0,0,0,0,0,0,0,0,0,0,0,0
101,2017,263,2100,12.06,0,0,0,0,0,0,0,-81.8,-16.28,0,0,0,0,0,0,0,0,0,0,0,0,0,0,0,0,0,0,0,0,0,0,0
101,2017,263,2110,12.07,0,0,0,0,0,0,0,-80.7,-16.3,0,0,0,0,0,0,0,0,0,0,0,0,0,0,0,0,0,0,0,0,0,0,0
101,2017,263,2120,12.06,0,0,0,0,0,0,0,-79.9,-16.16,0,0,0,0,0,0,0,0,0,0,0,0,0,0,0,0,0,0,0,0,0,0,0
101,2017,263,2130,12.06,0,0,0,0,0,0,0,-78.7,-16.13,0,0,0,0,0,0,0,0,0,0,0,0,0,0,0,0,0,0,0,0,0,0,0
101,2017,263,2140,12.06,0,0,0,0,0,0,0,-76.8,-15.8,0,0,0,0,0,0,0,0,0,0,0,0,0,0,0,0,0,0,0,0,0,0,0
101,2017,263,2150,12.06,0,0,0,0,0,0,0,-76.6,-15.79,0,0,0,0,0,0,0,0,0,0,0,0,0,0,0,0,0,0,0,0,0,0,0
101,2017,263,2200,12.06,0,0,0,0,0,0,0,-76.3,-15.93,0,0,0,0,0,0,0,0,0,0,0,0,0,0,0,0,0,0,0,0,0,0,0
101,2017,263,2210,12.06,0,0,0,0,0,0,0,-76.1,-16.02,0,0,0,0,0,0,0,0,0,0,0,0,0,0,0,0,0,0,0,0,0,0,0
101,2017,263,2220,12.06,0,0,0,0,0,0,0,-75.1,-15.98,0,0,0,0,0,0,0,0,0,0,0,0,0,0,0,0,0,0,0,0,0,0,0
101,2017,263,2230,12.06,0,0,0,0,0,0,0,-72.1,-15.97,0,0,0,0,0,0,0,0,0,0,0,0,0,0,0,0,0,0,0,0,0,0,0
101,2017,263,2240,12.06,0,0,0,0,0,0,0,-71.3,-15.98,0,0,0,0,0,0,0,0,0,0,0,0,0,0,0,0,0,0,0,0,0,0,0
101,2017,263,2250,12.06,0,0,0,0,0,0,0,-72.7,-15.96,0,0,0,0,0,0,0,0,0,0,0,0,0,0,0,0,0,0,0,0,0,0,0
101,2017,263,2300,12.06,0,0,0,0,0,0,0,-74.4,-16.13,0,0,0,0,0,0,0,0,0,0,0,0,0,0,0,0,0,0,0,0,0,0,0
101,2017,263,2310,12.06,0,0,0,0,0,0,0,-72.9,-16.48,0,0,0,0,0,0,0,0,0,0,0,0,0,0,0,0,0,0,0,0,0,0,0
101,2017,263,2320,12.06,0,0,0,0,0,0,0,-69.56,-16.34,0,0,0,0,0,0,0,0,0,0,0,0,0,0,0,0,0,0,0,0,0,0,0
101,2017,263,2330,12.06,0,0,0,0,0,0,0,-69.31,-16.11,0,0,0,0,0,0,0,0,0,0,0,0,0,0,0,0,0,0,0,0,0,0,0
101,2017,263,2340,12.06,0,0,0,0,0,0,0,-69.64,-16.33,0,0,0,0,0,0,0,0,0,0,0,0,0,0,0,0,0,0,0,0,0,0,0
101,2017,263,2350,12.05,0,0,0,0,0,0,0,-67.6,-16.19,0,0,0,0,0,0,0,0,0,0,0,0,0,0,0,0,0,0,0,0,0,0,0
101,2017,263,2400,12.06,0,0,0,0,0,0,0,-67.8,-16.18,0,0,0,0,0,0,0,0,0,0,0,0,0,0,0,0,0,0,0,0,0,0,0
102,2017,263,2400,12.04,5266
101,2017,264,10,12.05,0,0,0,0,0,0,0,-68.06,-16.37,0,0,0,0,0,0,0,0,0,0,0,0,0,0,0,0,0,0,0,0,0,0,0
101,2017,264,20,12.05,0,0,0,0,0,0,0,-68.97,-16.35,0,0,0,0,0,0,0,0,0,0,0,0,0,0,0,0,0,0,0,0,0,0,0
101,2017,264,30,12.06,0,0,0,0,0,0,0,-69.29,-16.49,0,0,0,0,0,0,0,0,0,0,0,0,0,0,0,0,0,0,0,0,0,0,0
101,2017,264,40,12.06,0,0,0,0,0,0,0,-71.8,-16.45,0,0,0,0,0,0,0,0,0,0,0,0,0,0,0,0,0,0,0,0,0,0,0
101,2017,264,50,12.06,0,0,0,0,0,0,0,-71.9,-16.48,0,0,0,0,0,0,0,0,0,0,0,0,0,0,0,0,0,0,0,0,0,0,0
101,2017,264,100,12.05,0,0,0,0,0,0,0,-71.5,-16.32,0,0,0,0,0,0,0,0,0,0,0,0,0,0,0,0,0,0,0,0,0,0,0
101,2017,264,110,12.05,0,0,0,0,0,0,0,-71.6,-16.28,0,0,0,0,0,0,0,0,0,0,0,0,0,0,0,0,0,0,0,0,0,0,0
101,2017,264,120,12.05,0,0,0,0,0,0,0,-71.7,-16.32,0,0,0,0,0,0,0,0,0,0,0,0,0,0,0,0,0,0,0,0,0,0,0
101,2017,264,130,12.05,0,0,0,0,0,0,0,-71.9,-16.26,0,0,0,0,0,0,0,0,0,0,0,0,0,0,0,0,0,0,0,0,0,0,0
101,2017,264,140,12.05,0,0,0,0,0,0,0,-70.7,-16.17,0,0,0,0,0,0,0,0,0,0,0,0,0,0,0,0,0,0,0,0,0,0,0
101,2017,264,150,12.05,0,0,0,0,0,0,0,-70.1,-16.2,0,0,0,0,0,0,0,0,0,0,0,0,0,0,0,0,0,0,0,0,0,0,0
101,2017,264,200,12.05,0,0,0,0,0,0,0,-70.4,-16.32,0,0,0,0,0,0,0,0,0,0,0,0,0,0,0,0,0,0,0,0,0,0,0
101,2017,264,210,12.05,0,0,0,0,0,0,0,-71.1,-16.41,0,0,0,0,0,0,0,0,0,0,0,0,0,0,0,0,0,0,0,0,0,0,0
101,2017,264,220,12.05,0,0,0,0,0,0,0,-72.6,-16.52,0,0,0,0,0,0,0,0,0,0,0,0,0,0,0,0,0,0,0,0,0,0,0
101,2017,264,230,12.05,0,0,0,0,0,0,0,-72.2,-16.08,0,0,0,0,0,0,0,0,0,0,0,0,0,0,0,0,0,0,0,0,0,0,0
101,2017,264,240,12.05,0,0,0,0,0,0,0,-72.7,-16.36,0,0,0,0,0,0,0,0,0,0,0,0,0,0,0,0,0,0,0,0,0,0,0
101,2017,264,250,12.05,0,0,0,0,0,0,0,-72.5,-16.29,0,0,0,0,0,0,0,0,0,0,0,0,0,0,0,0,0,0,0,0,0,0,0
101,2017,264,300,12.05,0,0,0,0,0,0,0,-70.7,-16.1,0,0,0,0,0,0,0,0,0,0,0,0,0,0,0,0,0,0,0,0,0,0,0
101,2017,264,310,12.05,0,0,0,0,0,0,0,-70.7,-16.22,0,0,0,0,0,0,0,0,0,0,0,0,0,0,0,0,0,0,0,0,0,0,0
101,2017,264,320,12.05,0,0,0,0,0,0,0,-71.4,-16.29,0,0,0,0,0,0,0,0,0,0,0,0,0,0,0,0,0,0,0,0,0,0,0
101,2017,264,330,12.06,0,0,0,0,0,0,0,-72.8,-16.44,0,0,0,0,0,0,0,0,0,0,0,0,0,0,0,0,0,0,0,0,0,0,0
101,2017,264,340,12.06,0,0,0,0,0,0,0,-69.83,-16.19,0,0,0,0,0,0,0,0,0,0,0,0,0,0,0,0,0,0,0,0,0,0,0
101,2017,264,350,12.06,0,0,0,0,0,0,0,-66.49,-15.93,0,0,0,0,0,0,0,0,0,0,0,0,0,0,0,0,0,0,0,0,0,0,0
101,2017,264,400,12.05,0,0,0,0,0,0,0,-65.33,-16.02,0,0,0,0,0,0,0,0,0,0,0,0,0,0,0,0,0,0,0,0,0,0,0
101,2017,264,410,12.05,0,0,0,0,0,0,0,-66.12,-16.12,0,0,0,0,0,0,0,0,0,0,0,0,0,0,0,0,0,0,0,0,0,0,0
101,2017,264,420,12.05,0,0,0,0,0,0,0,-67.65,-16.07,0,0,0,0,0,0,0,0,0,0,0,0,0,0,0,0,0,0,0,0,0,0,0
101,2017,264,430,12.05,0,0,0,0,0,0,0,-68.99,-16.33,0,0,0,0,0,0,0,0,0,0,0,0,0,0,0,0,0,0,0,0,0,0,0
101,2017,264,440,12.05,0,0,0,0,0,0,0,-69.09,-16.38,0,0,0,0,0,0,0,0,0,0,0,0,0,0,0,0,0,0,0,0,0,0,0
101,2017,264,450,12.05,0,0,0,0,0,0,0,-69,-16.22,0,0,0,0,0,0,0,0,0,0,0,0,0,0,0,0,0,0,0,0,0,0,0
101,2017,264,500,12.05,0,0,0,0,0,0,0,-67.66,-16.01,0,0,0,0,0,0,0,0,0,0,0,0,0,0,0,0,0,0,0,0,0,0,0
101,2017,264,510,12.05,0,0,0,0,0,0,0,-67.74,-16.01,0,0,0,0,0,0,0,0,0,0,0,0,0,0,0,0,0,0,0,0,0,0,0
101,2017,264,520,12.05,0,0,0,0,0,0,0,-65.94,-16.01,0,0,0,0,0,0,0,0,0,0,0,0,0,0,0,0,0,0,0,0,0,0,0
101,2017,264,530,12.05,0,0,0,0,0,0,0,-66.65,-15.97,0,0,0,0,0,0,0,0,0,0,0,0,0,0,0,0,0,0,0,0,0,0,0
101,2017,264,540,12.05,0,0,0,0,0,0,0,-67.52,-15.94,0,0,0,0,0,0,0,0,0,0,0,0,0,0,0,0,0,0,0,0,0,0,0
101,2017,264,550,12.05,0,0,0,0,0,0,0,-70.2,-15.92,0,0,0,0,0,0,0,0,0,0,0,0,0,0,0,0,0,0,0,0,0,0,0
101,2017,264,600,12.05,.002,0,0,.002,0,0,0,-72.8,-15.77,0,.028,0,0,0,.02,.017,.005,.015,.005,0,.008,0,0,.012,0,0,.005,0,0,0,0,0
101,2017,264,610,12.05,.032,.01,.013,.052,.03,.017,.015,-68.71,-15.32,.017,.225,.02,.032,.022,.171,.181,.049,.176,.05,.01,.054,.02,.025,.137,.027,.018,.054,0,.015,.022,.005,.007
101,2017,264,620,12.05,.119,.047,.034,.216,.106,.065,.04,-67.88,-15.27,.052,.845,.057,.104,.077,.722,.749,.188,.692,.193,.05,.215,.064,.074,.592,.072,.067,.203,.027,.034,.08,.034,.034
101,2017,264,630,12.05,.287,.121,.077,.515,.255,.166,.092,-70.3,-15.64,.126,2.137,.132,.24,.184,1.755,1.829,.449,1.727,.453,.129,.5,.159,.184,1.411,.174,.168,.448,.042,.085,.189,.042,.074
101,2017,264,640,12.05,.489,.208,.134,.954,.426,.305,.161,-67.87,-15.48,.218,4.104,.238,.431,.31,3.059,3.224,.847,3.168,.81,.206,.949,.295,.33,2.451,.293,.298,.738,.082,.139,.319,.085,.124
101,2017,264,650,12.05,.754,.337,.199,1.457,.62,.439,.231,-62.26,-15.08,.322,6.512,.35,.649,.432,4.447,4.752,1.333,4.799,1.225,.3,1.515,.436,.468,3.535,.417,.436,1.038,.127,.218,.432,.114,.181
101,2017,264,700,12.05,1.012,.436,.263,1.963,.825,.577,.3,-59.35,-15.01,.412,8.88,.441,.887,.541,5.733,6.222,1.829,6.418,1.648,.386,2.308,.677,.645,4.571,.518,.565,1.338,.171,.283,.531,.161,.23
101,2017,264,710,12.05,1.266,.521,.325,2.446,1.019,.726,.37,-58.82,-14.91,.496,12.5,.533,1.096,.691,8.18,7.57,2.434,13.14,2.075,.448,3.14,.925,.811,5.56,.647,.702,1.619,.208,.344,.657,.189,.285
101,2017,264,720,12.05,1.509,.627,.401,2.911,1.232,.902,.432,-59.5,-14.67,.624,38.03,.737,1.344,.945,10.18,8.86,5.377,25.95,2.569,.515,3.956,1.341,1.339,6.423,.764,.964,1.872,.25,.414,.764,.228,.513
101,2017,264,730,12.05,1.75,.727,.456,3.396,1.478,1.111,.499,-60.49,-13.64,.749,47.44,1.058,1.607,1.034,11.23,9.97,3.583,32.43,3.032,.592,4.621,1.651,1.431,7.15,.872,1.218,2.102,.293,.451,.858,.253,.855
101,2017,264,740,12.05,1.993,.835,.543,3.908,1.728,1.329,.674,-63.82,-14.34,.883,55.87,1.234,1.936,1.153,11.96,11.05,4.11,38.98,3.469,.664,5.115,3.65,1.668,7.97,.977,1.188,2.318,.33,.51,.982,.3,.458
101,2017,264,750,12.05,2.211,.928,.634,4.425,2.008,1.579,.697,-59.91,-14.38,1.016,64.11,1.396,2.229,1.282,12.47,12.05,6.248,45.73,5.135,.737,5.613,1.951,2.247,8.61,1.078,1.326,2.532,.367,.565,4.723,.364,.504
101,2017,264,800,12.05,2.48,1.049,.753,5.043,2.408,2.232,.806,-55.99,-14.89,1.166,72.3,1.487,2.531,1.421,13.31,13.6,32.94,52.69,5.021,.806,6.209,2.194,11.94,9.75,1.18,2.155,2.735,.419,.639,1.136,.369,.669
101,2017,264,810,12.05,3.776,1.43,.838,8.54,2.889,3.193,.845,-51.58,-15.59,1.351,57.81,1.456,3.33,1.478,14.42,19.39,20.3,42.6,5.896,.826,7.14,2.269,2.945,10.64,1.265,1.906,2.846,.476,.761,1.197,.364,.623
101,2017,264,820,12.05,5.65,2.174,1.27,18.1,3.954,4.093,1.182,-50.42,-15.88,1.894,47.07,1.497,4.255,1.922,19.63,26.49,10.08,36.42,11.03,.932,8.54,2.464,3.233,14.53,1.681,2.283,3.833,.587,1.044,1.75,.434,.771
101,2017,264,830,12.06,4.694,2.07,1.428,29.57,4.125,9.01,1.487,-42.47,-15.62,1.914,66.82,1.842,3.888,1.973,20.95,31.77,10.17,52.73,10.55,1.218,8.45,2.707,4.289,13.9,1.852,2.452,4.523,.535,1.364,1.728,.451,.957
101,2017,264,840,12.06,3.618,1.896,1.319,32.73,4.069,16.67,1.971,-30.47,-15.75,2.043,73.3,1.689,3.421,1.711,20.2,32.75,18.66,57.05,29.43,1.165,8.31,3.709,4.398,12.32,1.582,1.994,3.419,.471,2.77,1.403,.424,.724
101,2017,264,850,12.06,4.798,2.455,1.601,47.96,15.22,32.2,6.457,-20.15,-14.48,7.82,101.1,1.895,4.403,2.288,28.82,48.55,48.21,80.3,14.29,1.207,10.51,3.146,24.9,15.49,1.884,2.39,3.804,.711,4.735,1.889,.545,.828
101,2017,264,900,12.06,8.44,3.941,1.947,21.5,8.55,9.01,2.463,-29.06,-16.06,4.806,55.43,2.043,5.595,2.85,30.61,38.56,20.17,45.8,9.26,1.429,10.77,3.199,9.63,21.12,2.742,3.4,6.261,.798,1.473,2.951,.615,1.133
101,2017,264,910,12.06,9.29,4.34,2.52,24.36,15.28,12.69,1.937,-23.51,-15.94,3.799,69.54,2.902,6.712,3.631,39.76,48.82,26.38,58.77,13.15,2.038,12.82,3.969,5.948,26.16,3.582,4.437,9.38,.974,1.895,3.631,.762,1.471
101,2017,264,920,12.06,6.987,3.17,2.349,43.82,55.45,48.07,1.64,3.609,-14.92,15.96,121.3,2.728,5.899,3.735,48.83,71.4,78,102.1,13.88,2.046,21.25,9.81,4.452,21.83,3.048,3.624,7.28,2.037,3.279,2.843,.801,1.423
101,2017,264,930,12.06,10.09,4.696,2.456,28.88,22.94,18.17,1.491,-11.1,-15.95,3.714,84.7,2.523,11.92,4.356,40.06,53.75,42.97,70.5,11.42,1.86,23.73,24.57,5.826,20.75,7.48,4.435,6.559,.824,1.731,2.362,.607,1.218
101,2017,264,940,12.06,12.02,5.753,2.954,32.04,14.09,10.75,1.875,-15.94,-15.99,3.915,97.9,2.919,10.04,7.12,50.65,66.19,49.14,83.3,12.55,2.176,37.22,18.65,5.397,27.04,5.589,7.58,8.78,1.002,2.393,2.996,.729,1.592
101,2017,264,950,12.06,11.72,4.783,2.862,21.52,7.12,5.189,2.093,-16.65,-15.9,3.743,64.54,3.334,7.91,4.083,45.25,51.99,19.77,56.64,13.92,2.461,17.52,4.219,4.43,30.68,4.123,7.36,11.15,1.037,2.372,3.964,.803,1.645
101,2017,264,1000,12.06,9.95,4.153,2.635,17.51,6.588,4.452,2.336,-18.01,-15.28,3.731,56.95,3.803,7.27,4.886,48.41,51.61,13.52,52.62,14.47,3.051,13.51,3.761,4.428,34.94,4.584,5.527,15.05,1.161,2.351,4.998,.957,2.019
101,2017,264,1010,12.06,14.27,5.609,4.138,21.34,7.68,5.259,2.567,-20.73,-14.27,8.6,74.7,4.458,7.72,6.382,58.54,64.33,16.21,69,17.26,3.458,22.09,4.19,5.487,39.21,5.675,6.445,16.89,1.275,2.835,5.343,1.035,2.612
101,2017,264,1020,12.06,34.56,10.46,15.22,26.61,7.87,5.438,2.495,-24.34,-13.05,5.52,114.9,4.319,7.18,5.217,75.1,87.7,19.71,105.3,21.59,3.634,45.94,4.358,5.969,41.59,18.23,10.06,14,1.151,3.924,4.383,.94,2.577
101,2017,264,1030,12.07,22.8,8.33,3.111,19.4,5.584,4.266,2.039,-21.66,-13.32,3.957,69.4,3.984,5.192,4.301,51.02,55.72,15.47,64.39,22.72,3.341,16.05,3.679,4.307,31.48,14.91,5.835,14.45,.925,3.198,3.607,.632,2.156
101,2017,264,1040,12.07,15.11,6.847,3.106,19.19,6.02,4.624,1.932,-20.81,-13.06,3.912,64.03,4.567,5.09,4.386,47.95,50.25,14.98,59.86,17.42,3.632,11.64,3.686,4.994,29.44,8.75,5.822,16.73,.865,2.265,3.324,.605,2.083
101,2017,264,1050,12.07,13.8,8.22,3.118,18.97,5.861,4.544,1.94,-20.64,-12.44,3.862,64.36,4.711,5.164,4.535,49.34,51.17,14.48,60.72,18.5,3.929,10.78,3.659,4.902,29.96,8.84,5.807,18.19,.928,2.238,3.438,.601,2.205
101,2017,264,1100,12.07,14.66,11.68,3.245,23.11,6.536,4.966,2.302,-21.39,-11.64,4.152,73,4.574,5.221,4.125,53.8,57.58,15.68,67.95,19.82,4.321,11.74,3.89,5.075,32.04,13.4,5.993,17.46,.903,2.289,3.399,.61,1.858
101,2017,264,1110,12.07,15.96,7.6,3.217,27.73,6.204,4.557,6.442,-22.96,-9.83,4.338,81.3,4.321,5.529,4.611,63.09,68.29,15.88,78.4,24.7,7.94,11.94,4.061,4.788,38.56,22.37,6.564,17.86,1.005,3.555,3.619,.682,1.888
101,2017,264,1120,12.07,10.01,6.601,2.337,47.5,4.043,3.006,4.83,-23.4,-10.15,2.907,120.4,3.245,4.031,3.987,96.5,103.9,9.5,119.6,10.9,42.34,9.37,3.113,3.398,55.32,73.6,4.081,11.38,.962,5.484,3.208,1.054,1.709
101,2017,264,1130,12.07,10.4,19.57,1.861,54.97,3.42,2.558,3.234,-20.48,-11.04,2.392,114.1,2.981,3.083,3.465,97,102.7,6.827,117.3,69.84,16.1,7.85,2.53,6.212,55.95,29.05,4.586,30.04,.784,9.9,2.811,1.292,1.54
101,2017,264,1140,12.07,8.41,55,1.876,62.47,3.388,2.6,2.334,-22.71,-11.69,12.99,108.2,3.173,3.068,3.868,99.7,104.4,6.81,117.4,75.3,3.781,7.53,2.444,13.99,59.09,3.542,3.388,58.1,.789,1.964,3.115,.915,1.588
101,2017,264,1150,12.07,10.97,58.12,2.5,69.25,3.369,2.644,1.71,-24.2,-11.85,3.416,103.4,3.267,3.076,16.57,102.8,106.6,6.694,118.1,16.45,3.176,7.41,2.515,3.322,62.42,3.448,3.458,80.7,.819,1.742,5.835,.856,1.637
101,2017,264,1200,12.07,10.06,44.6,4.134,41.42,3.407,2.709,1.794,-16.71,-11.51,5.57,97.8,3.369,3.149,31.37,105.3,108.4,6.696,118.1,11.82,3.282,7.51,2.654,3.908,65.32,3.392,3.543,78.4,.863,3.917,6.48,.926,1.725
101,2017,264,1210,12.07,7.41,5.62,1.751,9.58,3.329,2.801,1.791,-11,-10.95,2.389,92.4,3.516,3.218,6.034,107.9,110,6.62,118.1,44.57,6.446,7.4,2.489,52.54,68.24,3.32,4.468,87.9,.92,7.92,5.265,.958,1.841
101,2017,264,1220,12.07,8.84,2.623,1.747,7.59,3.35,11.51,1.861,-15.09,-9.99,2.387,89.6,6.293,3.256,15.04,111,111.3,6.729,118.1,12.6,11.52,7.17,2.498,6.134,70.6,3.538,14.18,93.8,1.02,1.727,4.752,.956,2.003
101,2017,264,1230,12.07,5.012,2.881,2.243,8.07,3.513,3.344,2.045,-22.76,-9.18,2.824,87.2,8.29,3.555,4.737,114.3,111,6.917,117.2,12.67,8.79,7.04,2.829,4.479,72.9,4.102,44.68,93.6,1.074,2.101,4.9,1.029,2.421
101,2017,264,1240,12.07,6.72,2.801,5.61,7.66,3.968,3.678,2.229,-22.52,-8.55,3.199,85.6,8.78,4.333,6.218,115.9,110.5,7.02,115.6,16.26,5.372,7.1,2.965,5.372,75,4.457,24.15,93.4,3.462,2.57,5.477,1.111,3.382
101,2017,264,1250,12.07,8.8,2.651,3.263,8.24,4.774,5.057,2.437,-21.34,-8.3,4.057,66.64,8.71,5.249,6.978,88.6,82.6,7.25,84.5,28.06,5.383,7.58,2.893,6.067,59.2,4.469,13.48,62.49,1.368,3.276,6.38,1.136,3.903
101,2017,264,1300,12.07,10.87,3.492,3.142,11.9,5.576,4.906,2.839,-20.55,-7.66,5.043,72.6,11.33,6.425,7.77,94.8,90.4,9.87,90.4,24.53,5.569,9.65,3.748,7.82,64.85,5.026,10.62,65.2,1.484,4.063,7.17,1.395,4.239
101,2017,264,1310,12.07,8.87,14.06,3.388,14.26,6.906,8.29,3.326,-28.46,-6.731,4.599,84.2,10.41,7.46,8.39,112.9,109.3,11.27,107.2,18.14,6.187,11.59,4.276,7.51,77.7,5.889,10.06,79.3,1.767,3.534,7.77,1.559,4.422
101,2017,264,1320,12.07,9.37,4.562,3.708,13.38,6.256,7.88,3.191,-28.56,-6.403,4.663,75.1,20.94,7.01,8.15,100.8,98.3,10.67,95,15.88,5.51,10.86,4.036,7.54,70.8,7.8,9.83,68.36,12.13,3.284,7.67,1.519,6.209
101,2017,264,1330,12.07,8.44,2.985,2.944,10.76,5.41,4.817,3.609,-30.36,-6.138,3.743,56.56,16.53,6.547,9.83,73.4,71.2,8.59,67.48,13.92,4.495,9.25,3.295,8.35,52.71,8.08,9.78,43.98,1.831,2.877,6.793,1.249,4.482
101,2017,264,1340,12.07,6.969,2.765,2.569,10.68,5.068,4.547,2.653,-31.32,-6.048,3.529,50.59,9.18,5.914,8.68,62.14,59.38,8.55,57.5,13.3,4.295,8.41,3.295,9.65,44.94,4.954,8.47,32.66,1.983,2.688,6.693,1.154,3.784
101,2017,264,1350,12.07,5.713,2.435,2.662,8.59,5.184,8.2,2.878,-26.92,-5.45,3.819,57.12,27,6.889,12.82,85.1,78.8,7.41,75,12.73,5.154,8.95,3.122,21.84,60.48,5.735,16.73,56.62,2.295,2.898,7.43,1.471,5.372
101,2017,264,1400,12.07,4.498,2.029,2.454,6.893,4.446,31.18,2.764,-8.64,-5.379,3.581,56.12,34.53,18.43,32.53,95,87.1,6.347,80.1,11.02,5.241,9.11,2.868,12.66,67.97,5.883,7.12,67.27,1.441,2.794,7.37,1.648,4.719
101,2017,264,1410,12.07,3.223,1.595,2.064,5.251,4.354,30.27,2.617,-13.4,-5.385,3.623,48.39,20.15,16.16,28.47,87.2,78.1,5.126,69.94,9.61,5.124,8.36,2.498,6.85,62.82,5.322,5.241,60.15,1.33,2.457,7.09,5.535,4.741
101,2017,264,1420,12.07,2.881,1.469,1.885,5.024,5.453,34.24,2.896,-9.97,-5.146,6.992,45.59,7.64,10.46,26.47,87.8,78.2,4.787,68.07,8.55,5.216,8.04,2.392,6.459,63.95,4.578,4.518,60.12,1.281,2.414,8.32,2.302,5.107
101,2017,264,1430,12.07,2.776,1.313,1.662,4.923,3.883,61.41,4.685,14.91,-4.315,4.801,51.62,6.052,5.329,43.76,109.8,98.4,4.858,84.6,8.17,5.29,14.15,2.382,4.677,79.1,4.342,3.819,82.3,1.28,2.375,8.09,1.673,4.615
101,2017,264,1440,12.07,2.727,1.337,1.863,5.002,4.64,43.12,2.653,-.662,-5.257,3.727,50.49,5.305,3.88,50.05,110.8,98.6,4.932,84.8,8.2,5.04,21.49,2.302,4.3,79.4,3.973,3.734,83.9,1.231,2.159,9.4,1.526,6.416
101,2017,264,1450,12.07,2.538,1.183,1.38,4.707,3.95,2.658,2.05,-32.57,-5.565,6.138,46.8,4.372,3.479,56.24,109.4,97.6,4.648,81.8,7.2,4.712,5.58,2.32,3.66,78.8,3.588,3.317,66.45,1.181,1.923,13.4,1.437,14.92
101,2017,264,1500,12.07,2.67,1.209,1.405,4.585,3.657,2.441,2.017,-35.43,-5.387,10.77,43.24,4.568,3.442,50.51,106.6,94.8,4.538,77.6,6.593,4.2,5.181,6.436,3.514,77.5,3.61,3.248,16.02,1.149,1.905,13.63,1.426,4.906
101,2017,264,1510,12.07,2.377,1.117,2.454,4.265,3.035,2.791,2.142,-32.57,-5.084,7.19,37.16,18.99,3.362,36.98,93.4,82.2,4.36,65.8,6.416,4.756,5.087,2.251,4.104,68.69,3.823,3.074,16.78,1.059,1.879,13.12,1.355,19.93
101,2017,264,1520,12.08,2.389,1.005,1.323,4.256,3.214,2.169,2.173,-29.5,-4.916,3.188,25.71,5.692,3.067,8.89,50.83,45.19,3.973,34.68,5.92,4.278,5.374,2.057,3.734,39.47,3.489,2.744,16.12,.93,1.581,7.52,1.137,3.08
101,2017,264,1530,12.08,1.976,.955,1.226,3.728,3.102,2.053,1.909,-30.82,-4.464,2.251,24.02,4.065,2.978,8.93,45.67,40.87,3.454,32.23,5.708,3.271,5.216,1.702,6.236,35.77,3.105,2.578,15.09,.816,1.445,6.812,1.052,2.586
101,2017,264,1540,12.08,2.311,1.015,1.454,4.266,4.799,2.104,2.208,-30.36,-3.789,2.474,26.16,3.499,3.321,12.78,63.06,55.64,4.042,41.33,5.971,7.28,5.356,1.824,3.4,48.56,3.343,2.578,14.41,.894,1.512,10.71,1.201,2.787
101,2017,264,1550,12.08,2.916,1.104,1.965,5.099,3.926,2.261,2.298,-29.33,-3.589,2.64,26.55,3.345,3.457,8.49,57.57,51.53,4.561,37.99,6.027,15.74,5.797,2.112,3.528,45.22,3.439,2.621,15.26,.977,1.61,9.32,1.206,2.883
101,2017,264,1600,12.07,3.214,1.265,1.486,5.712,3.561,2.28,2.164,-31.18,-4.072,2.556,25.5,2.995,3.412,5.129,48.28,44.62,4.635,33.45,6.318,9.95,5.92,2.117,3.456,38.56,3.439,2.707,14.91,.916,1.529,7.56,1.194,2.63
101,2017,264,1610,12.07,2.539,1.117,1.29,4.824,3.276,2.003,1.982,-30.28,-4.308,2.144,22.1,2.645,3.039,4.349,44.42,41.65,3.853,29.76,5.63,9.58,5.307,1.876,3.077,36.48,3.07,2.392,13.3,.809,1.323,5.811,1.087,2.226
101,2017,264,1620,12.07,2.483,1.096,.98,4.607,2.854,1.673,1.477,-29.56,-4.538,1.7,19.12,1.928,2.513,3.146,29.34,28.56,3.667,21.31,4.886,2.318,4.628,1.61,2.417,24.36,2.59,1.963,10.22,.68,1.132,4.116,.859,1.516
101,2017,264,1630,12.07,2.265,.923,.915,4.081,2.525,1.581,1.462,-28.79,-4.418,1.704,17.9,2.032,2.287,3.025,30.34,27.7,3.387,20.46,4.495,2.412,4.076,1.494,2.263,23.98,2.511,1.854,9.86,.62,1.034,3.779,.72,1.575
101,2017,264,1640,12.07,1.88,.754,.761,3.503,2.285,1.372,1.32,-29.28,-4.495,1.486,15.76,1.712,1.965,2.751,26.7,24.32,2.918,18.08,3.917,2.257,3.605,1.265,1.963,21.16,2.205,1.63,8.79,.543,.935,3.481,.6,1.416
101,2017,264,1650,12.07,1.513,.632,.684,2.977,2.094,1.263,1.193,-31.36,-4.644,1.365,13.82,1.585,1.855,2.53,27.06,24.74,2.506,15.96,3.518,2.091,3.242,1.183,2.007,21.9,2.077,1.432,7.88,.493,.776,3.099,.652,1.29
101,2017,264,1700,12.07,1.513,.637,.591,2.831,1.794,1.052,.967,-31.54,-5.019,1.126,12.11,1.27,1.535,2.069,21.51,20.22,2.399,13.46,3.168,1.635,2.888,.995,1.548,17.59,1.759,1.173,6.087,.412,.652,2.466,.499,.994
101,2017,264,1710,12.07,1.483,.58,.529,2.664,1.499,.913,.782,-29.75,-5.336,.972,10.97,1.141,1.37,1.721,17.12,15.91,2.145,12.07,2.692,1.288,2.552,.853,1.255,13.48,1.406,1.116,5.311,.367,.588,2.056,.397,.87
101,2017,264,1720,12.06,1.072,.439,.431,2.052,1.263,.736,.655,-33.04,-5.492,.741,8.86,.871,1.106,1.362,13.62,13.51,1.687,9.5,2.121,1.032,2.064,.71,1.02,10.67,1.106,.865,4.227,.297,.469,1.66,.333,.643
101,2017,264,1730,12.06,.799,.374,.322,1.545,.982,.57,.461,-34.3,-5.852,.583,6.822,.642,.841,1.01,10.16,9.5,1.273,7.13,1.682,.814,1.615,.528,.806,8.18,.87,.642,3.12,.228,.369,1.188,.275,.461
101,2017,264,1740,12.06,.647,.288,.255,1.223,.727,.446,.375,-37.97,-6.005,.442,5.452,.508,.625,.787,7.89,7.52,1.039,5.639,1.352,.635,1.317,.434,.613,6.487,.687,.489,2.287,.179,.285,.921,.206,.38
101,2017,264,1750,12.06,.499,.213,.189,.95,.533,.343,.278,-40.65,-6.258,.345,4.038,.387,.471,.57,5.678,5.51,.782,4.157,.987,.462,.994,.333,.452,4.741,.476,.389,1.701,.126,.218,.672,.163,.283
101,2017,264,1800,12.06,.357,.141,.126,.618,.38,.225,.188,-45.41,-6.464,.219,2.632,.25,.33,.382,3.619,3.58,.506,2.672,.628,.292,.653,.228,.318,3.081,.342,.251,1.072,.079,.137,.441,.112,.173
101,2017,264,1810,12.06,.208,.082,.067,.367,.209,.124,.099,-47.31,-6.739,.116,1.412,.127,.183,.203,1.87,1.883,.298,1.402,.35,.144,.375,.122,.169,1.607,.188,.142,.551,.04,.077,.233,.06,.09
101,2017,264,1820,12.06,.087,.037,.028,.151,.082,.049,.042,-48.48,-7.08,.047,.545,.05,.074,.077,.72,.727,.124,.529,.136,.052,.156,.049,.062,.615,.07,.054,.235,.017,.032,.092,.028,.04
101,2017,264,1830,12.06,.018,.002,.002,.035,.022,.008,.007,-51.14,-7.33,.007,.129,.01,.017,.015,.181,.184,.03,.129,.037,.012,.04,.007,.015,.159,.02,.008,.059,0,.003,.02,.002,.003
101,2017,264,1840,12.06,0,0,0,0,0,0,0,-52.2,-7.76,0,.015,0,0,0,.017,.017,0,.01,0,0,0,0,0,.015,0,0,.002,0,0,0,0,0
101,2017,264,1850,12.06,0,0,0,0,0,0,0,-52.64,-8.18,0,0,0,0,0,0,0,0,0,0,0,0,0,0,0,0,0,0,0,0,0,0,0
101,2017,264,1900,12.06,0,0,0,0,0,0,0,-53.35,-8.37,0,0,0,0,0,0,0,0,0,0,0,0,0,0,0,0,0,0,0,0,0,0,0
101,2017,264,1910,12.06,0,0,0,0,0,0,0,-54.79,-8.79,0,0,0,0,0,0,0,0,0,0,0,0,0,0,0,0,0,0,0,0,0,0,0
101,2017,264,1920,12.06,0,0,0,0,0,0,0,-55.24,-9.03,0,0,0,0,0,0,0,0,0,0,0,0,0,0,0,0,0,0,0,0,0,0,0
101,2017,264,1930,12.06,0,0,0,0,0,0,0,-52.49,-9.18,0,0,0,0,0,0,0,0,0,0,0,0,0,0,0,0,0,0,0,0,0,0,0
101,2017,264,1940,12.06,0,0,0,0,0,0,0,-52.27,-9.24,0,0,0,0,0,0,0,0,0,0,0,0,0,0,0,0,0,0,0,0,0,0,0
101,2017,264,1950,12.06,0,0,0,0,0,0,0,-53.74,-9.19,0,0,0,0,0,0,0,0,0,0,0,0,0,0,0,0,0,0,0,0,0,0,0
101,2017,264,2000,12.05,0,0,0,0,0,0,0,-57.43,-9.51,0,0,0,0,0,0,0,0,0,0,0,0,0,0,0,0,0,0,0,0,0,0,0
101,2017,264,2010,12.05,0,0,0,0,0,0,0,-52.66,-9.9,0,0,0,0,0,0,0,0,0,0,0,0,0,0,0,0,0,0,0,0,0,0,0
101,2017,264,2020,12.05,0,0,0,0,0,0,0,-52.88,-9.95,0,0,0,0,0,0,0,0,0,0,0,0,0,0,0,0,0,0,0,0,0,0,0
101,2017,264,2030,12.05,0,0,0,0,0,0,0,-52.97,-10.14,0,0,0,0,0,0,0,0,0,0,0,0,0,0,0,0,0,0,0,0,0,0,0
101,2017,264,2040,12.05,0,0,0,0,0,0,0,-54.66,-10.11,0,0,0,0,0,0,0,0,0,0,0,0,0,0,0,0,0,0,0,0,0,0,0
101,2017,264,2050,12.05,0,0,0,0,0,0,0,-51.62,-10.11,0,0,0,0,0,0,0,0,0,0,0,0,0,0,0,0,0,0,0,0,0,0,0
101,2017,264,2100,12.05,0,0,0,0,0,0,0,-53.42,-10.19,0,0,0,0,0,0,0,0,0,0,0,0,0,0,0,0,0,0,0,0,0,0,0
101,2017,264,2110,12.05,0,0,0,0,0,0,0,-54.46,-10.3,0,0,0,0,0,0,0,0,0,0,0,0,0,0,0,0,0,0,0,0,0,0,0
101,2017,264,2120,12.05,0,0,0,0,0,0,0,-53.73,-10.35,0,0,0,0,0,0,0,0,0,0,0,0,0,0,0,0,0,0,0,0,0,0,0
101,2017,264,2130,12.05,0,0,0,0,0,0,0,-52.2,-10.37,0,0,0,0,0,0,0,0,0,0,0,0,0,0,0,0,0,0,0,0,0,0,0
101,2017,264,2140,12.05,0,0,0,0,0,0,0,-54.65,-10.8,0,0,0,0,0,0,0,0,0,0,0,0,0,0,0,0,0,0,0,0,0,0,0
101,2017,264,2150,12.05,0,0,0,0,0,0,0,-54.99,-11.6,0,0,0,0,0,0,0,0,0,0,0,0,0,0,0,0,0,0,0,0,0,0,0
101,2017,264,2200,12.05,0,0,0,0,0,0,0,-56.55,-12.17,0,0,0,0,0,0,0,0,0,0,0,0,0,0,0,0,0,0,0,0,0,0,0
101,2017,264,2210,12.05,0,0,0,0,0,0,0,-55.58,-12.46,0,0,0,0,0,0,0,0,0,0,0,0,0,0,0,0,0,0,0,0,0,0,0
101,2017,264,2220,12.05,0,0,0,0,0,0,0,-56.9,-12.69,0,0,0,0,0,0,0,0,0,0,0,0,0,0,0,0,0,0,0,0,0,0,0
101,2017,264,2230,12.05,0,0,0,0,0,0,0,-55.47,-12.76,0,0,0,0,0,0,0,0,0,0,0,0,0,0,0,0,0,0,0,0,0,0,0
101,2017,264,2240,12.05,0,0,0,0,0,0,0,-54.14,-13,0,0,0,0,0,0,0,0,0,0,0,0,0,0,0,0,0,0,0,0,0,0,0
101,2017,264,2250,12.05,0,0,0,0,0,0,0,-53.28,-12.86,0,0,0,0,0,0,0,0,0,0,0,0,0,0,0,0,0,0,0,0,0,0,0
101,2017,264,2300,12.05,0,0,0,0,0,0,0,-51.75,-13.04,0,0,0,0,0,0,0,0,0,0,0,0,0,0,0,0,0,0,0,0,0,0,0
101,2017,264,2310,12.05,0,0,0,0,0,0,0,-53.31,-13.32,0,0,0,0,0,0,0,0,0,0,0,0,0,0,0,0,0,0,0,0,0,0,0
101,2017,264,2320,12.05,0,0,0,0,0,0,0,-55.13,-14.02,0,0,0,0,0,0,0,0,0,0,0,0,0,0,0,0,0,0,0,0,0,0,0
101,2017,264,2330,12.05,0,0,0,0,0,0,0,-55.33,-14.29,0,0,0,0,0,0,0,0,0,0,0,0,0,0,0,0,0,0,0,0,0,0,0
101,2017,264,2340,12.05,0,0,0,0,0,0,0,-61.03,-15.46,0,0,0,0,0,0,0,0,0,0,0,0,0,0,0,0,0,0,0,0,0,0,0
101,2017,264,2350,12.05,0,0,0,0,0,0,0,-66.52,-15.29,0,0,0,0,0,0,0,0,0,0,0,0,0,0,0,0,0,0,0,0,0,0,0
101,2017,264,2400,12.05,0,0,0,0,0,0,0,-68.98,-15.3,0,0,0,0,0,0,0,0,0,0,0,0,0,0,0,0,0,0,0,0,0,0,0
102,2017,264,2400,12.03,5266
101,2017,265,10,12.05,0,0,0,0,0,0,0,-69.54,-15.57,0,0,0,0,0,0,0,0,0,0,0,0,0,0,0,0,0,0,0,0,0,0,0
101,2017,265,20,12.05,0,0,0,0,0,0,0,-65.15,-14.12,0,0,0,0,0,0,0,0,0,0,0,0,0,0,0,0,0,0,0,0,0,0,0
101,2017,265,30,12.05,0,0,0,0,0,0,0,-55.81,-13.6,0,0,0,0,0,0,0,0,0,0,0,0,0,0,0,0,0,0,0,0,0,0,0
101,2017,265,40,12.04,0,0,0,0,0,0,0,-57.5,-13.62,0,0,0,0,0,0,0,0,0,0,0,0,0,0,0,0,0,0,0,0,0,0,0
101,2017,265,50,12.05,0,0,0,0,0,0,0,-59.85,-13.96,0,0,0,0,0,0,0,0,0,0,0,0,0,0,0,0,0,0,0,0,0,0,0
101,2017,265,100,12.05,0,0,0,0,0,0,0,-60.42,-14.1,0,0,0,0,0,0,0,0,0,0,0,0,0,0,0,0,0,0,0,0,0,0,0
101,2017,265,110,12.05,0,0,0,0,0,0,0,-61.57,-14.25,0,0,0,0,0,0,0,0,0,0,0,0,0,0,0,0,0,0,0,0,0,0,0
101,2017,265,120,12.05,0,0,0,0,0,0,0,-60.57,-14.4,0,0,0,0,0,0,0,0,0,0,0,0,0,0,0,0,0,0,0,0,0,0,0
101,2017,265,130,12.04,0,0,0,0,0,0,0,-59.83,-13.61,0,0,0,0,0,0,0,0,0,0,0,0,0,0,0,0,0,0,0,0,0,0,0
101,2017,265,140,12.04,0,0,0,0,0,0,0,-59.96,-13.33,0,0,0,0,0,0,0,0,0,0,0,0,0,0,0,0,0,0,0,0,0,0,0
101,2017,265,150,12.04,0,0,0,0,0,0,0,-59.76,-13.44,0,0,0,0,0,0,0,0,0,0,0,0,0,0,0,0,0,0,0,0,0,0,0
101,2017,265,200,12.04,0,0,0,0,0,0,0,-55.38,-13.42,0,0,0,0,0,0,0,0,0,0,0,0,0,0,0,0,0,0,0,0,0,0,0
101,2017,265,210,12.04,0,0,0,0,0,0,0,-52.35,-13.77,0,0,0,0,0,0,0,0,0,0,0,0,0,0,0,0,0,0,0,0,0,0,0
101,2017,265,220,12.04,0,0,0,0,0,0,0,-51.55,-13.91,0,0,0,0,0,0,0,0,0,0,0,0,0,0,0,0,0,0,0,0,0,0,0
101,2017,265,230,12.04,0,0,0,0,0,0,0,-48.86,-13.7,0,0,0,0,0,0,0,0,0,0,0,0,0,0,0,0,0,0,0,0,0,0,0
101,2017,265,240,12.04,0,0,0,0,0,0,0,-48.12,-13.87,0,0,0,0,0,0,0,0,0,0,0,0,0,0,0,0,0,0,0,0,0,0,0
101,2017,265,250,12.04,0,0,0,0,0,0,0,-50.5,-14.29,0,0,0,0,0,0,0,0,0,0,0,0,0,0,0,0,0,0,0,0,0,0,0
101,2017,265,300,12.04,0,0,0,0,0,0,0,-47.84,-14.44,0,0,0,0,0,0,0,0,0,0,0,0,0,0,0,0,0,0,0,0,0,0,0
101,2017,265,310,12.04,0,0,0,0,0,0,0,-48.44,-14.64,0,0,0,0,0,0,0,0,0,0,0,0,0,0,0,0,0,0,0,0,0,0,0
101,2017,265,320,12.04,0,0,0,0,0,0,0,-47.52,-14.33,0,0,0,0,0,0,0,0,0,0,0,0,0,0,0,0,0,0,0,0,0,0,0
101,2017,265,330,12.04,0,0,0,0,0,0,0,-46.99,-14.23,0,0,0,0,0,0,0,0,0,0,0,0,0,0,0,0,0,0,0,0,0,0,0
101,2017,265,340,12.04,0,0,0,0,0,0,0,-45.99,-14.1,0,0,0,0,0,0,0,0,0,0,0,0,0,0,0,0,0,0,0,0,0,0,0
101,2017,265,350,12.04,0,0,0,0,0,0,0,-44.64,-13.96,0,0,0,0,0,0,0,0,0,0,0,0,0,0,0,0,0,0,0,0,0,0,0
101,2017,265,400,12.04,0,0,0,0,0,0,0,-44.2,-14.13,0,0,0,0,0,0,0,0,0,0,0,0,0,0,0,0,0,0,0,0,0,0,0
101,2017,265,410,12.04,0,0,0,0,0,0,0,-43.74,-14.13,0,0,0,0,0,0,0,0,0,0,0,0,0,0,0,0,0,0,0,0,0,0,0
101,2017,265,420,12.04,0,0,0,0,0,0,0,-44.33,-14.11,0,0,0,0,0,0,0,0,0,0,0,0,0,0,0,0,0,0,0,0,0,0,0
101,2017,265,430,12.04,0,0,0,0,0,0,0,-46.47,-14.07,0,0,0,0,0,0,0,0,0,0,0,0,0,0,0,0,0,0,0,0,0,0,0
101,2017,265,440,12.04,0,0,0,0,0,0,0,-47.78,-14.09,0,0,0,0,0,0,0,0,0,0,0,0,0,0,0,0,0,0,0,0,0,0,0
101,2017,265,450,12.04,0,0,0,0,0,0,0,-49.81,-14.19,0,0,0,0,0,0,0,0,0,0,0,0,0,0,0,0,0,0,0,0,0,0,0
101,2017,265,500,12.04,0,0,0,0,0,0,0,-50.94,-14.36,0,0,0,0,0,0,0,0,0,0,0,0,0,0,0,0,0,0,0,0,0,0,0
101,2017,265,510,12.04,0,0,0,0,0,0,0,-52.21,-14.52,0,0,0,0,0,0,0,0,0,0,0,0,0,0,0,0,0,0,0,0,0,0,0
101,2017,265,520,12.04,0,0,0,0,0,0,0,-53.49,-14.51,0,0,0,0,0,0,0,0,0,0,0,0,0,0,0,0,0,0,0,0,0,0,0
101,2017,265,530,12.04,0,0,0,0,0,0,0,-53.92,-14.28,0,0,0,0,0,0,0,0,0,0,0,0,0,0,0,0,0,0,0,0,0,0,0
101,2017,265,540,12.04,0,0,0,0,0,0,0,-54.12,-14.25,0,0,0,0,0,0,0,0,0,0,0,0,0,0,0,0,0,0,0,0,0,0,0
101,2017,265,550,12.04,0,0,0,0,0,0,0,-54.76,-14.41,0,0,0,0,0,0,0,0,0,0,0,0,0,0,0,0,0,0,0,0,0,0,0
101,2017,265,600,12.04,.002,0,0,.005,.002,0,0,-55.05,-14.74,0,.039,0,.003,0,.025,.027,.01,.025,.007,0,.012,0,0,.017,0,0,.01,0,0,0,0,0
101,2017,265,610,12.04,.039,.017,.012,.064,.037,.02,.018,-54.44,-14.5,.017,.273,.02,.035,.023,.216,.231,.059,.216,.059,.017,.07,.022,.03,.181,.027,.023,.059,0,.015,.023,.01,.005
101,2017,265,620,12.04,.131,.05,.034,.24,.119,.074,.045,-52.54,-14.18,.055,.991,.065,.116,.089,.833,.882,.208,.778,.216,.06,.272,.08,.087,.702,.089,.074,.235,.028,.037,.094,.034,.039
101,2017,265,630,12.04,.303,.129,.082,.536,.268,.176,.102,-49.22,-13.61,.134,2.407,.154,.27,.199,1.919,2.05,.476,1.855,.476,.134,.598,.193,.198,1.597,.191,.178,.479,.049,.091,.206,.052,.082
101,2017,265,640,12.04,.504,.226,.139,.975,.442,.313,.169,-48.29,-13.44,.228,4.468,.261,.458,.323,3.203,3.479,.877,3.312,.84,.221,1.088,.342,.344,2.645,.312,.312,.768,.092,.154,.332,.096,.134
101,2017,265,650,12.04,.758,.344,.201,1.468,.634,.447,.236,-49.67,-13.45,.332,6.82,.374,.672,.436,4.575,4.958,1.379,4.926,1.254,.31,1.642,.486,.483,3.707,.429,.441,1.059,.129,.223,.437,.122,.188
101,2017,265,700,12.04,.996,.432,.255,1.944,.823,.58,.303,-49.2,-13.23,.421,9.19,.449,.883,.538,5.769,6.256,1.887,6.496,1.646,.396,2.477,.813,.685,4.656,.528,.563,1.332,.169,.283,.54,.164,.231
101,2017,265,710,12.04,1.227,.511,.315,2.392,.999,.724,.364,-45.23,-12.81,.494,14.54,.556,1.081,.692,8.86,7.46,3.426,14.84,2.07,.447,3.456,1.115,.861,5.487,.64,.696,1.585,.208,.339,.644,.189,.285
101,2017,265,720,12.04,1.451,.605,.392,2.831,1.2,.9,.429,-42.99,-12.8,.615,43.49,.769,1.321,.888,10.3,8.61,5.392,28.92,2.542,.509,4.073,1.478,1.255,6.302,.753,1.084,1.813,.246,.404,.736,.226,.565
101,2017,265,730,12.04,1.666,.704,.447,3.268,1.443,1.104,.496,-43.37,-12.95,.744,51.95,1.103,1.587,1.007,11.17,9.59,3.585,35.45,2.953,.58,4.606,1.753,1.418,6.856,.851,1.024,2.025,.288,.442,.83,.251,.959
101,2017,265,740,12.04,1.879,.789,.523,3.706,1.669,1.299,.583,-42.11,-11.53,.863,59.23,1.247,1.884,1.115,11.59,10.5,4.041,41.39,3.325,.647,5.031,2.502,2.058,7.46,.937,1.148,2.214,.318,.486,1.775,.308,.458
101,2017,265,750,12.04,2.105,.888,.615,4.242,1.958,1.59,.687,-46.42,-11.26,.99,66.42,1.393,2.167,1.227,11.94,11.42,8.05,47.57,3.749,.709,5.46,2.123,3.856,8.01,1.18,1.25,2.397,.359,.545,1.111,.362,.491
101,2017,265,800,12.04,2.323,.984,.729,4.852,2.378,2.516,.753,-44.99,-11.88,1.121,73.2,1.433,2.392,1.339,12.56,12.53,37.9,53.79,4.684,.771,5.849,2.306,10.57,8.94,1.111,1.384,2.564,.391,.592,1.058,.369,.548
101,2017,265,810,12.04,2.526,1.091,.875,8.92,2.841,3.578,.771,-39.49,-12.98,1.235,78.7,1.475,2.807,1.426,13.2,20.73,37.25,59.05,7.05,.831,6.206,2.547,2.159,9.61,1.217,2.05,2.735,.513,.64,1.177,.369,.685
101,2017,265,820,12.04,2.754,1.207,1.007,42.52,3.079,4.022,1.143,-38.2,-13.98,1.331,84.1,1.488,2.883,1.52,14.57,30.08,8.98,64.34,26.04,.893,6.647,2.392,2.37,10.01,1.287,2.511,2.899,.436,.684,1.187,.399,.595
101,2017,265,830,12.05,3.739,1.369,1.135,46.48,3.696,7.77,3.347,-33.2,-14.08,1.448,89.5,1.574,2.913,1.602,17.48,35.1,8.99,69.79,13.98,.984,8.54,2.41,2.608,10.77,1.376,1.644,3.077,.439,.749,1.252,.434,.637
101,2017,265,840,12.05,3.28,1.961,1.311,49.08,5.767,20.03,3.27,-21.28,-14.42,2.648,95.4,1.621,3.022,1.719,21.67,40.73,31.41,75.7,42.53,1.074,7.47,6.032,32.17,12,1.478,1.77,3.275,.471,1.649,1.329,.436,.67
101,2017,265,850,12.05,3.48,3.492,1.61,49.84,22.33,32.8,8.08,-7.55,-12.88,11.26,100.5,1.687,3.135,1.862,26.17,46.6,59.69,80.9,8.04,1.143,7.11,2.694,45.6,11.91,1.587,1.86,3.47,.627,1.253,1.681,.442,.714
101,2017,265,900,12.05,3.552,5.957,1.491,48.8,24.62,40.22,3.661,4.658,-14.03,2.125,105.3,1.741,3.111,2.924,30.6,52.41,71.1,86,7.17,1.171,7.25,2.518,41.44,12.58,1.647,1.992,3.616,.943,.866,1.655,.469,.731
101,2017,265,910,12.05,3.837,1.997,1.64,45.78,45.37,45.07,1.024,8.68,-14.16,4.47,109.7,1.865,3.611,2.113,35.14,57.8,75.2,90.5,8.62,1.252,13.45,2.679,7.64,13.13,1.766,2.223,3.837,.516,.93,1.533,.494,.804
101,2017,265,920,12.05,4.42,2.136,1.761,41.7,57.13,49.49,1.089,13.02,-13.75,9.65,115,2.034,5.976,2.391,39.86,63.19,78,95.7,8.63,1.379,27.08,10.16,3.24,13.95,2.357,2.476,4.091,2.748,2.022,1.644,.531,3.962
101,2017,265,930,12.05,5.167,2.629,2.181,36.97,44.66,36.03,1.319,5.998,-14.05,6.899,119.2,2.449,20.49,8.16,46.31,68.62,77.5,99.8,10.16,1.739,43.95,66.01,5.085,17.16,15.3,3.111,5.199,.699,1.241,2.039,.617,1.101
101,2017,265,940,12.05,8.15,4.452,2.52,25.2,9.54,5.954,1.432,-14.95,-15.18,3.158,86.5,2.746,6.465,3.5,42.24,54.68,45.3,73.5,11.99,2.31,33.54,17.47,4.976,19.24,3.709,7.11,7.17,.7,2.017,2.175,.538,1.305
101,2017,265,950,12.06,9.13,3.311,1.776,15.04,4.292,3.334,1.493,-17.14,-15.19,2.773,44.06,3.048,5.541,3.388,34.68,37.87,14.3,39.75,9.06,2.325,11.49,3.138,2.971,23.4,2.677,5.385,11.12,.901,2.027,2.979,.518,1.696
101,2017,265,1000,12.05,8.78,3.877,2.416,15.77,5.824,4.326,2.23,-18.56,-14.17,3.482,54.53,4.299,8.1,4.604,46.58,48.94,12.49,50.67,15.78,3.203,12.75,3.428,4.038,31.68,4.157,5.278,15.84,1.129,2.356,4.75,.853,2.168
101,2017,265,1010,12.06,9.65,4.21,2.883,15.94,6.3,4.269,2.337,-19.47,-13.18,3.858,55.56,4.053,5.897,4.808,49.12,51.49,12.55,52.65,14.79,3.322,11.96,3.651,4.691,34.6,4.787,5.35,16.16,1.151,2.428,5.174,.968,2.274
101,2017,265,1020,12.06,15.05,5.554,3.433,20.32,7.11,4.839,2.652,-20.42,-12.2,4.514,63.14,4.304,6.697,5.45,55.9,60,15.63,60.73,15.17,3.528,15.28,4.323,5.207,39.2,7.19,5.926,17.17,1.25,2.821,5.591,1.066,2.535
101,2017,265,1030,12.06,12.15,5.41,2.965,17.64,7.02,4.728,2.706,-20.82,-11.7,4.207,59.64,4.589,6.603,5.526,55.36,58.06,13.32,57.47,15.95,3.664,12.69,4.06,5.242,39.19,7.32,5.542,18.37,1.285,2.791,6.026,1.143,2.605
101,2017,265,1040,12.06,11.02,4.177,2.733,17.2,6.124,4.096,2.578,-22.41,-11.41,3.85,52.98,4.458,6.159,5.487,53.88,55.9,12.96,52.58,12.88,3.617,11.51,4.043,4.508,39.85,4.699,5.512,18.45,1.303,2.577,5.693,1.096,2.486
101,2017,265,1050,12.06,8.25,2.925,2.154,13.73,5.466,3.473,2.139,-24.17,-11.31,3.222,43.03,3.533,5.736,5.046,45.32,47.23,10.4,42.4,9.35,2.811,10.04,3.466,3.65,34.98,3.443,4.498,15.53,1.233,2.282,4.863,.849,2.31
101,2017,265,1100,12.06,6.699,2.705,1.965,12.26,5.575,3.518,2.221,-26.74,-10.83,3.064,41.85,3.466,5.312,4.798,44.46,45.65,9.11,40.07,10.22,2.895,10,3.196,3.816,34.64,3.593,4.15,14.94,1.178,2.062,5.259,1,2.146
101,2017,265,1110,12.06,8.35,3.369,2.607,15.16,6.803,4.304,2.736,-25.48,-10.05,3.85,52.91,4.429,6.123,5.93,54.7,55.55,11.28,51.88,13.31,3.732,11.75,3.933,4.943,41.44,4.731,5.339,19.25,1.337,2.54,6.282,1.178,2.707
101,2017,265,1120,12.06,9.38,3.61,2.781,16.74,7.19,4.533,2.913,-25.21,-9.65,4.113,56.77,4.64,6.659,6.222,57.86,59.22,12.67,55.2,13.78,3.773,12.52,4.304,5.108,43.88,5.141,5.64,19.56,1.466,2.726,6.714,1.263,2.772
101,2017,265,1130,12.06,8.56,3.422,2.715,15.28,7.07,4.516,2.92,-24.94,-9.72,4.04,53.43,4.384,6.52,6.327,57.98,58.71,11.47,53.11,12.39,3.851,12.09,4.109,5.278,44.47,4.932,5.484,20.16,1.452,2.665,6.841,1.313,2.893
101,2017,265,1140,12.06,7.26,2.71,2.148,12.79,5.886,3.637,2.461,-25.29,-9.98,3.362,41.9,3.344,5.461,5.272,48.45,49.51,9.62,42.38,9.36,3.122,10.38,3.459,4.174,38.5,4.019,4.37,15.65,1.253,2.199,5.912,1.149,2.265
101,2017,265,1150,12.06,5.499,2.137,1.756,9.7,4.86,2.973,2.196,-27.01,-9.9,2.826,34.63,3.169,4.458,4.816,43.28,43.59,7.28,36.13,8.35,2.885,8.48,2.834,3.545,34.83,3.551,3.759,15.01,1.101,1.925,5.541,1.05,2.151
101,2017,265,1200,12.06,5.32,2.141,1.742,9.48,4.57,2.975,2.102,-27.02,-9.46,2.809,34.51,3.334,4.257,4.682,42.62,41.99,7.22,36.47,8.6,3.049,8.1,2.667,3.702,33.3,3.543,3.741,15.45,1.01,1.829,5.283,1.029,2.149
101,2017,265,1210,12.06,4.586,1.821,1.464,7.87,3.841,2.419,1.826,-27.33,-9.26,2.37,29.42,2.833,3.834,4.039,35.91,35.71,6.328,29.93,6.844,2.585,7.29,2.387,3.06,28.64,3.03,3.147,12.47,.881,1.615,4.298,.868,1.834
101,2017,265,1220,12.06,4.201,1.781,1.352,7.5,3.931,2.385,1.776,-22,-8.73,2.184,29.39,2.61,3.938,3.823,34.46,34.76,5.821,28.28,6.719,2.405,7.46,2.37,2.908,27.93,2.813,2.878,11.84,.93,1.585,4.116,.828,1.796
101,2017,265,1230,12.06,5.97,2.278,1.618,10.92,4.923,2.918,1.896,-21.04,-8.22,2.59,34.6,2.655,4.548,4.002,37.09,38.38,7.92,32.78,7.77,2.359,9.19,2.786,3.116,29.38,3.042,3.406,11.51,.975,1.72,4.117,.804,1.689
101,2017,265,1240,12.06,7.16,2.516,1.878,12.28,5.461,3.211,2.188,-21.76,-7.83,2.916,37.67,2.791,5.108,4.273,40.24,42.68,9.23,36.21,7.73,2.256,10,3.198,3.38,32.86,3.349,3.915,11.38,1.114,1.916,4.938,.965,1.717
101,2017,265,1250,12.06,7.25,2.628,2.126,13.09,5.791,3.491,2.243,-21.97,-7.67,3.108,41.53,2.973,5.123,4.602,43.09,45.94,9.76,40.28,9.35,2.268,10.53,3.429,3.717,34.81,3.595,4.223,12.89,1.124,1.963,5.319,1,1.821
101,2017,265,1300,12.06,8.56,3.252,2.484,14.91,6.358,3.959,2.479,-21.91,-7.51,3.513,47.46,3.552,5.708,5.183,48.47,51.39,11.08,47,11.48,2.665,11.01,3.692,4.27,38.14,4.151,4.888,15.83,1.236,2.262,6.065,1.134,2.166
101,2017,265,1310,12.06,6.944,2.712,2.131,12.29,5.781,3.523,2.394,-20.07,-7.69,3.18,42.76,3.614,5.141,4.892,45.56,47.16,9.32,42.36,10.67,2.736,9.97,3.294,4.024,36.29,4.007,4.496,14.96,1.149,2.069,5.9,1.139,2.091
101,2017,265,1320,12.06,6.287,2.417,1.839,11.26,5.235,3.188,2.102,-20.35,-8.03,2.761,37.49,3.106,4.614,4.228,39.76,41.1,8.47,36.35,8.84,2.545,9.32,2.97,3.635,31.8,3.464,3.8,12.84,.99,1.779,4.719,.933,1.868
101,2017,265,1330,12.06,7.02,2.622,2.037,12.46,5.844,3.443,2.222,-20.96,-8,3.093,40.27,3.309,5.055,4.654,43.55,44.87,9.33,39.73,9.42,2.677,9.91,3.217,3.768,34.41,3.687,4.275,13.47,1.109,1.992,5.227,.985,1.984
101,2017,265,1340,12.06,7.33,2.826,2.208,12.95,5.948,3.629,2.401,-21.3,-7.89,3.314,42.68,3.614,5.532,5.194,47.43,48.75,9.55,43.07,10.18,2.89,10.05,3.329,4.085,37.11,3.915,4.612,16.14,1.235,2.248,5.84,1.094,2.253
101,2017,265,1350,12.06,6.478,2.585,2.092,10.84,5.071,3.304,2.265,-22.66,-8.07,3.133,40.15,3.557,5.023,5.183,45.98,46.65,8.43,41.66,9.41,2.933,9,3.101,4.043,36.2,3.766,4.389,17.01,1.178,2.148,5.797,1.081,2.401
101,2017,265,1400,12.06,6.47,2.578,2.089,11.4,5.207,3.379,2.275,-22.58,-8.17,3.071,42.06,3.86,4.91,4.972,46.18,45.64,8.99,41.97,10.5,3.109,8.98,3.181,4.111,35.2,3.868,4.297,16.38,1.122,2.091,5.701,1.057,2.322
101,2017,265,1410,12.06,6.256,2.394,2.056,11.33,5.425,3.501,2.307,-23.42,-8.25,3.212,40.58,3.982,4.917,5.391,47.11,46.32,8.7,41.63,9.92,3.197,9.29,3.106,4.17,36.47,3.927,4.336,16.73,1.117,2.084,5.668,1.097,2.451
101,2017,265,1420,12.06,6.76,2.726,2.669,11.39,6.318,4.795,3.357,-20.89,-7.87,4.646,48.62,5.736,6.515,8.74,68.85,64.15,8.95,56.67,12.01,5.274,10.27,3.614,5.905,52.38,5.371,5.922,29.97,1.583,3.096,8.39,1.627,4.349