101,2017,202,1450,12.68,2.258,.784,.559,4.615,1.794,1.025,.62,1.437,.992,.843,13.16,.9,1.568,1.575,13.15,14.07,3.02,11.54,2.474,.734,2.729,.938,1.077,11.94,1.079,1.263,3.947,.404,.563,1.692,.322,.578
101,2017,202,1500,12.68,2.24,.819,.561,4.58,1.828,.997,.642,1.432,.943,.834,12.97,.891,1.596,1.6,13.31,14.37,2.826,11.28,2.476,.786,2.823,.915,1.057,12.16,1.112,1.216,4.009,.409,.578,1.695,.337,.585
101,2017,202,1510,12.68,2.166,.739,.541,4.516,1.761,1.002,.635,1.394,.978,.846,13.29,1.025,1.519,1.581,13.51,14.05,2.982,11.56,2.62,.868,2.814,.923,1.064,11.95,1.084,1.265,4.068,.4,.58,1.665,.315,.58
101,2017,202,1520,12.68,1.962,.762,.595,4.123,1.608,1.019,.628,1.347,.913,.885,13.88,1.05,1.439,1.781,13.98,14,2.744,12.71,3.012,1.025,2.464,.885,1.136,11.88,1.193,1.317,4.885,.404,.59,1.764,.317,.73
101,2017,202,1530,12.68,1.781,.575,.466,3.855,1.464,.849,.56,1.179,.813,.724,12,.839,1.285,1.375,11.74,12.16,2.607,10.32,2.374,.779,2.341,.801,.932,10.25,.938,1.047,3.339,.343,.481,1.543,.273,.524
101,2017,202,1540,12.67,1.565,.633,.481,3.54,1.432,.901,.523,1.191,.741,.725,13.53,1.203,1.126,1.422,12.47,11.54,2.605,11.61,3.468,1.186,2.171,.781,1.015,9.67,1.102,.999,3.723,.322,.462,1.53,.268,.571
101,2017,202,1550,12.67,2.563,1.035,.854,5.457,2.007,1.422,.841,1.766,1.107,1.964,20.58,1.989,1.714,2.857,23.2,19.72,3.986,19.88,5.541,4.25,2.843,1.138,1.69,15.77,1.905,1.727,6.968,.501,.786,2.451,.407,1.034
101,2017,202,1600,12.67,2.746,1.035,.893,5.651,2.362,1.578,1.106,2.054,1.287,1.436,21.19,2.071,2.2,3.024,23.49,21.35,3.907,20.42,4.564,2,3.242,1.295,2.036,18.79,1.948,2.046,9.43,.605,.99,3.213,.503,1.434
101,2017,202,1610,12.67,2.384,.891,.71,4.994,2.247,1.31,.97,1.702,1.094,1.102,16,1.273,2.012,2.433,18.01,18.12,3.235,15.11,3.259,1.173,2.972,1.076,1.523,15.7,1.523,1.476,6.611,.496,.759,2.847,.472,1.112
101,2017,202,1620,12.67,1.948,.757,.496,4.049,1.736,1.042,.679,1.376,.863,.856,13.23,1.025,1.471,1.635,13.58,13.53,2.684,11.62,2.739,1.017,2.57,.88,1.23,11.6,1.303,1.102,4.39,.399,.548,1.816,.384,.668
101,2017,202,1630,12.67,1.701,.625,.506,3.8,1.556,.948,.63,1.308,.806,.786,12.19,.89,1.422,1.692,14.14,13.93,2.508,11.11,2.486,1.015,2.404,.878,1.158,11.93,1.25,1.049,4.127,.385,.523,1.9,.355,.655
101,2017,202,1640,12.67,1.783,.675,.486,3.729,1.548,.911,.645,1.2,.799,.819,12.21,1.059,1.196,1.558,15.93,13.94,2.511,11.06,2.776,1.221,2.304,.818,1.173,12.04,1.377,1.133,4.277,.352,.494,1.811,.365,.59
101,2017,202,1650,12.67,1.441,.612,.508,3.001,1.437,.935,.628,1.258,.725,.898,12.65,1.123,1.213,1.863,17.63,14.51,2.235,12.02,2.877,1.769,2.225,.829,1.226,12.91,1.706,1.116,4.969,.405,.539,1.774,.33,.741
101,2017,202,1700,12.67,.717,.332,.308,1.615,.918,.606,.476,.794,.449,.62,8.43,.769,.769,1.391,12.6,10.11,1.355,7.77,1.803,1.32,1.587,.558,.841,10.67,1.349,.627,3.24,.286,.369,1.236,.246,.615
101,2017,202,1710,12.67,.672,.313,.258,1.54,.786,.511,.39,.727,.422,.501,7.51,.643,.65,1.061,10.2,8.25,1.292,6.588,1.69,1.133,1.424,.493,.689,8.82,1.066,.518,2.448,.225,.31,.943,.203,.444
101,2017,202,1720,12.67,.88,.385,.283,1.888,.796,.513,.374,.704,.431,.471,7.44,.615,.679,.988,9.63,8.07,1.394,6.697,1.657,.973,1.387,.474,.68,7.07,.91,.591,2.528,.201,.305,.895,.186,.407
101,2017,202,1730,12.67,.591,.271,.226,1.28,.625,.419,.335,.553,.343,.416,5.655,.479,.566,.861,7.56,6.504,.973,5.341,1.163,.776,.999,.382,.523,5.758,.637,.467,2.282,.186,.275,.876,.151,.404
101,2017,202,1740,12.67,.375,.152,.139,.747,.421,.28,.225,.38,.218,.271,3.549,.315,.38,.545,4.88,4.225,.603,3.322,.712,.484,.635,.25,.369,3.783,.424,.297,1.426,.126,.173,.596,.107,.271
101,2017,202,1750,12.67,.235,.092,.074,.462,.246,.149,.109,.211,.127,.136,1.851,.164,.216,.271,2.369,2.173,.357,1.67,.387,.23,.384,.137,.194,1.912,.223,.166,.648,.062,.089,.29,.054,.112
101,2017,202,1800,12.67,.099,.037,.028,.193,.099,.054,.045,.077,.05,.049,.62,.052,.085,.101,.821,.823,.134,.57,.137,.062,.144,.05,.069,.734,.084,.06,.245,.017,.04,.116,.025,.044
101,2017,202,1810,12.67,.02,0,0,.039,.02,.005,.007,.013,.008,.008,.136,.007,.013,.023,.189,.184,.027,.132,.023,.013,.028,.007,.015,.168,.015,.008,.06,0,0,.025,0,.003
101,2017,202,1820,12.67,0,0,0,0,0,0,0,0,0,0,.017,0,0,0,.028,.023,0,.015,0,0,0,0,0,.02,0,0,.003,0,0,0,0,0
101,2017,202,1830,12.67,0,0,0,0,0,0,0,0,0,0,0,0,0,0,0,0,0,0,0,0,0,0,0,0,0,0,0,0,0,0,0,0
101,2017,202,1840,12.67,0,0,0,0,0,0,0,0,0,0,0,0,0,0,0,0,0,0,0,0,0,0,0,0,0,0,0,0,0,0,0,0
101,2017,202,1850,12.67,0,0,0,0,0,0,0,0,0,0,0,0,0,0,0,0,0,0,0,0,0,0,0,0,0,0,0,0,0,0,0,0
101,2017,202,1900,12.67,0,0,0,0,0,0,0,0,0,0,0,0,0,0,0,0,0,0,0,0,0,0,0,0,0,0,0,0,0,0,0,0
101,2017,202,1910,12.67,0,0,0,0,0,0,0,0,0,0,0,0,0,0,0,0,0,0,0,0,0,0,0,0,0,0,0,0,0,0,0,0
101,2017,202,1920,12.67,0,0,0,0,0,0,0,0,0,0,0,0,0,0,0,0,0,0,0,0,0,0,0,0,0,0,0,0,0,0,0,0
101,2017,202,1930,12.67,0,0,0,0,0,0,0,0,0,0,0,0,0,0,0,0,0,0,0,0,0,0,0,0,0,0,0,0,0,0,0,0
101,2017,202,1940,12.67,0,0,0,0,0,0,0,0,0,0,0,0,0,0,0,0,0,0,0,0,0,0,0,0,0,0,0,0,0,0,0,0
101,2017,202,1950,12.67,0,0,0,0,0,0,0,0,0,0,0,0,0,0,0,0,0,0,0,0,0,0,0,0,0,0,0,0,0,0,0,0
101,2017,202,2000,12.67,0,0,0,0,0,0,0,0,0,0,0,0,0,0,0,0,0,0,0,0,0,0,0,0,0,0,0,0,0,0,0,0
101,2017,202,2010,12.67,0,0,0,0,0,0,0,0,0,0,0,0,0,0,0,0,0,0,0,0,0,0,0,0,0,0,0,0,0,0,0,0
101,2017,202,2020,12.67,0,0,0,0,0,0,0,0,0,0,0,0,0,0,0,0,0,0,0,0,0,0,0,0,0,0,0,0,0,0,0,0
101,2017,202,2030,12.66,0,0,0,0,0,0,0,0,0,0,0,0,0,0,0,0,0,0,0,0,0,0,0,0,0,0,0,0,0,0,0,0
101,2017,202,2040,12.67,0,0,0,0,0,0,0,0,0,0,0,0,0,0,0,0,0,0,0,0,0,0,0,0,0,0,0,0,0,0,0,0
101,2017,202,2050,12.66,0,0,0,0,0,0,0,0,0,0,0,0,0,0,0,0,0,0,0,0,0,0,0,0,0,0,0,0,0,0,0,0
101,2017,202,2100,12.66,0,0,0,0,0,0,0,0,0,0,0,0,0,0,0,0,0,0,0,0,0,0,0,0,0,0,0,0,0,0,0,0
101,2017,202,2110,12.66,0,0,0,0,0,0,0,0,0,0,0,0,0,0,0,0,0,0,0,0,0,0,0,0,0,0,0,0,0,0,0,0
101,2017,202,2120,12.66,0,0,0,0,0,0,0,0,0,0,0,0,0,0,0,0,0,0,0,0,0,0,0,0,0,0,0,0,0,0,0,0
101,2017,202,2130,12.66,0,0,0,0,0,0,0,0,0,0,0,0,0,0,0,0,0,0,0,0,0,0,0,0,0,0,0,0,0,0,0,0
101,2017,202,2140,12.66,0,0,0,0,0,0,0,0,0,0,0,0,0,0,0,0,0,0,0,0,0,0,0,0,0,0,0,0,0,0,0,0
101,2017,202,2150,12.66,0,0,0,0,0,0,0,0,0,0,0,0,0,0,0,0,0,0,0,0,0,0,0,0,0,0,0,0,0,0,0,0
101,2017,202,2200,12.66,0,0,0,0,0,0,0,0,0,0,0,0,0,0,0,0,0,0,0,0,0,0,0,0,0,0,0,0,0,0,0,0
101,2017,202,2210,12.66,0,0,0,0,0,0,0,0,0,0,0,0,0,0,0,0,0,0,0,0,0,0,0,0,0,0,0,0,0,0,0,0
101,2017,202,2220,12.66,0,0,0,0,0,0,0,0,0,0,0,0,0,0,0,0,0,0,0,0,0,0,0,0,0,0,0,0,0,0,0,0
101,2017,202,2230,12.66,0,0,0,0,0,0,0,0,0,0,0,0,0,0,0,0,0,0,0,0,0,0,0,0,0,0,0,0,0,0,0,0
101,2017,202,2240,12.66,0,0,0,0,0,0,0,0,0,0,0,0,0,0,0,0,0,0,0,0,0,0,0,0,0,0,0,0,0,0,0,0
101,2017,202,2250,12.66,0,0,0,0,0,0,0,0,0,0,0,0,0,0,0,0,0,0,0,0,0,0,0,0,0,0,0,0,0,0,0,0
101,2017,202,2300,12.66,0,0,0,0,0,0,0,0,0,0,0,0,0,0,0,0,0,0,0,0,0,0,0,0,0,0,0,0,0,0,0,0
101,2017,202,2310,12.66,0,0,0,0,0,0,0,0,0,0,0,0,0,0,0,0,0,0,0,0,0,0,0,0,0,0,0,0,0,0,0,0
101,2017,202,2320,12.66,0,0,0,0,0,0,0,0,0,0,0,0,0,0,0,0,0,0,0,0,0,0,0,0,0,0,0,0,0,0,0,0
101,2017,202,2330,12.66,0,0,0,0,0,0,0,0,0,0,0,0,0,0,0,0,0,0,0,0,0,0,0,0,0,0,0,0,0,0,0,0
101,2017,202,2340,12.66,0,0,0,0,0,0,0,0,0,0,0,0,0,0,0,0,0,0,0,0,0,0,0,0,0,0,0,0,0,0,0,0
101,2017,202,2350,12.66,0,0,0,0,0,0,0,0,0,0,0,0,0,0,0,0,0,0,0,0,0,0,0,0,0,0,0,0,0,0,0,0
101,2017,202,2400,12.66,0,0,0,0,0,0,0,0,0,0,0,0,0,0,0,0,0,0,0,0,0,0,0,0,0,0,0,0,0,0,0,0
101,2017,203,10,12.66,0,0,0,0,0,0,0,0,0,0,0,0,0,0,0,0,0,0,0,0,0,0,0,0,0,0,0,0,0,0,0,0
101,2017,203,20,12.66,0,0,0,0,0,0,0,0,0,0,0,0,0,0,0,0,0,0,0,0,0,0,0,0,0,0,0,0,0,0,0,0
101,2017,203,30,12.66,0,0,0,0,0,0,0,0,0,0,0,0,0,0,0,0,0,0,0,0,0,0,0,0,0,0,0,0,0,0,0,0
101,2017,203,40,12.66,0,0,0,0,0,0,0,0,0,0,0,0,0,0,0,0,0,0,0,0,0,0,0,0,0,0,0,0,0,0,0,0
101,2017,203,50,12.66,0,0,0,0,0,0,0,0,0,0,0,0,0,0,0,0,0,0,0,0,0,0,0,0,0,0,0,0,0,0,0,0
101,2017,203,100,12.66,0,0,0,0,0,0,0,0,0,0,0,0,0,0,0,0,0,0,0,0,0,0,0,0,0,0,0,0,0,0,0,0
101,2017,203,110,12.66,0,0,0,0,0,0,0,0,0,0,0,0,0,0,0,0,0,0,0,0,0,0,0,0,0,0,0,0,0,0,0,0
101,2017,203,120,12.66,0,0,0,0,0,0,0,0,0,0,0,0,0,0,0,0,0,0,0,0,0,0,0,0,0,0,0,0,0,0,0,0
101,2017,203,130,12.66,0,0,0,0,0,0,0,0,0,0,0,0,0,0,0,0,0,0,0,0,0,0,0,0,0,0,0,0,0,0,0,0
101,2017,203,140,12.66,0,0,0,0,0,0,0,0,0,0,0,0,0,0,0,0,0,0,0,0,0,0,0,0,0,0,0,0,0,0,0,0
101,2017,203,150,12.66,0,0,0,0,0,0,0,0,0,0,0,0,0,0,0,0,0,0,0,0,0,0,0,0,0,0,0,0,0,0,0,0
101,2017,203,200,12.66,0,0,0,0,0,0,0,0,0,0,0,0,0,0,0,0,0,0,0,0,0,0,0,0,0,0,0,0,0,0,0,0
101,2017,203,210,12.65,0,0,0,0,0,0,0,0,0,0,0,0,0,0,0,0,0,0,0,0,0,0,0,0,0,0,0,0,0,0,0,0
101,2017,203,220,12.66,0,0,0,0,0,0,0,0,0,0,0,0,0,0,0,0,0,0,0,0,0,0,0,0,0,0,0,0,0,0,0,0
101,2017,203,230,12.65,0,0,0,0,0,0,0,0,0,0,0,0,0,0,0,0,0,0,0,0,0,0,0,0,0,0,0,0,0,0,0,0
101,2017,203,240,12.66,0,0,0,0,0,0,0,0,0,0,0,0,0,0,0,0,0,0,0,0,0,0,0,0,0,0,0,0,0,0,0,0
101,2017,203,250,12.65,0,0,0,0,0,0,0,0,0,0,0,0,0,0,0,0,0,0,0,0,0,0,0,0,0,0,0,0,0,0,0,0
101,2017,203,300,12.65,0,0,0,0,0,0,0,0,0,0,0,0,0,0,0,0,0,0,0,0,0,0,0,0,0,0,0,0,0,0,0,0
101,2017,203,310,12.65,0,0,0,0,0,0,0,0,0,0,0,0,0,0,0,0,0,0,0,0,0,0,0,0,0,0,0,0,0,0,0,0
101,2017,203,320,12.65,0,0,0,0,0,0,0,0,0,0,0,0,0,0,0,0,0,0,0,0,0,0,0,0,0,0,0,0,0,0,0,0
101,2017,203,330,12.65,0,0,0,0,0,0,0,0,0,0,0,0,0,0,0,0,0,0,0,0,0,0,0,0,0,0,0,0,0,0,0,0
101,2017,203,340,12.65,0,0,0,0,0,0,0,0,0,0,0,0,0,0,0,0,0,0,0,0,0,0,0,0,0,0,0,0,0,0,0,0
101,2017,203,350,12.65,0,0,0,0,0,0,0,0,0,0,0,0,0,0,0,0,0,0,0,0,0,0,0,0,0,0,0,0,0,0,0,0
101,2017,203,400,12.65,0,0,0,0,0,0,0,0,0,0,0,0,0,0,0,0,0,0,0,0,0,0,0,0,0,0,0,0,0,0,0,0
101,2017,203,410,12.65,0,0,0,0,0,0,0,0,0,0,0,0,0,0,0,0,0,0,0,0,0,0,0,0,0,0,0,0,0,0,0,0
101,2017,203,420,12.65,0,0,0,0,0,0,0,0,0,0,0,0,0,0,0,0,0,0,0,0,0,0,0,0,0,0,0,0,0,0,0,0
101,2017,203,430,12.65,0,0,0,0,0,0,0,0,0,0,0,0,0,0,0,0,0,0,0,0,0,0,0,0,0,0,0,0,0,0,0,0
101,2017,203,440,12.65,0,0,0,0,0,0,0,0,0,0,0,0,0,0,0,0,0,0,0,0,0,0,0,0,0,0,0,0,0,0,0,0
101,2017,203,450,12.65,0,0,0,0,0,0,0,0,0,0,0,0,0,0,0,0,0,0,0,0,0,0,0,0,0,0,0,0,0,0,0,0
101,2017,203,500,12.65,0,0,0,0,0,0,0,0,0,0,0,0,0,0,0,0,0,0,0,0,0,0,0,0,0,0,0,0,0,0,0,0
101,2017,203,510,12.65,0,0,0,0,0,0,0,0,0,0,0,0,0,0,0,0,0,0,0,0,0,0,0,0,0,0,0,0,0,0,0,0
101,2017,203,520,12.65,0,0,0,0,0,0,0,0,0,0,0,0,0,0,0,0,0,0,0,0,0,0,0,0,0,0,0,0,0,0,0,0
101,2017,203,530,12.65,0,0,0,0,0,0,0,0,0,0,0,0,0,0,0,0,0,0,0,0,0,0,0,0,0,0,0,0,0,0,0,0
101,2017,203,540,12.65,0,0,0,0,0,0,0,0,0,0,0,0,0,0,0,0,0,0,0,0,0,0,0,0,0,0,0,0,0,0,0,0
101,2017,203,550,12.65,0,0,0,0,0,0,0,0,0,0,0,0,0,0,0,0,0,0,0,0,0,0,0,0,0,0,0,0,0,0,0,0
101,2017,203,600,12.65,0,0,0,0,0,0,0,0,0,0,0,0,0,0,0,0,0,0,0,0,0,0,0,0,0,0,0,0,0,0,0,0
101,2017,203,610,12.65,0,0,0,0,0,0,0,0,0,0,0,0,0,0,0,0,0,0,0,0,0,0,0,0,0,0,0,0,0,0,0,0
101,2017,203,620,12.65,0,0,0,0,0,0,0,0,0,0,0,0,0,0,0,0,0,0,0,0,0,0,0,0,0,0,0,0,0,0,0,0
101,2017,203,630,12.65,0,0,0,0,0,0,0,0,0,0,0,0,0,0,0,0,0,0,0,0,0,0,0,0,0,0,0,0,0,0,0,0
101,2017,203,640,12.65,0,0,0,0,0,0,0,0,0,0,.017,0,0,0,.008,.003,0,.007,0,0,0,0,0,.002,0,0,0,0,0,0,0,0
101,2017,203,650,12.65,.013,0,0,.032,.013,.005,.002,.01,.007,0,.136,.005,.013,.007,.085,.084,.025,.094,.025,.003,.023,.005,.01,.069,.012,.008,.025,0,0,.008,0,0
101,2017,203,700,12.65,.065,.03,.023,.146,.067,.042,.032,.055,.035,.034,.622,.039,.057,.052,.456,.454,.119,.458,.127,.037,.117,.044,.049,.382,.045,.044,.124,.012,.027,.057,.017,.023
101,2017,203,710,12.65,.171,.069,.045,.369,.174,.107,.06,.146,.087,.079,1.611,.102,.144,.139,1.237,1.23,.3,1.183,.322,.099,.303,.106,.124,1.007,.122,.104,.327,.034,.049,.156,.034,.054
101,2017,203,720,12.65,.298,.126,.084,.634,.322,.196,.114,.258,.159,.136,2.834,.178,.25,.261,2.323,2.343,.498,2.1,.536,.176,.518,.191,.225,1.976,.241,.188,.548,.059,.089,.285,.062,.097
101,2017,203,730,12.65,.442,.194,.132,1.017,.469,.3,.171,.406,.243,.203,4.463,.27,.385,.396,3.498,3.622,.803,3.26,.838,.258,.843,.303,.347,3.059,.372,.3,.811,.092,.127,.407,.097,.147
101,2017,203,740,12.65,.615,.292,.191,1.502,.64,.426,.23,.541,.357,.297,7.23,.372,.506,.535,7.31,4.951,1.262,4.56,1.195,.344,1.24,.427,.453,4.111,.474,.412,1.091,.124,.176,.508,.131,.194
101,2017,203,750,12.65,.665,.3,.216,1.601,.719,.456,.263,.602,.406,.347,36.44,.642,.588,.667,8.9,5.588,1.371,5.179,1.379,.412,1.475,.531,.577,4.77,.536,.447,1.296,.144,.213,.605,.164,.236
101,2017,203,800,12.65,.784,.355,.263,1.904,.86,.56,.315,.727,.466,.414,52.31,1.138,.761,.811,10.1,6.385,1.642,6.255,1.668,.447,4.575,.903,.848,5.333,.628,.535,1.498,.178,.246,.689,.183,.278
101,2017,203,810,12.65,.89,.402,.31,2.154,.99,.66,.367,.835,.543,.459,61.34,1.332,.92,.942,10.79,7.1,1.852,9.54,1.877,.503,8.87,1.539,1.059,7.02,.706,.623,1.691,.201,.295,.759,.203,.318
101,2017,203,820,12.65,.925,.422,.35,2.217,1.061,.717,.411,.897,.592,.488,66.79,1.386,1.032,1.006,10.82,7.39,1.929,26.33,1.968,.526,11.61,1.649,1.111,7.49,.769,.659,1.782,.231,.31,.808,.228,.345
101,2017,203,830,12.65,1.016,.442,.389,2.417,1.212,.826,.446,1.017,.67,.543,73.8,1.421,1.166,1.108,10.87,7.96,2.078,48.98,2.266,.577,15.36,1.783,1.178,7.6,.833,.726,1.906,.25,.349,.865,.235,.38
101,2017,203,840,12.65,1.131,.489,.436,2.792,1.425,.987,.483,1.156,.763,.613,80.3,1.445,1.284,1.24,11.08,14.51,5.428,54.98,2.829,.639,20.27,1.959,1.319,8.4,1.066,.825,2.08,.277,.375,.932,.27,.548
101,2017,203,850,12.65,1.222,.54,.483,3.131,1.647,1.133,.556,1.282,.826,.664,85.3,1.577,1.373,1.358,11.56,21.02,7.16,60.25,3.271,.684,23.83,2.273,1.379,10.43,1.044,.923,2.196,.302,.409,.982,.3,.436
101,2017,203,900,12.65,1.329,.605,.536,3.556,2.03,1.528,1.158,1.413,.882,.727,88.7,1.884,1.466,1.45,12.07,25.55,2.889,64.35,4.151,.742,26.08,37.27,1.554,9.9,1.151,1.009,2.318,.325,.436,1.042,.313,.441
101,2017,203,910,12.65,1.363,.632,.607,4.565,2.303,1.865,.566,1.47,.952,.761,93.3,1.689,1.522,1.542,13.1,29.69,26.22,69.06,8.83,.804,28.56,50.56,1.575,9.73,1.136,1.039,2.407,.347,.446,1.071,.337,.468
101,2017,203,920,12.65,1.428,.662,.685,8.01,2.693,1.963,.593,1.55,.994,.823,97.9,1.51,1.567,1.713,16.17,33.64,43.36,74,4.329,.915,30.94,43.33,1.604,10.11,1.274,1.088,2.526,.367,.458,1.138,.36,.494
101,2017,203,930,12.65,1.634,.764,.803,31.15,2.908,1.788,.657,1.716,1.081,.91,100.9,1.599,1.723,2.078,20.57,37.06,57.65,77.6,5.202,1.13,32.05,6.392,1.842,10.78,1.381,1.22,2.745,.401,.489,1.225,.392,.558
101,2017,203,940,12.65,3.195,1.31,1.109,36.99,3.502,4.502,1.049,2.436,1.63,1.213,107.2,1.979,2.317,2.398,27.72,43.29,5.677,84.5,6.453,1.408,27.44,3.407,2.111,12.51,1.627,1.748,3.522,.427,.65,1.471,.442,.685
101,2017,203,950,12.65,2.197,.893,.995,37.3,4.889,2.545,.806,1.997,1.411,1.108,107.3,1.61,1.932,2.259,30.84,45.58,4.201,85.9,10.45,1.354,17.6,2.163,2.039,12.47,1.62,1.508,3.349,.449,.622,1.488,.444,.667
101,2017,203,1000,12.66,4.671,1.86,1.928,38.46,12.94,5.046,1.493,8.36,2.274,2.021,105.1,2.28,3.319,3.981,41.46,51.99,7.88,88.1,10.09,1.955,16.49,3.121,8.97,20.72,2.408,2.793,7.96,.682,1.139,2.992,.628,1.458
101,2017,203,1010,12.66,4.031,1.83,1.531,19.57,7.9,6.482,1.456,3.215,1.799,1.742,58.24,2.563,2.59,3.601,30.55,29.91,6.651,49.93,19.39,2.181,10.13,4.728,19.24,18.12,2.455,2.61,8.98,.531,1.019,2.5,.528,1.404
101,2017,203,1020,12.66,4.21,2.054,1.479,13.56,5.668,3.272,2.381,2.535,1.742,1.649,42.63,2.791,2.265,4.18,26.57,22.54,6.789,36.8,16.13,2.327,7.09,2.287,5.127,16.7,2.471,2.533,8.28,.449,.928,2.272,.493,1.285
101,2017,203,1030,12.66,3.597,1.959,1.587,21.87,18.22,3.128,2.456,2.331,1.821,1.491,64.59,2.46,1.927,9.24,33.41,19.84,6.263,55.19,19.8,2.418,11.29,2.349,3.956,16.45,2.736,2.458,6.918,.422,.839,1.938,.486,.973
101,2017,203,1040,12.66,2.263,1.473,1.459,26.86,32.93,3.379,6.924,2.297,1.508,1.523,81.8,3.141,1.747,9.26,40.35,18.05,5.308,69.23,51.98,4.271,11.83,2.185,3.795,17.36,2.91,2.567,7.98,.421,.779,1.825,.513,1.141
101,2017,203,1050,12.66,2.555,1.637,1.597,27.26,36.49,8.14,2.041,2.218,1.464,1.853,84.6,3.428,1.821,12.77,44.08,18.6,6.375,70.9,55.14,3.817,10.44,2.2,3.414,19.13,3.156,2.661,8.09,.441,.797,1.927,.553,1.069
101,2017,203,1100,12.66,2.48,1.558,1.444,31.2,35.22,4.592,1.163,2.274,1.451,1.711,108,3.627,1.9,23.77,58.95,18.32,6.023,94.1,80.2,3.014,14.85,2.421,2.79,25.51,3.398,2.875,12.24,.514,.88,2.201,.668,1.288
101,2017,203,1110,12.67,3.198,1.789,1.488,31.07,11.85,2.903,1.158,2.401,1.664,1.645,120.7,3.187,1.974,23.7,70.1,19.06,6.12,106.1,92.7,3.089,21.69,2.416,2.744,31.59,3.289,2.684,42.67,.541,.948,2.263,.749,1.173
101,2017,203,1120,12.67,2.602,1.657,1.488,21.68,25.98,2.882,1.03,2.181,1.493,1.506,117.5,3.879,1.804,15.18,71.2,17.79,5.648,104.1,92.7,3.081,12.45,1.814,2.627,32.1,3.187,2.828,54.47,.541,.948,2.238,.715,1.285
101,2017,203,1130,12.67,2.205,1.277,4.776,18.2,5.515,3.696,.947,2.094,1.349,1.67,118.8,3.654,1.903,3.523,75.4,17.4,5.195,105.9,95.7,2.85,5.837,1.655,2.752,34.68,2.669,2.235,59.27,.598,6.879,2.188,.715,1.608
101,2017,203,1140,12.67,2.374,1.374,1.246,11.02,3.258,5.178,1.022,2.111,1.399,1.615,117.3,32.68,1.987,21.04,79.9,22.4,11.24,106.7,96.2,3.049,4.185,1.596,24.6,37.93,2.622,2.608,63.85,.69,1.005,2.283,.767,1.623
101,2017,203,1150,12.67,2.298,1.683,10.5,9.77,2.357,4.054,.873,2.122,1.248,1.41,81.3,28.58,1.627,19.19,57.31,24.56,21.78,72.9,59.89,3.236,3.794,1.477,2.421,28.47,2.593,3.643,42.08,.565,2.151,2.059,.623,1.139
101,2017,203,1200,12.67,2.68,1.77,1.052,7.16,2.477,2.229,.787,2.102,1.291,1.312,32.36,3.378,1.719,2.757,24.26,19.33,5.218,27.74,10.7,2.725,3.739,1.41,2.456,15.38,2.68,2.504,9.74,.409,.832,2.147,.427,1.124
101,2017,203,1210,12.67,2.459,1.883,2.147,11.5,2.821,3.544,.987,2.211,1.281,1.615,63.15,6.038,1.61,11.11,50.23,21.63,5.087,58.37,42.29,3.799,3.876,1.511,7.88,26.83,3.058,6.701,33.32,.6,1.276,2.626,.583,1.584
101,2017,203,1220,12.67,2.355,1.822,1.283,11.54,2.576,56.52,1.124,2.291,1.442,2.896,112.2,3.886,1.728,21.05,90.1,22.44,5.209,105.9,94.3,4.219,3.988,1.646,33.28,43.97,6.385,22.93,71.5,.774,1.827,2.723,.853,2.202
101,2017,203,1230,12.67,6.067,2.087,1.32,10.45,2.985,3.455,.997,2.934,1.405,2.762,67.98,4.537,1.677,8.73,55.39,34.53,8.64,64.16,48.28,9.84,3.708,1.504,2.702,29.49,15.16,3.459,39.85,.564,3.202,2.615,.648,2.337
101,2017,203,1240,12.67,4.244,1.914,1.819,6.274,12.63,6.527,1.09,2.697,1.303,1.579,70.5,4.492,2.353,5.417,59.18,43.02,26.18,65.64,49.04,22.18,3.745,1.618,3.301,31.69,4.871,3.74,42.61,.61,1.511,2.462,.687,1.817
101,2017,203,1250,12.67,2.425,1.512,1.258,5.601,2.506,2.109,.866,2.177,1.171,1.393,28.79,2.713,1.737,2.812,26.76,19.98,5.83,26.02,8.05,3.973,3.199,1.256,2.74,17.27,2.544,2.894,12.86,.447,1.146,1.995,.449,1.248
101,2017,203,1300,12.67,3.768,2.346,1.683,7.92,5.417,5.016,1.536,5.125,1.869,2.122,92.3,4.939,2.745,4.405,84.3,40.03,22.24,89.8,17.97,19.83,4.402,1.762,3.651,45.13,12.01,7.79,63.57,.832,17.19,3.39,.914,2.221
101,2017,203,1310,12.67,3.959,1.799,2.872,7.42,3.681,2.799,1.405,3.063,1.661,2.223,48.85,4.524,2.591,4.525,49.34,27.43,6.522,48.36,8.78,5.609,3.829,1.656,3.959,30.19,3.164,6.442,29.88,.719,2.006,3.184,.685,2.387
101,2017,203,1320,12.67,4.681,2.358,1.953,9.47,3.432,3.571,2.47,3.289,2.057,2.827,86.8,4.795,2.656,4.103,83.8,25.26,7.6,86.6,10.95,6.718,4.773,2.042,4.685,46.4,3.728,5.17,62.25,.854,2.119,3.47,.976,2.05
101,2017,203,1330,12.67,3.566,1.986,1.566,7.54,9.76,2.924,1.618,6.168,1.978,3.633,87.6,6.361,2.593,4.072,88.1,26.06,7.14,87.4,11.47,7.11,4.378,1.918,5.346,47.76,3.951,20.49,65.55,.953,1.913,3.571,.943,2.08
101,2017,203,1340,12.67,2.156,1.295,1.152,5.043,15.08,2.119,1.34,15.17,1.606,2.524,78.8,20.37,1.831,3.629,83.6,18.37,4.961,80,10.36,6.081,3.576,1.65,43.49,45.5,3.299,8.84,63.17,.878,1.826,3.33,.827,1.837
101,2017,203,1350,12.67,2.065,1.194,1.159,4.862,3.598,2.211,1.323,4.028,2.358,2.134,85.1,49.65,1.837,3.74,95.2,17.56,5.187,88,26.59,6.964,3.626,1.687,28.15,51.02,3.323,3.978,72.6,.943,2.065,3.624,.923,1.837
101,2017,203,1400,12.67,2.221,1.186,4.499,4.924,2.779,5.036,1.39,4.345,18.39,3.728,81.9,60.55,1.988,4.321,96.3,18.61,5.525,86.7,8.69,23.92,5.828,1.74,3.72,52.04,3.529,3.447,72.3,1.052,1.893,3.591,.938,2.122
101,2017,203,1410,12.67,2.501,1.221,1.325,5.226,2.494,2.194,1.407,2.707,1.775,2.866,64.63,40.87,6.73,4.264,77.3,21.12,5.18,68.39,8.61,34.82,5.684,1.718,3.562,42.98,3.572,3.325,55.17,.963,1.742,3.246,.812,1.998
101,2017,203,1420,12.67,1.717,.943,.99,4.003,2.149,1.97,1.373,2.171,2.628,7.12,65.11,4.219,1.732,4.231,84.6,18.41,4.179,71.6,9.71,7.7,3.574,1.678,5.008,46.58,3.844,2.834,63.4,.936,1.651,2.831,.737,2.025
101,2017,203,1430,12.67,1.668,.856,.853,3.79,1.975,2.851,1.457,2.589,1.399,22.16,70.1,3.49,2.715,4.663,96.3,17.63,3.73,79.7,23.77,7.28,3.72,2.33,4.698,52.43,5.706,2.599,75.2,1.105,1.606,2.603,.713,2.127
101,2017,203,1440,12.67,1.583,.796,.822,3.477,1.867,1.841,10.79,4.4,1.296,3.606,65.32,3.03,11.75,4.84,96.5,25.49,3.964,75.8,5.973,9.12,3.358,15.28,11.62,51.99,5.39,2.497,73.7,1.291,1.569,2.578,.64,2.172
101,2017,203,1450,12.67,1.486,.725,.906,3.241,1.73,2.445,3.261,3.117,1.214,2.14,58.92,2.527,1.695,4.437,93.1,31.7,3.718,69.92,5.142,10.75,3.08,28.28,25.42,49.84,35.49,2.34,71.5,1.439,1.45,2.3,.574,1.891
101,2017,203,1500,12.67,1.43,.692,.727,3.127,1.658,4.743,1.234,13.82,1.12,2.048,53.89,2.42,1.578,11.09,92.2,22.01,3.542,66.26,4.869,13.12,3.082,1.705,2.008,49.1,75.4,2.246,70.4,17.17,20.71,2.216,.533,1.67
101,2017,203,1510,12.67,1.373,.65,.7,2.993,1.591,2.434,1.12,1.831,1.035,2.073,48.5,3.082,1.517,9.65,89.2,16.75,3.341,61.23,4.855,40.68,2.941,1.226,4.809,47.15,23.38,2.06,28.7,24.46,4.44,2.132,.491,1.41
101,2017,203,1520,12.67,1.33,.628,.645,2.867,1.553,1.434,.998,1.651,.955,2.281,42.76,2.295,1.427,4.085,85.6,32.56,3.145,55.78,4.681,71.6,2.824,1.102,3.495,45.15,2.968,1.829,9.82,21.1,1.326,2.067,.449,1.254
101,2017,203,1530,12.67,1.261,.591,.61,2.732,1.494,6.701,.92,1.526,.891,45.21,37.12,2.125,1.34,5.043,82,56.2,2.936,50.79,4.432,63.92,2.651,1.164,1.578,43.02,2.496,1.636,6.112,.908,1.184,1.983,.435,1.146
101,2017,203,1540,12.67,1.204,.554,.794,2.618,1.466,2.668,.856,1.45,.822,51.51,32.16,1.941,1.464,5.695,77.8,53.59,2.814,45.73,8.11,64.86,2.601,.995,1.484,38.75,2.053,1.429,5.666,.698,1.104,1.935,.412,1.09
101,2017,203,1550,12.67,1.204,.523,.747,2.514,1.373,1.122,.831,1.379,.776,8.79,27.52,1.841,2.149,6.737,72.3,49.07,2.67,40.37,26.08,57.07,2.533,.963,1.425,14.17,1.806,1.233,5.393,.559,.888,1.993,.399,1.042
101,2017,203,1600,12.67,1.323,.563,3.271,2.873,1.504,1.235,.871,1.544,.822,1.752,24.87,1.967,1.397,20.81,67.79,45,2.883,36.43,19.74,41.01,2.638,1.015,1.601,14.4,1.988,1.24,6.137,.543,.812,2.149,.387,1.204
101,2017,203,1610,12.67,1.203,.533,.576,2.662,1.375,1.085,.796,1.395,.752,1.28,21.29,1.655,1.243,2.757,65.93,42.99,2.58,33.34,13.54,18.25,2.529,.936,1.434,13.04,1.739,1.099,5.354,.491,.667,1.915,.365,1.013
101,2017,203,1620,12.67,1.208,.533,.516,2.732,1.436,1.062,.822,1.369,.745,1.131,18.59,1.533,1.253,2.725,62.46,38.25,2.464,31.34,4.622,3.156,2.506,.921,1.436,13.25,1.739,1.062,5.339,.454,.616,2.124,.365,1.023
101,2017,203,1630,12.67,1.452,.63,.528,3.523,1.59,1.116,.725,1.424,.848,1.169,15.99,1.362,1.374,2.236,39.28,19.06,2.754,14.98,3.71,2.714,2.645,.953,1.36,13.21,1.851,1.126,4.72,.436,.588,1.844,.335,.898
101,2017,203,1640,12.67,1.486,.657,.506,3.126,1.496,1.03,.727,1.397,.749,1.044,13.78,1.27,1.342,2.104,26.32,15.87,2.34,13.09,3.099,2.089,2.389,.856,1.352,13.25,1.682,1.139,5.273,.432,.586,1.933,.338,.943
101,2017,203,1650,12.67,1.766,.727,.573,3.71,1.598,1.08,.779,1.417,.838,1.126,14.55,1.298,1.359,2.158,20.31,16.06,2.692,13.95,3.297,2.191,2.56,.94,1.375,14,2.015,1.218,5.59,.442,.61,1.975,.347,.938
101,2017,203,1700,12.67,1.516,.616,.492,3.107,1.352,.936,.608,1.204,.688,.931,12.66,1.209,1.194,1.936,15.73,13.41,2.323,12.07,2.943,1.677,2.111,.774,1.203,12.26,1.417,1.062,4.925,.37,.509,1.715,.317,.846
101,2017,203,1710,12.67,1.134,.462,.415,2.377,1.136,.739,.553,.98,.551,.695,10.07,.97,1.012,1.61,14.09,11.78,1.823,9.61,2.251,1.223,1.796,.647,1.025,13.72,1.352,.871,4.151,.315,.434,1.595,.28,.71
101,2017,203,1720,12.67,.873,.377,.355,1.908,.941,.625,.456,.834,.498,.668,8.59,.792,.844,1.422,11.9,9.84,1.524,8.27,1.828,1.307,1.481,.544,.818,8.8,1.047,.717,3.471,.303,.392,1.315,.221,.635
101,2017,203,1730,12.67,.59,.268,.213,1.267,.593,.41,.292,.524,.325,.41,5.466,.479,.506,.794,7.09,6.09,.978,5.009,1.181,.784,1.025,.374,.503,5.321,.615,.437,1.96,.169,.235,.732,.144,.353
101,2017,203,1740,12.67,.407,.179,.144,.843,.424,.283,.199,.382,.228,.278,3.644,.322,.374,.531,4.87,4.27,.648,3.321,.767,.498,.724,.256,.364,3.746,.434,.31,1.277,.119,.161,.513,.101,.235
101,2017,203,1750,12.67,.255,.104,.08,.499,.268,.163,.121,.233,.137,.149,2.119,.179,.233,.302,2.697,2.454,.395,1.851,.436,.27,.444,.159,.206,2.16,.258,.174,.674,.07,.089,.305,.06,.124
101,2017,203,1800,12.66,.124,.05,.04,.253,.126,.072,.054,.104,.064,.064,.94,.077,.107,.131,1.116,1.067,.193,.797,.203,.102,.218,.072,.095,.93,.109,.084,.307,.03,.044,.134,.03,.055
101,2017,203,1810,12.66,.037,.01,.005,.07,.039,.02,.01,.028,.017,.015,.266,.018,.034,.037,.32,.298,.055,.233,.062,.023,.06,.015,.027,.265,.034,.017,.089,.002,.01,.037,0,.01
101,2017,203,1820,12.66,0,0,0,.005,0,0,0,0,0,0,.035,0,0,0,.049,.042,0,.032,.005,0,.003,0,0,.035,0,0,.01,0,0,0,0,0
101,2017,203,1830,12.66,0,0,0,0,0,0,0,0,0,0,0,0,0,0,0,0,0,0,0,0,0,0,0,0,0,0,0,0,0,0,0,0
101,2017,203,1840,12.66,0,0,0,0,0,0,0,0,0,0,0,0,0,0,0,0,0,0,0,0,0,0,0,0,0,0,0,0,0,0,0,0
101,2017,203,1850,12.66,0,0,0,0,0,0,0,0,0,0,0,0,0,0,0,0,0,0,0,0,0,0,0,0,0,0,0,0,0,0,0,0
101,2017,203,1900,12.66,0,0,0,0,0,0,0,0,0,0,0,0,0,0,0,0,0,0,0,0,0,0,0,0,0,0,0,0,0,0,0,0
101,2017,203,1910,12.66,0,0,0,0,0,0,0,0,0,0,0,0,0,0,0,0,0,0,0,0,0,0,0,0,0,0,0,0,0,0,0,0
101,2017,203,1920,12.66,0,0,0,0,0,0,0,0,0,0,0,0,0,0,0,0,0,0,0,0,0,0,0,0,0,0,0,0,0,0,0,0
101,2017,203,1930,12.66,0,0,0,0,0,0,0,0,0,0,0,0,0,0,0,0,0,0,0,0,0,0,0,0,0,0,0,0,0,0,0,0
101,2017,203,1940,12.66,0,0,0,0,0,0,0,0,0,0,0,0,0,0,0,0,0,0,0,0,0,0,0,0,0,0,0,0,0,0,0,0
101,2017,203,1950,12.66,0,0,0,0,0,0,0,0,0,0,0,0,0,0,0,0,0,0,0,0,0,0,0,0,0,0,0,0,0,0,0,0
101,2017,203,2000,12.66,0,0,0,0,0,0,0,0,0,0,0,0,0,0,0,0,0,0,0,0,0,0,0,0,0,0,0,0,0,0,0,0
101,2017,203,2010,12.66,0,0,0,0,0,0,0,0,0,0,0,0,0,0,0,0,0,0,0,0,0,0,0,0,0,0,0,0,0,0,0,0
101,2017,203,2020,12.66,0,0,0,0,0,0,0,0,0,0,0,0,0,0,0,0,0,0,0,0,0,0,0,0,0,0,0,0,0,0,0,0
101,2017,203,2030,12.65,0,0,0,0,0,0,0,0,0,0,0,0,0,0,0,0,0,0,0,0,0,0,0,0,0,0,0,0,0,0,0,0
101,2017,203,2040,12.65,0,0,0,0,0,0,0,0,0,0,0,0,0,0,0,0,0,0,0,0,0,0,0,0,0,0,0,0,0,0,0,0
101,2017,203,2050,12.65,0,0,0,0,0,0,0,0,0,0,0,0,0,0,0,0,0,0,0,0,0,0,0,0,0,0,0,0,0,0,0,0
101,2017,203,2100,12.65,0,0,0,0,0,0,0,0,0,0,0,0,0,0,0,0,0,0,0,0,0,0,0,0,0,0,0,0,0,0,0,0
101,2017,203,2110,12.65,0,0,0,0,0,0,0,0,0,0,0,0,0,0,0,0,0,0,0,0,0,0,0,0,0,0,0,0,0,0,0,0
101,2017,203,2120,12.65,0,0,0,0,0,0,0,0,0,0,0,0,0,0,0,0,0,0,0,0,0,0,0,0,0,0,0,0,0,0,0,0
101,2017,203,2130,12.65,0,0,0,0,0,0,0,0,0,0,0,0,0,0,0,0,0,0,0,0,0,0,0,0,0,0,0,0,0,0,0,0
101,2017,203,2140,12.65,0,0,0,0,0,0,0,0,0,0,0,0,0,0,0,0,0,0,0,0,0,0,0,0,0,0,0,0,0,0,0,0
101,2017,203,2150,12.65,0,0,0,0,0,0,0,0,0,0,0,0,0,0,0,0,0,0,0,0,0,0,0,0,0,0,0,0,0,0,0,0
101,2017,203,2200,12.65,0,0,0,0,0,0,0,0,0,0,0,0,0,0,0,0,0,0,0,0,0,0,0,0,0,0,0,0,0,0,0,0
101,2017,203,2210,12.65,0,0,0,0,0,0,0,0,0,0,0,0,0,0,0,0,0,0,0,0,0,0,0,0,0,0,0,0,0,0,0,0
101,2017,203,2220,12.65,0,0,0,0,0,0,0,0,0,0,0,0,0,0,0,0,0,0,0,0,0,0,0,0,0,0,0,0,0,0,0,0
101,2017,203,2230,12.65,0,0,0,0,0,0,0,0,0,0,0,0,0,0,0,0,0,0,0,0,0,0,0,0,0,0,0,0,0,0,0,0
101,2017,203,2240,12.65,0,0,0,0,0,0,0,0,0,0,0,0,0,0,0,0,0,0,0,0,0,0,0,0,0,0,0,0,0,0,0,0
101,2017,203,2250,12.65,0,0,0,0,0,0,0,0,0,0,0,0,0,0,0,0,0,0,0,0,0,0,0,0,0,0,0,0,0,0,0,0
101,2017,203,2300,12.65,0,0,0,0,0,0,0,0,0,0,0,0,0,0,0,0,0,0,0,0,0,0,0,0,0,0,0,0,0,0,0,0
101,2017,203,2310,12.65,0,0,0,0,0,0,0,0,0,0,0,0,0,0,0,0,0,0,0,0,0,0,0,0,0,0,0,0,0,0,0,0
101,2017,203,2320,12.65,0,0,0,0,0,0,0,0,0,0,0,0,0,0,0,0,0,0,0,0,0,0,0,0,0,0,0,0,0,0,0,0
101,2017,203,2330,12.65,0,0,0,0,0,0,0,0,0,0,0,0,0,0,0,0,0,0,0,0,0,0,0,0,0,0,0,0,0,0,0,0
101,2017,203,2340,12.65,0,0,0,0,0,0,0,0,0,0,0,0,0,0,0,0,0,0,0,0,0,0,0,0,0,0,0,0,0,0,0,0
101,2017,203,2350,12.64,0,0,0,0,0,0,0,0,0,0,0,0,0,0,0,0,0,0,0,0,0,0,0,0,0,0,0,0,0,0,0,0
101,2017,203,2400,12.64,0,0,0,0,0,0,0,0,0,0,0,0,0,0,0,0,0,0,0,0,0,0,0,0,0,0,0,0,0,0,0,0
101,2017,204,10,12.64,0,0,0,0,0,0,0,0,0,0,0,0,0,0,0,0,0,0,0,0,0,0,0,0,0,0,0,0,0,0,0,0
101,2017,204,20,12.64,0,0,0,0,0,0,0,0,0,0,0,0,0,0,0,0,0,0,0,0,0,0,0,0,0,0,0,0,0,0,0,0
101,2017,204,30,12.64,0,0,0,0,0,0,0,0,0,0,0,0,0,0,0,0,0,0,0,0,0,0,0,0,0,0,0,0,0,0,0,0
101,2017,204,40,12.64,0,0,0,0,0,0,0,0,0,0,0,0,0,0,0,0,0,0,0,0,0,0,0,0,0,0,0,0,0,0,0,0
101,2017,204,50,12.49,0,0,0,0,0,0,0,-6999,-11.13,0,0,0,0,0,0,0,0,0,0,0,0,0,0,0,0,0,0,0,0,0,0,0
101,2017,204,100,12.31,0,0,0,0,0,0,0,73.2,-9.31,0,0,0,0,0,0,0,0,0,0,0,0,0,0,0,0,0,0,0,0,0,0,0
101,2017,204,110,12.3,0,0,0,0,0,0,0,44.09,-10.95,0,0,0,0,0,0,0,0,0,0,0,0,0,0,0,0,0,0,0,0,0,0,0
101,2017,204,120,12.3,0,0,0,0,0,0,0,33.45,-9.13,0,0,0,0,0,0,0,0,0,0,0,0,0,0,0,0,0,0,0,0,0,0,0
101,2017,204,130,12.31,0,0,0,0,0,0,0,33.49,-9.19,0,0,0,0,0,0,0,0,0,0,0,0,0,0,0,0,0,0,0,0,0,0,0
101,2017,204,140,12.31,0,0,0,0,0,0,0,37.1,-9.3,0,0,0,0,0,0,0,0,0,0,0,0,0,0,0,0,0,0,0,0,0,0,0
101,2017,204,150,12.3,0,0,0,0,0,0,0,35.67,-9.31,0,0,0,0,0,0,0,0,0,0,0,0,0,0,0,0,0,0,0,0,0,0,0
101,2017,204,200,12.3,0,0,0,0,0,0,0,31.75,-9.4,0,0,0,0,0,0,0,0,0,0,0,0,0,0,0,0,0,0,0,0,0,0,0
101,2017,204,210,12.29,0,0,0,0,0,0,0,30.52,-9.42,0,0,0,0,0,0,0,0,0,0,0,0,0,0,0,0,0,0,0,0,0,0,0
101,2017,204,220,12.29,0,0,0,0,0,0,0,29.81,-9.43,0,0,0,0,0,0,0,0,0,0,0,0,0,0,0,0,0,0,0,0,0,0,0
101,2017,204,230,12.29,0,0,0,0,0,0,0,28.57,-9.66,0,0,0,0,0,0,0,0,0,0,0,0,0,0,0,0,0,0,0,0,0,0,0
101,2017,204,240,12.31,0,0,0,0,0,0,0,25.72,-9.84,0,0,0,0,0,0,0,0,0,0,0,0,0,0,0,0,0,0,0,0,0,0,0
101,2017,204,250,12.31,0,0,0,0,0,0,0,28.51,-9.8,0,0,0,0,0,0,0,0,0,0,0,0,0,0,0,0,0,0,0,0,0,0,0
101,2017,204,300,12.31,0,0,0,0,0,0,0,30.41,-9.52,0,0,0,0,0,0,0,0,0,0,0,0,0,0,0,0,0,0,0,0,0,0,0
101,2017,204,310,12.31,0,0,0,0,0,0,0,32.68,-9.64,0,0,0,0,0,0,0,0,0,0,0,0,0,0,0,0,0,0,0,0,0,0,0
101,2017,204,320,12.31,0,0,0,0,0,0,0,32.84,-9.87,0,0,0,0,0,0,0,0,0,0,0,0,0,0,0,0,0,0,0,0,0,0,0
101,2017,204,330,12.31,0,0,0,0,0,0,0,27.5,-9.91,0,0,0,0,0,0,0,0,0,0,0,0,0,0,0,0,0,0,0,0,0,0,0
101,2017,204,340,12.3,0,0,0,0,0,0,0,25.73,-9.43,0,0,0,0,0,0,0,0,0,0,0,0,0,0,0,0,0,0,0,0,0,0,0
101,2017,204,350,12.3,0,0,0,0,0,0,0,26.67,-9.31,0,0,0,0,0,0,0,0,0,0,0,0,0,0,0,0,0,0,0,0,0,0,0
101,2017,204,400,12.3,0,0,0,0,0,0,0,26.82,-9.21,0,0,0,0,0,0,0,0,0,0,0,0,0,0,0,0,0,0,0,0,0,0,0
101,2017,204,410,12.3,0,0,0,0,0,0,0,27.57,-9.21,0,0,0,0,0,0,0,0,0,0,0,0,0,0,0,0,0,0,0,0,0,0,0
101,2017,204,420,12.3,0,0,0,0,0,0,0,28.51,-9,0,0,0,0,0,0,0,0,0,0,0,0,0,0,0,0,0,0,0,0,0,0,0
101,2017,204,430,12.3,0,0,0,0,0,0,0,30.26,-9.04,0,0,0,0,0,0,0,0,0,0,0,0,0,0,0,0,0,0,0,0,0,0,0
101,2017,204,440,12.3,0,0,0,0,0,0,0,34.13,-8.86,0,0,0,0,0,0,0,0,0,0,0,0,0,0,0,0,0,0,0,0,0,0,0
101,2017,204,450,12.3,0,0,0,0,0,0,0,32.67,-9.31,0,0,0,0,0,0,0,0,0,0,0,0,0,0,0,0,0,0,0,0,0,0,0
101,2017,204,500,12.3,0,0,0,0,0,0,0,32.84,-9.22,0,0,0,0,0,0,0,0,0,0,0,0,0,0,0,0,0,0,0,0,0,0,0
101,2017,204,510,12.3,0,0,0,0,0,0,0,35.4,-8.97,0,0,0,0,0,0,0,0,0,0,0,0,0,0,0,0,0,0,0,0,0,0,0
101,2017,204,520,12.3,0,0,0,0,0,0,0,36,-9.08,0,0,0,0,0,0,0,0,0,0,0,0,0,0,0,0,0,0,0,0,0,0,0
101,2017,204,530,12.3,0,0,0,0,0,0,0,34.92,-9.34,0,0,0,0,0,0,0,0,0,0,0,0,0,0,0,0,0,0,0,0,0,0,0
101,2017,204,540,12.3,0,0,0,0,0,0,0,36.91,-8.91,0,0,0,0,0,0,0,0,0,0,0,0,0,0,0,0,0,0,0,0,0,0,0
101,2017,204,550,12.3,0,0,0,0,0,0,0,38.33,-8.78,0,0,0,0,0,0,0,0,0,0,0,0,0,0,0,0,0,0,0,0,0,0,0
101,2017,204,600,12.3,0,0,0,0,0,0,0,37.84,-9.04,0,0,0,0,0,0,0,0,0,0,0,0,0,0,0,0,0,0,0,0,0,0,0
101,2017,204,610,12.3,0,0,0,0,0,0,0,37.6,-9.31,0,0,0,0,0,0,0,0,0,0,0,0,0,0,0,0,0,0,0,0,0,0,0
101,2017,204,620,12.3,0,0,0,0,0,0,0,34.72,-9.67,0,0,0,0,0,0,0,0,0,0,0,0,0,0,0,0,0,0,0,0,0,0,0
101,2017,204,630,12.3,0,0,0,0,0,0,0,29.99,-10.01,0,0,0,0,0,0,0,0,0,0,0,0,0,0,0,0,0,0,0,0,0,0,0
101,2017,204,640,12.3,0,0,0,0,0,0,0,25.33,-10.68,0,.017,0,0,0,.01,.007,0,.007,0,0,0,0,0,.005,0,0,0,0,0,0,0,0
101,2017,204,650,12.3,.02,0,0,.035,.017,.007,.002,26.04,-11.19,0,.149,.003,.015,.01,.092,.094,.03,.102,.034,.003,.03,.005,.015,.075,.012,.005,.027,0,0,.01,0,0
101,2017,204,700,12.31,.069,.032,.028,.151,.07,.044,.034,24.45,-11.33,.035,.65,.042,.059,.054,.491,.498,.124,.481,.132,.04,.137,.045,.05,.426,.054,.045,.129,.018,.028,.06,.022,.027
101,2017,204,710,12.31,.181,.072,.049,.38,.186,.111,.065,27.35,-10.77,.08,1.627,.101,.151,.142,1.332,1.366,.308,1.22,.334,.101,.344,.114,.132,1.155,.137,.111,.34,.034,.047,.166,.034,.057
101,2017,204,720,12.31,.305,.122,.087,.647,.327,.196,.116,28.89,-10.59,.137,2.841,.181,.258,.25,2.38,2.452,.508,2.13,.543,.179,.572,.204,.228,2.088,.241,.196,.556,.064,.092,.287,.067,.099
101,2017,204,730,12.3,.429,.184,.124,.972,.449,.283,.164,27.47,-9.88,.203,4.321,.265,.372,.355,3.458,3.566,.759,3.178,.82,.258,.866,.303,.339,3.023,.344,.28,.806,.092,.127,.406,.099,.146
101,2017,204,740,12.31,.543,.243,.173,1.292,.58,.384,.22,25.49,-9.72,.273,7.37,.362,.463,.474,7.07,4.709,1.101,4.265,1.116,.339,1.173,.412,.432,3.957,.444,.38,1.063,.122,.168,.496,.127,.189
101,2017,204,750,12.3,.642,.29,.213,1.537,.697,.447,.261,26.6,-9.46,.34,38.35,.659,.573,.615,8.99,5.496,1.336,5.065,1.346,.406,1.478,.53,.568,4.673,.531,.446,1.282,.149,.209,.597,.163,.233
101,2017,204,800,12.3,.739,.334,.248,1.768,.816,.526,.312,29.47,-9.06,.407,52.7,1.123,.732,.739,10,6.191,1.544,5.839,1.554,.436,5.164,.893,.818,5.237,.603,.508,1.461,.173,.236,.672,.174,.268
101,2017,204,810,12.3,.835,.374,.298,2.006,.934,.627,.359,33.23,-8.82,.444,60.97,1.307,.88,.845,10.51,6.774,1.75,9.27,1.768,.478,9.24,1.507,1.034,6.6,.675,.593,1.614,.201,.28,.731,.201,.307
101,2017,204,820,12.3,.907,.414,.35,2.217,1.059,.729,.406,34.86,-8.47,.488,68.24,1.398,1.034,.937,10.8,7.27,1.961,27.43,2.031,.526,12.14,1.671,1.125,7.79,.741,.662,1.756,.233,.308,.794,.225,.342
101,2017,204,830,12.3,1.101,.442,.391,2.407,1.203,.831,.441,33.1,-8.52,.541,75,1.418,1.156,1.017,10.79,7.74,2.088,49.67,2.356,.572,16.05,1.787,1.203,7.92,.818,.719,1.89,.253,.342,.848,.235,.38
101,2017,204,840,12.3,1.064,.463,.434,2.643,1.368,.949,.471,31.98,-8.55,.592,81,1.43,1.247,1.108,10.76,14.04,3,55.36,2.779,.615,20.95,1.924,1.29,8.12,1.032,.789,2.004,.27,.369,.892,.261,.674
101,2017,204,850,12.3,1.111,.488,.453,2.822,1.57,1.064,.53,29.63,-8.37,.64,87,1.54,1.327,1.208,11.12,20.01,3.903,61.22,3.01,.65,24.81,1.984,1.309,10.1,.98,.858,2.093,.302,.392,.942,.29,.436
101,2017,204,900,12.3,1.158,.536,.503,3.099,1.852,1.505,.724,27.53,-8.69,.682,92.1,1.887,1.386,1.297,11.59,24.95,2.569,66.49,3.794,.697,27.61,34.97,1.47,9.59,1.135,.928,2.167,.31,.414,.98,.302,.436
101,2017,204,910,12.3,1.212,.553,.568,3.945,2.201,1.766,.545,28.13,-8.4,.727,96.1,1.674,1.473,1.378,12.65,29.26,25.1,70.9,6.57,.754,29.94,53.12,1.48,9.29,1.073,1.002,2.237,.342,.436,1.019,.332,.436
101,2017,204,920,12.3,1.309,.632,.645,7.82,2.552,1.812,.578,25.22,-7.96,.788,100.5,1.435,1.599,1.488,15.6,33.36,62.5,75.4,3.776,.843,32.31,45.61,1.478,9.63,1.177,1.126,2.333,.385,.474,1.084,.352,.471
101,2017,204,930,12.3,1.594,.746,.706,32.17,2.742,1.763,.635,19.43,-7.35,.858,104.8,1.507,1.874,1.976,20.05,37.45,51.6,80,4.227,1.017,34,6.437,1.606,10.09,1.265,1.244,2.423,.434,.545,1.143,.38,.509
101,2017,204,940,12.3,1.491,.699,.781,36.05,2.752,1.889,1.051,11.29,-6.99,.893,106.9,1.491,1.719,1.8,24.95,40.56,3.286,83.2,4.62,1.099,27.94,3.067,1.631,10.31,1.316,1.186,2.537,.414,.513,1.193,.406,.536
101,2017,204,950,12.31,1.493,.736,.853,37.27,6.029,2.044,.719,9.72,-6.729,.942,108.4,1.523,1.697,1.855,29.25,43.59,3.336,85.9,7.47,1.208,17.34,1.999,1.847,10.62,1.5,1.26,2.674,.409,.531,1.235,.427,.571
101,2017,204,1000,12.31,1.526,.776,.896,38.66,16.56,5.045,.982,10.93,-5.717,.997,109.1,1.55,1.632,1.934,33.47,45.64,3.436,87.9,6.156,1.282,17.03,1.828,10.85,11.07,1.567,1.342,2.827,.402,.524,1.29,.444,.618
101,2017,204,1010,12.31,1.538,.796,.955,38.85,21.61,28.3,1.897,27.56,-5.204,1.118,107.6,1.555,1.65,2.057,36.77,32.77,3.502,88,69.53,1.371,24.91,19.54,71,11.4,1.649,1.438,2.92,.402,.536,1.339,3.126,.637
101,2017,204,1020,12.31,2.22,.875,1.146,39.39,29.09,14.55,19.71,13.15,1.034,1.025,107.6,1.578,1.608,3.016,40.51,13.92,3.547,89.3,80.8,1.427,31.15,4.844,32.05,12.6,1.841,1.434,3.103,.414,.56,1.371,3.118,.658
101,2017,204,1030,12.31,1.647,.848,1.022,41.5,52.27,5.189,3.187,1.278,-3.245,1.066,111.4,1.657,1.583,3.786,45.72,11.07,3.636,93.4,25.86,1.845,26.14,2.775,1.903,14.68,2.071,1.65,3.249,.436,.586,1.416,.506,.689
101,2017,204,1040,12.31,1.716,.903,1.04,42.1,65.62,9.32,8.91,1.632,-1.168,1.173,113.1,1.694,1.58,3.207,50.84,10.92,3.88,96.1,88.5,8.33,19.39,1.68,1.751,17.28,2.173,1.717,3.322,.436,.608,1.448,.488,.73
101,2017,204,1050,12.31,1.707,.905,1.104,38.03,72.1,10.25,1.838,2.32,-3.094,2.269,114.3,1.734,1.583,5.504,55.69,10.88,3.892,98.3,92.6,2.949,15.93,1.573,1.667,20.47,2.198,1.696,3.76,.436,.635,1.484,.524,.761
101,2017,204,1100,12.31,1.766,.95,1.045,31.3,57.91,6.181,1.937,-4.763,-3.361,1.153,115.1,1.878,1.551,9.11,60.48,11.14,3.805,100,94.4,1.86,20.43,1.751,1.64,24.21,2.3,1.925,7.94,.444,.667,1.563,.565,.797
101,2017,204,1110,12.32,1.873,1.069,1.082,24.89,12.41,2.094,.838,-14.06,-4.763,1.2,113.9,2.044,1.598,9.29,64.54,12.1,3.93,100.4,94.2,2.144,25.1,1.739,1.731,27.75,2.372,1.714,37.67,.471,.704,1.649,.605,.866
101,2017,204,1120,12.32,1.873,1.082,1.077,19.51,22.45,2.255,.846,-16.34,-4.041,1.22,115.5,2.156,1.575,7.35,69.84,12.39,3.915,103,96.5,2.203,9.42,1.432,1.947,30.92,2.28,1.93,56.45,.509,.747,1.737,.64,.91
101,2017,204,1130,12.32,1.993,1.193,2.66,17.41,4.687,3.727,.861,-20.33,-4.062,2.28,113.7,2.352,1.591,2.409,73.1,13.67,4.042,102.5,95.3,2.327,4.729,1.395,3.017,33.42,2.315,1.811,59.37,.551,4.967,1.829,.672,2.405
101,2017,204,1140,12.32,2.05,1.327,1.461,11.23,2.982,2.876,.889,-20.96,-3.961,1.281,113.2,32.28,1.64,14.72,76.8,16.03,11.68,103.1,95.8,2.528,3.737,1.379,50.55,35.69,2.352,2.141,62.35,.62,.848,1.916,.722,1.035
101,2017,204,1150,12.32,1.951,1.219,11.96,11.66,2.11,12.57,.893,-10.57,-3.693,1.26,111.7,29.19,1.568,21.55,79.4,18.74,38.18,102.7,95.6,2.867,3.564,1.33,1.923,37.11,2.338,3.571,65.03,.635,3.578,1.986,.744,1.079
101,2017,204,1200,12.32,2.003,1.337,1.219,17.58,2.13,2.365,.921,-22.23,-3.732,1.303,109.2,18.9,1.559,20.04,80.9,18.4,4.941,101.3,76.8,2.799,3.534,1.318,1.99,38.04,2.452,7.46,66.03,.64,.973,2.094,.759,1.201
101,2017,204,1210,12.32,2.104,1.727,5.346,26.53,2.496,5.854,.958,-16.07,-3.675,1.409,109.4,5.577,1.566,18.39,84.7,17.86,4.316,102.5,94.8,3.11,3.487,1.332,9.38,40.61,2.713,16.15,69.2,.75,1.191,2.186,.77,1.342
101,2017,204,1220,12.32,2.132,1.693,1.122,10.76,2.04,49.53,.971,24.53,-3.301,4.854,108.8,2.968,1.553,15.84,87.4,19.82,4.216,102.8,95.2,3.132,3.361,1.338,29.35,42.82,4.117,16.32,72,.698,1.435,2.383,.802,1.532
101,2017,204,1230,12.33,9.45,1.496,1.027,10.09,2.261,2.345,.919,-19.18,-3.259,3.144,86.9,3.32,1.558,9.68,72.5,41.27,9.32,82.1,72.7,9.77,3.135,1.244,2.114,36.91,36.65,6.545,57.37,.576,6.808,2.269,.713,1.852
101,2017,204,1240,12.33,7.7,1.909,2.434,5.465,27.09,19.48,1.129,-5.189,-2.231,1.583,106.4,4.398,4.268,4.586,91.7,69.03,67.64,102.4,89.9,46.93,3.638,1.469,2.521,46.76,7.97,2.956,73.5,.713,5.115,2.894,.896,1.878
101,2017,204,1250,12.33,2.784,1.658,6.833,5.328,10.33,3.69,1.169,-19.91,-2.743,1.583,105.8,4.011,2.73,3.07,94.4,60.36,81.2,102.7,79.4,45.33,3.623,1.599,8.11,49.34,19.88,13.41,76.1,.789,6.793,2.966,1.033,1.879
101,2017,204,1300,12.33,2.415,1.519,1.142,5.038,12.05,2.355,2.618,-20.39,-2.296,1.561,102.2,3.343,2.46,3.028,94.7,31.96,17.44,100.2,17.42,24.03,3.613,1.548,2.635,50.12,10.86,6.408,77,.797,6.17,2.74,.931,1.72
101,2017,204,1310,12.33,2.353,1.486,10.15,5.48,5.05,2.475,1.208,-21.01,-2.867,1.599,99.6,3.162,2.043,3.098,96.4,27.33,4.685,98.8,7.78,11.4,3.651,1.543,2.594,52.31,2.82,5.175,78.4,.837,3.182,3.016,.981,1.723
101,2017,204,1320,12.33,2.387,1.482,1.672,4.892,2.574,3.959,1.583,-22.67,-2.975,1.965,96.5,3.45,2.027,3.122,97.1,18.66,4.745,97.2,7.42,7.19,3.765,1.571,2.943,53.16,2.961,5.932,78.9,.842,5.018,3.263,1.11,1.723
101,2017,204,1330,12.33,2.382,1.474,1.196,4.842,9.1,2.027,1.569,-24.07,-2.926,1.74,86,7.1,1.894,3.13,89.7,18.51,4.768,88.1,7.79,5.78,3.542,1.531,3.467,49.71,3.057,28.76,71.9,.811,1.67,3.254,.921,1.707
101,2017,204,1340,12.33,2.338,1.38,1.052,4.738,12.32,1.819,1.29,-23.05,-2.839,3.36,88.3,33.61,1.921,3.341,95.8,16.79,4.639,91.8,7.23,5.497,3.576,1.564,60.27,52.79,2.918,15.34,78,.909,1.718,3.432,.919,1.749
101,2017,204,1350,12.33,2.127,1.208,.975,4.311,7.92,1.879,1.286,-22.66,-2.703,1.809,84.6,60.95,1.856,3.484,96,16.22,4.361,89.4,20.97,5.366,3.45,1.548,29.09,53.09,2.755,4.67,77.9,.884,2.547,3.542,.936,1.79
101,2017,204,1400,12.33,3.035,1.236,2.81,5.867,2.439,2.722,1.325,-23.36,-2.176,5.371,82.2,67.1,2.127,3.928,96.5,18.55,5.403,87.9,6.604,20.68,10.66,1.697,3.07,54.16,2.772,3.49,76.9,.986,1.985,3.651,.953,1.96
101,2017,204,1410,12.33,3.405,1.296,3.824,6.408,2.616,2.112,1.405,-18.49,-.871,13.96,80.7,56.37,5.232,4.427,98.9,21.07,5.601,88.1,6.503,48.92,8.19,1.898,2.943,56.28,2.97,3.51,78.5,1.07,1.958,3.512,.946,2.09
101,2017,204,1420,12.33,2.862,1.201,1.223,5.082,2.338,2.144,1.571,-20.38,-.28,3.447,76.5,5.787,2.506,5.08,100.1,22.85,4.807,86.5,7.82,8.8,3.907,1.901,7.37,57.39,3.469,3.526,79.9,1.119,2.015,3.656,.93,2.467
101,2017,204,1430,12.33,1.685,.873,.844,3.588,1.881,3.109,1.33,-18.95,-.24,20.84,66.47,3.264,1.911,6.16,91.7,17.08,3.787,76.2,20.57,5.823,3.454,1.951,3.569,50.84,3.984,2.651,73.3,.946,1.745,2.581,.705,2.199
101,2017,204,1440,12.33,1.7,.836,.812,3.613,1.891,1.78,10.34,-19.97,3.361,2.209,62.21,2.944,16.09,4.284,90.1,21.3,3.787,72.3,5.556,7.27,3.487,20.49,17.57,49.75,3.891,2.544,70.8,1.047,1.556,2.491,.63,2.177
101,2017,204,1450,12.33,1.553,.754,.754,3.438,1.926,2.052,1.584,-16.51,-.159,2.191,53.57,2.695,1.732,4.946,82.8,28.58,3.591,62.95,5.207,9.13,3.211,25.17,15.59,45.29,35.12,2.313,62.17,1.37,1.482,2.398,.554,2.027
101,2017,204,1500,12.33,1.442,.708,.735,3.217,1.769,12.6,2.058,-4.554,-.167,2.341,49.71,2.599,1.633,8.19,83.4,20.93,3.316,61.29,4.82,11.52,3.134,2.067,2.233,45.86,64.24,2.239,63.13,13.18,7.62,2.41,.529,2.084
101,2017,204,1510,12.33,1.489,.703,.754,3.351,1.775,3.631,1.36,-12.27,-.988,2.474,47.15,2.78,1.636,7.98,85.7,18.47,3.323,60.11,4.78,32.44,3.11,1.343,4.02,46.51,23.21,2.207,23.01,22.86,4.309,2.346,.502,1.78
101,2017,204,1520,12.33,1.46,.695,.724,3.122,1.715,1.702,1.154,-13.49,-1.687,3.499,41.83,2.353,1.591,4.874,84,35.39,3.067,55.71,4.515,66.05,2.894,1.196,3.299,45.52,3.294,1.991,9,18.37,1.449,2.46,.487,1.697
101,2017,204,1530,12.33,1.343,.621,.703,2.866,1.956,5.304,1.057,-10.73,-2.226,47.19,36.39,2.179,1.502,4.455,81,56.73,2.839,50.78,4.423,57.68,2.67,1.445,1.737,43.36,2.735,1.744,7.4,1.079,1.265,2.4,.444,1.462
101,2017,204,1540,12.33,1.229,.564,.727,2.643,1.544,1.663,.976,-12.87,-2.41,47.36,30.69,1.978,1.397,4,75.3,52.83,2.591,44.56,7.32,59.72,2.521,1.037,1.633,39.42,2.415,1.494,6.718,.799,1.119,2.261,.435,1.268
101,2017,204,1550,12.33,1.136,.509,.739,2.462,1.42,1.151,.883,-12.42,-2.975,7.66,26.14,1.735,2.807,5.648,72.1,49.95,2.395,39.91,24.64,56.77,2.39,.926,1.447,16.83,1.931,1.214,5.71,.59,.906,2.077,.402,1.115
101,2017,204,1600,12.33,1.125,.499,2.224,2.36,1.31,1.002,.77,-14.66,-3.353,1.579,21.56,1.534,1.203,15.7,65.44,44.45,2.231,33.9,17.7,44.06,2.269,.834,1.301,12.98,1.707,1.045,5.016,.491,.695,1.908,.363,.97
101,2017,204,1610,12.33,1.01,.447,.504,2.166,1.192,.874,.715,-15.73,-3.614,1.149,17.67,1.404,1.052,2.278,59.27,39.38,2.018,28.9,10.77,17.32,2.114,.757,1.179,11.9,1.566,.909,4.435,.424,.551,1.78,.335,.854
101,2017,204,1620,12.33,.953,.435,.435,2.067,1.132,.817,.683,-10.88,-3.804,1.022,14.8,1.196,.983,2.089,56.68,36.27,1.844,26.44,3.564,3.145,2.037,.719,1.184,11.67,1.578,.824,4.157,.397,.486,1.703,.32,.819
101,2017,204,1630,12.33,.925,.427,.404,2.02,1.082,.764,.643,-8.04,-3.75,.931,12.36,.976,.93,1.799,48.54,22.83,1.749,13.58,2.543,2.382,1.951,.703,1.141,11.28,1.672,.801,4.008,.385,.459,1.583,.291,.764
101,2017,204,1640,12.33,.859,.399,.348,1.858,.977,.652,.549,-8.78,-4.022,.702,9.51,.826,.846,1.404,36.84,14.16,1.551,8.82,2.104,1.698,1.802,.628,.915,9.99,1.662,.697,3.378,.312,.409,1.357,.256,.618
101,2017,204,1650,12.33,.779,.358,.298,1.692,.884,.563,.472,-9.59,-4.166,.586,8.3,.692,.75,1.174,15.57,10.25,1.399,7.42,1.77,1.333,1.667,.556,.772,9.1,1.668,.606,2.784,.273,.352,1.174,.223,.506
101,2017,204,1700,12.33,.702,.327,.268,1.538,.807,.503,.43,-11,-4.374,.509,7.45,.61,.678,1.047,13.41,9.18,1.268,6.601,1.576,1.137,1.519,.503,.687,10.24,1.494,.546,2.479,.235,.31,1.049,.201,.439
101,2017,204,1710,12.33,.64,.29,.246,1.402,.739,.452,.395,-8.65,-4.657,.461,6.742,.549,.625,.96,10.61,8.38,1.163,6.012,1.41,1.003,1.379,.459,.63,11.53,1.075,.501,2.275,.211,.281,.988,.198,.429
101,2017,204,1720,12.33,.57,.261,.216,1.253,.667,.424,.345,-8.43,-4.979,.434,5.969,.476,.565,.851,8.93,7.36,1.035,5.344,1.231,.881,1.211,.422,.554,6.841,.816,.447,2.015,.201,.256,.89,.168,.389
101,2017,204,1730,12.32,.479,.214,.189,1.047,.548,.369,.276,-7.99,-5.286,.375,4.971,.415,.481,.692,7.01,5.971,.854,4.428,1.005,.687,.995,.357,.454,5.266,.608,.392,1.684,.159,.219,.71,.134,.335
101,2017,204,1740,12.33,.407,.168,.136,.824,.417,.268,.193,-7.23,-5.572,.256,3.641,.298,.382,.462,4.591,4.128,.643,3.15,.71,.444,.732,.265,.338,3.59,.402,.29,1.143,.121,.154,.481,.09,.218
101,2017,204,1750,12.32,.27,.107,.079,.526,.273,.166,.116,-7.57,-6.544,.152,2.248,.181,.241,.278,2.657,2.463,.422,1.898,.446,.255,.466,.164,.209,2.146,.248,.181,.672,.067,.099,.302,.062,.126
101,2017,204,1800,12.32,.139,.052,.044,.276,.134,.08,.059,-7.31,-8.11,.07,1.05,.087,.117,.131,1.213,1.144,.213,.883,.223,.107,.23,.08,.102,.988,.117,.087,.322,.032,.047,.144,.034,.055
101,2017,204,1810,12.32,.042,.015,.008,.08,.042,.022,.015,-11.13,-10.29,.015,.3,.023,.035,.04,.362,.337,.062,.263,.069,.032,.064,.018,.032,.298,.039,.022,.097,0,.01,.042,.002,.013
101,2017,204,1820,12.32,0,0,0,.007,0,0,0,-10.71,-12.36,0,.037,0,0,0,.057,.047,.003,.03,.007,0,.007,0,0,.044,0,0,.01,0,0,0,0,0
101,2017,204,1830,12.32,0,0,0,0,0,0,0,-9.45,-12.37,0,0,0,0,0,.002,0,0,0,0,0,0,0,0,0,0,0,0,0,0,0,0,0
101,2017,204,1840,12.32,0,0,0,0,0,0,0,-9.32,-14.37,0,0,0,0,0,0,0,0,0,0,0,0,0,0,0,0,0,0,0,0,0,0,0
101,2017,204,1850,12.31,0,0,0,0,0,0,0,-9.33,-15.19,0,0,0,0,0,0,0,0,0,0,0,0,0,0,0,0,0,0,0,0,0,0,0
101,2017,204,1900,12.31,0,0,0,0,0,0,0,-9.5,-15.25,0,0,0,0,0,0,0,0,0,0,0,0,0,0,0,0,0,0,0,0,0,0,0
101,2017,204,1910,12.31,0,0,0,0,0,0,0,-8.98,-15.65,0,0,0,0,0,0,0,0,0,0,0,0,0,0,0,0,0,0,0,0,0,0,0
101,2017,204,1920,12.31,0,0,0,0,0,0,0,-8.58,-14.71,0,0,0,0,0,0,0,0,0,0,0,0,0,0,0,0,0,0,0,0,0,0,0
101,2017,204,1930,12.33,0,0,0,0,0,0,0,-8.21,-14.87,0,0,0,0,0,0,0,0,0,0,0,0,0,0,0,0,0,0,0,0,0,0,0
101,2017,204,1940,12.33,0,0,0,0,0,0,0,-7.17,-14.81,0,0,0,0,0,0,0,0,0,0,0,0,0,0,0,0,0,0,0,0,0,0,0
101,2017,204,1950,12.33,0,0,0,0,0,0,0,-5.631,-13.98,0,0,0,0,0,0,0,0,0,0,0,0,0,0,0,0,0,0,0,0,0,0,0
101,2017,204,2000,12.33,0,0,0,0,0,0,0,-4.362,-12.91,0,0,0,0,0,0,0,0,0,0,0,0,0,0,0,0,0,0,0,0,0,0,0
101,2017,204,2010,12.32,0,0,0,0,0,0,0,-3.431,-12.02,0,0,0,0,0,0,0,0,0,0,0,0,0,0,0,0,0,0,0,0,0,0,0
101,2017,204,2020,12.31,0,0,0,0,0,0,0,-1.932,-11.26,0,0,0,0,0,0,0,0,0,0,0,0,0,0,0,0,0,0,0,0,0,0,0
101,2017,204,2030,12.32,0,0,0,0,0,0,0,-.563,-10.53,0,0,0,0,0,0,0,0,0,0,0,0,0,0,0,0,0,0,0,0,0,0,0
101,2017,204,2040,12.31,0,0,0,0,0,0,0,.307,-10.09,0,0,0,0,0,0,0,0,0,0,0,0,0,0,0,0,0,0,0,0,0,0,0
101,2017,204,2050,12.31,0,0,0,0,0,0,0,.779,-9.9,0,0,0,0,0,0,0,0,0,0,0,0,0,0,0,0,0,0,0,0,0,0,0
101,2017,204,2100,12.31,0,0,0,0,0,0,0,1.063,-9.56,0,0,0,0,0,0,0,0,0,0,0,0,0,0,0,0,0,0,0,0,0,0,0
101,2017,204,2110,12.31,0,0,0,0,0,0,0,-.233,-8.84,0,0,0,0,0,0,0,0,0,0,0,0,0,0,0,0,0,0,0,0,0,0,0
101,2017,204,2120,12.31,0,0,0,0,0,0,0,-1.614,-8.84,0,0,0,0,0,0,0,0,0,0,0,0,0,0,0,0,0,0,0,0,0,0,0
101,2017,204,2130,12.31,0,0,0,0,0,0,0,-1.421,-8.85,0,0,0,0,0,0,0,0,0,0,0,0,0,0,0,0,0,0,0,0,0,0,0
101,2017,204,2140,12.31,0,0,0,0,0,0,0,-.615,-8.46,0,0,0,0,0,0,0,0,0,0,0,0,0,0,0,0,0,0,0,0,0,0,0
101,2017,204,2150,12.31,0,0,0,0,0,0,0,-.692,-8.01,0,0,0,0,0,0,0,0,0,0,0,0,0,0,0,0,0,0,0,0,0,0,0
101,2017,204,2200,12.31,0,0,0,0,0,0,0,-1.284,-7.96,0,0,0,0,0,0,0,0,0,0,0,0,0,0,0,0,0,0,0,0,0,0,0
101,2017,204,2210,12.31,0,0,0,0,0,0,0,-.855,-7.95,0,0,0,0,0,0,0,0,0,0,0,0,0,0,0,0,0,0,0,0,0,0,0
101,2017,204,2220,12.31,0,0,0,0,0,0,0,-1.009,-7.8,0,0,0,0,0,0,0,0,0,0,0,0,0,0,0,0,0,0,0,0,0,0,0
101,2017,204,2230,12.31,0,0,0,0,0,0,0,-1.188,-7.81,0,0,0,0,0,0,0,0,0,0,0,0,0,0,0,0,0,0,0,0,0,0,0
101,2017,204,2240,12.3,0,0,0,0,0,0,0,-1.621,-7.86,0,0,0,0,0,0,0,0,0,0,0,0,0,0,0,0,0,0,0,0,0,0,0
101,2017,204,2250,12.31,0,0,0,0,0,0,0,-1.783,-7.68,0,0,0,0,0,0,0,0,0,0,0,0,0,0,0,0,0,0,0,0,0,0,0
101,2017,204,2300,12.3,0,0,0,0,0,0,0,-2.051,-7.7,0,0,0,0,0,0,0,0,0,0,0,0,0,0,0,0,0,0,0,0,0,0,0
101,2017,204,2310,12.3,0,0,0,0,0,0,0,-3.478,-7.8,0,0,0,0,0,0,0,0,0,0,0,0,0,0,0,0,0,0,0,0,0,0,0
101,2017,204,2320,12.3,0,0,0,0,0,0,0,-3.53,-8,0,0,0,0,0,0,0,0,0,0,0,0,0,0,0,0,0,0,0,0,0,0,0
101,2017,204,2330,12.3,0,0,0,0,0,0,0,-2.968,-8.38,0,0,0,0,0,0,0,0,0,0,0,0,0,0,0,0,0,0,0,0,0,0,0
101,2017,204,2340,12.3,0,0,0,0,0,0,0,-2.666,-8.42,0,0,0,0,0,0,0,0,0,0,0,0,0,0,0,0,0,0,0,0,0,0,0
101,2017,204,2350,12.3,0,0,0,0,0,0,0,-2.541,-8.34,0,0,0,0,0,0,0,0,0,0,0,0,0,0,0,0,0,0,0,0,0,0,0
101,2017,204,2400,12.3,0,0,0,0,0,0,0,-1.807,-8.41,0,0,0,0,0,0,0,0,0,0,0,0,0,0,0,0,0,0,0,0,0,0,0
101,2017,205,10,12.3,0,0,0,0,0,0,0,-1.808,-8.9,0,0,0,0,0,0,0,0,0,0,0,0,0,0,0,0,0,0,0,0,0,0,0
101,2017,205,20,12.3,0,0,0,0,0,0,0,-1.753,-8.62,0,0,0,0,0,0,0,0,0,0,0,0,0,0,0,0,0,0,0,0,0,0,0
101,2017,205,30,12.3,0,0,0,0,0,0,0,-1.589,-9.34,0,0,0,0,0,0,0,0,0,0,0,0,0,0,0,0,0,0,0,0,0,0,0
101,2017,205,40,12.3,0,0,0,0,0,0,0,-1.289,-10.08,0,0,0,0,0,0,0,0,0,0,0,0,0,0,0,0,0,0,0,0,0,0,0
101,2017,205,50,12.3,0,0,0,0,0,0,0,-.498,-8.59,0,0,0,0,0,0,0,0,0,0,0,0,0,0,0,0,0,0,0,0,0,0,0
101,2017,205,100,12.3,0,0,0,0,0,0,0,-.99,-7.93,0,0,0,0,0,0,0,0,0,0,0,0,0,0,0,0,0,0,0,0,0,0,0
101,2017,205,110,12.3,0,0,0,0,0,0,0,-1.232,-8.01,0,0,0,0,0,0,0,0,0,0,0,0,0,0,0,0,0,0,0,0,0,0,0
101,2017,205,120,12.3,0,0,0,0,0,0,0,-1.515,-7.96,0,0,0,0,0,0,0,0,0,0,0,0,0,0,0,0,0,0,0,0,0,0,0
101,2017,205,130,12.29,0,0,0,0,0,0,0,-1.862,-8.07,0,0,0,0,0,0,0,0,0,0,0,0,0,0,0,0,0,0,0,0,0,0,0
101,2017,205,140,12.3,0,0,0,0,0,0,0,-3.154,-8.09,0,0,0,0,0,0,0,0,0,0,0,0,0,0,0,0,0,0,0,0,0,0,0
101,2017,205,150,12.29,0,0,0,0,0,0,0,-3.665,-8.1,0,0,0,0,0,0,0,0,0,0,0,0,0,0,0,0,0,0,0,0,0,0,0
101,2017,205,200,12.29,0,0,0,0,0,0,0,-4.213,-8.49,0,0,0,0,0,0,0,0,0,0,0,0,0,0,0,0,0,0,0,0,0,0,0
101,2017,205,210,12.29,0,0,0,0,0,0,0,-3.928,-8.56,0,0,0,0,0,0,0,0,0,0,0,0,0,0,0,0,0,0,0,0,0,0,0
101,2017,205,220,12.29,0,0,0,0,0,0,0,-3.699,-8.3,0,0,0,0,0,0,0,0,0,0,0,0,0,0,0,0,0,0,0,0,0,0,0
101,2017,205,230,12.29,0,0,0,0,0,0,0,-3.712,-8.21,0,0,0,0,0,0,0,0,0,0,0,0,0,0,0,0,0,0,0,0,0,0,0
101,2017,205,240,12.29,0,0,0,0,0,0,0,-.535,-8.12,0,0,0,0,0,0,0,0,0,0,0,0,0,0,0,0,0,0,0,0,0,0,0
101,2017,205,250,12.29,0,0,0,0,0,0,0,-.339,-8.17,0,0,0,0,0,0,0,0,0,0,0,0,0,0,0,0,0,0,0,0,0,0,0
101,2017,205,300,12.29,0,0,0,0,0,0,0,-.994,-8.69,0,0,0,0,0,0,0,0,0,0,0,0,0,0,0,0,0,0,0,0,0,0,0
101,2017,205,310,12.29,0,0,0,0,0,0,0,-1.037,-8.38,0,0,0,0,0,0,0,0,0,0,0,0,0,0,0,0,0,0,0,0,0,0,0
101,2017,205,320,12.29,0,0,0,0,0,0,0,-1.378,-8.18,0,0,0,0,0,0,0,0,0,0,0,0,0,0,0,0,0,0,0,0,0,0,0
101,2017,205,330,12.29,0,0,0,0,0,0,0,-.607,-8.49,0,0,0,0,0,0,0,0,0,0,0,0,0,0,0,0,0,0,0,0,0,0,0
101,2017,205,340,12.29,0,0,0,0,0,0,0,-.915,-8.19,0,0,0,0,0,0,0,0,0,0,0,0,0,0,0,0,0,0,0,0,0,0,0
101,2017,205,350,12.29,0,0,0,0,0,0,0,-.754,-8.13,0,0,0,0,0,0,0,0,0,0,0,0,0,0,0,0,0,0,0,0,0,0,0
101,2017,205,400,12.29,0,0,0,0,0,0,0,-4.399,-7.95,0,0,0,0,0,0,0,0,0,0,0,0,0,0,0,0,0,0,0,0,0,0,0
101,2017,205,410,12.29,0,0,0,0,0,0,0,-4.554,-7.85,0,0,0,0,0,0,0,0,0,0,0,0,0,0,0,0,0,0,0,0,0,0,0
101,2017,205,420,12.29,0,0,0,0,0,0,0,-3.645,-7.66,0,0,0,0,0,0,0,0,0,0,0,0,0,0,0,0,0,0,0,0,0,0,0
101,2017,205,430,12.29,0,0,0,0,0,0,0,-3.256,-7.4,0,0,0,0,0,0,0,0,0,0,0,0,0,0,0,0,0,0,0,0,0,0,0
101,2017,205,440,12.29,0,0,0,0,0,0,0,-2.903,-7.35,0,0,0,0,0,0,0,0,0,0,0,0,0,0,0,0,0,0,0,0,0,0,0
101,2017,205,450,12.29,0,0,0,0,0,0,0,-1.834,-7.29,0,0,0,0,0,0,0,0,0,0,0,0,0,0,0,0,0,0,0,0,0,0,0
101,2017,205,500,12.29,0,0,0,0,0,0,0,-1.016,-7.26,0,0,0,0,0,0,0,0,0,0,0,0,0,0,0,0,0,0,0,0,0,0,0
101,2017,205,510,12.29,0,0,0,0,0,0,0,-1.146,-7.49,0,0,0,0,0,0,0,0,0,0,0,0,0,0,0,0,0,0,0,0,0,0,0
101,2017,205,520,12.29,0,0,0,0,0,0,0,-1.089,-7.99,0,0,0,0,0,0,0,0,0,0,0,0,0,0,0,0,0,0,0,0,0,0,0
101,2017,205,530,12.29,0,0,0,0,0,0,0,-1.316,-7.92,0,0,0,0,0,0,0,0,0,0,0,0,0,0,0,0,0,0,0,0,0,0,0
101,2017,205,540,12.29,0,0,0,0,0,0,0,-1.896,-8.09,0,0,0,0,0,0,0,0,0,0,0,0,0,0,0,0,0,0,0,0,0,0,0
101,2017,205,550,12.29,0,0,0,0,0,0,0,-1.611,-8.24,0,0,0,0,0,0,0,0,0,0,0,0,0,0,0,0,0,0,0,0,0,0,0
101,2017,205,600,12.29,0,0,0,0,0,0,0,-1.409,-7.83,0,0,0,0,0,0,0,0,0,0,0,0,0,0,0,0,0,0,0,0,0,0,0
101,2017,205,610,12.29,0,0,0,0,0,0,0,-3.809,-7.44,0,0,0,0,0,0,0,0,0,0,0,0,0,0,0,0,0,0,0,0,0,0,0
101,2017,205,620,12.29,0,0,0,0,0,0,0,-3.018,-7.45,0,0,0,0,0,0,0,0,0,0,0,0,0,0,0,0,0,0,0,0,0,0,0
101,2017,205,630,12.3,0,0,0,0,0,0,0,-3.608,-7.44,0,0,0,0,0,0,0,0,0,0,0,0,0,0,0,0,0,0,0,0,0,0,0
101,2017,205,640,12.3,0,0,0,0,0,0,0,-3.025,-7.17,0,.013,0,0,0,.008,.005,0,.005,0,0,0,0,0,.005,0,0,0,0,0,0,0,0
101,2017,205,650,12.29,.015,0,0,.03,.013,.007,0,-2.918,-7.11,0,.139,.005,.015,.012,.091,.091,.028,.096,.03,.003,.032,.01,.01,.075,.01,.003,.027,0,0,.008,0,0
101,2017,205,700,12.31,.065,.028,.027,.146,.067,.04,.032,-3.082,-7.03,.028,.618,.04,.057,.047,.468,.473,.117,.454,.126,.04,.127,.047,.047,.406,.047,.044,.124,.012,.027,.059,.02,.023
101,2017,205,710,12.33,.179,.069,.05,.385,.184,.114,.065,-3.248,-6.893,.08,1.634,.102,.147,.139,1.316,1.347,.312,1.218,.33,.097,.339,.119,.134,1.14,.137,.111,.334,.034,.049,.163,.035,.054
101,2017,205,720,12.32,.327,.142,.096,.746,.367,.228,.127,-3.28,-7.2,.154,3.345,.199,.28,.268,2.578,2.636,.561,2.494,.652,.198,.649,.235,.268,2.217,.261,.209,.598,.067,.099,.303,.074,.112
101,2017,205,730,12.31,.476,.208,.151,1.133,.521,.33,.201,-3.379,-7.83,.233,4.991,.308,.409,.396,3.954,4.007,.868,3.702,1.019,.298,.96,.344,.385,3.392,.389,.315,.923,.102,.151,.464,.109,.159
101,2017,205,740,12.31,.756,.32,.225,1.797,.783,.501,.275,-3.089,-8.29,.344,9.49,.422,.622,.555,8.1,5.708,1.44,5.387,1.433,.397,1.426,.484,.545,4.627,.509,.461,1.275,.149,.206,.613,.153,.233
101,2017,205,750,12.31,.902,.406,.297,2.284,.944,.654,.315,-2.123,-6.55,.426,43.14,.751,.776,.721,10.21,6.665,1.864,6.826,1.78,.447,1.926,.722,.798,5.392,.645,.57,1.517,.171,.248,.697,.191,.277
101,2017,205,800,12.3,1.001,.432,.305,2.522,1.083,.789,.367,-1.239,-6.186,.459,53.53,1.249,.97,.82,10.61,7.27,2.219,8.51,2.289,.506,5.626,1.208,1.031,5.824,.707,.654,1.631,.215,.295,.742,.203,.318