101,2017,265,1430,12.06,3.771,1.692,2.146,6.899,4.981,4.857,3.027,-21.25,-8.33,3.679,40.93,5.895,5.302,9.07,64.68,58.3,5.977,49.59,10.7,4.974,8.44,2.86,5.615,49.43,4.686,5.163,29.92,1.379,2.55,8.24,1.555,4.3
101,2017,265,1440,12.06,3.374,1.56,2.025,6.381,4.928,5.315,3.156,-21.68,-8.52,3.907,39.77,5.949,5.258,12.66,66.08,57.68,5.518,50.8,9.52,5.309,8.42,2.638,5.788,49.39,4.776,4.525,34.47,1.268,2.479,7.78,1.494,5.212
101,2017,265,1450,12.06,5.017,2.099,2.427,8.65,5.438,4.329,3.255,-23.39,-8.44,4.902,44.52,6.118,6.2,12.83,72.3,65.18,7.3,57.63,10.85,5.595,8.53,3.201,6.042,53.78,4.746,5.18,34.28,1.496,2.87,9.01,1.536,6.195
101,2017,265,1500,12.06,4.012,1.668,1.456,7.25,4.05,2.71,1.948,-23.54,-8.98,2.679,30.5,3.508,3.853,4.826,41.38,37.54,5.873,32.66,7.78,3.516,6.895,2.27,3.501,30.95,3.344,3.275,15.02,.918,1.694,4.895,.97,2.467
101,2017,265,1510,12.06,2.814,1.144,.891,5.501,3.04,1.675,1.149,-25.23,-8.97,1.431,21.05,1.771,2.538,2.276,23.05,22.58,4.34,18.57,5.198,1.603,5.36,1.611,1.823,18.15,2.079,1.829,6.087,.57,.962,2.462,.504,.963
101,2017,265,1520,12.06,3.75,1.586,1.278,6.702,3.141,2.131,1.375,-28.07,-7.91,1.841,26.14,2.628,3.111,3.167,29.08,28.71,5.245,26.68,6.737,1.966,5.563,1.874,2.71,22.21,2.487,2.824,11.43,.673,1.263,3.499,.637,1.675
101,2017,265,1530,12.06,3.415,1.494,1.534,5.742,2.794,2.432,1.888,-27.95,-6.948,2.68,26.76,4.01,3.774,8,44.8,40.8,4.657,36.37,6.868,3.637,5.216,1.859,4.504,33.33,2.782,3.168,19.57,.873,1.662,6.226,.873,3.754
101,2017,265,1540,12.06,1.849,.782,.806,3.219,1.993,1.295,1.095,-29.06,-7.21,1.352,14.88,1.915,2.097,4.146,26.71,24.69,2.826,18.84,3.501,2.32,3.663,1.169,1.946,21.08,1.643,1.69,8.31,.514,.916,3.693,.497,1.456
101,2017,265,1550,12.06,1.168,.509,.439,2.256,1.387,.787,.642,-30.53,-7.44,.826,9.1,.821,1.184,1.352,13.77,13.03,1.715,9.3,2.085,1.141,2.714,.771,.975,11.11,1.151,.94,3.891,.323,.477,1.447,.318,.556
101,2017,265,1600,12.06,1.084,.446,.39,1.92,1.102,.611,.508,-34.7,-7.12,.578,7.48,.621,.933,1.042,9.9,9.92,1.528,7.59,1.672,.586,2.136,.628,.799,8.38,.856,.757,3.082,.258,.42,1.288,.253,.437
101,2017,265,1610,12.06,1.598,.559,.444,2.739,1.173,.727,.509,-38.44,-6.751,.678,9.17,.687,1.114,1.089,10.16,10.44,2.173,9.13,1.987,.59,2.372,.755,.853,8.24,.821,.893,3.203,.261,.449,1.223,.226,.456
101,2017,265,1620,12.06,1.598,.548,.446,2.843,1.328,.766,.516,-33.86,-6.56,.705,9.5,.68,1.238,1.154,10.66,11.07,2.161,9.38,1.95,.576,2.441,.791,.859,8.84,.797,.957,3.238,.29,.461,1.313,.255,.476
101,2017,265,1630,12.06,1.819,.642,.529,3.354,1.598,.911,.618,-33.44,-6.433,.804,11.89,.869,1.33,1.238,12.01,12.46,2.498,11.13,2.818,.635,2.788,.886,1.037,9.84,1.022,1.126,3.463,.313,.508,1.556,.328,.482
101,2017,265,1640,12.06,1.69,.69,.561,2.964,1.35,.92,.56,-34.41,-6.691,.771,12.31,1.128,1.198,1.295,12.32,12.1,2.503,11.96,3.423,.813,2.391,.819,1.128,9.34,1.104,1.171,4.614,.273,.521,1.387,.297,.6
101,2017,265,1650,12.06,1.868,.667,.526,3.259,1.257,.88,.483,-36.42,-6.95,.759,11.68,.978,1.211,1.121,11.32,11.3,2.617,11.36,2.872,.714,2.369,.821,1.015,8.47,.903,1.126,3.91,.281,.501,1.246,.226,.483
101,2017,265,1700,12.06,1.664,.63,.514,2.97,1.409,.903,.57,-36.31,-7.17,.786,10.8,.94,1.34,1.283,11.84,11.77,2.225,10.94,2.61,.742,2.409,.762,1.027,9.14,.938,1.071,4.318,.313,.545,1.437,.268,.573
101,2017,265,1710,12.06,1.322,.528,.436,2.371,1.252,.764,.583,-36.23,-7.41,.69,8.73,.821,1.133,1.195,10.88,10.79,1.746,9.32,2.143,.714,2.034,.645,.958,8.7,.905,.923,4.2,.288,.469,1.429,.271,.575
101,2017,265,1720,12.06,1.052,.414,.369,1.865,1.019,.576,.494,-37.33,-7.7,.57,6.883,.613,.91,.999,9.11,9.17,1.384,7.45,1.558,.55,1.696,.546,.769,7.65,.761,.73,3.292,.241,.399,1.268,.268,.451
101,2017,265,1730,12.06,.935,.38,.325,1.722,.92,.529,.429,-36.34,-7.91,.504,6.055,.538,.838,.937,8.15,8.27,1.231,6.588,1.382,.493,1.535,.496,.689,6.936,.655,.638,3.012,.209,.37,1.143,.235,.426
101,2017,265,1740,12.06,.769,.297,.285,1.359,.739,.439,.395,-38.74,-8.01,.446,4.869,.467,.685,.818,7.17,7.22,1.002,5.634,1.136,.457,1.205,.422,.623,6.16,.58,.546,2.679,.174,.313,1.029,.231,.39
101,2017,265,1750,12.06,.474,.198,.191,.813,.521,.303,.31,-42.48,-8.03,.325,3.249,.345,.456,.573,5.261,5.249,.623,3.845,.767,.372,.792,.313,.457,4.653,.466,.395,2.01,.129,.226,.712,.189,.278
101,2017,265,1800,12.06,.322,.127,.106,.529,.322,.183,.157,-48.48,-7.99,.179,1.959,.196,.288,.325,2.805,2.863,.405,2.138,.461,.184,.511,.181,.255,2.485,.266,.235,1.017,.072,.127,.36,.099,.147
101,2017,265,1810,12.06,.173,.064,.05,.292,.161,.094,.069,-52.11,-8.07,.084,.932,.082,.144,.147,1.208,1.285,.214,.967,.204,.067,.266,.087,.112,1.089,.114,.107,.412,.034,.059,.176,.042,.06
101,2017,265,1820,12.06,.055,.015,.013,.09,.05,.025,.022,-53.32,-7.99,.02,.313,.022,.045,.04,.337,.352,.069,.285,.072,.017,.085,.023,.034,.297,.037,.03,.092,0,.018,.049,.007,.01
101,2017,265,1830,12.05,.007,0,0,.013,.005,0,0,-53,-8.13,0,.07,0,.007,0,.069,.065,.013,.06,.017,0,.018,0,0,.052,0,0,.022,0,0,0,0,0
101,2017,265,1840,12.05,0,0,0,0,0,0,0,-50.89,-8.11,0,.005,0,0,0,.007,.005,0,.002,0,0,0,0,0,.002,0,0,0,0,0,0,0,0
101,2017,265,1850,12.05,0,0,0,0,0,0,0,-50.31,-8.16,0,0,0,0,0,0,0,0,0,0,0,0,0,0,0,0,0,0,0,0,0,0,0
101,2017,265,1900,12.05,0,0,0,0,0,0,0,-51.15,-8.33,0,0,0,0,0,0,0,0,0,0,0,0,0,0,0,0,0,0,0,0,0,0,0
101,2017,265,1910,12.05,0,0,0,0,0,0,0,-52.82,-8.51,0,0,0,0,0,0,0,0,0,0,0,0,0,0,0,0,0,0,0,0,0,0,0
101,2017,265,1920,12.05,0,0,0,0,0,0,0,-55.33,-8.68,0,0,0,0,0,0,0,0,0,0,0,0,0,0,0,0,0,0,0,0,0,0,0
101,2017,265,1930,12.05,0,0,0,0,0,0,0,-57.25,-8.97,0,0,0,0,0,0,0,0,0,0,0,0,0,0,0,0,0,0,0,0,0,0,0
101,2017,265,1940,12.05,0,0,0,0,0,0,0,-57.56,-9.07,0,0,0,0,0,0,0,0,0,0,0,0,0,0,0,0,0,0,0,0,0,0,0
101,2017,265,1950,12.05,0,0,0,0,0,0,0,-57.14,-9.02,0,0,0,0,0,0,0,0,0,0,0,0,0,0,0,0,0,0,0,0,0,0,0
101,2017,265,2000,12.05,0,0,0,0,0,0,0,-58.66,-9.13,0,0,0,0,0,0,0,0,0,0,0,0,0,0,0,0,0,0,0,0,0,0,0
101,2017,265,2010,12.05,0,0,0,0,0,0,0,-59.72,-9.16,0,0,0,0,0,0,0,0,0,0,0,0,0,0,0,0,0,0,0,0,0,0,0
101,2017,265,2020,12.05,0,0,0,0,0,0,0,-58.61,-9.12,0,0,0,0,0,0,0,0,0,0,0,0,0,0,0,0,0,0,0,0,0,0,0
101,2017,265,2030,12.05,0,0,0,0,0,0,0,-56.85,-9.1,0,0,0,0,0,0,0,0,0,0,0,0,0,0,0,0,0,0,0,0,0,0,0
101,2017,265,2040,12.05,0,0,0,0,0,0,0,-53.7,-9.28,0,0,0,0,0,0,0,0,0,0,0,0,0,0,0,0,0,0,0,0,0,0,0
101,2017,265,2050,12.05,0,0,0,0,0,0,0,-53.85,-9.35,0,0,0,0,0,0,0,0,0,0,0,0,0,0,0,0,0,0,0,0,0,0,0
101,2017,265,2100,12.05,0,0,0,0,0,0,0,-54.6,-9.46,0,0,0,0,0,0,0,0,0,0,0,0,0,0,0,0,0,0,0,0,0,0,0
101,2017,265,2110,12.05,0,0,0,0,0,0,0,-53.96,-9.43,0,0,0,0,0,0,0,0,0,0,0,0,0,0,0,0,0,0,0,0,0,0,0
101,2017,265,2120,12.05,0,0,0,0,0,0,0,-53.55,-9.45,0,0,0,0,0,0,0,0,0,0,0,0,0,0,0,0,0,0,0,0,0,0,0
101,2017,265,2130,12.05,0,0,0,0,0,0,0,-54.11,-9.52,0,0,0,0,0,0,0,0,0,0,0,0,0,0,0,0,0,0,0,0,0,0,0
101,2017,265,2140,12.05,0,0,0,0,0,0,0,-54.52,-9.55,0,0,0,0,0,0,0,0,0,0,0,0,0,0,0,0,0,0,0,0,0,0,0
101,2017,265,2150,12.05,0,0,0,0,0,0,0,-56.56,-9.64,0,0,0,0,0,0,0,0,0,0,0,0,0,0,0,0,0,0,0,0,0,0,0
101,2017,265,2200,12.05,0,0,0,0,0,0,0,-57.09,-9.53,0,0,0,0,0,0,0,0,0,0,0,0,0,0,0,0,0,0,0,0,0,0,0
101,2017,265,2210,12.05,0,0,0,0,0,0,0,-58.5,-9.52,0,0,0,0,0,0,0,0,0,0,0,0,0,0,0,0,0,0,0,0,0,0,0
101,2017,265,2220,12.05,0,0,0,0,0,0,0,-59.24,-9.63,0,0,0,0,0,0,0,0,0,0,0,0,0,0,0,0,0,0,0,0,0,0,0
101,2017,265,2230,12.05,0,0,0,0,0,0,0,-59.95,-9.81,0,0,0,0,0,0,0,0,0,0,0,0,0,0,0,0,0,0,0,0,0,0,0
101,2017,265,2240,12.05,0,0,0,0,0,0,0,-61.51,-10.03,0,0,0,0,0,0,0,0,0,0,0,0,0,0,0,0,0,0,0,0,0,0,0
101,2017,265,2250,12.05,0,0,0,0,0,0,0,-63.21,-10.38,0,0,0,0,0,0,0,0,0,0,0,0,0,0,0,0,0,0,0,0,0,0,0
101,2017,265,2300,12.05,0,0,0,0,0,0,0,-63.01,-10.22,0,0,0,0,0,0,0,0,0,0,0,0,0,0,0,0,0,0,0,0,0,0,0
101,2017,265,2310,12.05,0,0,0,0,0,0,0,-62.99,-10.17,0,0,0,0,0,0,0,0,0,0,0,0,0,0,0,0,0,0,0,0,0,0,0
101,2017,265,2320,12.05,0,0,0,0,0,0,0,-63.32,-10.08,0,0,0,0,0,0,0,0,0,0,0,0,0,0,0,0,0,0,0,0,0,0,0
101,2017,265,2330,12.05,0,0,0,0,0,0,0,-62.59,-10.04,0,0,0,0,0,0,0,0,0,0,0,0,0,0,0,0,0,0,0,0,0,0,0
101,2017,265,2340,12.05,0,0,0,0,0,0,0,-61.35,-10.07,0,0,0,0,0,0,0,0,0,0,0,0,0,0,0,0,0,0,0,0,0,0,0
101,2017,265,2350,12.05,0,0,0,0,0,0,0,-58.94,-10.05,0,0,0,0,0,0,0,0,0,0,0,0,0,0,0,0,0,0,0,0,0,0,0
101,2017,265,2400,12.05,0,0,0,0,0,0,0,-58.91,-10.05,0,0,0,0,0,0,0,0,0,0,0,0,0,0,0,0,0,0,0,0,0,0,0
102,2017,265,2400,12.03,5266
101,2017,266,10,12.04,0,0,0,0,0,0,0,-59.26,-10.19,0,0,0,0,0,0,0,0,0,0,0,0,0,0,0,0,0,0,0,0,0,0,0
101,2017,266,20,12.05,0,0,0,0,0,0,0,-59.36,-10.59,0,0,0,0,0,0,0,0,0,0,0,0,0,0,0,0,0,0,0,0,0,0,0
101,2017,266,30,12.05,0,0,0,0,0,0,0,-59.86,-10.87,0,0,0,0,0,0,0,0,0,0,0,0,0,0,0,0,0,0,0,0,0,0,0
101,2017,266,40,12.04,0,0,0,0,0,0,0,-60.41,-11.55,0,0,0,0,0,0,0,0,0,0,0,0,0,0,0,0,0,0,0,0,0,0,0
101,2017,266,50,12.04,0,0,0,0,0,0,0,-60.7,-12.78,0,0,0,0,0,0,0,0,0,0,0,0,0,0,0,0,0,0,0,0,0,0,0
101,2017,266,100,12.04,0,0,0,0,0,0,0,-59.73,-12.77,0,0,0,0,0,0,0,0,0,0,0,0,0,0,0,0,0,0,0,0,0,0,0
101,2017,266,110,12.04,0,0,0,0,0,0,0,-56.95,-12.69,0,0,0,0,0,0,0,0,0,0,0,0,0,0,0,0,0,0,0,0,0,0,0
101,2017,266,120,12.04,0,0,0,0,0,0,0,-55.14,-12.83,0,0,0,0,0,0,0,0,0,0,0,0,0,0,0,0,0,0,0,0,0,0,0
101,2017,266,130,12.04,0,0,0,0,0,0,0,-52.54,-13.12,0,0,0,0,0,0,0,0,0,0,0,0,0,0,0,0,0,0,0,0,0,0,0
101,2017,266,140,12.04,0,0,0,0,0,0,0,-50.96,-13.11,0,0,0,0,0,0,0,0,0,0,0,0,0,0,0,0,0,0,0,0,0,0,0
101,2017,266,150,12.04,0,0,0,0,0,0,0,-52.63,-13.17,0,0,0,0,0,0,0,0,0,0,0,0,0,0,0,0,0,0,0,0,0,0,0
101,2017,266,200,12.04,0,0,0,0,0,0,0,-52.32,-13.14,0,0,0,0,0,0,0,0,0,0,0,0,0,0,0,0,0,0,0,0,0,0,0
101,2017,266,210,12.04,0,0,0,0,0,0,0,-50.78,-12.46,0,0,0,0,0,0,0,0,0,0,0,0,0,0,0,0,0,0,0,0,0,0,0
101,2017,266,220,12.04,0,0,0,0,0,0,0,-51.67,-10.94,0,0,0,0,0,0,0,0,0,0,0,0,0,0,0,0,0,0,0,0,0,0,0
101,2017,266,230,12.04,0,0,0,0,0,0,0,-51.7,-10.84,0,0,0,0,0,0,0,0,0,0,0,0,0,0,0,0,0,0,0,0,0,0,0
101,2017,266,240,12.04,0,0,0,0,0,0,0,-53.21,-10.77,0,0,0,0,0,0,0,0,0,0,0,0,0,0,0,0,0,0,0,0,0,0,0
101,2017,266,250,12.04,0,0,0,0,0,0,0,-54.51,-10.83,0,0,0,0,0,0,0,0,0,0,0,0,0,0,0,0,0,0,0,0,0,0,0
101,2017,266,300,12.04,0,0,0,0,0,0,0,-55.29,-11.06,0,0,0,0,0,0,0,0,0,0,0,0,0,0,0,0,0,0,0,0,0,0,0
101,2017,266,310,12.04,0,0,0,0,0,0,0,-56.05,-11.33,0,0,0,0,0,0,0,0,0,0,0,0,0,0,0,0,0,0,0,0,0,0,0
101,2017,266,320,12.04,0,0,0,0,0,0,0,-56.2,-11.31,0,0,0,0,0,0,0,0,0,0,0,0,0,0,0,0,0,0,0,0,0,0,0
101,2017,266,330,12.04,0,0,0,0,0,0,0,-55.19,-12.28,0,0,0,0,0,0,0,0,0,0,0,0,0,0,0,0,0,0,0,0,0,0,0
101,2017,266,340,12.04,0,0,0,0,0,0,0,-55.12,-12.57,0,0,0,0,0,0,0,0,0,0,0,0,0,0,0,0,0,0,0,0,0,0,0
101,2017,266,350,12.04,0,0,0,0,0,0,0,-55.4,-12.62,0,0,0,0,0,0,0,0,0,0,0,0,0,0,0,0,0,0,0,0,0,0,0
101,2017,266,400,12.04,0,0,0,0,0,0,0,-55.68,-12.77,0,0,0,0,0,0,0,0,0,0,0,0,0,0,0,0,0,0,0,0,0,0,0
101,2017,266,410,12.04,0,0,0,0,0,0,0,-55.04,-12.85,0,0,0,0,0,0,0,0,0,0,0,0,0,0,0,0,0,0,0,0,0,0,0
101,2017,266,420,12.04,0,0,0,0,0,0,0,-54.91,-12.9,0,0,0,0,0,0,0,0,0,0,0,0,0,0,0,0,0,0,0,0,0,0,0
101,2017,266,430,12.04,0,0,0,0,0,0,0,-55.28,-12.98,0,0,0,0,0,0,0,0,0,0,0,0,0,0,0,0,0,0,0,0,0,0,0
101,2017,266,440,12.04,0,0,0,0,0,0,0,-55.93,-12.97,0,0,0,0,0,0,0,0,0,0,0,0,0,0,0,0,0,0,0,0,0,0,0
101,2017,266,450,12.04,0,0,0,0,0,0,0,-56.11,-13.14,0,0,0,0,0,0,0,0,0,0,0,0,0,0,0,0,0,0,0,0,0,0,0
101,2017,266,500,12.04,0,0,0,0,0,0,0,-56.88,-13.62,0,0,0,0,0,0,0,0,0,0,0,0,0,0,0,0,0,0,0,0,0,0,0
101,2017,266,510,12.04,0,0,0,0,0,0,0,-58.03,-13.93,0,0,0,0,0,0,0,0,0,0,0,0,0,0,0,0,0,0,0,0,0,0,0
101,2017,266,520,12.04,0,0,0,0,0,0,0,-58.62,-14.25,0,0,0,0,0,0,0,0,0,0,0,0,0,0,0,0,0,0,0,0,0,0,0
101,2017,266,530,12.04,0,0,0,0,0,0,0,-59.31,-14.35,0,0,0,0,0,0,0,0,0,0,0,0,0,0,0,0,0,0,0,0,0,0,0
101,2017,266,540,12.04,0,0,0,0,0,0,0,-59.62,-14.14,0,0,0,0,0,0,0,0,0,0,0,0,0,0,0,0,0,0,0,0,0,0,0
101,2017,266,550,12.04,0,0,0,0,0,0,0,-60.2,-14.31,0,0,0,0,0,0,0,0,0,0,0,0,0,0,0,0,0,0,0,0,0,0,0
101,2017,266,600,12.04,.002,0,0,.01,0,0,0,-60.44,-13.59,0,.047,0,.002,0,.028,.032,.013,.028,.01,0,.013,0,0,.02,0,0,.01,0,0,0,0,0
101,2017,266,610,12.04,.044,.022,.013,.07,.039,.022,.018,-61,-13.83,.02,.317,.022,.04,.025,.246,.26,.062,.245,.067,.017,.079,.025,.03,.201,.027,.022,.065,0,.017,.028,.007,.01
101,2017,266,620,12.04,.136,.054,.035,.246,.117,.075,.045,-61.51,-13.78,.055,1.054,.07,.119,.085,.846,.895,.218,.809,.223,.059,.275,.082,.089,.699,.085,.077,.228,.028,.039,.091,.034,.037
101,2017,266,630,12.04,.275,.119,.079,.498,.246,.164,.094,-61.46,-13.75,.126,2.249,.139,.241,.184,1.818,1.927,.446,1.72,.444,.127,.551,.173,.188,1.51,.181,.166,.451,.045,.085,.193,.045,.079
101,2017,266,640,12.04,.468,.211,.129,.885,.416,.287,.161,-61.87,-13.89,.208,4.014,.243,.422,.303,3.065,3.298,.796,3.01,.769,.208,.996,.308,.315,2.532,.295,.287,.724,.087,.142,.313,.087,.126
101,2017,266,650,12.04,.716,.322,.189,1.376,.593,.421,.233,-61.07,-13.75,.31,6.275,.355,.62,.426,4.451,4.815,1.284,4.629,1.165,.305,1.549,.458,.456,3.637,.419,.421,1.036,.124,.208,.427,.119,.181
101,2017,266,700,12.04,.94,.416,.248,1.845,.791,.556,.297,-60.36,-13.9,.409,8.85,.442,.838,.528,5.769,6.149,1.867,6.454,1.592,.387,2.527,.835,.675,4.616,.521,.546,1.314,.163,.266,.528,.156,.228
101,2017,266,710,12.04,1.141,.474,.302,2.237,.957,.697,.36,-59.24,-13.84,.479,17.04,.545,1.021,.714,9.12,7.31,6.523,19.02,2.051,.449,3.565,1.279,.923,5.47,.642,.69,1.584,.194,.325,.64,.188,.283
101,2017,266,720,12.04,1.312,.545,.369,2.579,1.143,.855,.426,-57.93,-12.99,.593,47.16,.789,1.24,.878,10.44,8.29,4.771,31.69,2.636,.511,4.076,1.535,1.239,6.158,.746,.85,1.79,.235,.384,.729,.223,.548
101,2017,266,730,12.04,1.492,.627,.441,2.963,1.384,1.069,.501,-55.02,-11.93,.729,58.67,1.168,1.52,1.022,11.46,9.22,3.568,40.44,2.936,.588,4.663,1.852,1.441,6.806,.887,1.017,2.006,.282,.434,.83,.256,.744
101,2017,266,740,12.04,1.659,.702,.509,3.345,1.602,1.267,.592,-53.57,-11.92,.853,67.34,1.297,1.808,1.135,11.71,10.02,3.977,47.54,3.256,.655,5.055,2.115,3.925,7.33,1.051,1.116,2.18,.31,.464,1.85,.322,.468
101,2017,266,750,12.04,1.832,.773,.592,3.838,1.885,1.616,.696,-54.77,-12.66,.965,73.9,1.42,2.06,1.239,11.79,10.78,11.18,53.19,3.608,.711,5.38,2.182,7.4,7.82,2.244,1.183,2.336,.34,.504,1.046,.372,.508
101,2017,266,800,12.04,2.028,.885,.711,4.624,2.368,3.365,.751,-55.18,-13.89,1.103,80.6,1.43,2.301,1.337,12.34,11.76,44.11,59.43,4.651,.778,5.821,2.37,5.752,8.37,1.101,1.28,2.502,.384,.556,1.074,.369,1.017
101,2017,266,810,12.04,2.187,.952,.86,12.15,2.893,3.977,.751,-51.02,-14.9,1.212,86.4,1.441,3.479,1.445,12.92,22.5,46.27,65.13,5.765,.82,6.203,2.816,2.061,9.73,1.24,1.86,2.65,.412,.597,1.138,.385,.603
101,2017,266,820,12.04,2.412,1.145,.999,49.09,3.039,4.066,.996,-45.91,-15.7,1.403,92.1,1.451,2.851,1.582,14.64,32.88,14.74,71,35.23,.883,7.65,2.383,2.372,10.74,1.411,1.54,2.809,.419,.637,1.205,.456,.585
101,2017,266,830,12.04,2.737,1.192,1.118,52.17,4.327,6.152,3.949,-40.8,-15.38,1.632,96.7,1.507,2.733,1.652,17.81,38.11,14.75,75.7,14.67,.97,18.93,2.353,2.64,11.21,1.384,1.616,2.971,.476,.684,1.259,.469,.62
101,2017,266,840,12.04,2.802,1.625,1.258,53.81,10.23,17.19,.923,-30.36,-16.38,4.147,100.6,1.508,2.802,1.716,21.92,43.52,46.22,80.2,39.99,1.017,23.52,5.401,34.87,12.1,1.438,1.625,3.058,.436,.729,1.285,.478,.637
101,2017,266,850,12.05,2.964,3.86,1.582,53.77,25.91,31.64,3.649,-18.23,-15.4,12.67,104.2,1.55,2.879,1.798,26.3,49.14,70,84.5,6.751,1.185,20.1,2.49,32.38,11.58,1.508,1.686,3.155,.555,3.212,1.319,.469,.664
101,2017,266,900,12.05,3.111,1.83,1.456,52.38,23.18,41.52,2.6,-10.89,-15.83,2.28,107.9,1.615,2.92,4.033,31.12,55.04,76,89.1,7.25,1.113,25.81,2.357,48.36,12.27,1.588,1.838,3.353,.595,.814,1.377,.474,.692
101,2017,266,910,12.05,3.671,1.928,1.647,49.42,47.88,48.28,1.069,-4.549,-15.71,14.81,112.1,1.764,4.406,2.126,37.63,62.28,80.1,93.5,10.68,1.307,43.33,2.511,13.52,14.41,1.92,2.103,3.946,.516,.935,1.692,.598,1.042
101,2017,266,920,12.05,5.97,2.85,1.796,23.4,23.11,19.37,1.404,-26.81,-16.51,2.957,65.48,2.136,6.973,2.635,33.29,43.45,34.24,55.79,8.83,1.746,22.67,3.242,4.003,18.9,4.034,2.981,7.13,.663,1.365,2.713,.591,1.173
101,2017,266,930,12.05,6.13,2.771,1.458,10.93,4.101,3.391,.983,-46.52,-17.06,1.92,38.37,2.21,3.776,2.014,23.87,26.21,9.48,31.33,8.42,1.707,7.61,3.198,3.141,15.35,2.625,2.935,6.95,.519,1.153,1.763,.389,.908
101,2017,266,940,12.05,7.57,4.333,2.175,21.51,7.37,5.448,1.226,-45.93,-16.15,2.867,68.72,2.542,5.782,2.528,36.85,46.35,33.79,59.28,11.13,2.021,25.16,13.44,4.498,17.88,3.339,5.928,7.59,.603,2.339,1.997,.467,1.119
101,2017,266,950,12.05,8.24,4.825,2.208,26.57,5.852,19.2,1.339,-32.68,-15.45,7.18,95.8,2.528,17.28,2.669,46.95,61.87,43.53,82.9,11.86,1.908,44.19,3.471,3.79,20.78,3.669,26.59,6.739,.623,2.791,2.01,.543,1.324
101,2017,266,1000,12.05,7.13,4.311,2.527,27.48,9.25,6.933,10.34,-45.8,-13.1,7.81,129.5,2.83,70.3,2.965,63.85,84.4,20.09,114.2,43.91,2.158,68.48,3.225,4.06,26.68,3.679,6.831,8.04,.68,1.623,2.277,.66,1.453
101,2017,266,1010,12.05,8.02,4.751,4.681,23.3,6.045,4.145,1.538,-51.36,-15.66,21.15,131.9,3.795,16,3.622,71.7,90,11.32,118.3,36.62,2.733,70.5,3.081,4.011,31.86,4.562,5.246,10.07,.694,1.947,2.508,.697,4.472
101,2017,266,1020,12.05,40.81,7.14,6.063,17.15,4.731,3.066,1.488,-51.25,-15.51,5.696,87.4,3.232,4.059,3.044,55.65,64.6,11.69,79.1,14.82,2.706,36.01,2.85,3.15,28.09,30.72,4.339,8.99,.658,2.439,3.203,.58,2.15
101,2017,266,1030,12.05,4.714,2.123,1.367,8.81,3.121,2.484,1.248,-47.04,-16.28,2.024,33.52,2.962,3.257,3.064,30.12,30.21,6.425,31.86,9.67,2.464,6.122,2.113,2.662,20.82,2.928,3.336,12.56,.653,1.461,2.635,.454,1.506
101,2017,266,1040,12.05,5.803,2.195,1.637,10.14,3.639,2.937,1.226,-47.4,-15.36,2.277,35.15,2.463,3.816,2.97,29.78,30.67,8.62,33.13,8,2.136,6.801,2.521,3.102,20.89,2.295,3.317,10.18,.712,1.452,2.937,.469,1.38
101,2017,266,1050,12.05,15.56,22.79,2.536,15.31,4.712,3.605,1.742,-48.75,-13.78,3.352,66.48,3.417,3.66,3.374,50.26,53.12,11.51,63.23,29.34,3.945,8.87,3.32,3.893,29.22,21.88,4.374,12.72,.707,1.776,3.203,.588,1.779
101,2017,266,1100,12.05,6.788,4.255,1.663,11.09,3.536,3.094,1.571,-49.47,-13.4,2.484,42.1,3.458,3.779,3.442,36.51,36.02,8.68,40.09,10.27,3.196,6.915,2.702,3.667,24.47,5.074,3.809,13.43,.709,1.555,2.999,.518,1.781
101,2017,266,1110,12.05,10.51,5.573,3.111,35.37,5.421,4.365,40.7,-39.6,-1.844,4.034,116.3,4.628,4.94,4.886,93.9,99.1,12.26,115.3,39.56,34.58,10.09,3.6,5.097,53.12,45.55,6.84,18.85,1.017,2.65,4.144,.925,2.528
101,2017,266,1120,12.05,10.03,4.679,2.742,26.24,4.92,4.015,3.973,-32.09,-12.84,3.814,79.5,4.332,4.33,4.28,66.83,68.7,11.87,79.4,16.82,19.64,9.15,3.282,4.712,39.52,20.91,5.337,17.99,.829,2.233,3.608,.821,2.246
101,2017,266,1130,12.05,9.77,9.34,2.416,22.09,4.747,3.54,2.228,-33.3,-13.81,3.664,58.07,3.771,4.603,4.267,54.07,56.92,10.84,59.88,22.5,5.639,8.57,3.218,4.235,35.85,4.798,4.662,23.82,.96,2.208,4.391,.891,2.003
101,2017,266,1140,12.06,7.64,3.689,2.3,13.46,4.831,3.556,1.957,-36.35,-13.62,3.124,45.62,3.682,4.998,4.744,43.99,45.9,9.72,46.35,12.08,2.93,8.56,3.097,4.203,31.85,3.493,4.615,18.38,1.039,2.134,4.633,.767,2.33
101,2017,266,1150,12.06,2.786,1.044,.735,4.968,2.211,1.307,.881,-38.73,-13.69,1.116,17.17,1.022,2.034,1.67,16.03,17.83,3.898,15.08,3.504,.936,4.416,1.385,1.593,13.73,1.464,1.462,4.211,.422,.699,1.787,.437,.637
101,2017,266,1200,12.05,2.625,.998,.675,4.357,1.764,1.02,.71,-44.29,-12.58,.951,13.85,.982,1.442,1.464,14.37,15.87,3.236,13.14,3.302,.838,3.456,1.101,1.243,12.37,1.377,1.34,4.178,.345,.59,1.66,.425,.531
101,2017,266,1210,12.05,1.833,.663,.472,3.275,1.432,.801,.521,-48.83,-11.42,.727,10.35,.729,1.261,1.174,11.22,12.61,2.392,9.6,2.243,.575,2.923,.849,.905,10.13,1.075,1.022,3.081,.278,.464,1.199,.308,.431
101,2017,266,1220,12.05,2.062,.744,.513,3.672,1.627,.918,.591,-51.4,-10.51,.824,11.85,.863,1.494,1.283,12.57,13.71,2.719,10.67,2.633,.699,3.325,.985,.995,11.07,1.137,1.102,3.322,.333,.536,1.337,.332,.474
101,2017,266,1230,12.05,1.861,.757,.551,3.386,1.625,.988,.633,-58.8,-10.09,.895,12.29,.94,1.496,1.431,13.53,14.31,2.625,11.75,2.927,.883,3.16,1,1.168,11.5,1.205,1.133,3.863,.348,.548,1.535,.362,.573
101,2017,266,1240,12.05,2.046,.9,.663,3.813,1.803,1.156,.746,-79.6,-7.49,1.044,14.42,1.248,1.566,1.677,15.86,15.57,3.047,14.34,3.855,1.195,3.317,1.087,1.384,12.95,1.471,1.416,5.205,.365,.652,1.68,.364,.709
101,2017,266,1250,12.05,2.563,.98,.774,4.426,2.061,1.437,1.007,-87.7,-14.88,1.375,16.78,1.53,2.101,2.185,20.97,19.34,3.751,17.9,4.033,1.84,3.756,1.364,1.761,17.02,1.853,1.592,7.07,.457,.851,2.371,.462,.997
101,2017,266,1300,12.05,3.007,1.111,.988,5.301,2.392,1.752,1.131,-92,-11.3,1.662,19.27,1.892,2.677,2.714,24.55,23.37,4.493,21.49,4.572,1.979,4.482,1.639,2.034,19.95,2.076,2.007,8.55,.57,1.079,2.927,.583,1.28
101,2017,266,1310,12.05,2.46,.987,.933,4.544,2.399,1.685,1.144,-85.7,-13.16,1.632,18.34,1.913,2.692,2.853,24.15,22.47,3.617,21.19,4.239,1.835,4.194,1.498,2.054,20.16,1.945,2.029,9.13,.581,1.102,3.061,.548,1.434
101,2017,266,1320,12.05,2.702,1.056,.908,5.102,2.542,1.612,1.141,-81.1,-14.9,1.568,18.49,1.773,2.615,2.63,23.1,22.34,3.788,20.68,4.316,1.598,4.411,1.506,1.866,19.8,1.826,2.021,8.42,.591,1.074,2.905,.484,1.25
101,2017,266,1330,12.05,2.215,.846,.679,3.925,1.97,1.195,.871,-84.8,-16.92,1.149,14.15,1.262,2.002,1.875,16.93,16.91,2.964,15.25,3.225,1.081,3.54,1.176,1.422,14.67,1.374,1.476,5.919,.441,.742,2.056,.4,.876
101,2017,266,1340,12.05,2.279,.794,.675,4.023,1.863,1.123,.841,-93.1,-13.14,1.086,13.58,1.109,1.796,1.764,16.22,16.44,3.081,14.64,3.257,1.061,3.344,1.121,1.406,14.02,1.391,1.308,5.303,.404,.672,2.079,.412,.759
101,2017,266,1350,12.05,2.284,.781,.601,4.024,1.612,1.012,.689,-92.2,-14.24,.947,12.58,.995,1.623,1.51,13.74,14.44,2.987,13.07,2.934,.826,3.101,1.05,1.235,12.02,1.201,1.216,4.485,.354,.596,1.697,.38,.637
101,2017,266,1400,12.05,1.756,.638,.506,3.24,1.494,.918,.615,-90.4,-13.54,.836,11.25,.89,1.525,1.319,12.23,12.73,2.465,11.49,2.59,.764,2.823,.906,1.084,10.66,1.047,1.089,3.838,.323,.518,1.499,.332,.565
101,2017,266,1410,12.05,1.568,.568,.442,2.919,1.355,.762,.528,-88,-13.2,.657,9.49,.72,1.245,1.047,9.91,10.35,2.185,9.33,2.201,.536,2.428,.762,.859,8.49,.88,.896,2.947,.258,.446,1.216,.266,.412
101,2017,266,1420,12.05,1.206,.467,.385,2.262,1.114,.667,.441,-88.9,-10.25,.556,7.73,.603,1.081,.935,8.59,8.92,1.716,7.78,1.754,.454,2.01,.612,.767,7.49,.725,.754,2.712,.235,.395,1.112,.24,.407
101,2017,266,1430,12.05,1.252,.456,.385,2.344,1.101,.643,.449,-96.5,-11.64,.57,7.75,.61,1.037,.96,8.67,9.13,1.788,7.83,1.701,.461,2.042,.618,.72,7.68,.719,.776,2.766,.24,.417,1.054,.221,.417
101,2017,266,1440,12.05,1.213,.479,.382,2.304,1.061,.642,.436,-98.2,-10.27,.565,7.97,.635,1.067,.92,8.49,8.86,1.799,7.79,1.804,.503,2.021,.628,.704,7.48,.714,.744,2.656,.233,.409,.988,.209,.4
101,2017,266,1450,12.05,1.181,.501,.365,2.217,1.019,.653,.417,-97.2,-7.69,.534,8.04,.617,1.05,.854,8.08,8.47,1.758,7.62,1.883,.469,2.022,.61,.684,7.01,.685,.707,2.444,.23,.394,.923,.188,.372
101,2017,266,1500,12.05,1.024,.434,.348,1.9,.863,.605,.384,-94.1,-5.777,.484,7.09,.62,.878,.824,7.6,7.57,1.528,7.14,1.764,.483,1.593,.516,.647,6.353,.632,.692,2.592,.203,.364,.876,.176,.375
101,2017,266,1510,12.05,1.478,.647,.483,2.734,1.118,.814,.459,-106,-7.74,.68,9.89,.93,1.148,1.124,10.35,10.18,2.21,10.15,2.612,.677,2.01,.68,.913,7.76,.883,1.034,3.793,.258,.469,1.138,.213,.491
101,2017,266,1520,12.05,1.59,.528,.484,2.892,1.288,.834,.57,-119.6,-2.702,.736,9.65,.861,1.267,1.303,11.34,11.31,2.319,10.25,2.178,.635,2.314,.777,.928,9.28,.875,.98,3.6,.313,.514,1.494,.265,.534
101,2017,266,1530,12.05,1.253,.449,.488,2.357,1.173,.776,.581,-118.5,3.218,.734,8.97,.858,1.206,1.422,11.62,11.38,1.93,10.26,2.067,.697,2.037,.715,.91,9.45,.873,.958,4.101,.322,.541,1.59,.271,.613
101,2017,266,1540,12.05,1.265,.533,.484,2.463,1.268,.803,.593,-117.4,7.25,.769,9.46,.87,1.255,1.347,11.83,11.61,1.95,10.76,2.292,.694,2.124,.759,.947,9.75,.962,1.081,4.113,.338,.539,1.607,.283,.555
101,2017,266,1550,12.05,1.476,.662,.523,2.887,1.478,.943,.613,-127.5,11.39,.823,10.52,.915,1.459,1.396,12.34,12.42,2.15,11.44,2.592,.736,2.547,.819,1.02,9.93,1.042,1.134,4.088,.355,.576,1.541,.278,.565
101,2017,266,1600,12.05,2.16,.881,.69,3.877,1.639,1.161,.692,-131.6,13.72,1.009,12.71,1.158,1.607,1.647,14.74,14.77,2.959,14.11,3.257,.945,2.897,1.022,1.265,11.32,1.24,1.339,5.045,.372,.668,1.722,.322,.732
101,2017,266,1610,12.05,2.582,1.054,.839,4.634,1.975,1.429,.87,-125.2,11.67,1.213,14.96,1.416,2.027,2.126,18,18.31,3.497,17.03,3.879,1.04,3.406,1.196,1.568,13.87,1.466,1.68,6.536,.446,.811,2.327,.405,.935
101,2017,266,1620,12.05,2.589,.995,.803,4.643,2.034,1.377,.883,-124.1,8.85,1.205,14.84,1.236,2.057,1.984,18.26,18.95,3.426,16.56,3.565,.938,3.59,1.241,1.478,14.5,1.421,1.647,6.068,.474,.818,2.481,.436,.804
101,2017,266,1630,12.05,1.835,.677,.595,3.483,1.828,1.074,.767,-128.9,6.132,.948,11.61,.925,1.674,1.632,15.05,15.6,2.577,12.46,2.644,.73,3.168,1.072,1.129,12.61,1.241,1.265,4.127,.422,.638,2.121,.409,.596
101,2017,266,1640,12.05,1.466,.617,.508,2.828,1.67,.983,.737,-130.8,3.895,.841,10.31,.938,1.503,1.567,14.19,14.32,2.061,11.1,2.424,.786,2.872,.891,1.091,11.74,1.186,1.168,4.299,.379,.581,1.856,.389,.606
101,2017,266,1650,12.05,1.513,.682,.63,2.786,1.585,1.123,.746,-130.3,.469,.96,11.51,1.315,1.639,2.044,16.61,16.12,2.111,13.52,2.922,1.052,2.718,.896,1.345,12.94,1.235,1.394,6.37,.409,.697,2.046,.382,.891
101,2017,266,1700,12.05,1.672,.727,.657,2.981,1.464,1.101,.751,-127.8,-.927,1.034,12.07,1.275,1.622,2.034,17.45,17.03,2.356,14.65,3.2,1.126,2.542,.955,1.342,13.33,1.324,1.379,6.74,.427,.709,2.242,.37,.987
101,2017,266,1710,12.05,1.607,.613,.556,2.895,1.377,.898,.647,-123.6,-1.553,.873,10.58,.945,1.426,1.563,15.81,16.86,2.218,11.78,2.563,.89,2.341,.858,1.077,11.49,1.153,1.114,4.753,.364,.601,1.732,.305,.653
101,2017,266,1720,12.05,1.277,.504,.444,2.381,1.226,.813,.618,-131,-2.016,.759,9.08,.875,1.283,1.441,13.82,16.76,1.871,10.16,2.196,.893,2.089,.747,1.01,10.49,1.121,.93,4.038,.312,.488,1.655,.302,.59
101,2017,266,1730,12.05,1.107,.437,.412,2.051,1.071,.705,.514,-131.1,-2.337,.692,8.09,.839,1.079,1.293,11.9,14.8,1.657,9.08,1.994,.816,1.9,.674,.901,9.2,.999,.848,3.555,.263,.437,1.397,.276,.526
101,2017,266,1740,12.05,.746,.332,.313,1.493,.885,.563,.436,-129.8,-2.334,.523,6.145,.625,.829,.988,9.06,8.63,1.201,6.884,1.588,.652,1.523,.491,.69,7.19,.759,.585,2.671,.204,.337,1.153,.235,.429
101,2017,266,1750,12.05,.593,.27,.238,1.238,.719,.459,.377,-129.2,-3.582,.402,4.986,.503,.581,.692,7.07,6.747,.973,5.415,1.391,.528,1.21,.421,.585,5.718,.581,.462,2.041,.159,.26,.921,.203,.313
101,2017,266,1800,12.05,.427,.198,.168,.871,.476,.342,.236,-127.9,-4.659,.281,3.391,.347,.426,.479,4.792,4.591,.66,3.644,.91,.367,.851,.31,.41,3.931,.395,.335,1.434,.104,.181,.566,.136,.243
101,2017,266,1810,12.05,.275,.114,.097,.504,.308,.188,.157,-128.2,-5.313,.174,1.932,.199,.265,.325,2.828,2.709,.389,2.119,.479,.208,.513,.189,.246,2.361,.255,.183,.854,.062,.109,.374,.075,.156
101,2017,266,1820,12.05,.104,.04,.039,.199,.112,.065,.057,-128.2,-5.17,.065,.734,.07,.09,.114,1.03,.983,.159,.804,.201,.08,.193,.069,.087,.858,.101,.067,.317,.022,.044,.141,.032,.057
101,2017,266,1830,12.05,.018,.005,.003,.035,.022,.01,.012,-127.3,-4.829,.01,.157,.012,.017,.022,.223,.209,.035,.169,.042,.015,.04,.012,.022,.188,.023,.013,.065,0,.003,.028,.003,.005
101,2017,266,1840,12.05,0,0,0,0,0,0,0,-127.5,-4.648,0,.013,0,0,0,.022,.018,0,.013,0,0,0,0,0,.017,0,0,.007,0,0,0,0,0
101,2017,266,1850,12.05,0,0,0,0,0,0,0,-126.2,-4.703,0,0,0,0,0,0,0,0,0,0,0,0,0,0,0,0,0,0,0,0,0,0,0
101,2017,266,1900,12.05,0,0,0,0,0,0,0,-122.7,-4.017,0,0,0,0,0,0,0,0,0,0,0,0,0,0,0,0,0,0,0,0,0,0,0
101,2017,266,1910,12.04,0,0,0,0,0,0,0,-120.2,-3.172,0,0,0,0,0,0,0,0,0,0,0,0,0,0,0,0,0,0,0,0,0,0,0
101,2017,266,1920,12.04,0,0,0,0,0,0,0,-124.6,-2.386,0,0,0,0,0,0,0,0,0,0,0,0,0,0,0,0,0,0,0,0,0,0,0
101,2017,266,1930,12.04,0,0,0,0,0,0,0,-127.7,-2.417,0,0,0,0,0,0,0,0,0,0,0,0,0,0,0,0,0,0,0,0,0,0,0
101,2017,266,1940,12.04,0,0,0,0,0,0,0,-132,-2.963,0,0,0,0,0,0,0,0,0,0,0,0,0,0,0,0,0,0,0,0,0,0,0
101,2017,266,1950,12.04,0,0,0,0,0,0,0,-119,-4.047,0,0,0,0,0,0,0,0,0,0,0,0,0,0,0,0,0,0,0,0,0,0,0
101,2017,266,2000,12.04,0,0,0,0,0,0,0,-145.8,-4.565,0,0,0,0,0,0,0,0,0,0,0,0,0,0,0,0,0,0,0,0,0,0,0
101,2017,266,2010,12.04,0,0,0,0,0,0,0,-138.7,-5.232,0,0,0,0,0,0,0,0,0,0,0,0,0,0,0,0,0,0,0,0,0,0,0
101,2017,266,2020,12.04,0,0,0,0,0,0,0,-135.7,-5.998,0,0,0,0,0,0,0,0,0,0,0,0,0,0,0,0,0,0,0,0,0,0,0
101,2017,266,2030,12.04,0,0,0,0,0,0,0,-132.1,-6.888,0,0,0,0,0,0,0,0,0,0,0,0,0,0,0,0,0,0,0,0,0,0,0
101,2017,266,2040,12.04,0,0,0,0,0,0,0,-129.6,-7.57,0,0,0,0,0,0,0,0,0,0,0,0,0,0,0,0,0,0,0,0,0,0,0
101,2017,266,2050,12.04,0,0,0,0,0,0,0,-121.7,-7.68,0,0,0,0,0,0,0,0,0,0,0,0,0,0,0,0,0,0,0,0,0,0,0
101,2017,266,2100,12.04,0,0,0,0,0,0,0,-136.2,-8.1,0,0,0,0,0,0,0,0,0,0,0,0,0,0,0,0,0,0,0,0,0,0,0
101,2017,266,2110,12.04,0,0,0,0,0,0,0,-130.1,-8.55,0,0,0,0,0,0,0,0,0,0,0,0,0,0,0,0,0,0,0,0,0,0,0
101,2017,266,2120,12.04,0,0,0,0,0,0,0,-132.4,-9.41,0,0,0,0,0,0,0,0,0,0,0,0,0,0,0,0,0,0,0,0,0,0,0
101,2017,266,2130,12.04,0,0,0,0,0,0,0,-125.4,-10.26,0,0,0,0,0,0,0,0,0,0,0,0,0,0,0,0,0,0,0,0,0,0,0
101,2017,266,2140,12.04,0,0,0,0,0,0,0,-126.9,-10.6,0,0,0,0,0,0,0,0,0,0,0,0,0,0,0,0,0,0,0,0,0,0,0
101,2017,266,2150,12.04,0,0,0,0,0,0,0,-138.9,-11.24,0,0,0,0,0,0,0,0,0,0,0,0,0,0,0,0,0,0,0,0,0,0,0
101,2017,266,2200,12.04,0,0,0,0,0,0,0,-148.6,-11.65,0,0,0,0,0,0,0,0,0,0,0,0,0,0,0,0,0,0,0,0,0,0,0
101,2017,266,2210,12.04,0,0,0,0,0,0,0,-149.1,-12.36,0,0,0,0,0,0,0,0,0,0,0,0,0,0,0,0,0,0,0,0,0,0,0
101,2017,266,2220,12.04,0,0,0,0,0,0,0,-151.1,-12.96,0,0,0,0,0,0,0,0,0,0,0,0,0,0,0,0,0,0,0,0,0,0,0
101,2017,266,2230,12.04,0,0,0,0,0,0,0,-153.7,-13.26,0,0,0,0,0,0,0,0,0,0,0,0,0,0,0,0,0,0,0,0,0,0,0
101,2017,266,2240,12.04,0,0,0,0,0,0,0,-153,-13.37,0,0,0,0,0,0,0,0,0,0,0,0,0,0,0,0,0,0,0,0,0,0,0
101,2017,266,2250,12.04,0,0,0,0,0,0,0,-150.4,-13.41,0,0,0,0,0,0,0,0,0,0,0,0,0,0,0,0,0,0,0,0,0,0,0
101,2017,266,2300,12.04,0,0,0,0,0,0,0,-148.9,-13.27,0,0,0,0,0,0,0,0,0,0,0,0,0,0,0,0,0,0,0,0,0,0,0
101,2017,266,2310,12.03,0,0,0,0,0,0,0,-149.2,-13.68,0,0,0,0,0,0,0,0,0,0,0,0,0,0,0,0,0,0,0,0,0,0,0
101,2017,266,2320,12.04,0,0,0,0,0,0,0,-144.6,-13.52,0,0,0,0,0,0,0,0,0,0,0,0,0,0,0,0,0,0,0,0,0,0,0
101,2017,266,2330,12.04,0,0,0,0,0,0,0,-143.2,-13.67,0,0,0,0,0,0,0,0,0,0,0,0,0,0,0,0,0,0,0,0,0,0,0
101,2017,266,2340,12.03,0,0,0,0,0,0,0,-151.2,-13.48,0,0,0,0,0,0,0,0,0,0,0,0,0,0,0,0,0,0,0,0,0,0,0
101,2017,266,2350,12.03,0,0,0,0,0,0,0,-152.4,-13.55,0,0,0,0,0,0,0,0,0,0,0,0,0,0,0,0,0,0,0,0,0,0,0
101,2017,266,2400,12.03,0,0,0,0,0,0,0,-151.9,-13.56,0,0,0,0,0,0,0,0,0,0,0,0,0,0,0,0,0,0,0,0,0,0,0
102,2017,266,2400,12.03,5266
101,2017,267,10,12.03,0,0,0,0,0,0,0,-152.3,-14.05,0,0,0,0,0,0,0,0,0,0,0,0,0,0,0,0,0,0,0,0,0,0,0
101,2017,267,20,12.03,0,0,0,0,0,0,0,-154.7,-14.48,0,0,0,0,0,0,0,0,0,0,0,0,0,0,0,0,0,0,0,0,0,0,0
101,2017,267,30,12.03,0,0,0,0,0,0,0,-155.5,-14.71,0,0,0,0,0,0,0,0,0,0,0,0,0,0,0,0,0,0,0,0,0,0,0
101,2017,267,40,12.03,0,0,0,0,0,0,0,-145.5,-15.1,0,0,0,0,0,0,0,0,0,0,0,0,0,0,0,0,0,0,0,0,0,0,0
101,2017,267,50,12.03,0,0,0,0,0,0,0,-135.1,-16.13,0,0,0,0,0,0,0,0,0,0,0,0,0,0,0,0,0,0,0,0,0,0,0
101,2017,267,100,12.03,0,0,0,0,0,0,0,-160.2,-16.86,0,0,0,0,0,0,0,0,0,0,0,0,0,0,0,0,0,0,0,0,0,0,0
101,2017,267,110,12.03,0,0,0,0,0,0,0,-161.2,-17.81,0,0,0,0,0,0,0,0,0,0,0,0,0,0,0,0,0,0,0,0,0,0,0
101,2017,267,120,12.03,0,0,0,0,0,0,0,-162.4,-18.1,0,0,0,0,0,0,0,0,0,0,0,0,0,0,0,0,0,0,0,0,0,0,0
101,2017,267,130,12.03,0,0,0,0,0,0,0,-138.1,-17.8,0,0,0,0,0,0,0,0,0,0,0,0,0,0,0,0,0,0,0,0,0,0,0
101,2017,267,140,12.03,0,0,0,0,0,0,0,-119.8,-17.78,0,0,0,0,0,0,0,0,0,0,0,0,0,0,0,0,0,0,0,0,0,0,0
101,2017,267,150,12.03,0,0,0,0,0,0,0,-118,-17.75,0,0,0,0,0,0,0,0,0,0,0,0,0,0,0,0,0,0,0,0,0,0,0
101,2017,267,200,12.03,0,0,0,0,0,0,0,-92.8,-17.57,0,0,0,0,0,0,0,0,0,0,0,0,0,0,0,0,0,0,0,0,0,0,0
101,2017,267,210,12.03,0,0,0,0,0,0,0,-89.5,-17.6,0,0,0,0,0,0,0,0,0,0,0,0,0,0,0,0,0,0,0,0,0,0,0
101,2017,267,220,12.03,0,0,0,0,0,0,0,-83.1,-17.35,0,0,0,0,0,0,0,0,0,0,0,0,0,0,0,0,0,0,0,0,0,0,0
101,2017,267,230,12.03,0,0,0,0,0,0,0,-84,-17.52,0,0,0,0,0,0,0,0,0,0,0,0,0,0,0,0,0,0,0,0,0,0,0
101,2017,267,240,12.03,0,0,0,0,0,0,0,-91.8,-17.71,0,0,0,0,0,0,0,0,0,0,0,0,0,0,0,0,0,0,0,0,0,0,0
101,2017,267,250,12.03,0,0,0,0,0,0,0,-99.7,-17.54,0,0,0,0,0,0,0,0,0,0,0,0,0,0,0,0,0,0,0,0,0,0,0
101,2017,267,300,12.03,0,0,0,0,0,0,0,-100.5,-17.21,0,0,0,0,0,0,0,0,0,0,0,0,0,0,0,0,0,0,0,0,0,0,0
101,2017,267,310,12.03,0,0,0,0,0,0,0,-73.5,-16.9,0,0,0,0,0,0,0,0,0,0,0,0,0,0,0,0,0,0,0,0,0,0,0
101,2017,267,320,12.03,0,0,0,0,0,0,0,-51.39,-16.38,0,0,0,0,0,0,0,0,0,0,0,0,0,0,0,0,0,0,0,0,0,0,0
101,2017,267,330,12.03,0,0,0,0,0,0,0,-38.75,-15.49,0,0,0,0,0,0,0,0,0,0,0,0,0,0,0,0,0,0,0,0,0,0,0
101,2017,267,340,12.03,0,0,0,0,0,0,0,-38.81,-15.2,0,0,0,0,0,0,0,0,0,0,0,0,0,0,0,0,0,0,0,0,0,0,0
101,2017,267,350,12.03,0,0,0,0,0,0,0,-36.55,-15.27,0,0,0,0,0,0,0,0,0,0,0,0,0,0,0,0,0,0,0,0,0,0,0
101,2017,267,400,12.03,0,0,0,0,0,0,0,-38.26,-15.54,0,0,0,0,0,0,0,0,0,0,0,0,0,0,0,0,0,0,0,0,0,0,0
101,2017,267,410,12.03,0,0,0,0,0,0,0,-37.57,-15.55,0,0,0,0,0,0,0,0,0,0,0,0,0,0,0,0,0,0,0,0,0,0,0
101,2017,267,420,12.03,0,0,0,0,0,0,0,-33.26,-15.62,0,0,0,0,0,0,0,0,0,0,0,0,0,0,0,0,0,0,0,0,0,0,0
101,2017,267,430,12.03,0,0,0,0,0,0,0,-31.12,-15.78,0,0,0,0,0,0,0,0,0,0,0,0,0,0,0,0,0,0,0,0,0,0,0
101,2017,267,440,12.03,0,0,0,0,0,0,0,-31.63,-16.06,0,0,0,0,0,0,0,0,0,0,0,0,0,0,0,0,0,0,0,0,0,0,0
101,2017,267,450,12.03,0,0,0,0,0,0,0,-28.51,-15.88,0,0,0,0,0,0,0,0,0,0,0,0,0,0,0,0,0,0,0,0,0,0,0
101,2017,267,500,12.03,0,0,0,0,0,0,0,-30.07,-16,0,0,0,0,0,0,0,0,0,0,0,0,0,0,0,0,0,0,0,0,0,0,0
101,2017,267,510,12.03,0,0,0,0,0,0,0,-28.11,-15.96,0,0,0,0,0,0,0,0,0,0,0,0,0,0,0,0,0,0,0,0,0,0,0
101,2017,267,520,12.03,0,0,0,0,0,0,0,-29.44,-15.97,0,0,0,0,0,0,0,0,0,0,0,0,0,0,0,0,0,0,0,0,0,0,0
101,2017,267,530,12.03,0,0,0,0,0,0,0,-29.33,-16.08,0,0,0,0,0,0,0,0,0,0,0,0,0,0,0,0,0,0,0,0,0,0,0
101,2017,267,540,12.03,0,0,0,0,0,0,0,-28.88,-16.14,0,0,0,0,0,0,0,0,0,0,0,0,0,0,0,0,0,0,0,0,0,0,0
101,2017,267,550,12.03,0,0,0,0,0,0,0,-28.31,-16.12,0,.002,0,0,0,0,0,0,0,0,0,0,0,0,0,0,0,0,0,0,0,0,0
101,2017,267,600,12.03,.003,0,0,.01,.002,0,0,-25.29,-16.15,0,.059,0,.005,0,.037,.039,.012,.04,.017,0,.017,0,0,.027,0,0,.012,0,0,0,0,0
101,2017,267,610,12.03,.054,.023,.017,.089,.045,.03,.022,-22.94,-16.14,.023,.399,.027,.047,.034,.305,.318,.084,.307,.085,.025,.107,.035,.037,.253,.034,.032,.08,.007,.023,.037,.013,.013
101,2017,267,620,12.03,.173,.07,.045,.322,.154,.101,.055,-20.97,-16.17,.072,1.425,.089,.156,.111,1.068,1.14,.293,1.068,.29,.075,.362,.112,.114,.875,.107,.106,.28,.034,.049,.114,.034,.045
101,2017,267,630,12.03,.38,.166,.102,.692,.328,.225,.121,-18.93,-16.27,.166,3.248,.188,.347,.23,2.283,2.459,.635,2.371,.593,.156,.788,.246,.245,1.855,.223,.225,.536,.067,.112,.233,.059,.092
101,2017,267,640,12.03,.58,.268,.154,1.126,.493,.359,.183,-14.81,-16.47,.253,5.271,.292,.52,.354,3.551,3.861,1.053,3.791,.955,.236,1.279,.394,.387,2.886,.345,.357,.82,.104,.173,.354,.099,.146
101,2017,267,650,12.03,.809,.367,.215,1.567,.674,.469,.251,-9.78,-16.5,.345,7.32,.392,.721,.464,4.787,5.219,1.498,5.239,1.329,.318,1.795,.541,.52,3.887,.444,.461,1.096,.147,.23,.453,.129,.188
101,2017,267,700,12.03,1.031,.446,.265,2.001,.853,.598,.31,-4.621,-16.85,.426,9.31,.456,.903,.572,6.087,6.449,1.919,6.679,1.684,.397,2.822,.974,.763,4.803,.545,.582,1.368,.174,.29,.553,.168,.24
101,2017,267,710,12.03,1.237,.516,.32,2.402,1.019,.734,.372,.419,-17.32,.504,17.09,.563,1.084,.753,9.39,7.65,9.59,21.2,2.122,.451,3.741,1.336,1.017,5.611,.667,.721,1.631,.211,.347,.654,.191,.29
101,2017,267,720,12.03,1.438,.6,.397,2.797,1.23,.917,.436,6.188,-17.63,.627,47.97,.828,1.332,.913,10.64,8.68,3.577,32.16,4.51,.516,4.242,1.544,1.265,6.298,.763,.883,1.849,.25,.409,.744,.228,.55
101,2017,267,730,12.03,1.631,.689,.454,3.196,1.465,1.115,.506,12.48,-18.22,.763,56.47,1.148,1.626,1.029,11.36,9.56,3.608,38.98,3.117,.582,4.696,1.778,1.512,6.878,.898,3.387,2.043,.298,.444,.831,.251,.704
101,2017,267,740,12.03,1.808,.761,.531,3.578,1.684,1.301,.602,18.65,-18.93,.882,63.81,1.26,1.887,1.14,11.56,10.37,3.999,45.26,3.318,.64,5.08,1.994,5.467,7.48,1.743,1.597,2.221,.327,.483,1.165,.32,.468
101,2017,267,750,12.03,2.02,.85,.622,4.161,1.989,1.748,.707,21.28,-19.94,1.004,70.9,1.381,2.142,1.249,11.92,11.25,15.2,51.61,3.768,.706,5.457,2.15,5.127,8.02,4.527,1.232,2.417,.364,.541,1.166,.367,.597
101,2017,267,800,12.03,2.273,.967,.746,5.216,2.506,5.474,.754,30.32,-20.48,1.14,77.3,1.408,2.378,1.358,12.58,12.13,42.57,57.63,4.374,.766,5.874,3.034,2.004,8.48,1.121,1.344,2.598,.411,.595,1.53,.37,5.139
101,2017,267,810,12.03,2.511,1.074,.895,17.18,2.995,4.522,.751,31.48,-20.98,1.245,81.9,1.45,5.068,1.431,13.21,23.41,45.09,62.51,5.802,.82,6.375,3.04,2.043,9.56,1.21,1.639,2.754,1.091,.647,1.13,.369,.667
101,2017,267,820,12.04,3.491,1.165,1.032,45.98,3.173,3.781,.798,32.62,-21.1,1.401,87.1,1.488,2.956,1.518,14.78,31.74,21.46,67.83,42.85,.875,9.92,2.368,2.415,10.3,2.025,1.517,2.884,.444,.732,1.178,.397,.595
101,2017,267,830,12.04,3.28,1.317,1.16,49.44,6.144,4.592,4.828,35.43,-21.58,2.112,92.2,1.542,2.951,1.611,18.02,36.99,20.19,73.2,18.58,.96,14.47,2.501,2.564,10.67,1.347,1.983,3.055,.463,.727,1.247,.436,.625
101,2017,267,840,12.04,3.234,1.997,1.312,50.98,13.25,10.78,2.264,39.94,-22.82,6.397,96.1,1.56,2.986,1.726,22.38,42.32,49.24,77.6,27.7,1.019,8.2,4.399,31.4,11.96,1.46,1.741,3.253,.451,.784,1.315,.436,.669
101,2017,267,850,12.04,3.884,4.797,1.526,50.94,24.65,22.86,1.335,50.4,-23,12.78,99.7,1.642,3.17,1.868,26.92,47.92,65.82,81.7,10.29,1.148,7.07,2.587,20.94,11.91,1.572,1.88,3.497,.526,1.907,1.401,.442,.71
101,2017,267,900,12.04,3.872,8.71,1.535,49.61,18.04,31.46,2.56,52.49,-23.79,17.43,103.1,1.766,3.302,3.733,31.46,53.39,69.79,85.6,7.65,1.153,7.66,2.615,45.93,12.83,1.689,2.098,3.755,.591,.9,1.476,.469,.751
101,2017,267,910,12.04,4.107,6.41,1.68,47.05,42.8,43.31,1.019,57.44,-22.6,14.94,106.3,1.871,4.309,2.041,35.91,58.55,73.7,89.6,13.38,1.233,13.06,2.614,20.1,13.33,1.803,2.264,3.988,.618,1.035,1.553,.491,1.077
101,2017,267,920,12.04,4.314,2.208,1.717,43.41,57.13,49.12,1.054,58.94,-22.16,5.092,109.2,1.943,5.07,2.168,40.31,63.31,75.9,93.2,7.78,1.33,27.28,10.24,3.337,14.03,6.057,2.423,4.241,.617,1.029,1.655,.513,1.402
101,2017,267,930,12.04,8.3,2.399,1.739,38.13,42.64,47.87,1.099,55.71,-22.49,3.212,111.6,2.002,21.9,3.595,45.11,67.57,78.9,96.5,7.17,1.411,42.22,70.8,42.45,15.71,4.711,2.584,4.505,.598,1.102,1.836,.536,.943
101,2017,267,940,12.04,4.897,2.971,1.774,33.64,5.472,5.485,1.149,38.2,-25.93,2.111,114.9,2.111,4.349,2.376,50.39,72.3,82.8,100.4,8.29,1.494,57.82,28.34,7.07,18.4,2.207,7.61,4.813,.63,4.768,1.801,.56,1.04
101,2017,267,950,12.04,5.763,3.036,1.851,28.75,4.467,48.12,1.233,61.78,-28.12,4.629,116.6,2.208,8.93,2.456,55.04,76,83.4,103,8.11,1.602,65.2,2.714,2.863,21.85,2.439,52.35,5.195,.612,13.41,1.917,.593,1.149
101,2017,267,1000,12.04,8.86,3.331,1.928,24.03,8.28,3.16,18.33,4.091,-26.15,3.522,118,2.305,56.01,2.609,59.69,79.6,40.95,105.5,32.74,1.721,66.49,2.662,2.893,25.88,2.821,6.313,6.204,.603,1.273,2.083,.61,1.345
101,2017,267,1010,12.05,5.983,3.574,4.874,20.13,4.668,2.749,1.876,-16.88,-29.2,4.026,119.6,2.374,17.6,4.128,64.82,83.5,8.57,108.4,22.06,1.87,68.07,2.667,2.895,29.77,5.514,3.527,6.065,.63,5.152,2.114,.64,12.21
101,2017,267,1020,12.05,69.53,39.59,6.973,16.92,4.352,2.665,3.3,-39.23,-27.15,8.67,121,2.434,3.227,2.751,70.1,87.1,8.27,110.8,11.12,2.03,57.94,2.759,2.903,33.39,49.81,3.083,6.338,.637,7.5,2.977,.647,7.3
101,2017,267,1030,12.05,85.2,79.8,1.97,15.16,4.111,2.679,4.262,-31.65,-26.48,2.61,121.3,2.496,3.146,2.86,74.8,89.8,8.12,112.5,41.21,2.332,27.29,2.778,2.942,36.65,80.7,8.36,6.641,.637,8.24,2.434,.667,10.11
101,2017,267,1040,12.05,49.88,84.6,1.95,16.48,3.958,2.643,7.01,-20.45,-27.67,2.339,121.6,2.568,3.126,2.87,79.5,92.6,8.32,114.2,16.67,3.962,9.67,5.831,2.965,40.03,58.14,3.035,7.08,.667,1.359,2.394,.678,1.431
101,2017,267,1050,12.05,9.89,86.8,1.967,21.41,4.052,3.667,1.449,-21.97,-29.69,2.327,122.2,2.689,3.097,2.978,84.3,95.8,8.11,116.2,43.52,5.231,8.38,8.91,3.019,43.69,68.47,3.086,7.61,.687,1.357,2.365,.709,1.392
101,2017,267,1100,12.05,6.328,52.26,1.961,28.59,4.181,2.678,2.261,-27.4,-29.34,2.367,121.9,2.806,3.064,3.107,88.1,98,7.65,117.1,14.65,8.52,7.81,4.167,3.05,47.1,72.5,3.092,8.16,.704,1.409,2.467,.732,1.447
101,2017,267,1110,12.05,6.104,3.198,1.948,37.68,3.787,2.645,54.05,-10.82,-22.79,3.144,121.1,2.904,3.048,3.141,91.7,100.3,7.44,118.2,46.66,47.83,7.47,2.553,3.104,50.58,45.89,3.203,8.99,.709,1.482,2.541,.898,1.546
101,2017,267,1120,12.05,6.432,3.055,1.941,46.92,3.444,2.62,12.61,-5.497,-27.3,3.71,117.5,2.966,3.037,3.219,94.8,102.2,7.22,118.6,19.94,43.73,7.62,2.497,3.095,53.81,34.27,3.201,9.47,.737,3.648,2.663,1.102,1.576
101,2017,267,1130,12.05,5.601,24.51,1.874,55.52,3.356,2.63,1.737,5.721,-28.1,39.09,113.2,3.11,3.037,3.323,98,104.4,7.01,119.5,76.4,43.84,8.61,2.486,11.41,57.22,15.68,3.222,32.57,.764,1.514,2.772,1.167,1.589
101,2017,267,1140,12.05,5.319,21.73,1.889,63.14,3.32,2.668,1.631,-.606,-28.35,10.55,107.5,3.298,3.043,4.47,101,106.3,6.919,120.2,18.29,3.805,6.984,2.439,3.284,60.42,3.395,3.34,72.7,.77,1.527,3.097,1.084,1.625
101,2017,267,1150,12.05,5.204,37.73,1.842,69.75,3.278,2.625,1.643,-30.06,-28.84,2.333,101.8,3.294,3.021,26.83,103.8,108.1,6.783,120.5,12.13,2.978,6.828,2.418,3.291,63.39,3.293,3.43,77.7,.799,1.548,4.174,.807,1.68
101,2017,267,1200,12.05,4.917,44.88,1.72,53.95,3.155,2.638,1.663,-32.19,-28.21,2.293,95.4,8.16,2.98,45.02,105.9,109.3,6.507,120.2,48.62,3.194,6.594,2.387,3.345,65.86,3.165,3.516,69.9,.817,1.797,4.611,.894,1.7
101,2017,267,1210,12.06,4.606,18,1.958,7.44,3.055,10.73,1.677,-28.57,-28.07,2.251,91.2,4.169,2.981,6.505,109,111.5,6.297,121.1,74.8,27.45,6.373,2.363,4.127,69.03,3.112,9.46,91.6,.837,1.665,5.078,.99,1.789
101,2017,267,1220,12.05,4.415,2.45,1.651,6.952,2.985,5.564,1.792,-34.46,-28.51,2.266,87.1,22.16,2.954,4.686,111,112.6,6.073,120.4,15.56,11.45,6.098,2.372,3.251,71.2,3.09,59.33,97.1,.841,1.596,4.407,.881,1.878
101,2017,267,1230,12.05,4.356,2.363,1.76,6.802,2.978,25.36,1.749,-17.07,-27.93,2.273,85,6.765,3.008,3.976,112.6,113.1,6.031,119.3,10.01,3.911,5.951,4.294,3.581,73.1,3.176,54.91,98.2,.898,2.738,4.303,.888,2.094
101,2017,267,1240,12.05,4.462,2.402,4.966,6.753,3.026,2.645,1.725,-32.9,-27.34,2.358,84.4,13.18,3.12,4.512,115.2,114.4,6.135,119.3,10.72,3.455,5.966,2.445,5.611,75.6,3.33,8.36,99.9,.96,1.779,4.365,.914,2.274
101,2017,267,1250,12.06,15.8,2.279,2.127,6.555,5.889,2.805,1.769,-34.87,-26.63,2.464,83.1,10.68,3.323,4.626,116.5,113.5,6.135,117.5,12.84,3.933,5.937,2.34,3.906,76.8,3.474,5.547,99.9,1.012,14.41,4.773,.953,2.485
101,2017,267,1300,12.06,25.85,2.145,2.432,6.174,3.132,2.862,1.852,-32.49,-26.1,2.604,82,6.758,3.444,4.827,118.8,113.9,5.966,117,11.05,5.4,5.842,2.427,4.167,79,3.571,5.922,101.6,1.095,2.824,4.929,1.023,2.666
101,2017,267,1310,12.06,7.06,2.346,1.953,5.599,3.129,4.402,1.928,-29.15,-26.39,4.284,74.6,9.28,3.876,5.751,111.9,104.9,5.52,107.8,10.74,5.205,5.815,2.434,4.956,75.2,3.755,9.78,94.3,1.214,2.306,4.924,1.028,3.644
101,2017,267,1320,12.06,5.169,1.936,2.147,6.001,3.378,4.179,2.187,-30.91,-26.19,3.008,77.6,54.3,5.175,7.49,122,114.9,5.762,114.9,11.29,4.681,6.249,2.472,7.65,82.6,8.44,27,103,2.13,2.66,5.884,1.184,8.22
101,2017,267,1330,12.06,13.49,1.923,2.097,6.52,3.584,5.234,3.606,-29.47,-25.56,3.092,76.7,67.36,6.252,26.12,124.1,116.6,5.957,115.5,11.99,5.133,6.301,2.474,71.6,84.6,32.57,46.24,104.5,1.32,2.472,6.163,1.238,10.01
101,2017,267,1340,12.06,30.45,2.187,2.09,7.28,3.755,27.13,2.139,-14.93,-24.83,3.105,78.2,33.3,6.926,7.8,127.7,120.3,6.974,118.1,12.76,5.283,6.815,2.68,64.95,86.6,25.37,59.94,106.4,1.33,2.479,6.128,1.278,37.03
101,2017,267,1350,12.06,5.517,2.099,1.953,7.34,4.581,22.11,2.161,-21.29,-25.21,3.115,75.8,74.8,23.1,21.12,129.8,120.8,7.05,116.5,11.86,5.328,35.51,2.681,47.42,88.5,33.02,52.37,107.2,1.285,2.434,6.23,1.355,11.25
101,2017,267,1400,12.06,3.629,1.814,2.129,6.055,3.514,51.2,2.253,-1.263,-24.83,3.437,69.67,55.15,28.72,57.16,125.4,115.1,5.941,109.6,10.99,5.115,10.41,2.569,8.51,86.5,24.89,13.63,103.6,1.36,2.651,6.54,1.435,4.132
101,2017,267,1410,12.06,3.164,1.541,2.037,5.46,6.778,16.07,2.266,-27.04,-24.56,3.271,57.64,18.78,40.21,40,101.8,91.3,5.582,87.5,10.68,4.872,27.05,2.403,10.24,70.5,6.329,5.571,79.7,1.233,2.531,6.616,1.586,4.175
101,2017,267,1420,12.06,2.623,1.392,1.782,5.142,3.358,20.94,2.211,-21.7,-24.77,19.22,60.72,7.42,5.078,54.03,120.2,107.5,4.991,100.5,9.91,4.999,5.783,2.248,5.756,83.5,4.286,4.567,99.8,1.196,2.37,6.949,5.983,3.872
101,2017,267,1430,12.06,3.144,1.809,1.844,6.014,3.321,39.87,2.258,-4.83,-24.79,24.41,61.14,6.644,4.016,60.49,124.7,111.4,5.296,103.1,10.26,5.011,14.78,2.311,4.909,87.1,4.16,5.073,104,1.214,2.42,7.74,1.445,3.78
101,2017,267,1440,12.06,3.845,2.166,1.938,6.606,3.824,13.69,2.346,-27.47,-24.32,4.005,59.92,6.224,4.15,68.79,126.6,113.1,5.926,102.6,9.85,5.098,9.75,2.375,4.979,88.9,4.309,5.175,104.1,1.239,2.429,10.39,1.41,4.921
101,2017,267,1450,12.07,5.261,2.226,2.176,8.2,3.936,3.943,2.341,-34.2,-23.87,4.407,58.24,6.098,4.678,46.12,122,109.3,7.45,98.2,9.85,4.993,6.827,2.851,4.939,86.1,4.226,5.232,80.6,1.35,2.613,14.11,1.385,12.08
101,2017,267,1500,12.07,5.159,1.842,1.901,8.7,3.851,2.97,2.154,-32.67,-23.68,3.577,37.17,4.793,4.438,10.92,58.54,54.6,7.46,48.21,8.38,3.822,6.49,2.862,4.018,43.13,3.469,3.767,20.48,1.077,2.013,7.97,.94,4.122
101,2017,267,1510,12.07,4.688,1.774,1.578,8.25,3.899,2.519,2.053,-39.09,-23.44,2.67,31.74,2.934,3.884,4.335,42.5,41.09,6.559,34.88,7.69,3.41,6.44,2.496,3.465,32.64,3.206,3.37,14.59,.988,1.725,5.341,.839,2.01
101,2017,267,1520,12.07,4.427,1.67,1.422,7.99,4.12,2.357,1.941,-40.78,-22.22,2.358,29.06,2.273,3.686,3.638,37.29,37.67,6.274,29.96,6.741,2.487,6.519,2.469,3.08,30.23,3.025,2.949,11.16,.889,1.529,4.584,.832,1.588
101,2017,267,1530,12.07,4.046,1.556,1.201,7.48,3.789,2.104,1.651,-43.41,-21.13,1.956,25.79,1.929,3.204,3.259,30.97,32.37,5.614,25,5.986,1.811,6.56,2.238,2.618,26.05,2.708,2.588,8.87,.724,1.265,3.872,.851,1.231
101,2017,267,1540,12.07,3.691,1.422,1.048,6.73,3.345,1.924,1.311,-44.88,-20.36,1.663,23.34,1.73,2.757,2.722,25.72,27.55,5.082,21.7,5.542,1.469,5.932,1.939,2.286,21.94,2.427,2.276,7.13,.601,1.074,3.035,.782,.99
101,2017,267,1550,12.06,3.239,1.291,.946,5.907,2.822,1.655,1.055,-46.89,-20,1.41,20.99,1.529,2.352,2.263,21.23,22.85,4.566,19.23,4.946,1.228,5.239,1.673,1.916,18,2.003,2.06,6.234,.516,.918,2.36,.571,.846
101,2017,267,1600,12.06,3.102,1.176,.844,5.547,2.439,1.476,.883,-48.37,-19.94,1.226,19.09,1.469,2.102,1.955,18.25,19.42,4.368,17.12,4.509,1.115,4.738,1.482,1.668,15.08,1.653,1.814,5.296,.44,.817,1.894,.446,.74
101,2017,267,1610,12.06,2.938,1.094,.764,5.314,2.224,1.385,.831,-50.32,-20.05,1.201,17.91,1.464,2.012,1.844,17.62,18.28,4.135,16.28,4.254,1.139,4.388,1.358,1.514,14.28,1.539,1.728,5.254,.435,.799,1.807,.435,.719
101,2017,267,1620,12.06,2.32,.884,.712,4.289,2.058,1.281,.839,-46.69,-20.25,1.124,16.06,1.461,1.863,1.863,17.26,17.47,3.397,15.3,3.898,1.105,3.849,1.214,1.517,13.97,1.444,1.548,5.586,.435,.74,1.97,.435,.802
101,2017,267,1630,12.06,2.271,.871,.759,4.218,2.134,1.322,.955,-43.46,-20.71,1.213,16.45,1.576,2.033,2.206,19.02,18.88,3.38,16.44,4.032,1.246,3.859,1.26,1.682,15.37,1.564,1.603,6.72,.456,.811,2.293,.442,1.079
101,2017,267,1640,12.06,2.353,.873,.75,4.147,2.013,1.265,.94,-43,-21.33,1.204,15.98,1.498,1.838,2.067,18.59,18.22,3.283,16.24,3.94,1.37,3.613,1.204,1.697,14.93,1.626,1.519,6.792,.444,.802,2.23,.441,1.012
101,2017,267,1650,12.06,2.005,.761,.704,3.655,1.893,1.225,.873,-42.17,-21.91,1.137,14.83,1.534,1.918,2.146,17.62,17.48,2.893,15.33,3.657,1.173,3.453,1.074,1.63,14.48,1.456,1.523,7.09,.436,.802,2.183,.444,1.074
101,2017,267,1700,12.06,1.476,.653,.573,2.774,1.694,1.049,.807,-43.84,-22.39,.931,12.55,1.298,1.581,1.754,15.28,15.25,2.164,12.83,3.098,.997,2.952,.89,1.437,12.81,1.287,1.251,5.962,.412,.648,2.141,.417,.839
101,2017,267,1710,12.06,1.396,.58,.501,2.53,1.484,.893,.734,-42.28,-22.7,.784,10.84,1.064,1.344,1.536,13.5,13.41,1.995,11.1,2.609,.933,2.659,.811,1.205,11.31,1.159,1.092,5.041,.337,.571,1.821,.365,.697
101,2017,267,1720,12.05,1.191,.472,.427,2.227,1.233,.744,.591,-45.02,-23,.7,9.11,.833,1.092,1.278,11.4,11.22,1.754,9.23,2.186,.804,2.225,.685,.965,9.48,.962,.88,4.046,.281,.466,1.518,.318,.571
101,2017,267,1730,12.05,.888,.384,.364,1.724,.999,.606,.474,-43.94,-23.17,.563,7.45,.702,.868,1.052,9.63,9.26,1.379,7.66,1.813,.68,1.803,.539,.818,7.87,.801,.737,3.488,.241,.405,1.248,.263,.462
101,2017,267,1740,12.05,.715,.318,.278,1.349,.789,.472,.402,-45.86,-23.25,.449,5.75,.509,.694,.797,7.39,7.15,1.082,5.881,1.37,.514,1.414,.442,.627,6.098,.627,.558,2.582,.184,.315,.975,.213,.392
101,2017,267,1750,12.05,.561,.23,.194,1.032,.543,.348,.273,-47.53,-23.26,.328,4.053,.377,.494,.526,4.887,4.83,.801,4.018,.905,.35,1.027,.33,.417,4.046,.417,.387,1.657,.127,.216,.595,.134,.268
101,2017,267,1800,12.05,.362,.144,.116,.63,.357,.213,.152,-49.41,-23.14,.186,2.506,.218,.317,.315,2.828,2.877,.508,2.406,.565,.188,.618,.209,.255,2.356,.26,.248,.883,.077,.131,.355,.077,.137
101,2017,267,1810,12.05,.206,.08,.065,.369,.199,.117,.084,-52.83,-23.01,.106,1.327,.119,.174,.174,1.585,1.612,.292,1.3,.332,.111,.352,.114,.146,1.32,.152,.141,.499,.04,.072,.193,.044,.072
101,2017,267,1820,12.05,.09,.034,.027,.152,.084,.05,.04,-56.41,-22.83,.049,.536,.052,.074,.077,.685,.684,.119,.545,.141,.05,.146,.047,.06,.571,.067,.057,.233,.015,.032,.085,.02,.039
101,2017,267,1830,12.05,.02,.002,0,.04,.018,.007,.003,-56.49,-22.77,.01,.139,.01,.017,.017,.194,.186,.028,.142,.039,.013,.034,.007,.015,.159,.02,.012,.064,0,.002,.02,0,.002
101,2017,267,1840,12.05,0,0,0,0,0,0,0,-59.06,-22.64,0,.013,0,0,0,.018,.02,0,.013,0,0,0,0,0,.015,0,0,.005,0,0,0,0,0
101,2017,267,1850,12.05,0,0,0,0,0,0,0,-60.31,-22.55,0,0,0,0,0,0,0,0,0,0,0,0,0,0,0,0,0,0,0,0,0,0,0
101,2017,267,1900,12.05,0,0,0,0,0,0,0,-61.13,-22.47,0,0,0,0,0,0,0,0,0,0,0,0,0,0,0,0,0,0,0,0,0,0,0
101,2017,267,1910,12.05,0,0,0,0,0,0,0,-64.5,-22.41,0,0,0,0,0,0,0,0,0,0,0,0,0,0,0,0,0,0,0,0,0,0,0
101,2017,267,1920,12.05,0,0,0,0,0,0,0,-60.51,-22.36,0,0,0,0,0,0,0,0,0,0,0,0,0,0,0,0,0,0,0,0,0,0,0
101,2017,267,1930,12.04,0,0,0,0,0,0,0,-59.19,-22.43,0,0,0,0,0,0,0,0,0,0,0,0,0,0,0,0,0,0,0,0,0,0,0
101,2017,267,1940,12.04,0,0,0,0,0,0,0,-59.26,-22.64,0,0,0,0,0,0,0,0,0,0,0,0,0,0,0,0,0,0,0,0,0,0,0
101,2017,267,1950,12.04,0,0,0,0,0,0,0,-57.44,-22.83,0,0,0,0,0,0,0,0,0,0,0,0,0,0,0,0,0,0,0,0,0,0,0
101,2017,267,2000,12.04,0,0,0,0,0,0,0,-55.9,-22.92,0,0,0,0,0,0,0,0,0,0,0,0,0,0,0,0,0,0,0,0,0,0,0
101,2017,267,2010,12.04,0,0,0,0,0,0,0,-54.04,-23.03,0,0,0,0,0,0,0,0,0,0,0,0,0,0,0,0,0,0,0,0,0,0,0
101,2017,267,2020,12.04,0,0,0,0,0,0,0,-54.67,-22.88,0,0,0,0,0,0,0,0,0,0,0,0,0,0,0,0,0,0,0,0,0,0,0
101,2017,267,2030,12.04,0,0,0,0,0,0,0,-53.77,-22.79,0,0,0,0,0,0,0,0,0,0,0,0,0,0,0,0,0,0,0,0,0,0,0
101,2017,267,2040,12.04,0,0,0,0,0,0,0,-52.56,-22.84,0,0,0,0,0,0,0,0,0,0,0,0,0,0,0,0,0,0,0,0,0,0,0
101,2017,267,2050,12.04,0,0,0,0,0,0,0,-49.91,-22.85,0,0,0,0,0,0,0,0,0,0,0,0,0,0,0,0,0,0,0,0,0,0,0
101,2017,267,2100,12.04,0,0,0,0,0,0,0,-48.19,-22.99,0,0,0,0,0,0,0,0,0,0,0,0,0,0,0,0,0,0,0,0,0,0,0
101,2017,267,2110,12.04,0,0,0,0,0,0,0,-46.38,-23.16,0,0,0,0,0,0,0,0,0,0,0,0,0,0,0,0,0,0,0,0,0,0,0
101,2017,267,2120,12.04,0,0,0,0,0,0,0,-44.36,-23.26,0,0,0,0,0,0,0,0,0,0,0,0,0,0,0,0,0,0,0,0,0,0,0
101,2017,267,2130,12.04,0,0,0,0,0,0,0,-43.53,-23.27,0,0,0,0,0,0,0,0,0,0,0,0,0,0,0,0,0,0,0,0,0,0,0
101,2017,267,2140,12.04,0,0,0,0,0,0,0,-43.39,-23.12,0,0,0,0,0,0,0,0,0,0,0,0,0,0,0,0,0,0,0,0,0,0,0
101,2017,267,2150,12.04,0,0,0,0,0,0,0,-39.43,-22.91,0,0,0,0,0,0,0,0,0,0,0,0,0,0,0,0,0,0,0,0,0,0,0
101,2017,267,2200,12.04,0,0,0,0,0,0,0,-36.77,-22.74,0,0,0,0,0,0,0,0,0,0,0,0,0,0,0,0,0,0,0,0,0,0,0
101,2017,267,2210,12.04,0,0,0,0,0,0,0,-32.13,-22.69,0,0,0,0,0,0,0,0,0,0,0,0,0,0,0,0,0,0,0,0,0,0,0
101,2017,267,2220,12.04,0,0,0,0,0,0,0,-29.12,-22.65,0,0,0,0,0,0,0,0,0,0,0,0,0,0,0,0,0,0,0,0,0,0,0
101,2017,267,2230,12.04,0,0,0,0,0,0,0,-28.34,-22.62,0,0,0,0,0,0,0,0,0,0,0,0,0,0,0,0,0,0,0,0,0,0,0
101,2017,267,2240,12.04,0,0,0,0,0,0,0,-27.95,-22.54,0,0,0,0,0,0,0,0,0,0,0,0,0,0,0,0,0,0,0,0,0,0,0
101,2017,267,2250,12.03,0,0,0,0,0,0,0,-26.67,-22.46,0,0,0,0,0,0,0,0,0,0,0,0,0,0,0,0,0,0,0,0,0,0,0
101,2017,267,2300,12.04,0,0,0,0,0,0,0,-27.11,-22.32,0,0,0,0,0,0,0,0,0,0,0,0,0,0,0,0,0,0,0,0,0,0,0
101,2017,267,2310,12.03,0,0,0,0,0,0,0,-27.06,-22.14,0,0,0,0,0,0,0,0,0,0,0,0,0,0,0,0,0,0,0,0,0,0,0
101,2017,267,2320,12.03,0,0,0,0,0,0,0,-29.71,-21.99,0,0,0,0,0,0,0,0,0,0,0,0,0,0,0,0,0,0,0,0,0,0,0
101,2017,267,2330,12.03,0,0,0,0,0,0,0,-28.68,-21.83,0,0,0,0,0,0,0,0,0,0,0,0,0,0,0,0,0,0,0,0,0,0,0
101,2017,267,2340,12.03,0,0,0,0,0,0,0,-31.42,-21.73,0,0,0,0,0,0,0,0,0,0,0,0,0,0,0,0,0,0,0,0,0,0,0
101,2017,267,2350,12.03,0,0,0,0,0,0,0,-32.41,-21.61,0,0,0,0,0,0,0,0,0,0,0,0,0,0,0,0,0,0,0,0,0,0,0
101,2017,267,2400,12.03,0,0,0,0,0,0,0,-27.7,-21.61,0,0,0,0,0,0,0,0,0,0,0,0,0,0,0,0,0,0,0,0,0,0,0
102,2017,267,2400,12.02,5266
101,2017,268,10,12.03,0,0,0,0,0,0,0,-25.24,-21.58,0,0,0,0,0,0,0,0,0,0,0,0,0,0,0,0,0,0,0,0,0,0,0
101,2017,268,20,12.03,0,0,0,0,0,0,0,-26.19,-21.52,0,0,0,0,0,0,0,0,0,0,0,0,0,0,0,0,0,0,0,0,0,0,0
101,2017,268,30,12.03,0,0,0,0,0,0,0,-23.71,-21.52,0,0,0,0,0,0,0,0,0,0,0,0,0,0,0,0,0,0,0,0,0,0,0
101,2017,268,40,12.03,0,0,0,0,0,0,0,-23.91,-21.55,0,0,0,0,0,0,0,0,0,0,0,0,0,0,0,0,0,0,0,0,0,0,0
101,2017,268,50,12.03,0,0,0,0,0,0,0,-21.3,-21.65,0,0,0,0,0,0,0,0,0,0,0,0,0,0,0,0,0,0,0,0,0,0,0
101,2017,268,100,12.03,0,0,0,0,0,0,0,-21.89,-21.76,0,0,0,0,0,0,0,0,0,0,0,0,0,0,0,0,0,0,0,0,0,0,0
101,2017,268,110,12.03,0,0,0,0,0,0,0,-20.48,-21.9,0,0,0,0,0,0,0,0,0,0,0,0,0,0,0,0,0,0,0,0,0,0,0
101,2017,268,120,12.03,0,0,0,0,0,0,0,-20.34,-21.97,0,0,0,0,0,0,0,0,0,0,0,0,0,0,0,0,0,0,0,0,0,0,0
101,2017,268,130,12.03,0,0,0,0,0,0,0,-19.87,-22.1,0,0,0,0,0,0,0,0,0,0,0,0,0,0,0,0,0,0,0,0,0,0,0
101,2017,268,140,12.03,0,0,0,0,0,0,0,-18.85,-22.14,0,0,0,0,0,0,0,0,0,0,0,0,0,0,0,0,0,0,0,0,0,0,0
101,2017,268,150,12.03,0,0,0,0,0,0,0,-17.78,-22.24,0,0,0,0,0,0,0,0,0,0,0,0,0,0,0,0,0,0,0,0,0,0,0
101,2017,268,200,12.03,0,0,0,0,0,0,0,-17.36,-22.24,0,0,0,0,0,0,0,0,0,0,0,0,0,0,0,0,0,0,0,0,0,0,0
101,2017,268,210,12.03,0,0,0,0,0,0,0,-6.526,-22.27,0,0,0,0,0,0,0,0,0,0,0,0,0,0,0,0,0,0,0,0,0,0,0
101,2017,268,220,12.03,0,0,0,0,0,0,0,-3.096,-22.3,0,0,0,0,0,0,0,0,0,0,0,0,0,0,0,0,0,0,0,0,0,0,0
101,2017,268,230,12.03,0,0,0,0,0,0,0,-1.301,-22.32,0,0,0,0,0,0,0,0,0,0,0,0,0,0,0,0,0,0,0,0,0,0,0
101,2017,268,240,12.03,0,0,0,0,0,0,0,2.306,-22.36,0,0,0,0,0,0,0,0,0,0,0,0,0,0,0,0,0,0,0,0,0,0,0
101,2017,268,250,12.03,0,0,0,0,0,0,0,.716,-22.43,0,0,0,0,0,0,0,0,0,0,0,0,0,0,0,0,0,0,0,0,0,0,0
101,2017,268,300,12.03,0,0,0,0,0,0,0,-2.497,-22.52,0,0,0,0,0,0,0,0,0,0,0,0,0,0,0,0,0,0,0,0,0,0,0
101,2017,268,310,12.03,0,0,0,0,0,0,0,-3.964,-22.51,0,0,0,0,0,0,0,0,0,0,0,0,0,0,0,0,0,0,0,0,0,0,0
101,2017,268,320,12.03,0,0,0,0,0,0,0,-3.62,-22.5,0,0,0,0,0,0,0,0,0,0,0,0,0,0,0,0,0,0,0,0,0,0,0
101,2017,268,330,12.03,0,0,0,0,0,0,0,-3.736,-22.56,0,0,0,0,0,0,0,0,0,0,0,0,0,0,0,0,0,0,0,0,0,0,0
101,2017,268,340,12.03,0,0,0,0,0,0,0,-5.127,-22.61,0,0,0,0,0,0,0,0,0,0,0,0,0,0,0,0,0,0,0,0,0,0,0
101,2017,268,350,12.03,0,0,0,0,0,0,0,-6.687,-22.6,0,0,0,0,0,0,0,0,0,0,0,0,0,0,0,0,0,0,0,0,0,0,0
101,2017,268,400,12.03,0,0,0,0,0,0,0,-10.14,-22.48,0,0,0,0,0,0,0,0,0,0,0,0,0,0,0,0,0,0,0,0,0,0,0
101,2017,268,410,12.03,0,0,0,0,0,0,0,-12.17,-22.39,0,0,0,0,0,0,0,0,0,0,0,0,0,0,0,0,0,0,0,0,0,0,0
101,2017,268,420,12.02,0,0,0,0,0,0,0,-16,-22.13,0,0,0,0,0,0,0,0,0,0,0,0,0,0,0,0,0,0,0,0,0,0,0
101,2017,268,430,12.02,0,0,0,0,0,0,0,-17.34,-21.93,0,0,0,0,0,0,0,0,0,0,0,0,0,0,0,0,0,0,0,0,0,0,0
101,2017,268,440,12.02,0,0,0,0,0,0,0,-17.09,-21.75,0,0,0,0,0,0,0,0,0,0,0,0,0,0,0,0,0,0,0,0,0,0,0
101,2017,268,450,12.02,0,0,0,0,0,0,0,-16.79,-21.56,0,0,0,0,0,0,0,0,0,0,0,0,0,0,0,0,0,0,0,0,0,0,0
101,2017,268,500,12.02,0,0,0,0,0,0,0,-16.15,-21.5,0,0,0,0,0,0,0,0,0,0,0,0,0,0,0,0,0,0,0,0,0,0,0
101,2017,268,510,12.02,0,0,0,0,0,0,0,-15.83,-21.54,0,0,0,0,0,0,0,0,0,0,0,0,0,0,0,0,0,0,0,0,0,0,0
101,2017,268,520,12.02,0,0,0,0,0,0,0,-16.26,-21.54,0,0,0,0,0,0,0,0,0,0,0,0,0,0,0,0,0,0,0,0,0,0,0
101,2017,268,530,12.02,0,0,0,0,0,0,0,-16.15,-21.6,0,0,0,0,0,0,0,0,0,0,0,0,0,0,0,0,0,0,0,0,0,0,0
101,2017,268,540,12.02,0,0,0,0,0,0,0,-16.18,-21.6,0,0,0,0,0,0,0,0,0,0,0,0,0,0,0,0,0,0,0,0,0,0,0
101,2017,268,550,12.02,0,0,0,0,0,0,0,-14.22,-21.66,0,.002,0,0,0,0,0,0,0,0,0,0,0,0,0,0,0,0,0,0,0,0,0
101,2017,268,600,12.02,.007,0,0,.015,.007,0,0,-13.77,-21.74,0,.062,0,.003,0,.045,.045,.017,.045,.018,0,.018,.002,.005,.037,0,0,.015,0,0,0,0,0
101,2017,268,610,12.02,.052,.028,.015,.089,.045,.03,.022,-12.39,-21.77,.027,.375,.028,.045,.035,.315,.33,.077,.307,.08,.027,.099,.034,.037,.265,.035,.03,.087,.007,.022,.037,.012,.017
101,2017,268,620,12.02,.171,.069,.045,.315,.153,.097,.05,-12.06,-21.77,.07,1.287,.084,.151,.106,1.029,1.096,.278,1.002,.275,.072,.334,.104,.111,.836,.102,.099,.282,.034,.049,.112,.034,.044
101,2017,268,630,12.02,.382,.166,.099,.696,.325,.223,.121,-12.08,-21.78,.161,3.062,.181,.339,.223,2.189,2.378,.617,2.298,.578,.146,.746,.236,.236,1.768,.213,.223,.531,.064,.112,.225,.055,.094
101,2017,268,640,12.02,.63,.285,.164,1.202,.506,.374,.189,-11.83,-21.77,.265,5.333,.29,.546,.355,3.52,3.875,1.094,3.888,.982,.233,1.306,.396,.392,2.832,.34,.37,.821,.109,.181,.354,.096,.149
101,2017,268,650,12.02,.91,.404,.23,1.733,.716,.499,.26,-11.21,-21.79,.37,7.67,.404,.784,.468,4.852,5.361,1.616,5.506,1.399,.315,1.88,.56,.538,3.87,.444,.486,1.109,.153,.248,.454,.127,.196
101,2017,268,700,12.02,1.183,.489,.293,2.249,.927,.659,.327,-10.89,-21.89,.449,9.97,.478,1.006,.588,6.36,6.769,2.118,7.16,1.815,.402,2.894,.923,.774,4.852,.551,.632,1.401,.189,.315,.558,.166,.246
101,2017,268,710,12.02,1.455,.607,.357,2.772,1.131,.826,.396,-9.82,-22.12,.55,16.23,.593,1.237,.758,8.92,8.18,7.27,19.12,2.315,.458,3.68,1.257,1.031,5.767,.68,.796,1.679,.233,.382,.674,.193,.305
101,2017,268,720,12.02,1.713,.716,.426,3.28,1.373,1.029,.451,-12.59,-22.36,.68,40.4,.873,1.525,.918,10.41,9.41,3.533,27.47,4.326,.531,4.316,1.503,1.269,6.588,.791,.97,1.927,.28,.441,.778,.23,.424
101,2017,268,730,12.02,1.958,.823,.498,3.776,1.621,1.237,.535,-17.75,-22.69,.823,48.64,1.13,1.832,1.047,11.42,10.54,3.98,33.82,3.645,.603,4.842,1.743,1.766,7.31,1.088,2.906,2.17,.322,.486,.88,.26,.573
101,2017,268,740,12.02,2.219,.928,.59,4.292,1.872,1.443,.801,-19.07,-23,.96,56.26,1.265,2.125,1.172,11.98,11.6,4.51,40.09,3.679,.675,5.306,1.983,3.87,8.09,1.15,1.393,2.392,.362,.55,1.803,.317,.489
101,2017,268,750,12.02,2.462,1.041,.682,4.884,2.184,2.184,.729,-21.31,-23.21,1.081,63.33,1.373,2.393,1.285,12.56,12.57,17.32,46.22,4.222,.746,5.732,2.172,2.118,8.56,4.604,1.374,2.576,.391,.602,1.12,.359,1.004
101,2017,268,800,12.02,2.692,1.14,.803,6.987,2.682,7.07,.771,-17.87,-23.25,1.212,70.3,1.418,2.606,1.391,13.3,13.45,36.96,52.52,4.617,.82,6.245,4.902,1.994,9.14,1.185,1.492,2.762,.432,.662,1.141,.369,4.746
101,2017,268,810,12.03,2.931,1.252,.952,20.32,3.077,5.196,.793,-16.14,-23.25,1.324,76.8,1.483,6.501,1.488,14.12,24.71,41.9,58.54,8.4,.885,7.41,3.298,2.145,10.15,1.285,1.601,2.946,.449,.717,1.202,.382,2.103
101,2017,268,820,12.03,3.251,1.369,1.113,42.53,3.628,3.707,.851,-11.5,-22.81,1.436,82.3,1.55,3.235,1.589,15.92,31.64,30.72,64.09,44.32,.94,19.33,2.445,2.747,11.02,2.911,1.691,3.136,.441,1.054,1.267,.409,.635
101,2017,268,830,12.03,3.437,1.537,1.239,45.44,8.81,4.104,2.123,-15.83,-21.91,2.382,86.7,1.607,3.675,1.686,19,36.41,27.6,68.73,21.67,1.029,22.6,2.665,2.717,11.32,1.451,1.808,3.333,.488,.808,1.337,.436,.667
101,2017,268,840,12.03,3.737,1.952,1.372,47.29,12.21,6.633,6.046,-16.39,-20.97,9.09,91.1,1.627,3.27,1.786,22.99,41.59,50.31,73.4,15.9,1.086,19.84,3.982,27.69,12.29,1.537,1.917,3.524,.498,.86,1.401,.436,.704
101,2017,268,850,12.03,6.59,7.98,1.53,47.84,22.26,15.02,1.55,-11.26,-21.03,11.46,95.5,1.701,3.386,1.898,27.22,47.12,61.41,78.1,15.82,1.19,7.39,2.689,14.49,12.18,1.632,2.043,3.725,.518,1.213,1.463,.456,.741
101,2017,268,900,12.03,4.236,26.15,1.582,46.89,14.6,20.27,1.052,-13.14,-21.43,27.86,99.4,1.825,3.497,2.78,31.46,52.43,65.69,82.6,7.64,1.215,7.77,2.778,43.27,13.2,1.749,2.235,3.947,.553,.994,1.536,.469,.789
101,2017,268,910,12.03,4.468,8.97,1.724,44.56,40.49,39.14,1.054,-2.656,-19.93,6.794,103.5,1.933,3.907,2.081,35.78,57.58,69.91,87,15.66,1.304,10.72,2.758,23.65,13.69,1.835,2.403,4.18,.58,1.332,1.608,.498,2.84
101,2017,268,920,12.04,4.829,2.359,1.753,41.34,54.5,46.7,1.086,3.456,-19.02,6.531,106.6,1.989,4.254,2.212,39.99,62.19,67.38,90.8,7.84,1.382,22.58,11.21,3.084,14.4,12.31,2.553,4.38,.662,1.087,1.722,.516,.885
101,2017,268,930,12.03,5.338,2.545,1.783,37.16,39.28,50,1.124,5.066,-19.57,2.369,109.9,2.051,22.13,2.468,44.95,66.86,75.8,94.7,7.42,1.458,41.39,68.04,49.63,16.15,2.141,2.718,4.638,.742,1.649,1.809,.536,.978
101,2017,268,940,12.04,6.548,4.844,1.821,32.91,5.083,5.879,1.179,-25.86,-21.16,5.427,112.6,2.119,7.38,2.362,49.87,71.3,80,98.4,9.6,1.531,58.76,15.78,14.72,18.72,2.196,32.64,4.914,.638,10.99,1.846,.566,1.044
101,2017,268,950,12.04,5.639,3.523,1.893,28.69,4.824,41.21,1.26,-2.65,-21.67,2.354,115.2,2.247,5.234,2.604,54.93,75.8,82.8,102.1,8.28,1.644,64.31,2.774,2.971,22.39,2.408,56.9,5.405,.637,4.822,1.962,.598,1.171
101,2017,268,1000,12.04,6.025,3.616,2.036,24.49,8.24,3.642,11.79,-35.17,-19.85,3.021,118.3,2.506,41.66,2.959,60.48,80.3,60.51,106.2,24.94,1.835,65.97,2.85,3.145,26.73,2.917,5.804,6.301,.637,1.355,2.238,.625,1.337
101,2017,268,1010,12.04,8.47,6.874,3.798,20.33,4.716,3.959,2.404,-39.76,-21.17,2.699,119.3,2.64,16.91,9.36,64.97,83.5,10.83,108.1,13.75,1.99,66.86,2.816,3.059,30.2,9.28,3.404,8.04,.637,4.95,2.29,.637,3.749
101,2017,268,1020,12.04,56.09,57.28,4.151,17.81,4.989,3.183,5.9,-44.01,-19.29,4.017,117.9,2.871,3.893,3.938,69.86,85.5,11.61,108.2,10.35,2.255,50.11,2.977,3.489,34.17,46.56,3.602,8.38,.697,41.15,3.947,.682,7.3
101,2017,268,1030,12.04,83,80.3,2.147,16.01,4.4,2.987,2.357,-44.61,-19.17,4.277,122.6,2.908,3.444,3.714,76.4,90.5,11.78,113.8,24.88,2.772,22.09,2.957,3.256,37.65,71.3,5.35,7.74,.695,21.9,3.481,.692,30.17
101,2017,268,1040,12.04,42.66,81.9,2.261,17.4,4.378,3,2.228,-39.57,-20.92,4.517,122.8,3.087,3.524,3.415,81,93.5,20.33,115.4,20.63,4.197,9.63,8.69,3.399,41.28,41.59,3.517,8.74,.722,1.563,3.075,.705,2.816
101,2017,268,1050,12.04,9.35,80.9,2.465,22.73,4.715,3.246,1.651,-40.22,-21.75,3.686,124,3.274,3.484,3.355,85.6,96.6,16.31,118.2,35.61,5.465,9.25,21.29,3.661,44.59,51.89,3.906,10.02,.735,1.581,2.725,.73,1.583
101,2017,268,1100,12.04,7.36,40.59,2.325,29.33,4.316,3.216,3.82,-39.7,-21.23,2.981,124.4,3.365,3.402,3.444,89.8,99.3,9.31,119.7,18.38,13.44,8.45,7.56,3.645,48.33,57.88,5.162,9.85,.747,2.745,2.712,.775,1.636
101,2017,268,1110,12.04,7.75,4.231,2.286,34.02,4.09,2.995,40.96,-38.61,-16.81,9.28,110.8,3.646,3.382,3.551,85.7,92.7,8.92,109,38.19,43.2,8.24,2.857,3.594,48.01,28.25,4.592,17.81,.747,8.14,2.933,.98,1.755
101,2017,268,1120,12.04,6.152,3.165,2.053,46.15,3.551,2.727,16.57,-37.08,-19.62,9.3,117.9,3.167,3.145,3.382,96.8,103.8,7.43,120.4,27.78,44.26,7.82,2.599,3.273,55.4,20.96,3.373,14.55,.769,2.099,2.837,.936,1.665
101,2017,268,1130,12.04,6.122,18.61,1.991,54.4,3.444,2.688,1.792,-37.45,-21.35,41.89,111.7,3.259,3.127,3.505,98.4,104.3,7.35,118.5,61.89,50.14,8.42,2.576,18.33,57.73,7.69,3.407,34.13,.772,1.594,3.016,.891,1.638
101,2017,268,1140,12.05,5.519,9.6,1.936,62.12,3.355,2.758,2.519,-36.35,-21.31,8.26,106.1,3.298,3.114,3.867,101.1,106.2,6.934,119.5,11.46,4.941,7.1,2.477,3.392,60.95,3.417,3.567,66.21,.799,1.581,3.129,.94,1.661
101,2017,268,1150,12.05,5.308,8.19,1.874,69.74,3.316,2.653,1.702,-35.07,-21.42,2.397,100.7,3.34,3.115,26.33,104.4,108.7,6.817,120.7,18.06,3.033,6.956,2.472,3.385,64.26,3.306,3.514,64.95,.831,1.594,3.557,.842,1.74
101,2017,268,1200,12.05,5.18,20.55,1.805,47.19,3.278,6.735,1.732,-32.9,-21.35,2.408,94.7,9,3.137,47.27,106.3,109.6,6.78,120.1,67.57,3.232,6.818,2.465,3.544,66.61,3.273,3.685,57.89,.851,1.762,5.031,.866,1.79
101,2017,268,1210,12.05,5.085,13.94,3.33,8.11,3.293,7.29,1.802,-34.95,-21.14,2.452,90,6.698,3.236,8.21,108.4,110.7,6.748,119.6,80.8,21.85,6.696,2.594,3.534,69.08,3.286,8.82,88.7,.891,1.732,5.14,.876,1.936
101,2017,268,1220,12.05,5.016,2.742,2.094,7.9,3.294,7.57,1.96,-36.92,-21.03,5.214,86,25.59,4.38,4.229,109.5,110.6,6.721,117.8,16.63,5.299,6.55,2.558,3.596,70.8,3.361,67.78,93.3,.919,1.948,4.695,.909,2.099
101,2017,268,1230,12.05,4.936,2.552,1.888,7.75,3.341,18.08,1.948,-29.57,-20.91,2.569,84.7,6.453,3.437,4.472,111.9,111.9,6.73,117.9,10.69,3.608,6.537,3.743,4.221,73.3,3.464,58.02,95.2,.98,11.44,4.696,.923,2.358
101,2017,268,1240,12.05,6.137,2.549,5.358,7.63,3.382,2.949,1.862,-42.78,-20.65,2.624,83.8,18.08,3.512,6.833,112.9,111.9,6.77,116.6,11.09,3.686,6.542,2.619,4.316,74.7,3.539,13.85,95.5,1.033,1.953,4.718,.963,2.529
101,2017,268,1250,12.05,24.44,2.499,2.512,7.78,19.83,3.512,1.916,-42.01,-19.35,2.712,81.8,15.21,3.728,4.991,111.7,109.5,6.931,112.5,12.33,4,6.671,2.628,4.239,74.1,3.626,6.482,92,1.075,3.132,5.026,.98,2.641
101,2017,268,1300,12.05,27.48,3.147,2.434,9.74,4.291,4.239,2.125,-41.76,-19.91,3.325,78.4,8.11,4.549,5.741,104.6,100.5,8.41,104.6,15.1,5.592,7.55,3.117,5.276,69.44,4.336,8.81,81.6,1.226,2.616,5.52,1.025,3.117
101,2017,268,1310,12.05,8.2,3.348,3.001,12.25,5.172,4.768,2.7,-42.42,-20.23,4.294,61.2,9.75,5.956,7.54,75.7,70.5,10.34,73.2,16.56,5.406,8.67,3.75,6.452,51.56,5.013,9.89,43.79,1.563,3.107,6.76,1.02,4.455
101,2017,268,1320,12.05,8.11,3.294,3.023,12.87,6.133,4.79,3.139,-41.33,-19.9,4.509,63.84,16.94,6.81,8.23,86.3,82.6,10.23,79.7,14.06,5.065,9.99,3.842,6.343,61.5,5.236,12.51,51.17,1.78,3.234,8.05,1.36,4.613
101,2017,268,1330,12.05,6.296,2.462,2.375,10.73,5.378,3.785,2.748,-47.7,-19.69,3.643,44.24,5.122,5.021,6.411,57.55,53.55,8.89,49.7,11.35,4.403,8.61,3.283,5.36,42.56,4.703,5.358,23.36,1.328,2.477,6.932,1.186,3.266
101,2017,268,1340,12.05,6.036,2.269,2.313,9.87,5.428,3.984,2.827,-50.38,-19.15,3.633,42.41,6.435,5.611,7.09,59.06,54.28,8.28,48.94,10.02,4.412,8.62,3.078,6.351,44.13,4.906,6.22,25.75,1.311,2.403,6.884,1.271,3.81
101,2017,268,1350,12.05,6.237,2.504,2.758,10.53,5.827,6.937,3.14,-50.85,-18.69,4.172,49.19,9.49,7.12,9.75,71.6,64.71,8.71,59.32,12.42,5.507,10.07,3.387,8.02,52.3,5.758,8.07,34.79,1.501,2.882,8,1.477,4.778
101,2017,268,1400,12.05,7.36,3.013,3.449,12.38,6.745,27.19,3.373,-33.81,-18.47,4.654,69.34,29.87,12.55,37.23,111.6,103.3,10.16,96.4,14.33,6.103,13.02,3.767,7.99,79.4,10.24,10.27,75.2,1.722,3.442,8.7,1.747,5.512
101,2017,268,1410,12.05,5.532,2.475,2.914,9.23,5.266,8.28,3.251,-39.84,-19.19,4.4,57.5,12.62,21.14,26.34,93.4,85.2,7.99,79.9,12.49,5.512,20.19,3.206,10.56,66.59,5.941,6.512,61.83,1.519,3.09,8.17,1.904,5.663
101,2017,268,1420,12.05,3.584,1.697,2.228,6.524,4.252,9.96,2.777,-39.02,-19.66,4.224,51.77,7.34,7.63,28.22,91.4,81.4,6.102,75.3,10.75,5.284,7.49,2.591,6.207,64.63,4.619,4.919,63.63,1.383,2.698,7.92,2.658,5.746
101,2017,268,1430,12.05,3.403,1.747,2.184,6.436,4.085,20.49,4.644,-31.29,-19.41,8.59,50.76,6.401,5.818,34.09,94.8,84.5,5.936,76.6,10.59,5.149,13.27,2.554,5.586,67.61,4.331,4.711,67.19,1.323,2.584,8.58,1.44,6.128
101,2017,268,1440,12.05,4.201,1.834,2.055,7.47,4.234,5.254,2.822,-43.34,-19.66,3.527,39.69,4.969,5.066,11.09,61.92,56.03,6.597,49.73,9.98,4.951,7.56,2.827,4.991,45.61,4.237,4.273,30.34,1.291,2.373,7.62,1.198,4.778
101,2017,268,1450,12.05,4.509,1.901,2.085,8.06,4.71,3.589,2.727,-43.83,-19.17,3.387,37.92,4.926,5.348,8.13,57.59,53.27,6.718,46.04,9.63,4.391,7.56,2.829,5.025,43.52,4.08,4.214,26.02,1.254,2.326,7.21,1.234,4.407
101,2017,268,1500,12.06,5.055,2.077,1.881,8.9,5.149,2.872,2.412,-43.92,-18.61,3.05,34.79,3.581,4.386,6.435,50.57,48.99,6.972,40.31,8.53,3.561,7.53,2.807,4.122,39.58,3.938,3.842,17.92,1.109,1.985,6.763,1.161,2.856