101,2017,219,1440,12.24,1.311,.653,.636,2.725,1.414,2.64,3.07,-14.8,3.929,1.271,63.81,2.092,1.388,13.82,102.2,11.92,2.753,78.6,3.839,8.47,17.9,12.94,1.504,56.87,2.864,2.124,86.1,.809,5.731,1.884,.692,1.687
101,2017,219,1450,12.24,1.3,.621,.596,2.653,1.368,1.296,15.17,-16.08,10.63,13.47,58.53,2.075,1.353,21.74,100.6,16.81,2.698,74.4,3.711,9.58,4.574,1.397,1.425,55.92,52,2.025,84.3,2.29,3.333,1.764,.611,1.986
101,2017,219,1500,12.24,1.209,.579,.569,2.586,1.343,2.405,3.01,-14.96,2.884,34.79,53.26,2.063,1.296,30.19,99.6,23.29,2.651,70.4,3.584,12.35,2.966,.992,1.36,55.35,8.09,1.945,82.7,19.98,12.31,1.673,.546,5.021
101,2017,219,1510,12.24,1.132,.546,.549,2.48,1.805,1.623,.888,-15.11,1.042,5.499,47.66,2.127,1.254,38.25,97.8,28.56,2.573,65.8,3.48,63.22,2.889,.931,1.477,54.24,2.34,1.879,17.24,5.45,7.87,1.618,.492,1.084
101,2017,219,1520,12.24,1.102,.524,.507,2.424,1.28,1.119,.836,-14.79,.556,29.56,42.23,2.112,1.201,44.62,95.4,59.39,2.395,61.01,3.388,80.1,2.775,.993,1.355,53.1,9.27,1.772,4.319,.703,18.07,1.554,.449,.956
101,2017,219,1530,12.24,1.06,.504,.499,2.363,1.919,17.99,.804,.677,.228,64.71,36.58,1.785,1.174,42.55,92.3,68.4,2.365,55.78,3.294,76.3,2.666,.878,2.702,51.37,17.78,1.65,4.008,.564,1.236,1.507,.435,.853
101,2017,219,1540,12.24,1.038,.502,.504,2.303,1.335,12.18,.804,-3.737,-.276,18.24,31.95,1.713,1.593,17.16,90.1,72.1,2.326,51.25,4.402,71.8,2.576,.837,1.218,49.51,12.66,1.551,4.033,.516,.96,1.526,.434,.821
101,2017,219,1550,12.24,1.013,.467,.611,2.256,2.69,.998,.774,-13.38,-.544,1.047,27.35,1.589,1.316,2.48,88.3,70.7,2.236,46.64,4.17,60.71,2.531,.801,1.142,39.96,2.683,1.383,3.66,.427,.742,1.477,.404,.719
101,2017,219,1600,12.24,.968,.44,.489,2.172,3.222,.819,.705,-12.6,-.536,.904,22.44,1.437,1.069,2.12,82.1,65.6,2.115,40.61,3.1,5.365,2.459,.757,1.075,15.69,1.465,1.074,3.351,.373,.576,1.425,.425,.63
101,2017,219,1610,12.24,.891,.424,.402,2.003,1.035,.707,.636,-12.06,-.821,.791,15.57,1.115,.931,1.64,59.06,46.8,1.871,18.51,2.66,4.775,2.281,.677,.997,15.16,1.375,.816,3.07,.318,.442,1.335,.36,.553
101,2017,219,1620,12.24,.878,.422,.363,1.933,.965,.688,.775,-11.74,-.97,.719,13.65,1.06,.884,1.533,61.51,48.46,1.802,8.65,2.303,1.638,2.268,.677,2.963,9.96,1.496,.775,3.013,.305,.425,1.343,.345,.531
101,2017,219,1630,12.24,.791,.375,.347,1.762,.894,.626,2.121,-12.54,-1.615,.638,10.29,.762,.799,1.3,38.23,29.95,1.605,8.13,2.104,1.494,2.052,.625,.91,10.95,1.695,.685,2.866,.273,.389,1.231,.283,.523
101,2017,219,1640,12.24,.709,.338,.296,1.596,.809,.538,.471,-13.62,-6.253,.541,8.24,.62,.73,1.085,14.16,12.16,1.412,7.07,1.749,1.129,1.846,.559,.787,9.44,1.332,.588,2.598,.236,.337,1.084,.251,.449
101,2017,219,1650,12.24,.658,.313,.273,1.489,.755,.497,.414,-17.39,-11.05,.519,7.59,.551,.683,.988,10.9,9.53,1.295,6.556,1.578,1.166,1.719,.518,.725,8,1.199,.539,2.447,.228,.31,.982,.231,.427
101,2017,219,1700,12.23,.61,.283,.246,1.382,.704,.464,.365,-19.05,-14.39,.511,6.803,.476,.618,.868,9.33,8.35,1.191,5.9,1.39,1.059,1.576,.466,.63,7.2,.824,.482,2.141,.203,.273,.916,.206,.374
101,2017,219,1710,12.23,.556,.268,.213,1.277,.658,.422,.365,-17.21,-16.87,.429,6.068,.437,.57,.801,7.84,7.37,1.047,5.267,1.223,.786,1.437,.436,.578,6.416,.695,.437,2.042,.198,.26,.91,.201,.343
101,2017,219,1720,12.23,.523,.265,.208,1.174,.583,.4,.327,-14.98,-18.38,.41,5.586,.441,.568,.772,7.06,6.767,.96,4.962,1.112,.653,1.329,.419,.546,5.962,.692,.436,2.015,.176,.253,.792,.179,.357
101,2017,219,1730,12.23,.499,.23,.163,1.097,.489,.343,.235,-14.49,-21.61,.298,4.597,.335,.484,.514,5.172,5.021,.829,3.805,.92,.436,1.143,.352,.421,4.348,.474,.352,1.295,.136,.189,.541,.134,.233
101,2017,219,1740,12.23,.421,.184,.134,.896,.419,.27,.186,-12.77,-22.23,.228,3.656,.256,.4,.419,5.381,3.808,.674,2.94,.702,.318,.913,.276,.332,3.321,.38,.283,.999,.102,.152,.432,.101,.181
101,2017,219,1750,12.23,.3,.129,.094,.617,.317,.199,.142,-11.49,-22.84,.168,2.617,.194,.286,.312,2.798,2.711,.479,2.156,.511,.23,.615,.191,.25,2.396,.283,.209,.751,.069,.116,.348,.079,.132
101,2017,219,1800,12.23,.181,.074,.055,.377,.183,.112,.08,-9.64,-22.17,.097,1.471,.106,.169,.173,1.531,1.474,.293,1.216,.315,.137,.35,.107,.142,1.308,.157,.119,.431,.044,.059,.194,.039,.075
101,2017,219,1810,12.23,.075,.032,.028,.156,.077,.049,.037,-10.43,-23.27,.042,.565,.047,.065,.072,.613,.598,.119,.486,.131,.054,.139,.049,.06,.534,.07,.049,.189,.015,.03,.08,.022,.028
101,2017,219,1820,12.22,.012,0,0,.03,.017,.005,.003,-10.36,-24.18,.003,.114,.005,.015,.013,.139,.132,.023,.106,.032,.008,.027,.003,.012,.119,.022,.003,.047,0,0,.017,0,0
101,2017,219,1830,12.22,0,0,0,0,0,0,0,-8.93,-22.78,0,.008,0,0,0,.013,.012,0,.005,0,0,0,0,0,.008,0,0,0,0,0,0,0,0
101,2017,219,1840,12.22,0,0,0,0,0,0,0,-8.08,-19.18,0,0,0,0,0,0,0,0,0,0,0,0,0,0,0,0,0,0,0,0,0,0,0
101,2017,219,1850,12.22,0,0,0,0,0,0,0,-7.3,-18.3,0,0,0,0,0,0,0,0,0,0,0,0,0,0,0,0,0,0,0,0,0,0,0
101,2017,219,1900,12.22,0,0,0,0,0,0,0,-5.608,-17.81,0,0,0,0,0,0,0,0,0,0,0,0,0,0,0,0,0,0,0,0,0,0,0
101,2017,219,1910,12.22,0,0,0,0,0,0,0,-4.464,-17.59,0,0,0,0,0,0,0,0,0,0,0,0,0,0,0,0,0,0,0,0,0,0,0
101,2017,219,1920,12.22,0,0,0,0,0,0,0,-4.32,-17.9,0,0,0,0,0,0,0,0,0,0,0,0,0,0,0,0,0,0,0,0,0,0,0
101,2017,219,1930,12.22,0,0,0,0,0,0,0,-4.351,-17.11,0,0,0,0,0,0,0,0,0,0,0,0,0,0,0,0,0,0,0,0,0,0,0
101,2017,219,1940,12.22,0,0,0,0,0,0,0,-3.813,-17.19,0,0,0,0,0,0,0,0,0,0,0,0,0,0,0,0,0,0,0,0,0,0,0
101,2017,219,1950,12.22,0,0,0,0,0,0,0,-3.525,-16.97,0,0,0,0,0,0,0,0,0,0,0,0,0,0,0,0,0,0,0,0,0,0,0
101,2017,219,2000,12.22,0,0,0,0,0,0,0,-3.63,-17.82,0,0,0,0,0,0,0,0,0,0,0,0,0,0,0,0,0,0,0,0,0,0,0
101,2017,219,2010,12.21,0,0,0,0,0,0,0,-3.168,-16.85,0,0,0,0,0,0,0,0,0,0,0,0,0,0,0,0,0,0,0,0,0,0,0
101,2017,219,2020,12.21,0,0,0,0,0,0,0,-2.911,-15.93,0,0,0,0,0,0,0,0,0,0,0,0,0,0,0,0,0,0,0,0,0,0,0
101,2017,219,2030,12.21,0,0,0,0,0,0,0,-2.829,-15.02,0,0,0,0,0,0,0,0,0,0,0,0,0,0,0,0,0,0,0,0,0,0,0
101,2017,219,2040,12.21,0,0,0,0,0,0,0,-3.677,-15.76,0,0,0,0,0,0,0,0,0,0,0,0,0,0,0,0,0,0,0,0,0,0,0
101,2017,219,2050,12.21,0,0,0,0,0,0,0,-3.91,-16.79,0,0,0,0,0,0,0,0,0,0,0,0,0,0,0,0,0,0,0,0,0,0,0
101,2017,219,2100,12.21,0,0,0,0,0,0,0,-4.063,-17.85,0,0,0,0,0,0,0,0,0,0,0,0,0,0,0,0,0,0,0,0,0,0,0
101,2017,219,2110,12.21,0,0,0,0,0,0,0,-4.235,-17.81,0,0,0,0,0,0,0,0,0,0,0,0,0,0,0,0,0,0,0,0,0,0,0
101,2017,219,2120,12.21,0,0,0,0,0,0,0,-4.009,-17.23,0,0,0,0,0,0,0,0,0,0,0,0,0,0,0,0,0,0,0,0,0,0,0
101,2017,219,2130,12.21,0,0,0,0,0,0,0,-4.183,-16.33,0,0,0,0,0,0,0,0,0,0,0,0,0,0,0,0,0,0,0,0,0,0,0
101,2017,219,2140,12.21,0,0,0,0,0,0,0,-4.2,-16.17,0,0,0,0,0,0,0,0,0,0,0,0,0,0,0,0,0,0,0,0,0,0,0
101,2017,219,2150,12.21,0,0,0,0,0,0,0,-4.917,-15.76,0,0,0,0,0,0,0,0,0,0,0,0,0,0,0,0,0,0,0,0,0,0,0
101,2017,219,2200,12.21,0,0,0,0,0,0,0,-5.628,-16.78,0,0,0,0,0,0,0,0,0,0,0,0,0,0,0,0,0,0,0,0,0,0,0
101,2017,219,2210,12.21,0,0,0,0,0,0,0,-4.971,-17.14,0,0,0,0,0,0,0,0,0,0,0,0,0,0,0,0,0,0,0,0,0,0,0
101,2017,219,2220,12.21,0,0,0,0,0,0,0,-4.974,-16.54,0,0,0,0,0,0,0,0,0,0,0,0,0,0,0,0,0,0,0,0,0,0,0
101,2017,219,2230,12.21,0,0,0,0,0,0,0,-4.549,-16.31,0,0,0,0,0,0,0,0,0,0,0,0,0,0,0,0,0,0,0,0,0,0,0
101,2017,219,2240,12.21,0,0,0,0,0,0,0,-4.431,-16.17,0,0,0,0,0,0,0,0,0,0,0,0,0,0,0,0,0,0,0,0,0,0,0
101,2017,219,2250,12.21,0,0,0,0,0,0,0,-4.089,-15.82,0,0,0,0,0,0,0,0,0,0,0,0,0,0,0,0,0,0,0,0,0,0,0
101,2017,219,2300,12.21,0,0,0,0,0,0,0,-4.557,-16.37,0,0,0,0,0,0,0,0,0,0,0,0,0,0,0,0,0,0,0,0,0,0,0
101,2017,219,2310,12.21,0,0,0,0,0,0,0,-3.367,-15.42,0,0,0,0,0,0,0,0,0,0,0,0,0,0,0,0,0,0,0,0,0,0,0
101,2017,219,2320,12.21,0,0,0,0,0,0,0,-3.188,-15.22,0,0,0,0,0,0,0,0,0,0,0,0,0,0,0,0,0,0,0,0,0,0,0
101,2017,219,2330,12.21,0,0,0,0,0,0,0,-3.025,-14.94,0,0,0,0,0,0,0,0,0,0,0,0,0,0,0,0,0,0,0,0,0,0,0
101,2017,219,2340,12.21,0,0,0,0,0,0,0,-3.215,-15.56,0,0,0,0,0,0,0,0,0,0,0,0,0,0,0,0,0,0,0,0,0,0,0
101,2017,219,2350,12.21,0,0,0,0,0,0,0,-1.827,-14.39,0,0,0,0,0,0,0,0,0,0,0,0,0,0,0,0,0,0,0,0,0,0,0
101,2017,219,2400,12.21,0,0,0,0,0,0,0,-2.15,-13.86,0,0,0,0,0,0,0,0,0,0,0,0,0,0,0,0,0,0,0,0,0,0,0
101,2017,220,10,12.21,0,0,0,0,0,0,0,-2.07,-14.48,0,0,0,0,0,0,0,0,0,0,0,0,0,0,0,0,0,0,0,0,0,0,0
101,2017,220,20,12.21,0,0,0,0,0,0,0,-2.563,-14.51,0,0,0,0,0,0,0,0,0,0,0,0,0,0,0,0,0,0,0,0,0,0,0
101,2017,220,30,12.21,0,0,0,0,0,0,0,-4.171,-15.53,0,0,0,0,0,0,0,0,0,0,0,0,0,0,0,0,0,0,0,0,0,0,0
101,2017,220,40,12.21,0,0,0,0,0,0,0,-4.658,-16.97,0,0,0,0,0,0,0,0,0,0,0,0,0,0,0,0,0,0,0,0,0,0,0
101,2017,220,50,12.21,0,0,0,0,0,0,0,-3.88,-17.54,0,0,0,0,0,0,0,0,0,0,0,0,0,0,0,0,0,0,0,0,0,0,0
101,2017,220,100,12.2,0,0,0,0,0,0,0,-3.345,-17.61,0,0,0,0,0,0,0,0,0,0,0,0,0,0,0,0,0,0,0,0,0,0,0
101,2017,220,110,12.2,0,0,0,0,0,0,0,-.429,-13.76,0,0,0,0,0,0,0,0,0,0,0,0,0,0,0,0,0,0,0,0,0,0,0
101,2017,220,120,12.2,0,0,0,0,0,0,0,-1.061,-13.42,0,0,0,0,0,0,0,0,0,0,0,0,0,0,0,0,0,0,0,0,0,0,0
101,2017,220,130,12.2,0,0,0,0,0,0,0,-2.028,-13.49,0,0,0,0,0,0,0,0,0,0,0,0,0,0,0,0,0,0,0,0,0,0,0
101,2017,220,140,12.2,0,0,0,0,0,0,0,-2.837,-14.27,0,0,0,0,0,0,0,0,0,0,0,0,0,0,0,0,0,0,0,0,0,0,0
101,2017,220,150,12.2,0,0,0,0,0,0,0,-3.017,-15.48,0,0,0,0,0,0,0,0,0,0,0,0,0,0,0,0,0,0,0,0,0,0,0
101,2017,220,200,12.2,0,0,0,0,0,0,0,-3.193,-15.73,0,0,0,0,0,0,0,0,0,0,0,0,0,0,0,0,0,0,0,0,0,0,0
101,2017,220,210,12.2,0,0,0,0,0,0,0,-2.65,-14.31,0,0,0,0,0,0,0,0,0,0,0,0,0,0,0,0,0,0,0,0,0,0,0
101,2017,220,220,12.21,0,0,0,0,0,0,0,-2.718,-14.46,0,0,0,0,0,0,0,0,0,0,0,0,0,0,0,0,0,0,0,0,0,0,0
101,2017,220,230,12.2,0,0,0,0,0,0,0,-2.527,-15.72,0,0,0,0,0,0,0,0,0,0,0,0,0,0,0,0,0,0,0,0,0,0,0
101,2017,220,240,12.21,0,0,0,0,0,0,0,-2.837,-13.64,0,0,0,0,0,0,0,0,0,0,0,0,0,0,0,0,0,0,0,0,0,0,0
101,2017,220,250,12.2,0,0,0,0,0,0,0,-4.741,-13.83,0,0,0,0,0,0,0,0,0,0,0,0,0,0,0,0,0,0,0,0,0,0,0
101,2017,220,300,12.2,0,0,0,0,0,0,0,-4.939,-13.16,0,0,0,0,0,0,0,0,0,0,0,0,0,0,0,0,0,0,0,0,0,0,0
101,2017,220,310,12.2,0,0,0,0,0,0,0,-5.065,-13.02,0,0,0,0,0,0,0,0,0,0,0,0,0,0,0,0,0,0,0,0,0,0,0
101,2017,220,320,12.2,0,0,0,0,0,0,0,-5.288,-12.36,0,0,0,0,0,0,0,0,0,0,0,0,0,0,0,0,0,0,0,0,0,0,0
101,2017,220,330,12.2,0,0,0,0,0,0,0,-5.62,-13.19,0,0,0,0,0,0,0,0,0,0,0,0,0,0,0,0,0,0,0,0,0,0,0
101,2017,220,340,12.2,0,0,0,0,0,0,0,-5.842,-13.57,0,0,0,0,0,0,0,0,0,0,0,0,0,0,0,0,0,0,0,0,0,0,0
101,2017,220,350,12.2,0,0,0,0,0,0,0,-6.411,-14.23,0,0,0,0,0,0,0,0,0,0,0,0,0,0,0,0,0,0,0,0,0,0,0
101,2017,220,400,12.2,0,0,0,0,0,0,0,-5.943,-14.38,0,0,0,0,0,0,0,0,0,0,0,0,0,0,0,0,0,0,0,0,0,0,0
101,2017,220,410,12.2,0,0,0,0,0,0,0,-3.463,-14.94,0,0,0,0,0,0,0,0,0,0,0,0,0,0,0,0,0,0,0,0,0,0,0
101,2017,220,420,12.2,0,0,0,0,0,0,0,-3.298,-15.54,0,0,0,0,0,0,0,0,0,0,0,0,0,0,0,0,0,0,0,0,0,0,0
101,2017,220,430,12.2,0,0,0,0,0,0,0,.441,-14.37,0,0,0,0,0,0,0,0,0,0,0,0,0,0,0,0,0,0,0,0,0,0,0
101,2017,220,440,12.2,0,0,0,0,0,0,0,-1.653,-13.45,0,0,0,0,0,0,0,0,0,0,0,0,0,0,0,0,0,0,0,0,0,0,0
101,2017,220,450,12.21,0,0,0,0,0,0,0,-7.03,-14.81,0,0,0,0,0,0,0,0,0,0,0,0,0,0,0,0,0,0,0,0,0,0,0
101,2017,220,500,12.2,0,0,0,0,0,0,0,-10.26,-13.27,0,0,0,0,0,0,0,0,0,0,0,0,0,0,0,0,0,0,0,0,0,0,0
101,2017,220,510,12.21,0,0,0,0,0,0,0,-13.56,-13.72,0,0,0,0,0,0,0,0,0,0,0,0,0,0,0,0,0,0,0,0,0,0,0
101,2017,220,520,12.21,0,0,0,0,0,0,0,-17.02,-13.82,0,0,0,0,0,0,0,0,0,0,0,0,0,0,0,0,0,0,0,0,0,0,0
101,2017,220,530,12.2,0,0,0,0,0,0,0,-20.16,-14.46,0,0,0,0,0,0,0,0,0,0,0,0,0,0,0,0,0,0,0,0,0,0,0
101,2017,220,540,12.2,0,0,0,0,0,0,0,-11.59,-12.05,0,0,0,0,0,0,0,0,0,0,0,0,0,0,0,0,0,0,0,0,0,0,0
101,2017,220,550,12.2,0,0,0,0,0,0,0,-7.25,-11.12,0,0,0,0,0,0,0,0,0,0,0,0,0,0,0,0,0,0,0,0,0,0,0
101,2017,220,600,12.2,0,0,0,0,0,0,0,-6.181,-11.21,0,0,0,0,0,0,0,0,0,0,0,0,0,0,0,0,0,0,0,0,0,0,0
101,2017,220,610,12.2,0,0,0,0,0,0,0,-7.58,-11.35,0,0,0,0,0,0,0,0,0,0,0,0,0,0,0,0,0,0,0,0,0,0,0
101,2017,220,620,12.21,0,0,0,0,0,0,0,-8.48,-12.09,0,0,0,0,0,0,0,0,0,0,0,0,0,0,0,0,0,0,0,0,0,0,0
101,2017,220,630,12.21,0,0,0,0,0,0,0,-7.85,-11.58,0,0,0,0,0,0,0,0,0,0,0,0,0,0,0,0,0,0,0,0,0,0,0
101,2017,220,640,12.21,.007,0,0,.015,.002,0,0,-8.25,-11.49,0,.049,0,.007,0,.042,.039,.012,.034,.008,0,.013,0,0,.028,0,0,.015,0,0,0,0,0
101,2017,220,650,12.21,.052,.022,.013,.097,.042,.027,.02,-9.45,-11.68,.022,.292,.02,.042,.028,.275,.283,.074,.255,.059,.015,.07,.022,.028,.238,.032,.027,.084,.002,.018,.04,.007,.008
101,2017,220,700,12.21,.149,.055,.039,.307,.127,.082,.049,-14.33,-13.56,.055,.923,.06,.116,.097,.878,.878,.216,.788,.193,.055,.215,.069,.089,.727,.091,.084,.282,.032,.039,.119,.034,.044
101,2017,220,710,12.21,.266,.102,.075,.518,.223,.142,.084,-19.23,-14.43,.112,1.753,.119,.206,.186,1.713,1.686,.382,1.503,.365,.112,.38,.119,.164,1.416,.164,.158,.491,.045,.077,.225,.044,.077
101,2017,220,720,12.21,.518,.209,.142,1.084,.394,.265,.149,-25.57,-14.02,.199,3.375,.218,.359,.312,3.08,3.03,.734,2.889,.697,.191,.667,.233,.293,2.474,.287,.285,.877,.077,.132,.362,.079,.136
101,2017,220,730,12.21,.741,.312,.228,1.664,.602,.412,.235,-27.46,-12.76,.323,5.157,.347,.52,.478,4.963,4.844,1.136,4.636,1.123,.327,1.006,.347,.446,3.898,.434,.427,1.488,.127,.211,.561,.116,.235
101,2017,220,740,12.21,.83,.347,.255,1.837,.66,.437,.265,-29.44,-11.91,.36,5.903,.417,.587,.546,5.769,5.573,1.272,5.306,1.341,.391,1.133,.389,.481,4.5,.483,.481,1.681,.142,.236,.637,.137,.258
101,2017,220,750,12.21,.746,.3,.228,1.56,.607,.404,.273,-30.4,-11.54,.357,5.361,.404,.561,.588,5.854,5.693,1.133,5.023,1.116,.404,1.041,.374,.456,4.721,.484,.473,1.788,.149,.24,.687,.147,.275
101,2017,220,800,12.2,1.081,.441,.325,2.462,.898,.582,.349,-30.84,-11.03,.447,8.2,.53,.811,.712,7.23,7.17,1.728,7.22,1.879,.464,1.575,.513,.628,5.442,.603,.627,2.09,.191,.313,.833,.164,.332
101,2017,220,810,12.2,1.994,.798,.572,4.473,1.57,1.049,.541,-31.79,-10.56,.784,14.44,.992,1.513,1.242,12.13,12.07,3.119,12.84,3.458,.815,2.79,.907,1.121,9.11,1.069,1.158,3.662,.323,.523,1.371,.272,.536
101,2017,220,820,12.21,1.456,.583,.426,3.209,1.337,.85,.511,-37.23,-11.83,.652,10.97,.776,1.386,1.141,10.7,10.95,2.477,9.89,2.44,.726,2.583,.768,.964,8.9,1.001,.935,2.995,.3,.436,1.327,.292,.471
101,2017,220,830,12.2,1.304,.489,.379,2.775,1.083,.659,.416,-43.51,-13.49,.53,9.18,.622,1.047,.92,8.76,8.8,1.973,8.29,1.988,.536,1.874,.6,.741,7.18,.766,.779,2.554,.231,.364,1.078,.22,.401
101,2017,220,840,12.2,1.594,.637,.531,3.722,1.394,.969,.53,-44.31,-13.16,.744,15.05,1.208,1.245,1.285,12.71,11.44,2.734,13.76,4.037,1.017,2.38,.885,1.131,9.16,1.076,1.109,4.146,.295,.488,1.381,.263,.597
101,2017,220,850,12.21,3.04,2.893,.944,7.4,2.802,1.964,.99,-47.25,-12.28,1.364,41.37,1.761,2.408,2.098,21.86,23.6,4.882,35.87,6.863,1.523,10.45,2.083,6.29,16.34,1.917,1.852,6.121,.498,.88,2.199,.447,.875
101,2017,220,900,12.21,3.362,1.611,1.294,14.03,3.997,14.06,1.832,-40.38,-11.85,1.629,74.5,2.013,3.025,2.63,28.14,36.22,5.913,64.98,7.51,1.629,22.9,3.121,3.491,19.62,5.98,2.294,7.44,.583,1.547,2.519,.548,1.076
101,2017,220,910,12.21,4.942,2.204,1.902,24.21,5.066,6.458,2.355,-43.95,-11.99,2.13,68.42,2.583,3.905,2.992,33.43,37.23,8.82,59.47,10.74,2.085,17.89,10.02,5.594,22.39,2.96,3.003,8.37,.696,1.235,3.104,.65,1.294
101,2017,220,920,12.21,5.092,2.167,1.696,17.36,4.523,2.945,1.301,-45.01,-12.01,1.929,50.67,2.273,3.796,2.559,29.55,30.67,8.35,43.09,10.31,1.887,11.79,9.15,3.22,20.79,2.806,2.777,7.04,.674,1.175,2.769,.61,1.054
101,2017,220,930,12.21,6.258,2.668,1.785,16.72,5.085,3.441,1.297,-44.96,-10.8,2.055,46.86,2.435,4.681,2.561,29.15,29.2,10.14,39.77,12.34,1.859,9.62,3.059,3.669,20.19,2.863,3.122,7.88,.647,1.205,2.382,.593,1.121
101,2017,220,940,12.21,6.027,2.809,2.221,18.64,5.866,3.922,1.289,-42.88,-9.59,2.167,49.66,2.323,4.443,2.588,29.54,29.7,9.83,41.7,11.89,1.81,9.73,3.032,4.899,19.84,2.968,3.116,7.37,.561,1.138,2.304,.6,1.135
101,2017,220,950,12.21,5.822,2.645,3.444,44.17,36.32,15.53,1.849,-29.36,-8.18,2.286,108.5,2.509,4.267,3.215,46.18,50.3,9.73,89.9,11.58,2.038,10.34,4.193,53.97,21.04,3.498,3.194,6.052,.645,1.163,2.643,.746,1.093
101,2017,220,1000,12.21,3.469,1.453,6.813,49.95,54.44,16.56,2.477,-14.11,-7.04,1.832,123.5,2.45,3.271,4.602,51.75,48.39,6.627,101,51.52,1.906,8.27,42.12,77,19.67,2.782,2.37,6.032,.652,1.012,2.635,.726,1.071
101,2017,220,1010,12.21,3.275,1.54,6.878,54.26,66.14,11.52,1.75,-12.62,-5.906,1.951,132.5,2.599,3.618,5.016,61.29,38.86,7.11,108.4,90.2,2.14,9.3,6.087,76.1,23,3.239,2.668,6.688,.813,1.205,3.164,.798,1.324
101,2017,220,1020,12.22,5.917,2.455,7.09,57.62,70.7,3.164,1.971,-20.25,-4.94,2.919,138.1,3.415,4.271,4.972,74.3,33.63,8.58,116.9,23.94,2.765,12.04,3.424,4.975,30.04,4.194,4.327,10.68,.955,1.594,4.147,1.024,1.858
101,2017,220,1030,12.22,8.19,1.816,2.126,52.54,68.25,4.35,5.603,-22.59,-3.954,5.375,128.7,3.356,3.785,4.398,72.5,29.29,7.75,109.4,12.56,2.905,12.19,3.303,3.929,29.33,3.768,36.17,9.93,.912,1.49,3.805,.945,4.806
101,2017,220,1040,12.22,4.978,2.359,2.012,39.06,44.78,3.963,2.515,-26.58,-6.412,2.367,98,3.014,3.329,3.674,55.33,25.43,9.22,82.6,39.6,2.388,9.66,3.177,3.875,23.26,3.713,10.75,7.34,.605,1.119,2.465,.717,1.84
101,2017,220,1050,12.22,4.951,1.86,1.769,47.88,62.83,8.35,6.576,-22.81,-4.157,2.478,114.1,2.726,3.606,3.731,68.12,26.13,8.11,95.9,76.5,2.176,8.82,3.028,3.073,29.89,3.5,20.09,15.98,1.365,1.238,2.959,.918,1.24
101,2017,220,1100,12.22,3.929,1.679,1.903,49.28,71,9.9,1.563,-21.46,-5.065,2.123,124.9,3.411,3.157,4.249,77.3,25.58,8.24,107.3,92.7,2.597,8.59,3.296,3.565,33.84,3.771,7.63,13.13,1.608,1.166,3.649,1.419,1.258
101,2017,220,1110,12.22,3.693,1.826,1.521,47.67,40.53,45.29,1.439,6.16,-6.194,1.937,138,3.884,3.443,15.34,88.4,22.81,7.64,118.7,108.5,4.029,8.43,5.063,3.083,37.21,3.47,2.815,49.87,.844,1.233,3.061,1.022,1.325
101,2017,220,1120,12.22,5.226,2.364,2.387,35.05,5.393,8.91,1.766,-25.14,-6.847,2.285,123.7,9.83,3.542,4.577,86.7,29.37,9.6,108.4,91.1,3.76,8.68,3.049,3.746,40.46,4.018,4.488,44.53,.913,1.498,3.838,1.34,1.677
101,2017,220,1130,12.22,5.993,2.771,2.195,25.22,5.49,4.545,2.635,-32.43,-6.611,2.756,98.2,6.996,4.137,4.366,74.7,35.04,9.82,87.8,60.54,3.865,8.91,3.106,3.835,39.67,4.279,36.15,44.22,1,1.726,4.24,1.019,2.031
101,2017,220,1140,12.22,5.924,3.061,2.206,13.67,4.87,3.667,1.866,-36.18,-6.554,2.553,50.5,4.166,3.671,5.15,45.59,38.86,8.61,46.63,15.55,3.19,7.95,2.572,4.099,31.77,4.203,4.786,20.14,.896,1.717,4.545,.995,2.087
101,2017,220,1150,12.22,6.295,3.942,4.52,16.14,5.428,5.052,1.958,-31.55,-5.778,3.307,69.88,10.9,4.061,6.419,60.46,40.08,11.06,64.56,32.07,4.411,8.94,2.741,4.717,36.75,4.88,5.669,32.15,1.04,1.96,4.732,1.127,2.282
101,2017,220,1200,12.22,6.9,3.342,2.402,14.96,4.972,3.652,1.813,-31.04,-5.93,2.871,50.82,4.349,4.474,4.699,44.28,40.09,9.74,45.54,13.55,3.335,8.66,2.943,4.183,31.09,3.876,4.603,17.25,1.02,1.869,4.506,.873,2.154
101,2017,220,1210,12.22,8.03,4.88,19.69,18.98,5.26,4.828,2.255,-29.05,-4.975,3.625,83.9,5.536,4.826,11.31,78.2,49.1,10.88,80.4,41.08,6.057,12.95,3.126,5.399,46.21,5.17,6.248,45.48,1.672,2.456,5.491,1.193,3.022
101,2017,220,1220,12.22,3.989,1.643,1.26,8.04,3.349,2.305,1.452,-32.08,-5.999,2.037,30.48,2.973,3.151,3.55,33.22,28.99,5.784,27.55,7.08,2.858,5.866,1.95,2.784,24.6,3.069,2.751,11.4,.806,1.384,3.674,.687,1.694
101,2017,220,1230,12.22,3.042,1.152,1.027,5.96,2.679,1.722,1.312,-32.64,-6.148,1.7,23.25,2.169,2.684,3.161,27.64,25.02,4.523,21.87,4.917,2.308,4.762,1.536,2.337,21.88,2.412,2.225,9.48,.68,1.169,3.464,.603,1.457
101,2017,220,1240,12.22,3.235,1.349,1.117,6.982,3.077,2.057,1.32,-31.85,-5.751,1.779,27.19,2.504,2.625,3.131,30.18,27.36,4.903,25.74,7.28,2.441,5.119,1.722,2.357,23.24,2.617,2.645,11.02,.72,1.225,3.736,.605,1.429
101,2017,220,1250,12.22,4.677,1.762,1.591,9.62,4.004,2.593,1.833,-31.59,-5.598,2.401,30.95,2.602,3.469,4.329,37.27,35.83,6.178,31.66,7.45,2.484,6.277,2.146,3.133,30.47,3.367,3.396,13.74,.921,1.493,5.277,.96,2.052
101,2017,220,1300,12.22,3.627,1.24,1.233,7.22,3.339,2.094,1.643,-30.69,-5.79,1.978,24.97,2.32,3.054,3.814,31.66,30.14,5.076,25.5,4.918,2.149,5.116,1.821,2.736,26.42,2.664,2.764,11.56,.789,1.315,4.726,.819,1.786
101,2017,220,1310,12.22,3.202,1.26,1.29,6.731,2.91,2.092,1.436,-30.5,-6.023,1.98,27.11,2.719,2.672,3.942,32.59,29.3,4.763,27.85,7.12,2.724,4.419,1.714,2.845,25.14,2.779,2.706,13.29,.739,1.349,4.275,.744,1.99
101,2017,220,1320,12.22,2.402,.957,.962,5.088,2.282,1.7,1.181,-30.02,-6.422,1.662,24.24,2.441,2.151,3.19,28.43,23.76,4.158,23.25,6.328,2.763,3.547,1.386,2.302,20.31,2.366,2.108,10.69,.583,1.024,3.381,.566,1.64
101,2017,220,1330,12.22,2.528,.958,.89,5.396,2.161,1.578,.988,-29.97,-6.909,1.474,22.95,2.104,1.975,2.513,24.99,20.73,4.168,20.85,5.857,2.491,3.636,1.342,1.954,17.26,2.134,1.883,8.12,.504,.901,2.686,.472,1.225
101,2017,220,1340,12.22,3.351,1.211,1.136,6.995,2.644,1.871,1.143,-30.17,-7.04,1.679,25.87,2.32,2.426,2.935,27.39,24.17,5.056,24.55,6.444,2.357,4.373,1.587,2.304,19.97,2.289,2.299,9.66,.6,1.072,3.203,.545,1.431
101,2017,220,1350,12.22,3.788,1.652,1.399,7.77,2.982,2.217,1.377,-30.94,-7.08,2.01,30.25,2.808,2.828,3.627,32.88,28.87,5.492,29.98,7.88,2.773,4.834,1.729,2.841,23.99,2.9,3.151,14,.712,1.404,3.872,.684,1.813
101,2017,220,1400,12.22,3.044,1.159,1.064,6.266,2.588,1.887,1.226,-31.9,-7.01,1.736,25.52,2.431,2.558,3.167,28.09,24.03,4.698,24.33,5.678,2.433,4.475,1.556,2.503,20.57,2.267,2.421,10.97,.637,1.168,3.332,.57,1.577
101,2017,220,1410,12.22,3.845,1.379,1.138,7.85,2.801,1.945,1.153,-30.55,-6.956,1.721,27.09,2.059,2.734,2.867,26.85,25.05,5.613,24.64,6.104,2,5.175,1.761,2.185,20.44,2.235,2.446,8.92,.648,1.141,3.146,.556,1.324
101,2017,220,1420,12.22,4.111,1.503,1.335,8.38,3.575,2.403,1.543,-28.77,-6.764,2.009,31.13,2.56,3.716,3.771,32.29,30.71,5.986,28.86,6.301,2.17,6.102,2.057,2.914,25.53,2.567,3.006,11.94,.898,1.446,4.371,.707,1.819
101,2017,220,1430,12.22,5.267,1.835,1.488,10.86,4.172,2.645,1.711,-28.67,-6.789,2.257,33.38,2.392,3.922,3.686,34.47,33.77,7.31,30.47,6.772,2.19,6.936,2.336,2.925,28.02,2.979,3.183,10.84,.935,1.531,4.743,.824,1.65
101,2017,220,1440,12.22,4.597,1.67,1.441,9.15,3.604,2.414,1.585,-30.86,-6.834,2.124,30.9,2.508,3.639,3.796,33.73,32.09,6.333,29.53,6.442,2.274,5.988,2.118,2.893,26.87,2.706,3.203,12.45,.896,1.51,4.349,.777,1.731
101,2017,220,1450,12.22,4.286,1.645,1.317,8.8,3.46,2.332,1.449,-31.34,-7.07,1.927,29.19,2.362,3.195,3.383,30.54,28.84,6.062,27.68,6.408,2.096,5.584,1.915,2.85,24.08,2.64,2.9,11.34,.747,1.312,3.964,.709,1.587
101,2017,220,1500,12.22,3.984,1.627,1.345,8.37,3.554,2.756,1.888,-31.57,-6.879,4.41,36.74,3.208,3.274,6.32,43.83,31.6,6.107,36.77,7.74,6.005,5.825,2.098,3.314,30.33,4.204,3.24,20.51,1.714,1.94,4.105,.824,2.778
101,2017,220,1510,12.22,2.88,1.126,.93,5.79,2.27,1.751,.978,-33.11,-8.47,1.662,24.53,2.404,2.29,2.785,26.07,21.36,4.601,22.72,5.975,2.84,3.897,1.404,2.113,17.94,2.374,2.228,9.7,.595,1.074,2.597,.488,1.349
101,2017,220,1520,12.22,1.868,.772,1.022,4.065,2.91,2.116,1.737,-32.03,-7.36,7.52,26.95,2.719,2.681,7.74,41.87,32.34,3.619,29.41,4.899,10.41,4.274,1.538,3.007,29.24,5.244,2.347,14.05,.943,2.24,4.7,.744,2.178
101,2017,220,1530,12.22,1.662,.786,.916,3.711,2.329,11,1.505,-22.46,-5.934,42.18,38.9,2.977,2.014,30.73,85.1,64.7,3.657,52.39,5.626,53.71,4.132,1.521,3.724,50.64,17.39,2.339,10.73,.851,1.538,3.765,.811,2.016
101,2017,220,1540,12.22,3.213,1.344,1.193,6.593,3.557,4.681,1.68,-26.53,-5.371,8.05,40.46,3.111,2.778,15.11,84.1,68.41,5.298,52.49,7.2,47.08,5.792,1.96,2.971,51.16,12.24,2.885,11.58,.89,1.55,3.75,.806,2.086
101,2017,220,1550,12.22,3.52,1.384,1.501,7.2,3.704,2.882,1.982,-29.64,-6.435,3.664,36.21,3.344,3.971,6.367,69.42,57.42,5.515,44.77,7.63,19.55,5.755,2.083,3.443,43.38,4.45,3.234,15.68,1.052,1.679,5.621,.958,2.835
101,2017,220,1600,12.22,3.718,1.55,1.453,7.48,4.296,2.664,2.012,-30.84,-6.98,2.964,37.95,3.538,3.781,5.954,83,68.09,5.777,49.58,7.63,6.832,5.886,2.084,3.542,43.59,4.1,3.172,14.52,1.007,1.634,5.242,.978,2.532
101,2017,220,1610,12.22,2.568,1.114,1.074,5.469,2.826,2.056,1.525,-33.79,-8.14,2.181,28.32,2.733,2.572,4.085,58.99,48.04,4.457,28.64,6.02,4.363,4.684,1.603,2.84,27.72,3.225,2.357,11.47,.751,1.243,3.996,.747,1.885
101,2017,220,1620,12.22,2.89,1.208,1.116,6.023,3.014,2.088,1.873,-33.91,-7.59,2.222,28.4,2.634,2.771,4.194,77.2,62.73,4.703,25.34,5.849,3.957,5.159,1.801,3.656,27.42,3.54,2.384,11.06,.829,1.273,4.478,.826,1.838
101,2017,220,1630,12.22,2.151,.813,.734,4.431,2.016,1.369,1.66,-34.72,-7.66,1.243,16.92,1.526,1.818,2.454,24.54,22.13,3.198,16.51,3.753,1.608,3.411,1.171,1.799,17.29,2.067,1.662,7.24,.483,.782,2.652,.508,1.074
101,2017,220,1640,12.22,1.312,.509,.469,2.771,1.297,.821,.58,-34.65,-7.95,.751,10.76,.93,1.235,1.508,12.85,12.17,1.95,10.07,2.329,.91,2.349,.734,1.047,10.64,1.116,1.012,4.301,.345,.506,1.63,.318,.679
101,2017,220,1650,12.22,1.432,.451,.417,2.753,1.247,.684,.545,-32.58,-7.58,.637,8.62,.543,1.191,1.178,10.59,11.02,1.865,8.19,1.508,.55,2.191,.697,.829,9.72,.898,.878,3.332,.335,.462,1.655,.317,.459
101,2017,220,1700,12.22,1.126,.404,.345,2.258,.958,.563,.442,-31.23,-7.38,.513,6.965,.498,.932,1.024,8.66,9,1.484,6.817,1.332,.494,1.655,.541,.751,7.87,.772,.715,3.011,.241,.367,1.243,.273,.447
101,2017,220,1710,12.22,.747,.318,.258,1.498,.603,.412,.318,-30.93,-8.08,.389,5.435,.439,.605,.752,6.284,6.313,1.024,5.19,1.112,.434,1.221,.404,.536,5.413,.541,.518,2.299,.179,.275,.761,.159,.352
101,2017,220,1720,12.22,.808,.317,.261,1.622,.645,.436,.297,-31.2,-8.6,.414,5.591,.432,.618,.709,6.405,6.088,1.133,5.346,1.114,.444,1.148,.399,.494,5.169,.511,.541,2.126,.173,.276,.727,.134,.338
101,2017,220,1730,12.22,.404,.184,.144,.849,.449,.266,.189,-31.19,-8.97,.23,3.584,.298,.385,.387,3.832,3.53,.598,2.979,.818,.29,.841,.251,.312,3.126,.384,.312,1.076,.109,.157,.419,.087,.169
101,2017,220,1740,12.22,.466,.174,.129,.918,.404,.253,.159,-30.91,-9.22,.204,3.048,.228,.38,.343,3.18,3.059,.668,2.594,.588,.214,.687,.223,.271,2.676,.308,.286,.838,.094,.146,.4,.085,.134
101,2017,220,1750,12.22,.328,.117,.09,.605,.245,.154,.101,-30.9,-9.66,.132,2.032,.136,.243,.208,2.019,1.937,.461,1.751,.385,.132,.436,.147,.169,1.615,.183,.193,.55,.067,.101,.24,.037,.085
101,2017,220,1800,12.22,.211,.08,.057,.412,.179,.112,.079,-30.12,-9.58,.087,1.339,.089,.181,.159,1.365,1.327,.3,1.225,.275,.085,.302,.097,.131,1.118,.122,.129,.454,.042,.067,.198,.034,.079
101,2017,220,1810,12.22,.074,.028,.028,.157,.067,.045,.032,-32.76,-9.61,.037,.499,.045,.06,.06,.538,.518,.109,.472,.117,.037,.111,.039,.052,.442,.052,.047,.196,.012,.034,.079,.02,.032
101,2017,220,1820,12.22,.012,0,0,.03,.015,.005,0,-30.57,-9.62,.005,.109,.005,.015,.015,.139,.129,.022,.107,.027,.012,.022,.002,.013,.116,.013,.007,.05,0,0,.017,0,0
101,2017,220,1830,12.22,0,0,0,0,0,0,0,-29.06,-10.08,0,.007,0,0,0,.008,.008,0,.005,0,0,0,0,0,.005,0,0,0,0,0,0,0,0
101,2017,220,1840,12.22,0,0,0,0,0,0,0,-28.39,-9.81,0,0,0,0,0,0,0,0,0,0,0,0,0,0,0,0,0,0,0,0,0,0,0
101,2017,220,1850,12.22,0,0,0,0,0,0,0,-28.05,-10.16,0,0,0,0,0,0,0,0,0,0,0,0,0,0,0,0,0,0,0,0,0,0,0
101,2017,220,1900,12.22,0,0,0,0,0,0,0,-29.14,-10.44,0,0,0,0,0,0,0,0,0,0,0,0,0,0,0,0,0,0,0,0,0,0,0
101,2017,220,1910,12.22,0,0,0,0,0,0,0,-28.95,-10.79,0,0,0,0,0,0,0,0,0,0,0,0,0,0,0,0,0,0,0,0,0,0,0
101,2017,220,1920,12.22,0,0,0,0,0,0,0,-28.84,-10.34,0,0,0,0,0,0,0,0,0,0,0,0,0,0,0,0,0,0,0,0,0,0,0
101,2017,220,1930,12.22,0,0,0,0,0,0,0,-29.81,-10.24,0,0,0,0,0,0,0,0,0,0,0,0,0,0,0,0,0,0,0,0,0,0,0
101,2017,220,1940,12.21,0,0,0,0,0,0,0,-29.76,-10.34,0,0,0,0,0,0,0,0,0,0,0,0,0,0,0,0,0,0,0,0,0,0,0
101,2017,220,1950,12.21,0,0,0,0,0,0,0,-29.45,-10.11,0,0,0,0,0,0,0,0,0,0,0,0,0,0,0,0,0,0,0,0,0,0,0
101,2017,220,2000,12.21,0,0,0,0,0,0,0,-26.58,-9.53,0,0,0,0,0,0,0,0,0,0,0,0,0,0,0,0,0,0,0,0,0,0,0
101,2017,220,2010,12.21,0,0,0,0,0,0,0,-25.7,-9.73,0,0,0,0,0,0,0,0,0,0,0,0,0,0,0,0,0,0,0,0,0,0,0
101,2017,220,2020,12.21,0,0,0,0,0,0,0,-27.2,-10.4,0,0,0,0,0,0,0,0,0,0,0,0,0,0,0,0,0,0,0,0,0,0,0
101,2017,220,2030,12.21,0,0,0,0,0,0,0,-28.69,-10.44,0,0,0,0,0,0,0,0,0,0,0,0,0,0,0,0,0,0,0,0,0,0,0
101,2017,220,2040,12.21,0,0,0,0,0,0,0,-28.99,-10.45,0,0,0,0,0,0,0,0,0,0,0,0,0,0,0,0,0,0,0,0,0,0,0
101,2017,220,2050,12.21,0,0,0,0,0,0,0,-29.09,-10.5,0,0,0,0,0,0,0,0,0,0,0,0,0,0,0,0,0,0,0,0,0,0,0
101,2017,220,2100,12.21,0,0,0,0,0,0,0,-30.15,-10.85,0,0,0,0,0,0,0,0,0,0,0,0,0,0,0,0,0,0,0,0,0,0,0
101,2017,220,2110,12.21,0,0,0,0,0,0,0,-30.96,-10.56,0,0,0,0,0,0,0,0,0,0,0,0,0,0,0,0,0,0,0,0,0,0,0
101,2017,220,2120,12.21,0,0,0,0,0,0,0,-29.25,-10.68,0,0,0,0,0,0,0,0,0,0,0,0,0,0,0,0,0,0,0,0,0,0,0
101,2017,220,2130,12.21,0,0,0,0,0,0,0,-29.43,-10.95,0,0,0,0,0,0,0,0,0,0,0,0,0,0,0,0,0,0,0,0,0,0,0
101,2017,220,2140,12.21,0,0,0,0,0,0,0,-30.28,-10.97,0,0,0,0,0,0,0,0,0,0,0,0,0,0,0,0,0,0,0,0,0,0,0
101,2017,220,2150,12.21,0,0,0,0,0,0,0,-32.12,-10.86,0,0,0,0,0,0,0,0,0,0,0,0,0,0,0,0,0,0,0,0,0,0,0
101,2017,220,2200,12.21,0,0,0,0,0,0,0,-32.72,-10.8,0,0,0,0,0,0,0,0,0,0,0,0,0,0,0,0,0,0,0,0,0,0,0
101,2017,220,2210,12.21,0,0,0,0,0,0,0,-32.32,-10.37,0,0,0,0,0,0,0,0,0,0,0,0,0,0,0,0,0,0,0,0,0,0,0
101,2017,220,2220,12.21,0,0,0,0,0,0,0,-30.53,-9.09,0,0,0,0,0,0,0,0,0,0,0,0,0,0,0,0,0,0,0,0,0,0,0
101,2017,220,2230,12.21,0,0,0,0,0,0,0,-31.67,-9.13,0,0,0,0,0,0,0,0,0,0,0,0,0,0,0,0,0,0,0,0,0,0,0
101,2017,220,2240,12.21,0,0,0,0,0,0,0,-31.76,-9.37,0,0,0,0,0,0,0,0,0,0,0,0,0,0,0,0,0,0,0,0,0,0,0
101,2017,220,2250,12.21,0,0,0,0,0,0,0,-31.33,-9.49,0,0,0,0,0,0,0,0,0,0,0,0,0,0,0,0,0,0,0,0,0,0,0
101,2017,220,2300,12.21,0,0,0,0,0,0,0,-29.71,-9.53,0,0,0,0,0,0,0,0,0,0,0,0,0,0,0,0,0,0,0,0,0,0,0
101,2017,220,2310,12.21,0,0,0,0,0,0,0,-30.7,-9.74,0,0,0,0,0,0,0,0,0,0,0,0,0,0,0,0,0,0,0,0,0,0,0
101,2017,220,2320,12.21,0,0,0,0,0,0,0,-28.71,-9.74,0,0,0,0,0,0,0,0,0,0,0,0,0,0,0,0,0,0,0,0,0,0,0
101,2017,220,2330,12.21,0,0,0,0,0,0,0,-24.95,-9.28,0,0,0,0,0,0,0,0,0,0,0,0,0,0,0,0,0,0,0,0,0,0,0
101,2017,220,2340,12.21,0,0,0,0,0,0,0,-23.1,-8.41,0,0,0,0,0,0,0,0,0,0,0,0,0,0,0,0,0,0,0,0,0,0,0
101,2017,220,2350,12.21,0,0,0,0,0,0,0,-26.03,-8.96,0,0,0,0,0,0,0,0,0,0,0,0,0,0,0,0,0,0,0,0,0,0,0
101,2017,220,2400,12.21,0,0,0,0,0,0,0,-31.07,-9.63,0,0,0,0,0,0,0,0,0,0,0,0,0,0,0,0,0,0,0,0,0,0,0
101,2017,221,10,12.21,0,0,0,0,0,0,0,-31.16,-9.33,0,0,0,0,0,0,0,0,0,0,0,0,0,0,0,0,0,0,0,0,0,0,0
101,2017,221,20,12.21,0,0,0,0,0,0,0,-31.24,-9.6,0,0,0,0,0,0,0,0,0,0,0,0,0,0,0,0,0,0,0,0,0,0,0
101,2017,221,30,12.21,0,0,0,0,0,0,0,-30.01,-9.12,0,0,0,0,0,0,0,0,0,0,0,0,0,0,0,0,0,0,0,0,0,0,0
101,2017,221,40,12.21,0,0,0,0,0,0,0,-30.3,-9.08,0,0,0,0,0,0,0,0,0,0,0,0,0,0,0,0,0,0,0,0,0,0,0
101,2017,221,50,12.21,0,0,0,0,0,0,0,-30.05,-9.36,0,0,0,0,0,0,0,0,0,0,0,0,0,0,0,0,0,0,0,0,0,0,0
101,2017,221,100,12.21,0,0,0,0,0,0,0,-29.21,-9.38,0,0,0,0,0,0,0,0,0,0,0,0,0,0,0,0,0,0,0,0,0,0,0
101,2017,221,110,12.21,0,0,0,0,0,0,0,-28.97,-9.54,0,0,0,0,0,0,0,0,0,0,0,0,0,0,0,0,0,0,0,0,0,0,0
101,2017,221,120,12.21,0,0,0,0,0,0,0,-25.36,-9.18,0,0,0,0,0,0,0,0,0,0,0,0,0,0,0,0,0,0,0,0,0,0,0
101,2017,221,130,12.21,0,0,0,0,0,0,0,-27.6,-9.1,0,0,0,0,0,0,0,0,0,0,0,0,0,0,0,0,0,0,0,0,0,0,0
101,2017,221,140,12.21,0,0,0,0,0,0,0,-27.86,-9.06,0,0,0,0,0,0,0,0,0,0,0,0,0,0,0,0,0,0,0,0,0,0,0
101,2017,221,150,12.21,0,0,0,0,0,0,0,-29.24,-9.23,0,0,0,0,0,0,0,0,0,0,0,0,0,0,0,0,0,0,0,0,0,0,0
101,2017,221,200,12.21,0,0,0,0,0,0,0,-29.73,-9.67,0,0,0,0,0,0,0,0,0,0,0,0,0,0,0,0,0,0,0,0,0,0,0
101,2017,221,210,12.21,0,0,0,0,0,0,0,-30.3,-9.6,0,0,0,0,0,0,0,0,0,0,0,0,0,0,0,0,0,0,0,0,0,0,0
101,2017,221,220,12.21,0,0,0,0,0,0,0,-30.09,-9.24,0,0,0,0,0,0,0,0,0,0,0,0,0,0,0,0,0,0,0,0,0,0,0
101,2017,221,230,12.21,0,0,0,0,0,0,0,-28.85,-9.24,0,0,0,0,0,0,0,0,0,0,0,0,0,0,0,0,0,0,0,0,0,0,0
101,2017,221,240,12.21,0,0,0,0,0,0,0,-28.36,-9.01,0,0,0,0,0,0,0,0,0,0,0,0,0,0,0,0,0,0,0,0,0,0,0
101,2017,221,250,12.21,0,0,0,0,0,0,0,-27.69,-8.74,0,0,0,0,0,0,0,0,0,0,0,0,0,0,0,0,0,0,0,0,0,0,0
101,2017,221,300,12.21,0,0,0,0,0,0,0,-28.11,-8.68,0,0,0,0,0,0,0,0,0,0,0,0,0,0,0,0,0,0,0,0,0,0,0
101,2017,221,310,12.21,0,0,0,0,0,0,0,-29.34,-8.8,0,0,0,0,0,0,0,0,0,0,0,0,0,0,0,0,0,0,0,0,0,0,0
101,2017,221,320,12.21,0,0,0,0,0,0,0,-29.76,-9.03,0,0,0,0,0,0,0,0,0,0,0,0,0,0,0,0,0,0,0,0,0,0,0
101,2017,221,330,12.21,0,0,0,0,0,0,0,-28.66,-9.24,0,0,0,0,0,0,0,0,0,0,0,0,0,0,0,0,0,0,0,0,0,0,0
101,2017,221,340,12.21,0,0,0,0,0,0,0,-27.66,-9.42,0,0,0,0,0,0,0,0,0,0,0,0,0,0,0,0,0,0,0,0,0,0,0
101,2017,221,350,12.21,0,0,0,0,0,0,0,-27.1,-9.44,0,0,0,0,0,0,0,0,0,0,0,0,0,0,0,0,0,0,0,0,0,0,0
101,2017,221,400,12.21,0,0,0,0,0,0,0,-26.63,-9.58,0,0,0,0,0,0,0,0,0,0,0,0,0,0,0,0,0,0,0,0,0,0,0
101,2017,221,410,12.21,0,0,0,0,0,0,0,-25.86,-9.73,0,0,0,0,0,0,0,0,0,0,0,0,0,0,0,0,0,0,0,0,0,0,0
101,2017,221,420,12.21,0,0,0,0,0,0,0,-24.61,-10.06,0,0,0,0,0,0,0,0,0,0,0,0,0,0,0,0,0,0,0,0,0,0,0
101,2017,221,430,12.21,0,0,0,0,0,0,0,-23.74,-10.01,0,0,0,0,0,0,0,0,0,0,0,0,0,0,0,0,0,0,0,0,0,0,0
101,2017,221,440,12.21,0,0,0,0,0,0,0,-23.1,-9.93,0,0,0,0,0,0,0,0,0,0,0,0,0,0,0,0,0,0,0,0,0,0,0
101,2017,221,450,12.21,0,0,0,0,0,0,0,-20.69,-10.05,0,0,0,0,0,0,0,0,0,0,0,0,0,0,0,0,0,0,0,0,0,0,0
101,2017,221,500,12.2,0,0,0,0,0,0,0,-18.87,-9.59,0,0,0,0,0,0,0,0,0,0,0,0,0,0,0,0,0,0,0,0,0,0,0
101,2017,221,510,12.2,0,0,0,0,0,0,0,-21.89,-10.04,0,0,0,0,0,0,0,0,0,0,0,0,0,0,0,0,0,0,0,0,0,0,0
101,2017,221,520,12.2,0,0,0,0,0,0,0,-24.08,-10.85,0,0,0,0,0,0,0,0,0,0,0,0,0,0,0,0,0,0,0,0,0,0,0
101,2017,221,530,12.2,0,0,0,0,0,0,0,-28.76,-10.78,0,0,0,0,0,0,0,0,0,0,0,0,0,0,0,0,0,0,0,0,0,0,0
101,2017,221,540,12.2,0,0,0,0,0,0,0,-29.16,-10.95,0,0,0,0,0,0,0,0,0,0,0,0,0,0,0,0,0,0,0,0,0,0,0
101,2017,221,550,12.21,0,0,0,0,0,0,0,-31.07,-10.94,0,0,0,0,0,0,0,0,0,0,0,0,0,0,0,0,0,0,0,0,0,0,0
101,2017,221,600,12.21,0,0,0,0,0,0,0,-30.96,-10.48,0,0,0,0,0,0,0,0,0,0,0,0,0,0,0,0,0,0,0,0,0,0,0
101,2017,221,610,12.21,0,0,0,0,0,0,0,-28.48,-10.03,0,0,0,0,0,0,0,0,0,0,0,0,0,0,0,0,0,0,0,0,0,0,0
101,2017,221,620,12.21,0,0,0,0,0,0,0,-30.3,-10.14,0,0,0,0,0,0,0,0,0,0,0,0,0,0,0,0,0,0,0,0,0,0,0
101,2017,221,630,12.21,0,0,0,0,0,0,0,-31.11,-9.92,0,.007,0,0,0,0,0,0,0,0,0,0,0,0,0,0,0,0,0,0,0,0,0
101,2017,221,640,12.21,.01,0,0,.018,.007,0,0,-31.3,-10.04,0,.07,0,.003,0,.055,.054,.015,.055,.015,0,.017,0,.002,.045,.002,0,.017,0,0,0,0,0
101,2017,221,650,12.21,.057,.022,.018,.114,.047,.03,.02,-32.07,-10.07,.025,.394,.025,.047,.039,.344,.344,.082,.317,.084,.023,.096,.03,.039,.295,.042,.034,.106,.007,.022,.047,.012,.018
101,2017,221,700,12.21,.178,.067,.047,.357,.154,.101,.055,-33.09,-9.94,.07,1.245,.079,.142,.124,1.088,1.118,.275,1.002,.261,.075,.32,.094,.114,.947,.112,.104,.323,.034,.047,.141,.034,.05
101,2017,221,710,12.21,.379,.161,.109,.836,.349,.243,.127,-32.76,-9.9,.161,3.176,.186,.318,.258,2.377,2.437,.618,2.45,.597,.164,.729,.225,.272,2.02,.246,.231,.628,.062,.107,.287,.065,.104
101,2017,221,720,12.21,.53,.253,.171,1.341,.518,.402,.193,-32.47,-9.69,.253,5.926,.312,.476,.397,3.803,3.855,1.069,4.265,1.111,.272,1.267,.397,.444,3.179,.384,.367,.96,.104,.166,.421,.107,.168
101,2017,221,730,12.21,.719,.322,.228,1.823,.682,.506,.25,-32.47,-9.8,.337,8.91,.414,.617,.491,5.45,5.083,1.456,6.104,1.612,.387,1.731,.546,.582,4.225,.508,.441,1.244,.134,.208,.531,.144,.221
101,2017,221,740,12.21,.727,.342,.245,1.916,.778,.551,.278,-31.17,-9.95,.372,17.04,.499,.652,.588,7.43,5.65,1.659,7.05,1.889,.422,1.971,.597,.667,4.715,.572,.494,1.331,.134,.233,.58,.168,.236
101,2017,221,750,12.21,.882,.394,.297,2.162,.87,.66,.342,-31.79,-9.86,.439,49.07,.895,.853,.799,9.27,6.657,1.989,7.83,1.934,.464,2.625,.897,.858,5.556,.672,.741,1.564,.184,.275,.709,.196,.297
101,2017,221,800,12.21,1.155,.486,.38,2.878,1.103,.868,.399,-30.51,-10,.538,62.53,1.215,1.125,.947,10.36,7.57,2.375,14.62,2.189,.508,8.1,1.651,3.523,6.106,.749,.737,1.773,.223,.318,.783,.218,.342
101,2017,221,810,12.21,.985,1.103,.39,2.448,1.086,.816,.407,-28.92,-9.91,.54,72.1,1.389,1.135,1.047,10.07,7.4,2.127,27.91,2.338,.536,20.19,4.691,1.8,6.176,.902,.679,1.842,.228,.335,.781,.235,.355
101,2017,221,820,12.21,.987,3.057,.409,2.365,1.143,.866,.454,-28.38,-9.78,.573,77.5,1.374,1.265,1.068,9.63,7.66,2.093,51.19,2.341,.541,24.12,2.21,12.66,6.551,.813,1.106,1.874,.241,.531,.814,.24,.387
101,2017,221,830,12.21,1.181,1.367,.437,2.517,1.336,1.019,.503,-28.74,-10.31,.622,83,1.339,3.425,1.133,9.9,7.93,2.215,56.65,3.39,.578,26.16,1.766,1.426,9.65,.871,.762,1.976,.273,.377,.87,.268,.419
101,2017,221,840,12.21,1.387,.501,.486,2.785,1.58,1.367,.615,-29.93,-10.39,.677,88.7,1.287,1.433,1.206,10.28,14.02,2.416,62.13,7.39,.615,30.29,1.825,9.3,10.97,.925,.814,2.058,.3,.402,.893,.29,.436
101,2017,221,850,12.21,1.121,5.913,.528,3.036,2.257,1.892,1.897,-31.11,-9.23,.727,93.6,1.277,1.454,1.294,11.4,19.58,2.547,67.21,3.329,.655,32.65,1.887,40.15,10.22,1.007,.871,2.12,.318,1.419,.937,.313,.436
101,2017,221,900,12.21,1.186,1.644,.598,12.75,2.788,15.6,.88,-22.7,-9.23,.767,97.7,1.332,1.521,1.394,14.32,25.27,2.733,71.9,3.309,.692,34.27,2.026,2.513,9.48,7.73,.977,2.186,.338,1.634,.973,.338,.444
101,2017,221,910,12.21,1.22,.591,.674,36.77,3.029,10.35,3.145,-27.77,-8.53,.814,101.4,1.391,1.6,1.463,18.77,29.99,2.91,76,3.5,.756,34.7,19.19,3.843,9.07,1.196,1.027,2.262,.352,.437,1.015,.359,.464
101,2017,221,920,12.21,1.298,.635,.764,39.68,3.103,2.034,.607,-37.88,-9.15,.853,104.7,1.344,1.625,1.531,23.67,34.4,3.026,80.1,3.724,.818,34.9,44.52,1.692,9.24,1.253,1.076,2.337,.372,.476,1.067,.377,.471
101,2017,221,930,12.21,1.362,.663,.898,42.06,3.14,1.92,.635,-38.87,-9.52,.891,107.6,1.307,14.16,1.811,28.26,38.51,3.096,83.7,34.58,.982,30.01,4.373,2.009,9.48,1.35,1.128,2.416,.374,.472,1.139,.402,.503
101,2017,221,940,12.21,1.402,1.201,1.092,44.51,10.75,2.8,.67,-37.12,-9.44,.935,110.1,1.349,3.684,1.932,32.93,42.59,3.19,87,12.39,1.089,18.53,2.81,8.95,9.7,1.446,1.208,2.506,.39,.499,1.164,.431,.533
101,2017,221,950,12.22,1.416,.715,1.52,46.71,45.64,14.49,.851,-27.81,-7.61,.977,112.3,1.386,1.682,2.624,37.59,46.36,3.143,90.1,4.318,1.101,6.707,5.743,77.6,9.98,1.479,1.241,2.577,.402,.513,1.253,.436,.57
101,2017,221,1000,12.22,1.454,.829,6.115,48.54,56.28,18.46,2.116,-25.43,-6.909,1.005,114.3,1.372,1.625,3.684,42.32,47.02,3.182,93.1,51.95,1.161,4.85,64.46,83.1,10.32,1.629,1.288,2.679,.402,.536,1.22,.436,.605
101,2017,221,1010,12.22,1.458,.781,14.45,50.3,65.24,11.66,.987,-30.31,-6.795,1.052,116.4,1.411,1.605,3.679,47.64,28.06,3.182,95.7,84.1,1.231,5.113,9.44,75.2,10.87,1.895,1.499,2.748,.417,.56,1.258,.452,.643
101,2017,221,1020,12.22,1.603,.873,11.65,51.53,70.7,1.57,2.734,-40.32,-6.392,1.099,117.5,1.516,1.667,2.976,52.84,15.03,3.294,98,16.73,1.265,7.01,2.049,3.128,12.4,2.969,1.93,2.882,.432,.576,1.3,.466,.663
101,2017,221,1030,12.22,2.838,.866,1.211,52.78,75.1,5.402,1.561,-36.7,-6.057,2.845,118.6,1.493,1.625,2.24,57.69,10.78,3.326,100.3,5.636,1.389,7.08,1.665,2.357,14.71,2.14,26.9,2.989,.436,.605,1.372,.498,.881
101,2017,221,1040,12.22,1.645,.89,1.171,53.63,78.4,4.2,2.692,-36.34,-5.018,1.164,119.3,1.513,1.588,2.567,62.49,9.86,3.326,102,28.61,1.458,5.782,1.533,1.664,17.69,2.27,19.51,3.213,.432,.623,1.381,.521,4.763
101,2017,221,1050,12.22,1.674,.95,1.117,54.25,81.4,17.07,.876,-23.66,-5.603,1.173,119.8,1.52,1.548,2.609,67.32,13.09,3.371,103.8,87,1.54,4.515,1.426,1.583,21.27,2.384,8.6,8.84,1.483,.814,1.394,.563,.734
101,2017,221,1100,12.22,1.739,1.117,1.084,54.12,83.9,10.9,.813,-26.05,-5.569,1.173,120.2,1.572,1.528,2.597,72.3,9.86,3.349,105,98,1.724,5.232,1.407,1.588,25.4,2.416,3.639,10.95,1.029,.727,1.431,.895,.747
101,2017,221,1110,12.22,1.855,1.136,1.079,48.36,31,41,.818,-.343,-6.995,1.166,120.3,1.696,1.506,14.16,77.1,9.94,3.351,106.5,104.7,2.875,4.215,1.546,1.603,28.97,2.222,1.984,42.82,.452,.742,1.476,.648,.789
101,2017,221,1120,12.22,2.185,1.36,5.179,40.53,2.503,3.751,.836,-30.87,-8.29,1.236,120.7,5.135,1.67,3.667,81.3,10.48,3.761,108,105.6,2.404,4.534,1.416,1.709,31.98,2.2,4.839,56.27,.467,.761,1.533,.737,.843
101,2017,221,1130,12.22,2.235,3.713,15.29,27.88,2.392,6.873,2.217,-25.95,-7.88,1.288,119,9.22,1.699,2.91,84.4,11.37,3.937,107.7,77.1,2.302,4.512,1.446,1.846,34.46,2.166,81.6,68.15,.519,.789,1.731,.694,.878
101,2017,221,1140,12.22,3.569,2.292,2.019,20.58,2.446,5.385,.977,-22.39,-8.52,1.553,115.5,2.413,1.897,23.19,85.5,14.53,5.224,105.9,19.37,2.867,5.029,1.627,2.046,36.57,2.587,13.01,68.06,.595,.96,2.017,.756,1.357
101,2017,221,1150,12.22,4.053,6.49,25.91,15.55,6.674,10.02,1.087,-21.72,-7.59,2.272,101.4,18.69,1.848,7.82,77.8,19.65,7.5,93.8,77.4,4.165,5.25,1.67,2.526,34.65,3.31,8.84,59,.56,1.179,2.332,.766,1.213
101,2017,221,1200,12.22,4.126,3.649,34.45,14.59,3.292,7.2,1.169,-25.91,-6.904,1.859,103.9,4.672,1.91,12.61,83,22.15,6.522,96.1,36.87,6.346,5.222,1.647,2.935,37.25,3.722,3.757,61.69,1.099,1.335,2.751,.828,1.411
101,2017,221,1210,12.22,2.387,2.957,43.85,13.86,2.184,2.657,.955,-29.84,-6.091,1.387,105.4,3.556,1.553,18.06,88,18.49,4.489,98.2,75.4,6.252,5.107,1.263,2.931,39.32,2.915,2.551,69.59,.951,1.059,2.4,.771,1.261
101,2017,221,1220,12.22,1.992,5.979,.995,4.141,1.568,1.342,.883,-29.41,-6.478,1.174,113.5,2.288,1.493,14.7,99,62.39,3.457,108.2,103.7,4.53,4.57,1.189,2.253,45.67,2.015,2.632,82.7,1.082,.906,2.702,.796,1.166
101,2017,221,1230,12.22,2.025,1.777,.925,3.878,17.4,1.975,.883,-28.05,-5.461,1.176,110.8,35.9,1.581,4.784,100.3,89.1,6.576,107.3,91.3,3.317,9.53,1.727,8.78,47.86,1.992,1.955,84.6,.642,14.28,3.054,.804,1.216
101,2017,221,1240,12.22,5.31,5.086,1.238,3.416,8.64,28.67,.886,-4.352,-5.466,1.183,108.5,38.45,1.466,2.571,101.9,69.74,11.84,106.5,32.79,27.43,5.03,1.206,10.66,49.9,2.042,1.993,86.3,.655,1.029,2.915,.836,1.228
101,2017,221,1250,12.22,1.993,1.978,4.067,3.524,1.508,6.936,.921,-20.29,-5.129,1.194,106,2.037,1.635,2.452,103.2,58.08,3.246,105.3,17.11,80.4,3.293,1.27,1.844,51.8,2.052,2.193,87.7,.668,1.052,2.712,.91,1.265
101,2017,221,1300,12.22,1.829,5.579,.829,3.246,1.474,44.55,10.74,12.31,-1.164,1.171,103.3,1.985,1.444,2.435,104.3,38.45,2.998,104,6.652,57.52,3.105,4.271,20.68,53.37,2.007,4.734,88.9,.672,4.018,2.596,3.732,1.276
101,2017,221,1310,12.22,1.747,2.038,4.804,3.198,1.476,1.323,2.539,-25.55,-3.115,1.809,100.3,2.038,1.434,2.481,105.3,21.04,2.988,102.6,16.2,13.02,3.109,1.286,57.65,54.77,2.043,43.65,89.8,.698,8.17,2.646,5.539,1.333
101,2017,221,1320,12.22,1.697,1.26,35.8,3.291,1.494,1.293,1.538,-25.02,-2.762,1.167,97,2.162,1.424,2.59,105.7,11.43,2.941,100.5,6.397,4.042,3.02,1.199,78,55.72,2.1,35.77,89.9,.71,1.774,2.856,3.667,1.258
101,2017,221,1330,12.22,1.652,1.017,3.489,3.06,1.467,1.276,1.119,-24.2,-3.032,10.55,94,2.122,2.266,2.534,106.7,17.34,2.889,98.7,4.08,3.99,2.993,1.243,56.79,56.96,2.126,6.668,90.8,.764,3.419,3.02,.99,1.189
101,2017,221,1340,12.22,1.601,.968,.834,3.002,1.447,2.953,39.69,-21.38,13.7,9.38,90.7,2.635,3.365,2.605,107.2,10.79,2.879,97.1,3.996,3.926,2.983,1.31,45.3,57.72,2.107,19.44,91.4,.757,1.348,3.146,1.02,1.179
101,2017,221,1350,12.22,1.506,.915,.692,2.96,1.437,2.134,3.812,-20.72,-1.094,1.194,87,29.56,1.395,2.891,107.6,10.41,2.814,95,4.213,3.742,2.98,1.251,34.46,58.39,2.062,9.81,91.3,.76,2.037,3.221,1,1.243
101,2017,221,1400,12.22,1.583,.873,.705,2.965,1.482,2.111,.97,-19.4,-2.067,1.241,83.4,9.42,1.623,3.179,108.5,17.38,2.992,93.4,4.682,5.747,3.156,1.749,6.549,59.33,2.062,2.782,92.2,.782,5.415,3.285,.943,1.313
101,2017,221,1410,12.22,1.481,.819,.72,2.933,1.531,1.519,1.067,-18.79,-1.404,7.57,72.9,3.44,2.387,3.646,104.7,12.6,3.392,86.8,5.362,4.603,11.93,10.78,2.033,56.86,2.528,2.643,85.1,.824,2.002,3.301,.854,1.642
101,2017,221,1420,12.22,1.395,.776,.767,2.878,1.504,2.663,1.085,-17.88,-1.404,5.42,67.58,3.425,3.112,3.655,104.9,15.24,3.494,84.5,5.131,5.945,4.296,4.074,1.972,56.76,2.655,2.464,84.5,.868,9.33,2.469,.843,1.796
101,2017,221,1430,12.22,1.352,.722,.755,2.779,1.98,2.312,2.241,-16.83,-.204,1.219,69.45,2.345,4.643,5.575,108.3,11.2,3.275,85,4.323,6.965,9.18,27.23,2.124,59.51,2.204,2.233,89.4,.786,35.33,1.941,.812,1.732
101,2017,221,1440,12.22,1.323,.668,.606,2.864,1.37,1.578,10.46,-17.41,4.675,1.216,52.66,2.05,1.385,11.64,105.6,15.66,3.002,80.5,3.866,8.13,18.54,24.8,2.116,58.99,3.085,2.065,88.9,.905,5.022,1.801,.71,1.771
101,2017,221,1450,12.22,1.303,.638,.593,5.598,1.343,2.38,14.84,-17.01,6.908,19.79,54.99,2.059,1.387,19.81,100.8,35.12,2.985,73.6,3.68,9.52,4.37,1.248,1.451,56.44,26.98,1.946,82.2,10.03,3.65,1.757,.616,2.906
101,2017,221,1500,12.22,1.228,.583,.575,2.546,1.762,2.583,2.188,-16.25,-.593,6.955,41.3,1.873,1.305,18.73,75.7,31.44,2.935,50.99,3.642,21.27,3.312,1.228,1.62,41.93,5.017,1.633,45.24,6.761,6.241,1.554,.476,2.529
101,2017,221,1510,12.22,1.407,.67,.647,3.166,1.725,2.593,1.176,-15.09,-1.159,7.13,40.05,2.086,1.472,24.81,76.1,33.16,3.271,50.29,3.906,46.31,3.652,1.256,2.013,42.62,3.551,1.782,8.87,6.215,4.859,1.593,.476,1.446
101,2017,221,1520,12.22,1.767,.838,.809,4.014,2.342,7.28,1.256,-9.08,-.544,52.58,45.71,2.374,1.953,39.52,96.8,68.89,3.632,61.65,4.474,72.3,4.22,1.446,2.255,55.83,11.62,2.293,6.597,1.097,15.44,2.303,.598,1.271
101,2017,221,1530,12.22,1.558,.694,.856,3.175,2.139,16.03,1.29,-.494,-.593,37.35,34.18,2.575,2.123,29.05,76.2,61.08,3.036,47.72,4.317,47.9,3.515,1.258,2.809,45.46,21.23,2.369,10.55,.756,1.469,3.26,.65,2.091
101,2017,221,1540,12.22,1.28,.595,.516,2.706,1.587,8.72,.796,-4.738,-1.121,4.47,32.45,1.729,1.335,27.7,90.2,74,2.446,52.22,3.832,69.92,2.873,.898,1.223,50.96,19.15,1.84,4.026,.449,.972,1.484,.429,.799
101,2017,221,1550,12.22,1.58,.546,.483,2.542,2.562,2.5,.72,-12.71,-1.913,1.156,26.01,1.503,6.134,2.935,82.1,67.5,2.16,44.48,3.155,39.5,2.701,.806,1.049,44.94,2.039,1.354,3.49,.399,.715,1.443,.424,.777
101,2017,221,1600,12.22,1.039,.489,.426,2.63,2.322,.844,.679,-15.14,-2.48,.87,22.69,1.377,3.339,2.305,83.4,68.21,1.964,42.03,2.779,3.299,2.542,.746,.97,31.59,1.391,1.102,3.167,.347,.578,1.382,.434,.663
101,2017,221,1610,12.22,.895,.441,.379,2.066,1.117,.702,.662,-16,-2.56,.692,18.83,1.273,1.015,1.749,82.9,66.78,1.9,28.83,2.327,3.084,2.33,.712,1.384,27.55,1.173,.89,2.892,.313,.467,1.434,.427,.571
101,2017,221,1620,12.22,.851,.424,.337,1.927,.957,.635,1.798,-17.45,-2.505,.593,14.4,1.102,.88,1.437,78.1,62.28,1.706,7.3,1.97,1.004,2.262,.668,3.245,10.03,1.263,.766,2.614,.281,.424,1.34,.362,.466
101,2017,221,1630,12.22,.794,.402,.298,1.788,.876,.578,18.28,-19.43,6.105,.538,11.08,.707,.766,1.23,72.9,57.44,1.528,6.542,1.833,.878,2.119,.692,.794,11.7,4.132,.684,2.371,.258,.372,1.153,.312,.436
101,2017,221,1640,12.22,.747,.384,.268,1.694,.813,.709,4.123,-17.9,-2.233,.471,8.15,.55,.699,1.069,67.51,40.69,1.399,6.392,1.508,.741,2.076,.692,.722,19.35,15.24,.663,2.237,.23,.332,1.014,.278,.422
101,2017,221,1650,12.22,.697,.352,.256,1.605,.769,1.791,.464,-14.79,-4.425,.436,7.15,.489,.655,.938,61.38,9.6,1.293,5.624,1.392,.648,1.969,1.314,.68,18.14,37.61,.618,2.014,.206,.297,.915,.238,.38
101,2017,221,1700,12.22,.632,.308,.235,1.486,.712,.436,.399,-14.49,-4.676,.409,6.72,.447,.617,.848,54.45,7.5,1.203,5.267,1.298,.596,1.841,1.138,.657,32.93,31.59,.603,1.865,.189,.268,.811,.201,.342
101,2017,221,1710,12.22,.576,.281,.208,1.365,.657,.427,.338,-16.95,-5.216,.384,6.231,.432,.578,.833,46.03,6.666,1.129,4.869,1.191,.543,1.682,.539,.553,29,16.97,.588,1.704,.171,.246,.729,.183,.32
101,2017,221,1720,12.22,.533,.261,.196,1.228,.575,.387,.285,-16.89,-5.73,.342,5.603,.394,.524,.73,37,5.986,1.097,4.386,1.071,.476,1.494,.573,.488,21.9,3.604,.494,1.511,.156,.218,.638,.159,.278
101,2017,221,1730,12.22,.467,.226,.168,1.067,.503,.333,.243,-13.35,-5.718,.292,4.891,.34,.457,.543,19.56,5.294,.918,3.822,.933,.427,1.28,.377,.426,4.666,.514,.389,1.303,.134,.189,.546,.134,.23
101,2017,221,1740,12.22,.417,.188,.134,.883,.427,.273,.198,-10.83,-5.904,.24,4.001,.278,.409,.437,8.77,4.302,.695,3.155,.764,.36,1.017,.308,.359,3.661,.421,.298,1.061,.104,.159,.456,.111,.188
101,2017,221,1750,12.22,.318,.136,.106,.65,.33,.203,.147,-14.14,-6.821,.178,2.964,.206,.305,.33,3.23,3.13,.513,2.342,.563,.266,.742,.228,.265,2.692,.318,.221,.774,.075,.117,.354,.082,.136
101,2017,221,1800,12.21,.194,.087,.06,.407,.203,.126,.085,-17.91,-7.51,.107,1.761,.122,.188,.201,1.908,1.856,.337,1.402,.362,.161,.454,.139,.166,1.603,.193,.134,.464,.045,.072,.211,.05,.08
101,2017,221,1810,12.21,.082,.037,.028,.174,.084,.05,.04,-17.42,-7.75,.047,.674,.049,.074,.082,.761,.744,.134,.56,.151,.065,.181,.054,.065,.648,.08,.05,.201,.02,.032,.084,.03,.035
101,2017,221,1820,12.21,.017,0,0,.034,.017,.007,.005,-15.86,-8.04,.007,.146,.005,.015,.017,.189,.179,.032,.131,.034,.015,.037,.008,.018,.159,.02,.008,.052,0,.002,.018,0,0
101,2017,221,1830,12.21,0,0,0,0,0,0,0,-13.44,-7.97,0,.013,0,0,0,.02,.017,0,.01,0,0,0,0,0,.012,0,0,0,0,0,0,0,0
101,2017,221,1840,12.21,0,0,0,0,0,0,0,-12.85,-8.05,0,0,0,0,0,0,0,0,0,0,0,0,0,0,0,0,0,0,0,0,0,0,0
101,2017,221,1850,12.21,0,0,0,0,0,0,0,-11.42,-8.11,0,0,0,0,0,0,0,0,0,0,0,0,0,0,0,0,0,0,0,0,0,0,0
101,2017,221,1900,12.21,0,0,0,0,0,0,0,-10.27,-8.19,0,0,0,0,0,0,0,0,0,0,0,0,0,0,0,0,0,0,0,0,0,0,0
101,2017,221,1910,12.21,0,0,0,0,0,0,0,-9.99,-8.28,0,0,0,0,0,0,0,0,0,0,0,0,0,0,0,0,0,0,0,0,0,0,0
101,2017,221,1920,12.21,0,0,0,0,0,0,0,-11.11,-8.49,0,0,0,0,0,0,0,0,0,0,0,0,0,0,0,0,0,0,0,0,0,0,0
101,2017,221,1930,12.21,0,0,0,0,0,0,0,-13.1,-8.9,0,0,0,0,0,0,0,0,0,0,0,0,0,0,0,0,0,0,0,0,0,0,0
101,2017,221,1940,12.21,0,0,0,0,0,0,0,-12.52,-8.89,0,0,0,0,0,0,0,0,0,0,0,0,0,0,0,0,0,0,0,0,0,0,0
101,2017,221,1950,12.21,0,0,0,0,0,0,0,-14.24,-9.18,0,0,0,0,0,0,0,0,0,0,0,0,0,0,0,0,0,0,0,0,0,0,0
101,2017,221,2000,12.21,0,0,0,0,0,0,0,-15.17,-9.31,0,0,0,0,0,0,0,0,0,0,0,0,0,0,0,0,0,0,0,0,0,0,0
101,2017,221,2010,12.21,0,0,0,0,0,0,0,-14.55,-9.36,0,0,0,0,0,0,0,0,0,0,0,0,0,0,0,0,0,0,0,0,0,0,0
101,2017,221,2020,12.21,0,0,0,0,0,0,0,-13.63,-9.16,0,0,0,0,0,0,0,0,0,0,0,0,0,0,0,0,0,0,0,0,0,0,0
101,2017,221,2030,12.21,0,0,0,0,0,0,0,-13.84,-9.5,0,0,0,0,0,0,0,0,0,0,0,0,0,0,0,0,0,0,0,0,0,0,0
101,2017,221,2040,12.2,0,0,0,0,0,0,0,-13.59,-9.36,0,0,0,0,0,0,0,0,0,0,0,0,0,0,0,0,0,0,0,0,0,0,0
101,2017,221,2050,12.21,0,0,0,0,0,0,0,-14.06,-9.5,0,0,0,0,0,0,0,0,0,0,0,0,0,0,0,0,0,0,0,0,0,0,0
101,2017,221,2100,12.21,0,0,0,0,0,0,0,-13.81,-9.33,0,0,0,0,0,0,0,0,0,0,0,0,0,0,0,0,0,0,0,0,0,0,0
101,2017,221,2110,12.2,0,0,0,0,0,0,0,-14.2,-9.21,0,0,0,0,0,0,0,0,0,0,0,0,0,0,0,0,0,0,0,0,0,0,0
101,2017,221,2120,12.2,0,0,0,0,0,0,0,-11.13,-8.99,0,0,0,0,0,0,0,0,0,0,0,0,0,0,0,0,0,0,0,0,0,0,0
101,2017,221,2130,12.2,0,0,0,0,0,0,0,-12.08,-8.2,0,0,0,0,0,0,0,0,0,0,0,0,0,0,0,0,0,0,0,0,0,0,0
101,2017,221,2140,12.2,0,0,0,0,0,0,0,-14.25,-8.26,0,0,0,0,0,0,0,0,0,0,0,0,0,0,0,0,0,0,0,0,0,0,0
101,2017,221,2150,12.2,0,0,0,0,0,0,0,-14.72,-8.69,0,0,0,0,0,0,0,0,0,0,0,0,0,0,0,0,0,0,0,0,0,0,0
101,2017,221,2200,12.2,0,0,0,0,0,0,0,-14.51,-7.97,0,0,0,0,0,0,0,0,0,0,0,0,0,0,0,0,0,0,0,0,0,0,0
101,2017,221,2210,12.2,0,0,0,0,0,0,0,-13.8,-7.58,0,0,0,0,0,0,0,0,0,0,0,0,0,0,0,0,0,0,0,0,0,0,0
101,2017,221,2220,12.21,0,0,0,0,0,0,0,-13.39,-7.06,0,0,0,0,0,0,0,0,0,0,0,0,0,0,0,0,0,0,0,0,0,0,0
101,2017,221,2230,12.2,0,0,0,0,0,0,0,-13.85,-7.05,0,0,0,0,0,0,0,0,0,0,0,0,0,0,0,0,0,0,0,0,0,0,0
101,2017,221,2240,12.2,0,0,0,0,0,0,0,-13.37,-7.07,0,0,0,0,0,0,0,0,0,0,0,0,0,0,0,0,0,0,0,0,0,0,0
101,2017,221,2250,12.2,0,0,0,0,0,0,0,-14.33,-7.26,0,0,0,0,0,0,0,0,0,0,0,0,0,0,0,0,0,0,0,0,0,0,0
101,2017,221,2300,12.21,0,0,0,0,0,0,0,-14.58,-7.2,0,0,0,0,0,0,0,0,0,0,0,0,0,0,0,0,0,0,0,0,0,0,0
101,2017,221,2310,12.2,0,0,0,0,0,0,0,-14.35,-7.15,0,0,0,0,0,0,0,0,0,0,0,0,0,0,0,0,0,0,0,0,0,0,0
101,2017,221,2320,12.2,0,0,0,0,0,0,0,-15.33,-7.49,0,0,0,0,0,0,0,0,0,0,0,0,0,0,0,0,0,0,0,0,0,0,0
101,2017,221,2330,12.2,0,0,0,0,0,0,0,-15.48,-7.71,0,0,0,0,0,0,0,0,0,0,0,0,0,0,0,0,0,0,0,0,0,0,0
101,2017,221,2340,12.2,0,0,0,0,0,0,0,-14.46,-7.65,0,0,0,0,0,0,0,0,0,0,0,0,0,0,0,0,0,0,0,0,0,0,0
101,2017,221,2350,12.21,0,0,0,0,0,0,0,-14.2,-11.43,0,0,0,0,0,0,0,0,0,0,0,0,0,0,0,0,0,0,0,0,0,0,0
101,2017,221,2400,12.2,0,0,0,0,0,0,0,-15.44,-12.89,0,0,0,0,0,0,0,0,0,0,0,0,0,0,0,0,0,0,0,0,0,0,0
101,2017,222,10,12.2,0,0,0,0,0,0,0,-22.15,-12.43,0,0,0,0,0,0,0,0,0,0,0,0,0,0,0,0,0,0,0,0,0,0,0
101,2017,222,20,12.2,0,0,0,0,0,0,0,-20.16,-11.31,0,0,0,0,0,0,0,0,0,0,0,0,0,0,0,0,0,0,0,0,0,0,0
101,2017,222,30,12.2,0,0,0,0,0,0,0,-18.07,-10.07,0,0,0,0,0,0,0,0,0,0,0,0,0,0,0,0,0,0,0,0,0,0,0
101,2017,222,40,12.2,0,0,0,0,0,0,0,-15.83,-9.17,0,0,0,0,0,0,0,0,0,0,0,0,0,0,0,0,0,0,0,0,0,0,0
101,2017,222,50,12.2,0,0,0,0,0,0,0,-14.28,-7.82,0,0,0,0,0,0,0,0,0,0,0,0,0,0,0,0,0,0,0,0,0,0,0
101,2017,222,100,12.2,0,0,0,0,0,0,0,-18.8,-8.05,0,0,0,0,0,0,0,0,0,0,0,0,0,0,0,0,0,0,0,0,0,0,0
101,2017,222,110,12.2,0,0,0,0,0,0,0,-18.06,-8.5,0,0,0,0,0,0,0,0,0,0,0,0,0,0,0,0,0,0,0,0,0,0,0
101,2017,222,120,12.2,0,0,0,0,0,0,0,-20.37,-8.46,0,0,0,0,0,0,0,0,0,0,0,0,0,0,0,0,0,0,0,0,0,0,0
101,2017,222,130,12.2,0,0,0,0,0,0,0,-20.02,-8.71,0,0,0,0,0,0,0,0,0,0,0,0,0,0,0,0,0,0,0,0,0,0,0
101,2017,222,140,12.2,0,0,0,0,0,0,0,-18.21,-8.52,0,0,0,0,0,0,0,0,0,0,0,0,0,0,0,0,0,0,0,0,0,0,0
101,2017,222,150,12.2,0,0,0,0,0,0,0,-16.79,-8.45,0,0,0,0,0,0,0,0,0,0,0,0,0,0,0,0,0,0,0,0,0,0,0
101,2017,222,200,12.2,0,0,0,0,0,0,0,-19.31,-8.24,0,0,0,0,0,0,0,0,0,0,0,0,0,0,0,0,0,0,0,0,0,0,0
101,2017,222,210,12.2,0,0,0,0,0,0,0,-16.35,-8.38,0,0,0,0,0,0,0,0,0,0,0,0,0,0,0,0,0,0,0,0,0,0,0
101,2017,222,220,12.2,0,0,0,0,0,0,0,-20.95,-8.37,0,0,0,0,0,0,0,0,0,0,0,0,0,0,0,0,0,0,0,0,0,0,0
101,2017,222,230,12.2,0,0,0,0,0,0,0,-22.38,-8.29,0,0,0,0,0,0,0,0,0,0,0,0,0,0,0,0,0,0,0,0,0,0,0
101,2017,222,240,12.2,0,0,0,0,0,0,0,-23.05,-8.47,0,0,0,0,0,0,0,0,0,0,0,0,0,0,0,0,0,0,0,0,0,0,0
101,2017,222,250,12.2,0,0,0,0,0,0,0,-20.41,-8.49,0,0,0,0,0,0,0,0,0,0,0,0,0,0,0,0,0,0,0,0,0,0,0
101,2017,222,300,12.2,0,0,0,0,0,0,0,-22.3,-8.47,0,0,0,0,0,0,0,0,0,0,0,0,0,0,0,0,0,0,0,0,0,0,0
101,2017,222,310,12.2,0,0,0,0,0,0,0,-22.38,-8.36,0,0,0,0,0,0,0,0,0,0,0,0,0,0,0,0,0,0,0,0,0,0,0
101,2017,222,320,12.2,0,0,0,0,0,0,0,-23.29,-8.69,0,0,0,0,0,0,0,0,0,0,0,0,0,0,0,0,0,0,0,0,0,0,0
101,2017,222,330,12.2,0,0,0,0,0,0,0,-23.97,-8.83,0,0,0,0,0,0,0,0,0,0,0,0,0,0,0,0,0,0,0,0,0,0,0
101,2017,222,340,12.2,0,0,0,0,0,0,0,-27.43,-10.37,0,0,0,0,0,0,0,0,0,0,0,0,0,0,0,0,0,0,0,0,0,0,0
101,2017,222,350,12.2,0,0,0,0,0,0,0,-29.7,-10.13,0,0,0,0,0,0,0,0,0,0,0,0,0,0,0,0,0,0,0,0,0,0,0
101,2017,222,400,12.2,0,0,0,0,0,0,0,-33.62,-10.4,0,0,0,0,0,0,0,0,0,0,0,0,0,0,0,0,0,0,0,0,0,0,0
101,2017,222,410,12.2,0,0,0,0,0,0,0,-39.66,-20.5,0,0,0,0,0,0,0,0,0,0,0,0,0,0,0,0,0,0,0,0,0,0,0
101,2017,222,420,12.2,0,0,0,0,0,0,0,-34.33,-21.11,0,0,0,0,0,0,0,0,0,0,0,0,0,0,0,0,0,0,0,0,0,0,0
101,2017,222,430,12.2,0,0,0,0,0,0,0,14.95,-11.98,0,0,0,0,0,0,0,0,0,0,0,0,0,0,0,0,0,0,0,0,0,0,0
101,2017,222,440,12.2,0,0,0,0,0,0,0,-36.26,6.085,0,0,0,0,0,0,0,0,0,0,0,0,0,0,0,0,0,0,0,0,0,0,0
101,2017,222,450,12.2,0,0,0,0,0,0,0,-51.83,11.59,0,0,0,0,0,0,0,0,0,0,0,0,0,0,0,0,0,0,0,0,0,0,0
101,2017,222,500,12.2,0,0,0,0,0,0,0,-37.5,14.54,0,0,0,0,0,0,0,0,0,0,0,0,0,0,0,0,0,0,0,0,0,0,0
101,2017,222,510,12.2,0,0,0,0,0,0,0,-25.39,13.87,0,0,0,0,0,0,0,0,0,0,0,0,0,0,0,0,0,0,0,0,0,0,0
101,2017,222,520,12.2,0,0,0,0,0,0,0,-32.22,11.6,0,0,0,0,0,0,0,0,0,0,0,0,0,0,0,0,0,0,0,0,0,0,0
101,2017,222,530,12.2,0,0,0,0,0,0,0,-44.93,11.65,0,0,0,0,0,0,0,0,0,0,0,0,0,0,0,0,0,0,0,0,0,0,0
101,2017,222,540,12.2,0,0,0,0,0,0,0,-45.75,9.45,0,0,0,0,0,0,0,0,0,0,0,0,0,0,0,0,0,0,0,0,0,0,0
101,2017,222,550,12.2,0,0,0,0,0,0,0,-42.19,7.99,0,0,0,0,0,0,0,0,0,0,0,0,0,0,0,0,0,0,0,0,0,0,0
101,2017,222,600,12.2,0,0,0,0,0,0,0,-40.41,5.76,0,0,0,0,0,0,0,0,0,0,0,0,0,0,0,0,0,0,0,0,0,0,0
101,2017,222,610,12.2,0,0,0,0,0,0,0,-48.62,4.369,0,0,0,0,0,0,0,0,0,0,0,0,0,0,0,0,0,0,0,0,0,0,0
101,2017,222,620,12.2,0,0,0,0,0,0,0,-37.86,3.989,0,0,0,0,0,0,0,0,0,0,0,0,0,0,0,0,0,0,0,0,0,0,0
101,2017,222,630,12.2,0,0,0,0,0,0,0,-35.86,3.593,0,0,0,0,0,.003,0,0,0,0,0,0,0,0,0,0,0,0,0,0,0,0,0
101,2017,222,640,12.2,.013,0,0,.017,.005,0,0,-35.65,2.926,0,.054,0,.007,0,.055,.06,.013,.054,.013,0,.017,0,0,.052,.003,0,.02,0,0,.003,0,0
101,2017,222,650,12.2,.055,.018,.02,.111,.044,.03,.027,-38.53,2.925,.022,.337,.025,.047,.039,.31,.317,.075,.357,.091,.023,.069,.025,.035,.263,.034,.028,.104,.002,.02,.04,.007,.015
101,2017,222,700,12.2,.142,.052,.039,.27,.131,.08,.054,-37.49,2.982,.057,.82,.069,.117,.109,.952,1.026,.184,.88,.206,.059,.188,.077,.085,.843,.097,.084,.31,.034,.042,.134,.032,.049
101,2017,222,710,12.2,.174,.064,.055,.365,.163,.111,.067,-38.79,2.206,.085,1.25,.117,.149,.154,1.321,1.344,.251,1.386,.35,.094,.233,.094,.121,1.098,.122,.117,.456,.034,.057,.184,.034,.072
101,2017,222,720,12.2,.389,.154,.122,.818,.302,.231,.122,-43.45,1.235,.171,2.591,.206,.307,.263,2.514,2.4,.53,2.715,.632,.163,.515,.191,.235,1.849,.216,.231,.83,.064,.117,.293,.052,.129
101,2017,222,730,12.2,.602,.285,.196,1.493,.667,.473,.273,-41.97,.697,.325,5.227,.362,.587,.489,4.896,5.177,1.042,5.172,1.215,.339,1.249,.429,.488,4.131,.474,.385,1.304,.139,.196,.603,.139,.226
101,2017,222,740,12.2,.944,.392,.292,2.325,.84,.628,.298,-39.83,-.608,.389,7.12,.414,.719,.578,5.774,6.355,1.545,7.02,1.668,.382,1.684,.573,.667,4.922,.56,.476,1.503,.137,.226,.608,.156,.26
101,2017,222,750,12.2,1.316,.503,.397,3.054,1.044,.778,.374,-38.17,-1.205,.515,11.61,.597,.964,.769,7.73,8.01,2.046,9.71,2.251,.454,2.19,.761,.83,6.245,.69,.696,2.242,.191,.327,.828,.184,.354
101,2017,222,800,12.2,2.457,.945,.634,5.583,1.919,1.47,.61,-37.84,-2.301,.878,19.43,.972,1.859,1.212,12.26,12.48,3.68,16.65,3.758,.701,4.518,2.497,1.515,9.58,1.14,1.22,3.292,.328,.531,1.383,.31,.518
101,2017,222,810,12.2,2.64,1.078,.672,6.597,2.16,1.795,.664,-39.75,-3.027,.944,30.46,1.136,2.095,1.255,13.11,13.42,4.624,24.43,4.604,.749,8.24,2.77,2.179,10.09,1.297,1.339,3.174,.323,.52,1.416,.375,.565
101,2017,222,820,12.2,3.005,2.467,.712,6.954,2.355,1.971,.722,-40.86,-3.622,1.012,45.1,1.332,2.677,1.378,13.98,14.62,4.978,39.72,4.713,.712,14.75,2.355,7.31,10.5,1.2,1.488,2.923,.422,.623,1.443,.37,.583
101,2017,222,830,12.2,2.977,1.257,.949,8.08,2.615,2.16,.742,-41.94,-3.374,1.133,41.13,1.587,2.328,1.542,17.38,15.51,5.206,34.52,6.287,.942,11.63,2.013,2.224,11.73,1.374,1.592,4.096,.369,.649,1.616,.35,.702
101,2017,222,840,12.2,2.864,1.272,.957,6.913,2.455,1.8,.865,-50.85,-3.647,1.228,25.27,1.398,2.222,1.82,18.76,18.52,4.562,24.27,5.135,1.079,6.201,1.552,1.963,13.94,1.57,1.634,5.165,.399,.712,2.221,.404,.791
101,2017,222,850,12.2,5.04,3.932,1.49,10.55,4.51,3.749,1.584,-44.76,.407,1.911,64.82,2.434,4.009,2.779,27.42,28.69,8.2,56.71,8.82,1.569,19,3.117,7.47,19.38,2.309,2.608,7.29,.625,1.16,2.881,.57,1.223
101,2017,222,900,12.2,1.827,.907,.578,3.617,1.817,1.16,.634,-90.4,-2.018,.818,14.83,1.27,1.411,1.455,14.68,12.72,2.799,14.85,4.259,.913,2.906,1.049,1.232,11.65,1.254,1.166,4.069,.313,.52,1.694,.34,.58
101,2017,222,910,12.2,4.101,2.422,1.544,13.18,4.396,3.432,1.242,-122.3,-3.32,1.783,48.31,2.524,3.382,2.444,26.87,26.9,7.26,50.74,10.11,1.634,13.11,9.19,3.377,16.74,2.271,2.564,7.07,.572,1.034,2.432,.491,1.16
101,2017,222,920,12.2,5.993,2.951,2.11,36.45,6.665,4.822,1.584,-77,-5.477,2.299,104.2,2.816,5.402,3.085,38.38,50.42,10.14,96.6,11.15,1.681,30.68,29.47,4.369,22.85,2.811,3.213,6.664,.917,1.393,2.997,.736,1.297
101,2017,222,930,12.2,6.315,2.609,2.958,24.41,5.92,4.047,1.445,-83.6,-5.725,2.122,61.8,2.169,6.717,2.66,32.37,36.02,9.81,55.1,17.95,1.42,13.62,3.853,4.161,20,2.591,2.99,6.292,.699,1.198,2.794,.659,1.064
101,2017,222,940,12.2,5.584,2.439,6.561,24.07,9.45,3.984,1.398,-103,-3.773,2.05,58.23,2.112,4.435,2.645,30.77,34.92,8.8,52.76,11.41,1.523,10.88,3.255,5.594,19.26,2.73,2.79,5.75,.634,1.103,2.455,.649,1.037
101,2017,222,950,12.2,5.289,2.375,4.797,25.2,17.27,4.664,3.404,-116.5,-4.632,2.331,64.68,2.744,3.99,4.155,37.75,37.22,8.65,60.54,11.12,2.033,8.17,5.891,21.23,21.95,2.977,3.325,9.69,.707,1.339,3.228,.706,1.554
101,2017,222,1000,12.2,7.4,3.121,4.877,42.56,35.86,12,4.709,-97.6,-3.035,2.806,99.7,2.908,5.093,4.984,50.24,47.03,11.41,89.5,37.85,2.038,10.59,38.25,44.28,24.36,3.61,3.917,7.94,.846,1.48,3.121,.826,1.433
101,2017,222,1010,12.2,6.493,2.893,13.91,34.02,31.92,4.79,1.82,-104,-3.196,2.651,85.4,3.012,4.453,4.418,48.16,35.8,10.13,77.1,32.12,2.217,9.37,5.127,24.79,26.73,3.707,4.741,9.98,.799,1.5,3.432,.83,1.589
101,2017,222,1020,12.2,5.594,2.63,2.475,18.59,12.49,3.635,1.649,-98.4,-3.013,2.462,53.92,3.278,3.907,3.781,39.15,32.48,8.8,51.87,13.93,2.306,7.46,2.966,3.977,25.49,3.332,3.892,12.04,.769,1.508,3.766,.744,1.646
101,2017,222,1030,12.2,8.18,3.513,2.884,35.2,33.28,5.351,2.534,-106.8,-1.478,4.012,89.2,4.116,5.192,4.557,58.58,39.26,11.27,84.6,17.14,3.047,11.8,3.89,5.44,32.51,4.574,15.15,14.45,.994,1.877,4.445,.992,2.154
101,2017,222,1040,12.2,5.97,2.839,2.162,16.85,9.91,4.195,1.914,-111.3,-3.215,2.853,53.34,3.873,4.213,4.145,42.68,36.43,9.05,53.78,13.72,2.889,8.85,3.278,4.061,28,3.724,6.002,15.62,.853,1.725,4.321,.835,2.506
101,2017,222,1050,12.2,8.29,3.784,2.76,30.09,23.5,6.156,2.283,-115.3,-1.431,3.768,76.4,4.309,5.291,4.587,56.76,44.76,11.98,78.8,24.14,3.268,14.04,3.806,4.85,34.47,4.805,6.156,16.87,1.017,2.236,4.787,1.066,2.155
101,2017,222,1100,12.2,6.868,3.235,2.452,23.37,17.12,7.16,2.071,-102.5,-1.778,3.231,68.76,4.713,4.857,5.015,53.86,41.87,10.1,72.6,29.12,3.354,8.66,3.642,4.624,33.41,4.344,4.862,18.41,.999,1.919,4.884,1.153,2.266
101,2017,222,1110,12.2,5.804,2.418,1.929,14.01,6.447,3.892,1.822,-102.8,-3.05,2.579,44.42,3.841,4.001,4.046,41.95,35.84,8.27,46.38,14.62,2.812,6.58,2.762,3.618,29.02,3.536,3.766,15.38,.846,1.614,4.465,.85,1.942
101,2017,222,1120,12.2,5.496,2.19,1.532,10.56,4.116,2.915,1.559,-101.4,-2.77,2.241,33.85,2.832,4.116,3.344,33.15,30.95,7.57,34.34,7.59,2.246,6.344,2.38,2.889,24.69,2.769,3.042,11.19,.809,1.461,3.553,.672,1.671
101,2017,222,1130,12.2,6.444,3.184,2.628,16.42,5.881,4.569,2.011,-103.2,-2.982,2.97,55.98,4.991,4.852,4.617,49.71,41.16,9.5,55.62,20.19,3.384,8.08,3.164,4.084,32.88,4.234,5.149,21.18,1.027,1.897,4.663,.915,2.18
101,2017,222,1140,12.2,10.23,5.568,3.568,29.94,7.82,6.845,2.609,-120.6,-3.887,4.223,99.6,6,6.516,12.76,84.1,53.8,14.39,98.7,21.03,4.587,10.65,4.109,5.673,48.65,5.656,13.78,47.43,1.899,2.573,6.394,1.255,2.804
101,2017,222,1150,12.2,8.87,7.44,6.536,25.48,7.68,14.23,2.839,-104.4,-3.007,4.21,95.9,19.27,6.602,7.76,83.9,53.99,12.98,100.9,44.86,5.125,9.81,4.171,5.811,53.69,5.665,10.29,50.29,1.621,2.722,7,1.411,3.119
101,2017,222,1200,12.2,5.137,5.152,2.373,12.53,5.139,3.815,2.003,-80,-2.824,2.812,47.89,4.329,4.436,5.671,47.77,37.83,8.26,50.45,14.58,3.417,6.278,2.648,4.041,32.28,3.83,4.192,21.44,1.269,1.911,5.073,.9,2.351
101,2017,222,1210,12.2,3.094,1.413,1.126,7.08,3.419,2.165,1.275,-87.8,-1.88,1.673,24.89,2.303,2.899,2.847,25.47,23.94,5.006,25.03,6.109,1.738,4.042,1.656,2.273,19.69,2.236,2.294,8.76,.662,1.121,3.26,.577,1.299
101,2017,222,1220,12.21,6.449,3.394,2.435,14.1,6.117,4.378,2.487,-107.9,-2.854,3.397,55.11,5.353,5.385,6.426,54.09,50.11,9.97,57.77,17.46,4.034,7.9,3.238,4.867,39.96,4.507,4.984,22.4,1.339,2.343,6.605,1.165,2.812
101,2017,222,1230,12.2,7.82,9.33,3.188,16.91,10.61,5.623,2.921,-115.1,-1.515,4.161,98.3,24.74,6.712,8.04,96.6,80.4,12.29,103,51.56,5.873,9.37,4.386,9.02,59.17,5.733,6.835,54.81,1.766,6.87,9.7,1.522,3.488
101,2017,222,1240,12.2,6.893,4.795,3.084,14.7,6.335,5.899,2.224,-79.3,-3.9,3.682,72.9,8.84,5.457,5.578,70.4,53.34,10.68,75.6,31.8,8.06,8.24,3.174,7.84,43.51,4.773,5.794,37.72,1.252,2.382,5.663,1.111,2.678
101,2017,222,1250,12.2,8.91,4.921,3.644,17.33,7.89,6.488,3.174,-69.81,-1.282,4.599,87.4,7.81,7.15,7.91,88.5,67.83,12.62,92.6,36.49,21.52,10.04,4.228,7.05,57.98,5.909,7.88,50.38,1.79,3.278,8.37,1.711,3.722
101,2017,222,1300,12.2,6.635,3.246,2.623,13.08,6.397,11.64,3.238,-98.4,.141,3.855,72.4,6.342,6.039,7.22,80.2,55.4,9.77,79.2,16.5,17.74,7.96,3.642,7.76,54.79,5.066,6.295,44.55,1.482,2.822,7.55,1.577,3.496
101,2017,222,1310,12.2,5.268,3.052,3.685,10.39,4.187,3.337,1.825,-107.8,.796,2.675,43.76,4.145,4.14,4.932,48.23,40.17,7.48,49.04,10.04,3.573,5.936,2.521,9.07,35.53,3.441,7.44,22.94,.923,1.919,4.974,1.111,2.372
101,2017,222,1320,12.2,5.492,3.868,6.965,10.42,4.42,3.823,2.668,-109,1.401,3.003,61.49,5.64,4.188,5.321,67.84,44.98,7.78,71.9,12.72,4.912,6.38,2.462,22.91,44.33,4.041,19.04,42.35,1.093,2.42,4.921,1.696,2.799
101,2017,222,1330,12.2,5.36,2.491,3.773,10.13,4.297,3.523,2.009,-140,-1.641,2.946,46.02,4.897,4.907,5.37,50.17,42.24,7.27,52.3,9.45,3.401,6.526,2.551,9.73,35.25,3.427,5.904,26.18,1.098,3.178,4.844,.934,2.625
101,2017,222,1340,12.2,5.028,2.214,1.909,9.84,4.145,3.461,2.93,-159.9,-3.474,2.739,43.08,5.584,4.528,5.036,46.56,37.04,7.19,48.67,9.63,3.146,6.548,2.467,6.171,31.7,3.278,5.487,23.46,.997,1.897,4.48,.85,2.45
101,2017,222,1350,12.2,6.163,3.216,2.762,12.23,5.663,7.36,3.204,-152.7,-4.047,4.334,80.6,32.18,6.055,8.47,114.3,53.3,9.82,115.7,15.26,7.27,8.45,3.483,25.71,68.38,5.682,13.49,76.6,1.617,3.582,7.64,1.537,4.269
101,2017,222,1400,12.2,5.908,2.68,2.428,11.38,4.865,4.207,2.313,-154.8,-.516,3.35,53.25,8.37,5.132,6.861,65.41,48.24,8.33,67.13,12.16,4.344,7.28,3.023,5.695,44.52,4.388,5.517,35.45,1.234,2.526,6.141,1.16,3.347
101,2017,222,1410,12.2,4.324,1.75,1.544,7.54,3.639,2.554,1.659,-159.8,-1.49,2.231,31.6,3.265,3.982,4.475,37.34,33.77,5.784,36.43,6.87,2.452,5.78,2.355,3.159,27.87,2.904,3.131,14.63,.846,1.527,4.534,.786,2.046
101,2017,222,1420,12.2,4.036,1.725,1.406,7.2,3.582,2.517,1.564,-134.4,-1.121,3.064,30.5,2.963,3.794,4.069,36.64,31.23,5.811,37.06,6.866,2.489,5.534,2.259,2.886,26,2.816,2.906,14.08,.821,1.497,4.138,.694,1.844
101,2017,222,1430,12.2,3.885,1.631,1.413,7.1,3.347,2.437,1.527,-120.5,-.401,2.212,29.91,2.869,3.566,4.002,35.42,31.21,5.963,36.51,6.545,2.918,5.291,2.068,2.881,25.65,2.873,2.853,12.91,.758,1.518,3.87,.682,1.837
101,2017,222,1440,12.2,4.094,1.73,1.505,7.36,3.959,2.687,1.877,-113.3,.813,2.325,31,3.044,3.902,4.451,36.16,33.58,5.638,36.72,6.945,2.517,5.718,2.149,3.091,27.92,2.973,3.174,14.24,.846,1.557,4.418,.783,2.066
101,2017,222,1450,12.2,3.137,1.612,1.386,5.794,3.3,2.427,1.597,-120,.592,1.942,26.63,3.226,3.409,4.254,31.31,30.56,4.508,31.42,6.64,2.12,4.708,1.761,3.003,24.54,2.564,2.992,14.09,.724,1.393,3.959,.726,2.144
101,2017,222,1500,12.2,3.677,1.658,1.302,6.453,3.102,2.494,1.619,-124.3,-.332,2.202,26.95,3.154,3.277,4.401,33.07,28.72,5.291,34.41,6.932,2.827,4.666,1.835,2.822,24.01,2.578,2.772,13.88,.665,1.403,3.702,.644,2.194
101,2017,222,1510,12.2,3.471,1.634,1.785,6.154,4.475,3.578,2.641,-139.5,.355,6.878,38.03,5.167,4.143,16.1,71.4,53.2,5.755,63.41,9.19,22.28,5.197,2.331,4.287,47.25,4.788,4.029,22.46,1.111,2.762,6.062,.99,3.825
101,2017,222,1520,12.2,2.051,.915,1.037,3.62,2.308,2.164,1.361,-182.9,.055,14.28,24.08,3.047,2.358,11.38,44.41,33.53,3.476,39.18,5.405,15.55,3.417,1.42,2.524,29.33,3.023,2.261,12.41,.702,3.355,3.441,.578,2.253
101,2017,222,1530,12.2,2.859,1.131,1.173,5.348,2.526,2.123,1.324,-221.4,1.272,2.105,25.26,3.064,2.559,4.155,31.4,26.36,4.329,30.15,5.722,2.752,3.62,1.505,2.651,22.13,2.504,2.377,12.66,.618,1.161,3.739,.578,2.122
101,2017,222,1540,12.2,2.192,1.14,1.098,4.703,2.335,2.046,1.299,-213.9,2.623,2.365,25.6,2.799,2.276,7.73,45.45,36.44,3.747,39.11,6.097,11.35,3.334,1.48,2.377,28.96,6.766,2.271,11.25,.649,1.104,3.555,.6,1.896
101,2017,222,1550,12.2,1.661,.84,.789,3.404,1.924,1.612,1.046,-6999,2.395,1.634,19.66,2.402,1.951,3.377,29.15,23.01,2.836,24.88,4.909,3.498,2.951,1.228,2.004,19.61,2.281,1.731,9.62,.526,.877,2.879,.511,1.683
101,2017,222,1600,12.2,1.557,.702,.62,3.049,1.872,1.326,.939,-6999,3.002,1.513,18.1,1.723,1.817,2.876,32.86,26.36,2.46,22.59,3.526,2.846,2.811,1.115,1.577,21.07,2.03,1.336,6.804,.504,.747,2.377,.439,1.255
101,2017,222,1610,12.2,1.964,.955,.758,3.885,2.159,1.559,1.044,-140.4,.744,1.466,19.44,1.946,2.289,2.819,28.06,24.54,3.199,20.45,4.111,2.338,3.382,1.264,1.785,18.47,1.959,1.58,7.71,.558,.851,2.677,.488,1.319
101,2017,222,1620,12.2,2.574,1.158,1.109,4.897,2.983,2.113,1.82,-139.9,-6.037,2.224,24.6,2.713,3.069,4.404,46.61,41.12,3.997,29.81,5.194,3.392,3.996,1.718,2.656,27.39,3.074,2.269,12.05,.816,1.29,4.43,.734,2.107
101,2017,222,1630,12.2,2.085,1.001,.927,4.398,2.693,1.74,1.359,-51.47,-11.99,1.651,19.79,2.035,2.697,3.327,26.83,25.59,3.201,23.58,4.148,1.942,3.62,1.401,2.185,21.68,2.335,1.837,9.51,.652,1.029,3.67,.65,1.569
101,2017,222,1640,12.2,1.704,.843,.835,3.439,2.092,1.518,1.798,-78.6,-11.22,1.534,17.27,2.135,2.202,3.235,26.74,24.84,2.732,21.8,4.279,2.216,2.891,1.188,2.098,20.58,2.259,1.708,10.13,.556,.949,3.424,.565,1.693
101,2017,222,1650,12.2,1.329,.607,.52,2.762,1.783,1.2,.937,-42.97,-8.14,1.121,13.18,1.453,1.775,2.299,17.87,17.92,2.224,16.29,3.065,1.626,2.544,.974,1.45,15.39,1.778,1.217,6.263,.459,.659,2.497,.447,1.104
101,2017,222,1700,12.2,1.649,.709,.518,3.268,1.535,1.059,.68,118.9,-6.903,.87,11.59,1.103,1.606,1.641,14.16,14.28,2.346,13.9,2.708,1.012,2.371,.868,1.131,11.08,1.269,1.099,4.654,.364,.563,1.723,.332,.746
101,2017,222,1710,12.2,.952,.436,.379,1.887,1.041,.685,.556,111.3,-8.4,.637,7.34,.848,.994,1.282,10.8,10.31,1.393,10.08,2.016,.813,1.371,.585,.853,8.49,.895,.786,3.98,.256,.422,1.492,.256,.602
101,2017,222,1720,12.2,.655,.308,.246,1.309,.642,.447,.315,88.6,-8.38,.379,4.904,.545,.634,.692,6.213,5.799,.982,6.233,1.384,.442,.987,.38,.478,4.896,.489,.461,2.078,.153,.253,.759,.137,.335
101,2017,222,1730,12.2,.773,.315,.265,1.401,.701,.476,.34,53.23,-9.49,.422,4.89,.486,.739,.722,6.406,6.159,1.068,6.318,1.237,.483,1.061,.397,.491,5.13,.506,.491,2.015,.181,.283,.813,.137,.347
101,2017,222,1740,12.2,.593,.265,.22,1.049,.528,.391,.27,-30.62,-9.8,.344,4.066,.439,.577,.628,5.276,5.078,.818,5.077,1.141,.384,.724,.313,.437,4.267,.431,.431,2.045,.136,.233,.675,.126,.332
101,2017,222,1750,12.2,.305,.121,.107,.494,.273,.189,.122,-40.99,-11.34,.174,2.118,.213,.265,.3,2.588,2.501,.429,2.442,.568,.225,.367,.153,.22,2.02,.225,.204,.877,.067,.114,.318,.054,.139
101,2017,222,1800,12.2,.191,.07,.055,.312,.164,.102,.069,-24.39,-13.41,.094,1.195,.121,.154,.154,1.42,1.368,.26,1.411,.339,.109,.218,.084,.116,1.086,.127,.114,.461,.034,.055,.183,.034,.079
101,2017,222,1810,12.2,.082,.034,.034,.146,.069,.045,.034,-25.02,-13.37,.045,.518,.049,.07,.069,.585,.575,.116,.617,.154,.047,.097,.037,.049,.459,.05,.047,.199,.022,.034,.077,.02,.034
101,2017,222,1820,12.2,.022,.008,.002,.032,.02,.01,.003,-37.13,-15.47,.01,.117,.012,.017,.015,.144,.144,.028,.149,.035,.013,.025,.007,.013,.122,.018,.008,.054,0,.005,.015,0,.007
101,2017,222,1830,12.2,0,0,0,0,0,0,0,-47.84,-14.82,0,.012,0,0,0,.017,.013,0,.013,0,0,0,0,0,.012,0,0,.003,0,0,0,0,0
101,2017,222,1840,12.2,0,0,0,0,0,0,0,-32.6,-17.35,0,0,0,0,0,0,0,0,0,0,0,0,0,0,0,0,0,0,0,0,0,0,0
101,2017,222,1850,12.2,0,0,0,0,0,0,0,-32.95,-18.4,0,0,0,0,0,0,0,0,0,0,0,0,0,0,0,0,0,0,0,0,0,0,0
101,2017,222,1900,12.2,0,0,0,0,0,0,0,-11.38,-19.44,0,0,0,0,0,0,0,0,0,0,0,0,0,0,0,0,0,0,0,0,0,0,0
101,2017,222,1910,12.2,0,0,0,0,0,0,0,.074,-22.93,0,0,0,0,0,0,0,0,0,0,0,0,0,0,0,0,0,0,0,0,0,0,0
101,2017,222,1920,12.2,0,0,0,0,0,0,0,12.5,-29.36,0,0,0,0,0,0,0,0,0,0,0,0,0,0,0,0,0,0,0,0,0,0,0
101,2017,222,1930,12.2,0,0,0,0,0,0,0,5.12,-27.36,0,0,0,0,0,0,0,0,0,0,0,0,0,0,0,0,0,0,0,0,0,0,0
101,2017,222,1940,12.19,0,0,0,0,0,0,0,26.64,-23.58,0,0,0,0,0,0,0,0,0,0,0,0,0,0,0,0,0,0,0,0,0,0,0
101,2017,222,1950,12.2,0,0,0,0,0,0,0,30.82,-23.66,0,0,0,0,0,0,0,0,0,0,0,0,0,0,0,0,0,0,0,0,0,0,0
101,2017,222,2000,12.2,0,0,0,0,0,0,0,21.65,-22.39,0,0,0,0,0,0,0,0,0,0,0,0,0,0,0,0,0,0,0,0,0,0,0
101,2017,222,2010,12.2,0,0,0,0,0,0,0,22.16,-23.19,0,0,0,0,0,0,0,0,0,0,0,0,0,0,0,0,0,0,0,0,0,0,0
101,2017,222,2020,12.2,0,0,0,0,0,0,0,26.58,-23.19,0,0,0,0,0,0,0,0,0,0,0,0,0,0,0,0,0,0,0,0,0,0,0
101,2017,222,2030,12.2,0,0,0,0,0,0,0,-1.43,-21.75,0,0,0,0,0,0,0,0,0,0,0,0,0,0,0,0,0,0,0,0,0,0,0
101,2017,222,2040,12.19,0,0,0,0,0,0,0,-3.392,-21.55,0,0,0,0,0,0,0,0,0,0,0,0,0,0,0,0,0,0,0,0,0,0,0
101,2017,222,2050,12.2,0,0,0,0,0,0,0,-21.11,-21.01,0,0,0,0,0,0,0,0,0,0,0,0,0,0,0,0,0,0,0,0,0,0,0
101,2017,222,2100,12.2,0,0,0,0,0,0,0,-14.47,-19.16,0,0,0,0,0,0,0,0,0,0,0,0,0,0,0,0,0,0,0,0,0,0,0
101,2017,222,2110,12.2,0,0,0,0,0,0,0,-64.12,-19.24,0,0,0,0,0,0,0,0,0,0,0,0,0,0,0,0,0,0,0,0,0,0,0
101,2017,222,2120,12.2,0,0,0,0,0,0,0,-116.6,-19.57,0,0,0,0,0,0,0,0,0,0,0,0,0,0,0,0,0,0,0,0,0,0,0
101,2017,222,2130,12.2,0,0,0,0,0,0,0,-119.3,-21.64,0,0,0,0,0,0,0,0,0,0,0,0,0,0,0,0,0,0,0,0,0,0,0
101,2017,222,2140,12.2,0,0,0,0,0,0,0,-115.3,-21.98,0,0,0,0,0,0,0,0,0,0,0,0,0,0,0,0,0,0,0,0,0,0,0
101,2017,222,2150,12.2,0,0,0,0,0,0,0,-116.9,-19.39,0,0,0,0,0,0,0,0,0,0,0,0,0,0,0,0,0,0,0,0,0,0,0
101,2017,222,2200,12.2,0,0,0,0,0,0,0,-123.9,-20.24,0,0,0,0,0,0,0,0,0,0,0,0,0,0,0,0,0,0,0,0,0,0,0
101,2017,222,2210,12.19,0,0,0,0,0,0,0,52.77,-20.33,0,0,0,0,0,0,0,0,0,0,0,0,0,0,0,0,0,0,0,0,0,0,0
101,2017,222,2220,12.19,0,0,0,0,0,0,0,158.2,-20.23,0,0,0,0,0,0,0,0,0,0,0,0,0,0,0,0,0,0,0,0,0,0,0
101,2017,222,2230,12.19,0,0,0,0,0,0,0,169.8,-20.89,0,0,0,0,0,0,0,0,0,0,0,0,0,0,0,0,0,0,0,0,0,0,0
101,2017,222,2240,12.2,0,0,0,0,0,0,0,179.9,-21.23,0,0,0,0,0,0,0,0,0,0,0,0,0,0,0,0,0,0,0,0,0,0,0
101,2017,222,2250,12.19,0,0,0,0,0,0,0,169.2,-19.41,0,0,0,0,0,0,0,0,0,0,0,0,0,0,0,0,0,0,0,0,0,0,0
101,2017,222,2300,12.19,0,0,0,0,0,0,0,217.9,-21.85,0,0,0,0,0,0,0,0,0,0,0,0,0,0,0,0,0,0,0,0,0,0,0
101,2017,222,2310,12.19,0,0,0,0,0,0,0,159.6,-23.23,0,0,0,0,0,0,0,0,0,0,0,0,0,0,0,0,0,0,0,0,0,0,0
101,2017,222,2320,12.19,0,0,0,0,0,0,0,174.5,-26.18,0,0,0,0,0,0,0,0,0,0,0,0,0,0,0,0,0,0,0,0,0,0,0
101,2017,222,2330,12.19,0,0,0,0,0,0,0,155.5,-26.84,0,0,0,0,0,0,0,0,0,0,0,0,0,0,0,0,0,0,0,0,0,0,0
101,2017,222,2340,12.19,0,0,0,0,0,0,0,166.2,-27.66,0,0,0,0,0,0,0,0,0,0,0,0,0,0,0,0,0,0,0,0,0,0,0
101,2017,222,2350,12.19,0,0,0,0,0,0,0,156.8,-29.96,0,0,0,0,0,0,0,0,0,0,0,0,0,0,0,0,0,0,0,0,0,0,0
101,2017,222,2400,12.19,0,0,0,0,0,0,0,154.9,-30.37,0,0,0,0,0,0,0,0,0,0,0,0,0,0,0,0,0,0,0,0,0,0,0
101,2017,223,10,12.19,0,0,0,0,0,0,0,159.2,-31.67,0,0,0,0,0,0,0,0,0,0,0,0,0,0,0,0,0,0,0,0,0,0,0
101,2017,223,20,12.19,0,0,0,0,0,0,0,118,-29.61,0,0,0,0,0,0,0,0,0,0,0,0,0,0,0,0,0,0,0,0,0,0,0
101,2017,223,30,12.19,0,0,0,0,0,0,0,112.3,-28.57,0,0,0,0,0,0,0,0,0,0,0,0,0,0,0,0,0,0,0,0,0,0,0
101,2017,223,40,12.19,0,0,0,0,0,0,0,102.9,-28.85,0,0,0,0,0,0,0,0,0,0,0,0,0,0,0,0,0,0,0,0,0,0,0
101,2017,223,50,12.19,0,0,0,0,0,0,0,63.81,-27.99,0,0,0,0,0,0,0,0,0,0,0,0,0,0,0,0,0,0,0,0,0,0,0
101,2017,223,100,12.19,0,0,0,0,0,0,0,29.68,-26.13,0,0,0,0,0,0,0,0,0,0,0,0,0,0,0,0,0,0,0,0,0,0,0
101,2017,223,110,12.19,0,0,0,0,0,0,0,37.56,-25.33,0,0,0,0,0,0,0,0,0,0,0,0,0,0,0,0,0,0,0,0,0,0,0
101,2017,223,120,12.19,0,0,0,0,0,0,0,40.38,-23.1,0,0,0,0,0,0,0,0,0,0,0,0,0,0,0,0,0,0,0,0,0,0,0
101,2017,223,130,12.19,0,0,0,0,0,0,0,79.4,-22.82,0,0,0,0,0,0,0,0,0,0,0,0,0,0,0,0,0,0,0,0,0,0,0
101,2017,223,140,12.19,0,0,0,0,0,0,0,67.92,-21.82,0,0,0,0,0,0,0,0,0,0,0,0,0,0,0,0,0,0,0,0,0,0,0
101,2017,223,150,12.19,0,0,0,0,0,0,0,69.73,-21.93,0,0,0,0,0,0,0,0,0,0,0,0,0,0,0,0,0,0,0,0,0,0,0
101,2017,223,200,12.19,0,0,0,0,0,0,0,65.64,-22.15,0,0,0,0,0,0,0,0,0,0,0,0,0,0,0,0,0,0,0,0,0,0,0
101,2017,223,210,12.19,0,0,0,0,0,0,0,68.37,-22.44,0,0,0,0,0,0,0,0,0,0,0,0,0,0,0,0,0,0,0,0,0,0,0
101,2017,223,220,12.19,0,0,0,0,0,0,0,77.6,-23.67,0,0,0,0,0,0,0,0,0,0,0,0,0,0,0,0,0,0,0,0,0,0,0
101,2017,223,230,12.19,0,0,0,0,0,0,0,79.3,-25.13,0,0,0,0,0,0,0,0,0,0,0,0,0,0,0,0,0,0,0,0,0,0,0
101,2017,223,240,12.19,0,0,0,0,0,0,0,60.06,-28.93,0,0,0,0,0,0,0,0,0,0,0,0,0,0,0,0,0,0,0,0,0,0,0
101,2017,223,250,12.19,0,0,0,0,0,0,0,64.65,-29.06,0,0,0,0,0,0,0,0,0,0,0,0,0,0,0,0,0,0,0,0,0,0,0
101,2017,223,300,12.2,0,0,0,0,0,0,0,70.7,-29.3,0,0,0,0,0,0,0,0,0,0,0,0,0,0,0,0,0,0,0,0,0,0,0
101,2017,223,310,12.19,0,0,0,0,0,0,0,86.1,-28.56,0,0,0,0,0,0,0,0,0,0,0,0,0,0,0,0,0,0,0,0,0,0,0
101,2017,223,320,12.19,0,0,0,0,0,0,0,91.7,-28.47,0,0,0,0,0,0,0,0,0,0,0,0,0,0,0,0,0,0,0,0,0,0,0
101,2017,223,330,12.2,0,0,0,0,0,0,0,80,-27.77,0,0,0,0,0,0,0,0,0,0,0,0,0,0,0,0,0,0,0,0,0,0,0
101,2017,223,340,12.19,0,0,0,0,0,0,0,64.76,-27.57,0,0,0,0,0,0,0,0,0,0,0,0,0,0,0,0,0,0,0,0,0,0,0
101,2017,223,350,12.19,0,0,0,0,0,0,0,55.26,-25.61,0,0,0,0,0,0,0,0,0,0,0,0,0,0,0,0,0,0,0,0,0,0,0
101,2017,223,400,12.19,0,0,0,0,0,0,0,58.29,-25.92,0,0,0,0,0,0,0,0,0,0,0,0,0,0,0,0,0,0,0,0,0,0,0
101,2017,223,410,12.19,0,0,0,0,0,0,0,57.94,-26.7,0,0,0,0,0,0,0,0,0,0,0,0,0,0,0,0,0,0,0,0,0,0,0
101,2017,223,420,12.19,0,0,0,0,0,0,0,49.97,-26.66,0,0,0,0,0,0,0,0,0,0,0,0,0,0,0,0,0,0,0,0,0,0,0
101,2017,223,430,12.19,0,0,0,0,0,0,0,37.55,-25.87,0,0,0,0,0,0,0,0,0,0,0,0,0,0,0,0,0,0,0,0,0,0,0
101,2017,223,440,12.19,0,0,0,0,0,0,0,54.64,-24.09,0,0,0,0,0,0,0,0,0,0,0,0,0,0,0,0,0,0,0,0,0,0,0
101,2017,223,450,12.2,0,0,0,0,0,0,0,42.99,-23.51,0,0,0,0,0,0,0,0,0,0,0,0,0,0,0,0,0,0,0,0,0,0,0
101,2017,223,500,12.2,0,0,0,0,0,0,0,42.11,-24.66,0,0,0,0,0,0,0,0,0,0,0,0,0,0,0,0,0,0,0,0,0,0,0
101,2017,223,510,12.19,0,0,0,0,0,0,0,32.53,-25.39,0,0,0,0,0,0,0,0,0,0,0,0,0,0,0,0,0,0,0,0,0,0,0
101,2017,223,520,12.19,0,0,0,0,0,0,0,30.14,-26.29,0,0,0,0,0,0,0,0,0,0,0,0,0,0,0,0,0,0,0,0,0,0,0
101,2017,223,530,12.19,0,0,0,0,0,0,0,36.93,-28.24,0,0,0,0,0,0,0,0,0,0,0,0,0,0,0,0,0,0,0,0,0,0,0
101,2017,223,540,12.19,0,0,0,0,0,0,0,21.54,-27.37,0,0,0,0,0,0,0,0,0,0,0,0,0,0,0,0,0,0,0,0,0,0,0
101,2017,223,550,12.19,0,0,0,0,0,0,0,5.765,-25.85,0,0,0,0,0,0,0,0,0,0,0,0,0,0,0,0,0,0,0,0,0,0,0
101,2017,223,600,12.19,0,0,0,0,0,0,0,8.01,-27.07,0,0,0,0,0,0,0,0,0,0,0,0,0,0,0,0,0,0,0,0,0,0,0
101,2017,223,610,12.19,0,0,0,0,0,0,0,8.65,-28.22,0,0,0,0,0,0,0,0,0,0,0,0,0,0,0,0,0,0,0,0,0,0,0
101,2017,223,620,12.19,0,0,0,0,0,0,0,3.382,-29.49,0,0,0,0,0,0,0,0,0,0,0,0,0,0,0,0,0,0,0,0,0,0,0
101,2017,223,630,12.19,0,0,0,0,0,0,0,17.07,-30.27,0,.008,0,0,0,.003,.007,0,.005,0,0,0,0,0,.002,0,0,0,0,0,0,0,0
101,2017,223,640,12.19,.01,.002,0,.027,.008,.005,0,13.7,-29.8,.002,.121,.008,.01,.007,.075,.077,.025,.085,.023,.005,.025,.007,.005,.064,.008,.007,.018,0,0,.008,0,0
101,2017,223,650,12.19,.062,.034,.023,.139,.06,.04,.027,11.62,-31.48,.03,.597,.039,.055,.045,.447,.446,.117,.446,.121,.037,.139,.042,.045,.382,.049,.04,.117,.017,.023,.054,.013,.028
101,2017,223,700,12.19,.168,.075,.049,.37,.169,.111,.064,19.28,-30.94,.082,1.612,.102,.151,.134,1.277,1.304,.312,1.207,.328,.091,.377,.112,.131,1.111,.137,.111,.328,.034,.05,.147,.034,.049
101,2017,223,710,12.19,.3,.137,.089,.649,.303,.198,.116,16.75,-32.31,.144,2.918,.183,.275,.243,2.356,2.423,.521,2.182,.548,.164,.662,.201,.233,2.066,.246,.196,.556,.06,.094,.273,.064,.096
101,2017,223,720,12.19,.436,.208,.137,1.006,.436,.295,.169,19.84,-31.74,.211,4.52,.27,.402,.349,3.483,3.595,.811,3.302,.841,.241,1.022,.308,.349,3.045,.355,.29,.82,.099,.137,.394,.096,.142
101,2017,223,730,12.19,.551,.272,.178,1.332,.555,.399,.218,20.29,-31.65,.292,6.303,.35,.496,.437,5.192,4.639,1.104,4.406,1.14,.325,1.359,.407,.442,3.987,.459,.385,1.096,.112,.176,.484,.122,.178
101,2017,223,740,12.19,.662,.323,.221,1.612,.672,.464,.273,15.23,-31.7,.37,25.17,.489,.618,.612,8.49,5.578,1.487,5.973,1.396,.382,1.663,.476,.553,4.714,.556,.458,1.307,.153,.223,.583,.158,.226
101,2017,223,750,12.19,.769,.379,.273,1.875,.786,.565,.32,18.14,-32.13,.437,54.27,.902,.789,.763,9.13,6.404,1.708,8.68,1.622,.434,2.578,.721,.776,5.288,.637,.541,1.487,.171,.253,.657,.169,.265
101,2017,223,800,12.19,.845,.421,.315,2.075,.892,.655,.369,5.539,-31.73,.474,62.77,1.18,.962,.866,9.57,6.818,1.865,11.79,1.817,.451,12.23,1.279,3.362,5.735,.701,.598,1.637,.206,.297,.717,.199,.302
101,2017,223,810,12.19,1.058,2.514,.372,2.313,1.039,.791,.419,.072,-31.26,.543,70.7,1.336,1.135,.985,9.67,7.46,2.065,42.21,2.103,.488,21.03,8.79,1.274,6.132,.783,.674,1.787,.235,.335,.778,.223,.357
101,2017,223,820,12.19,1.15,6.184,.429,2.547,1.2,.939,.496,-9.57,-30.73,.612,77.2,1.386,1.304,1.036,9.71,7.98,2.246,50.81,2.449,.536,24.71,2.755,10.37,7.46,.833,.737,1.909,.255,.369,.82,.235,.384
101,2017,223,830,12.19,1.093,.551,.466,2.775,1.433,1.255,.543,-21.77,-31.18,.667,83.1,1.46,1.418,1.111,10.09,8.42,2.459,56.44,4.151,.582,27.6,1.756,1.502,11.46,.893,.799,2.016,.292,.392,.868,.263,.427
101,2017,223,840,12.2,1.207,.573,.526,3.111,1.699,1.436,.64,-32.67,-31.33,.729,88.1,1.384,1.544,1.192,10.59,14.48,2.723,61.55,6.86,.615,30.24,1.807,12.12,11.11,.955,.868,2.127,.302,.508,.913,.293,.436