101,2017,209,1150,12.31,2.811,1.683,1.333,16.61,2.563,2.131,1.042,-32.03,-3.122,1.504,113.7,18.46,1.948,22.28,80.7,16.52,67.98,104.1,93.2,3.154,4.322,1.588,2.434,38.25,2.715,12.56,64.72,.667,1.055,2.347,.789,1.221
101,2017,209,1200,12.31,2.975,1.863,1.621,20.07,2.906,4.04,1.189,-30.49,-2.923,1.816,115.7,17.87,2.057,21.42,85.9,18.97,7.04,106.8,58.36,3.715,4.656,1.677,2.734,41.22,3.385,2.847,67.39,.849,1.229,2.673,.848,1.636
101,2017,209,1210,12.31,3.161,2.208,6.964,18.45,3.318,9.59,1.204,-23.86,-2.955,2.169,98.4,4.412,2.39,15.81,75.9,22.12,6.443,91.2,74.5,3.988,4.871,1.75,3.13,38.37,3.447,5.221,56.95,.794,1.337,2.851,.806,1.916
101,2017,209,1220,12.31,4.51,2.973,1.775,10.47,3.258,6.177,1.157,-27.6,-3.229,2.043,47.34,3.897,2.254,4.559,38.74,26.91,6.602,43.43,20.51,3.556,4.678,1.697,3.378,23.93,3.628,3.861,21.02,.551,1.308,2.782,.593,1.65
101,2017,209,1230,12.31,5.14,2.882,2.012,10.22,4.035,3.445,1.65,-29.64,-2.7,2.459,51.06,4.85,3.135,5.202,46.82,37.46,7.47,48.74,19.97,4.472,4.842,2.084,3.862,31.16,4.639,4.495,24.45,.858,1.8,4.502,.764,4.375
101,2017,209,1240,12.31,4.695,2.73,2.253,10.14,4.423,3.591,1.889,-24.21,-2.547,2.703,49.19,5.71,3.269,5.14,49.01,39.65,8.89,47.65,16.12,5.792,5.093,2.174,4.432,33.58,5.556,4.633,23.48,.968,1.98,5.544,.953,2.794
101,2017,209,1250,12.31,6.822,3.37,2.489,12.17,12.17,4.237,2.229,-25.73,-2.043,3.311,89.2,6.617,4.02,6.262,87.3,56.74,23.79,88.4,52.79,28.9,6.078,2.75,5.43,53.6,15.8,14.96,56.9,1.249,11.45,6.435,1.338,3.345
101,2017,209,1300,12.31,4.12,2.829,2.377,8.83,5.224,5.308,2.117,-25.86,-2.68,3.016,61.14,6.088,3.529,5.49,63.31,42.81,8.49,60.81,24.32,12.33,4.942,2.167,5.205,40.92,11.11,5.812,36.45,1.064,6.512,6.112,1.167,3.127
101,2017,209,1310,12.31,4.658,2.469,3.894,9.28,3.825,3.467,2.06,-28.29,-2.752,2.944,72.5,5.619,3.537,5.726,75.2,38.84,7.64,73.6,12.57,8.26,4.844,2.254,5.336,47.13,5.065,13.55,49.62,1.114,3.057,5.839,1.177,3.135
101,2017,209,1320,12.31,4.144,2.104,3.517,8.47,3.666,2.995,2.11,-34.69,-2.671,2.628,93.9,5.063,3.482,5.169,97.4,31.76,6.89,95.9,10.41,6.513,4.991,2.279,5.058,57.15,3.998,50.1,74,1.132,2.581,5.55,1.288,2.918
101,2017,209,1330,12.31,3.799,1.933,1.941,7.14,8.76,2.236,1.965,-35.14,-2.733,2.554,92.6,12.81,2.388,3.974,97.4,23.1,6.075,95,8.46,5.656,4.142,1.849,11.97,54.77,3.631,51.4,76.4,.963,1.792,4.041,1.043,2.132
101,2017,209,1340,12.31,2.328,1.38,1.114,4.688,5.443,1.939,5.035,-33.86,-1.527,2.233,87.2,39.78,2.033,3.857,96.4,19.21,4.643,90.9,7.36,5.154,3.509,1.64,85.5,53.88,3.154,39.94,77.1,.95,1.673,3.912,.958,1.978
101,2017,209,1350,12.31,2.092,1.35,1.017,4.355,12.91,1.857,3.78,-34.8,-1.665,2.013,83.3,58.52,1.904,3.758,95.6,17.85,4.283,88.2,11.31,4.956,4.661,1.556,29.01,53.27,2.916,12.7,76.8,.883,10.12,3.767,.945,1.901
101,2017,209,1400,12.32,2.027,1.122,1.685,4.274,2.13,2.137,1.273,-38.74,-2.611,2.181,79.3,47.19,1.869,3.84,94.4,17.45,4.135,84.9,7.47,16.21,4.427,1.514,2.784,52.81,2.805,6.227,75.6,.891,5.105,3.728,.931,1.903
101,2017,209,1410,12.31,2.027,1.104,4.051,4.321,2.194,1.879,1.315,-33.72,-2.023,2.403,76.2,31.17,1.928,4.174,94.8,19.44,4.244,83,6.971,24.32,4.787,1.519,3.135,53.03,3.06,3.037,75,.913,1.789,3.757,.919,2.053
101,2017,209,1420,12.32,2.077,1.177,1.115,4.311,2.246,4.268,1.46,-35.91,-1.723,3.033,69.64,6.984,2.157,4.917,90.2,21.37,4.381,77,8.09,5.634,4.145,1.965,10.43,51.05,3.524,3.328,69.63,.951,3.142,3.38,.941,2.524
101,2017,209,1430,12.32,1.951,1.053,1.042,4.246,2.244,6.299,1.831,-35.68,-1.471,4.522,64.19,4.313,2.078,6.81,87,21.83,4.301,72.2,14.49,6.691,4.539,5.82,3.914,48.91,3.728,2.948,65.61,.985,8.08,3.142,.772,2.608
101,2017,209,1440,12.32,1.909,.973,.951,4.087,2.135,2.048,1.492,-43.48,-1.844,5.112,59.01,3.785,2.094,6.462,84.6,26.48,4.279,67.3,7.11,8.47,3.675,39.38,15.4,47.26,3.864,2.75,61.78,1.059,1.68,3.028,.678,2.588
101,2017,209,1450,12.32,2.757,1.345,1.316,5.698,2.671,3.006,1.72,-39.71,-1.675,15.55,63.1,4.507,2.524,7.94,93.6,39.24,5.236,73.5,8.26,10.73,4.18,24.14,6.236,52.86,37.37,3.505,68.46,1.777,1.871,3.562,.772,2.958
101,2017,209,1500,12.32,2.092,.925,1.045,4.371,2.413,2.261,5.031,-47.29,-.702,2.944,35.43,3.717,2.276,8.33,51.39,26.23,4.06,39.02,6.731,7.52,3.328,1.616,3.065,30.94,13.9,2.534,29.02,5.463,1.524,3.402,.573,2.656
101,2017,209,1510,12.32,1.816,.809,.861,3.732,2.614,2.167,5.688,-46.6,-.583,2.686,32.63,3.145,1.893,9.51,51.25,24.55,3.465,36.82,5.505,16.04,3.038,1.353,2.782,30.47,6.721,2.176,16.4,7.21,1.722,3.092,.514,2.13
101,2017,209,1520,12.31,2.571,1.147,.992,5.217,2.395,2.139,1.316,-48.09,-3.052,5.49,31.51,2.702,2.174,6.088,49.52,31.89,4.015,35.94,5.631,23.36,3.418,1.367,5.611,31.47,3.165,2.244,11.4,4.323,1.295,3.544,.556,2.022
101,2017,209,1530,12.31,1.782,.796,.893,3.944,3.906,9.65,1.383,-40.18,-3.243,17.44,28.36,2.63,2.033,4.507,50.33,37.93,3.412,33.17,5.319,13.49,3.09,1.323,2.38,30.88,3.311,2.02,10.53,.945,1.223,3.688,.585,1.901
101,2017,209,1540,12.31,1.41,.672,.916,3.058,1.806,4.157,1.129,-48.16,-3.611,32.51,30.9,2.497,1.633,4.172,69.8,51.57,3.005,42.15,8.78,21.22,2.728,1.154,2.022,38.93,4.187,1.807,8.77,.74,1.169,2.929,.506,1.675
101,2017,209,1550,12.31,1.273,.578,4.335,2.754,1.579,1.278,.973,-30.97,-3.966,8.76,26.15,2.07,1.414,5.39,65.98,48.53,2.678,37.63,17.46,20.67,2.512,1.003,1.683,20.27,2.134,1.442,7.03,.583,.931,2.429,.434,1.36
101,2017,209,1600,12.31,1.142,.518,.92,2.482,1.404,1.08,.863,-27.7,-4.487,1.462,21.83,1.775,1.261,3.817,61.45,44.74,2.394,32.73,10.78,16.32,2.327,.889,1.466,14.46,1.863,1.178,5.904,.474,.732,2.164,.402,1.132
101,2017,209,1610,12.31,1.09,.494,.497,2.372,1.291,.955,.782,-27.24,-4.871,1.178,18.78,1.591,1.132,2.328,58.83,42.01,2.283,29.09,5.779,8.14,2.221,.863,1.328,13.1,1.727,1.012,5.025,.43,.59,1.948,.372,.938
101,2017,209,1620,12.31,1.018,.444,.446,2.245,1.208,.888,.719,-26.83,-5.082,1.022,15.71,1.355,1.047,2.055,52.22,36.56,2.126,18.84,3.298,2.712,2.134,.779,1.248,12.28,1.655,.923,4.573,.397,.516,1.796,.342,.856
101,2017,209,1630,12.31,1.02,.444,.431,2.273,1.198,.849,.702,-26.82,-5.253,.938,13.42,1.126,1.002,1.829,48.98,33.67,2.04,12.87,2.973,2.28,2.089,.767,2.322,11.87,1.662,.863,4.315,.375,.476,1.722,.322,.801
101,2017,209,1640,12.31,.886,.414,.377,1.941,1.054,.719,.61,-26.62,-5.468,.797,10.43,.958,.884,1.524,43.01,24.93,1.735,9.66,2.409,1.885,1.89,.673,1.072,10.78,2.295,.766,3.767,.327,.425,1.521,.286,.687
101,2017,209,1650,12.31,.804,.38,.332,1.762,.95,.633,.519,-25.79,-5.643,.712,9.28,.831,.799,1.347,21.77,11.51,1.548,8.5,2.079,1.622,1.719,.605,.878,10.03,6.645,.677,3.22,.29,.387,1.328,.258,.593
101,2017,209,1700,12.31,.724,.335,.28,1.61,.859,.544,.437,-26.29,-6.092,.556,8.02,.673,.717,1.104,20.34,9.92,1.367,7.14,1.757,1.226,1.555,.543,.745,10.74,4.816,.576,2.674,.245,.335,1.124,.224,.471
101,2017,209,1710,12.31,.662,.31,.268,1.489,.794,.519,.417,-25.6,-6.364,.539,7.41,.655,.673,1.072,12.08,9.04,1.285,6.742,1.643,1.221,1.402,.491,.7,12.59,1.427,.554,2.593,.231,.317,1.052,.201,.474
101,2017,209,1720,12.31,.601,.283,.233,1.332,.734,.454,.375,-25.7,-6.641,.461,6.207,.544,.6,.876,8.6,7.3,1.079,5.679,1.342,.878,1.164,.427,.598,6.563,.756,.486,2.313,.201,.288,1.012,.196,.422
101,2017,209,1730,12.31,.496,.219,.178,1.097,.548,.337,.258,-25.94,-7.3,.327,4.346,.355,.464,.556,5.371,5.195,.794,3.888,.878,.499,.895,.328,.414,4.5,.456,.38,1.519,.137,.204,.637,.131,.27
101,2017,209,1740,12.31,.362,.147,.112,.719,.377,.216,.159,-25.75,-8.66,.191,2.63,.216,.315,.352,3.282,3.203,.501,2.315,.511,.278,.539,.198,.261,2.786,.308,.23,.868,.08,.124,.405,.077,.157
101,2017,209,1750,12.31,.23,.092,.067,.457,.236,.137,.095,-24.07,-9.53,.119,1.682,.137,.201,.218,2.034,1.985,.345,1.461,.367,.174,.377,.127,.164,1.719,.198,.144,.524,.06,.074,.243,.049,.094
101,2017,209,1800,12.31,.127,.05,.04,.263,.131,.075,.055,-24.1,-10.04,.064,.933,.077,.109,.117,1.084,1.074,.194,.801,.206,.097,.214,.072,.092,.932,.107,.082,.308,.032,.044,.136,.034,.055
101,2017,209,1810,12.31,.047,.015,.007,.092,.049,.025,.02,-24.9,-11.87,.023,.337,.027,.045,.049,.384,.38,.069,.3,.075,.039,.074,.025,.039,.34,.044,.028,.119,0,.013,.049,.003,.015
101,2017,209,1820,12.31,0,0,0,.012,0,0,0,-23.71,-13.39,0,.052,0,0,.002,.07,.067,.01,.045,.01,0,.008,0,0,.062,0,0,.018,0,0,.002,0,0
101,2017,209,1830,12.31,0,0,0,0,0,0,0,-22.43,-13.69,0,0,0,0,0,0,0,0,0,0,0,0,0,0,0,0,0,0,0,0,0,0,0
101,2017,209,1840,12.3,0,0,0,0,0,0,0,-22.35,-15,0,0,0,0,0,0,0,0,0,0,0,0,0,0,0,0,0,0,0,0,0,0,0
101,2017,209,1850,12.3,0,0,0,0,0,0,0,-21.66,-14.65,0,0,0,0,0,0,0,0,0,0,0,0,0,0,0,0,0,0,0,0,0,0,0
101,2017,209,1900,12.3,0,0,0,0,0,0,0,-21.65,-14.66,0,0,0,0,0,0,0,0,0,0,0,0,0,0,0,0,0,0,0,0,0,0,0
101,2017,209,1910,12.3,0,0,0,0,0,0,0,-22.13,-15.37,0,0,0,0,0,0,0,0,0,0,0,0,0,0,0,0,0,0,0,0,0,0,0
101,2017,209,1920,12.3,0,0,0,0,0,0,0,-20.66,-15.91,0,0,0,0,0,0,0,0,0,0,0,0,0,0,0,0,0,0,0,0,0,0,0
101,2017,209,1930,12.3,0,0,0,0,0,0,0,-21.79,-15.77,0,0,0,0,0,0,0,0,0,0,0,0,0,0,0,0,0,0,0,0,0,0,0
101,2017,209,1940,12.3,0,0,0,0,0,0,0,-21.76,-15.6,0,0,0,0,0,0,0,0,0,0,0,0,0,0,0,0,0,0,0,0,0,0,0
101,2017,209,1950,12.3,0,0,0,0,0,0,0,-18.86,-13.33,0,0,0,0,0,0,0,0,0,0,0,0,0,0,0,0,0,0,0,0,0,0,0
101,2017,209,2000,12.3,0,0,0,0,0,0,0,-19,-12.35,0,0,0,0,0,0,0,0,0,0,0,0,0,0,0,0,0,0,0,0,0,0,0
101,2017,209,2010,12.3,0,0,0,0,0,0,0,-19.46,-13.65,0,0,0,0,0,0,0,0,0,0,0,0,0,0,0,0,0,0,0,0,0,0,0
101,2017,209,2020,12.3,0,0,0,0,0,0,0,-21.05,-14.72,0,0,0,0,0,0,0,0,0,0,0,0,0,0,0,0,0,0,0,0,0,0,0
101,2017,209,2030,12.3,0,0,0,0,0,0,0,-21.33,-15.74,0,0,0,0,0,0,0,0,0,0,0,0,0,0,0,0,0,0,0,0,0,0,0
101,2017,209,2040,12.3,0,0,0,0,0,0,0,-22.31,-15.54,0,0,0,0,0,0,0,0,0,0,0,0,0,0,0,0,0,0,0,0,0,0,0
101,2017,209,2050,12.3,0,0,0,0,0,0,0,-21.84,-15.37,0,0,0,0,0,0,0,0,0,0,0,0,0,0,0,0,0,0,0,0,0,0,0
101,2017,209,2100,12.3,0,0,0,0,0,0,0,-21.1,-15.28,0,0,0,0,0,0,0,0,0,0,0,0,0,0,0,0,0,0,0,0,0,0,0
101,2017,209,2110,12.3,0,0,0,0,0,0,0,-20.63,-14.93,0,0,0,0,0,0,0,0,0,0,0,0,0,0,0,0,0,0,0,0,0,0,0
101,2017,209,2120,12.3,0,0,0,0,0,0,0,-20.15,-14.66,0,0,0,0,0,0,0,0,0,0,0,0,0,0,0,0,0,0,0,0,0,0,0
101,2017,209,2130,12.3,0,0,0,0,0,0,0,-18.8,-14.83,0,0,0,0,0,0,0,0,0,0,0,0,0,0,0,0,0,0,0,0,0,0,0
101,2017,209,2140,12.3,0,0,0,0,0,0,0,-19.04,-14.91,0,0,0,0,0,0,0,0,0,0,0,0,0,0,0,0,0,0,0,0,0,0,0
101,2017,209,2150,12.29,0,0,0,0,0,0,0,-15.56,-14.67,0,0,0,0,0,0,0,0,0,0,0,0,0,0,0,0,0,0,0,0,0,0,0
101,2017,209,2200,12.29,0,0,0,0,0,0,0,-15.22,-14.52,0,0,0,0,0,0,0,0,0,0,0,0,0,0,0,0,0,0,0,0,0,0,0
101,2017,209,2210,12.29,0,0,0,0,0,0,0,-13.99,-14.58,0,0,0,0,0,0,0,0,0,0,0,0,0,0,0,0,0,0,0,0,0,0,0
101,2017,209,2220,12.29,0,0,0,0,0,0,0,-13.04,-14.81,0,0,0,0,0,0,0,0,0,0,0,0,0,0,0,0,0,0,0,0,0,0,0
101,2017,209,2230,12.29,0,0,0,0,0,0,0,-12.47,-14.9,0,0,0,0,0,0,0,0,0,0,0,0,0,0,0,0,0,0,0,0,0,0,0
101,2017,209,2240,12.29,0,0,0,0,0,0,0,-12.38,-13.96,0,0,0,0,0,0,0,0,0,0,0,0,0,0,0,0,0,0,0,0,0,0,0
101,2017,209,2250,12.29,0,0,0,0,0,0,0,-12.14,-13.16,0,0,0,0,0,0,0,0,0,0,0,0,0,0,0,0,0,0,0,0,0,0,0
101,2017,209,2300,12.29,0,0,0,0,0,0,0,-12.72,-13.19,0,0,0,0,0,0,0,0,0,0,0,0,0,0,0,0,0,0,0,0,0,0,0
101,2017,209,2310,12.29,0,0,0,0,0,0,0,-13.19,-12.62,0,0,0,0,0,0,0,0,0,0,0,0,0,0,0,0,0,0,0,0,0,0,0
101,2017,209,2320,12.29,0,0,0,0,0,0,0,-13.98,-12.53,0,0,0,0,0,0,0,0,0,0,0,0,0,0,0,0,0,0,0,0,0,0,0
101,2017,209,2330,12.29,0,0,0,0,0,0,0,-14.63,-12.76,0,0,0,0,0,0,0,0,0,0,0,0,0,0,0,0,0,0,0,0,0,0,0
101,2017,209,2340,12.29,0,0,0,0,0,0,0,-14.29,-12.32,0,0,0,0,0,0,0,0,0,0,0,0,0,0,0,0,0,0,0,0,0,0,0
101,2017,209,2350,12.29,0,0,0,0,0,0,0,-14.56,-12.25,0,0,0,0,0,0,0,0,0,0,0,0,0,0,0,0,0,0,0,0,0,0,0
101,2017,209,2400,12.29,0,0,0,0,0,0,0,-14.59,-12.12,0,0,0,0,0,0,0,0,0,0,0,0,0,0,0,0,0,0,0,0,0,0,0
101,2017,210,10,12.29,0,0,0,0,0,0,0,-14.81,-12.15,0,0,0,0,0,0,0,0,0,0,0,0,0,0,0,0,0,0,0,0,0,0,0
101,2017,210,20,12.29,0,0,0,0,0,0,0,-14.64,-12.04,0,0,0,0,0,0,0,0,0,0,0,0,0,0,0,0,0,0,0,0,0,0,0
101,2017,210,30,12.29,0,0,0,0,0,0,0,-14.36,-12.18,0,0,0,0,0,0,0,0,0,0,0,0,0,0,0,0,0,0,0,0,0,0,0
101,2017,210,40,12.29,0,0,0,0,0,0,0,-14.57,-12.1,0,0,0,0,0,0,0,0,0,0,0,0,0,0,0,0,0,0,0,0,0,0,0
101,2017,210,50,12.29,0,0,0,0,0,0,0,-13.81,-12,0,0,0,0,0,0,0,0,0,0,0,0,0,0,0,0,0,0,0,0,0,0,0
101,2017,210,100,12.29,0,0,0,0,0,0,0,-13.87,-12.14,0,0,0,0,0,0,0,0,0,0,0,0,0,0,0,0,0,0,0,0,0,0,0
101,2017,210,110,12.29,0,0,0,0,0,0,0,-13.92,-12.18,0,0,0,0,0,0,0,0,0,0,0,0,0,0,0,0,0,0,0,0,0,0,0
101,2017,210,120,12.29,0,0,0,0,0,0,0,-14.91,-12.38,0,0,0,0,0,0,0,0,0,0,0,0,0,0,0,0,0,0,0,0,0,0,0
101,2017,210,130,12.29,0,0,0,0,0,0,0,-14.6,-12.36,0,0,0,0,0,0,0,0,0,0,0,0,0,0,0,0,0,0,0,0,0,0,0
101,2017,210,140,12.29,0,0,0,0,0,0,0,-13.64,-10.91,0,0,0,0,0,0,0,0,0,0,0,0,0,0,0,0,0,0,0,0,0,0,0
101,2017,210,150,12.29,0,0,0,0,0,0,0,-12.86,-9.52,0,0,0,0,0,0,0,0,0,0,0,0,0,0,0,0,0,0,0,0,0,0,0
101,2017,210,200,12.29,0,0,0,0,0,0,0,-12.93,-9.35,0,0,0,0,0,0,0,0,0,0,0,0,0,0,0,0,0,0,0,0,0,0,0
101,2017,210,210,12.29,0,0,0,0,0,0,0,-14.78,-9.9,0,0,0,0,0,0,0,0,0,0,0,0,0,0,0,0,0,0,0,0,0,0,0
101,2017,210,220,12.29,0,0,0,0,0,0,0,-14.73,-10.32,0,0,0,0,0,0,0,0,0,0,0,0,0,0,0,0,0,0,0,0,0,0,0
101,2017,210,230,12.29,0,0,0,0,0,0,0,-13.42,-10.36,0,0,0,0,0,0,0,0,0,0,0,0,0,0,0,0,0,0,0,0,0,0,0
101,2017,210,240,12.29,0,0,0,0,0,0,0,-13.16,-10.16,0,0,0,0,0,0,0,0,0,0,0,0,0,0,0,0,0,0,0,0,0,0,0
101,2017,210,250,12.29,0,0,0,0,0,0,0,-13.48,-10.03,0,0,0,0,0,0,0,0,0,0,0,0,0,0,0,0,0,0,0,0,0,0,0
101,2017,210,300,12.29,0,0,0,0,0,0,0,-12.74,-10.31,0,0,0,0,0,0,0,0,0,0,0,0,0,0,0,0,0,0,0,0,0,0,0
101,2017,210,310,12.29,0,0,0,0,0,0,0,-9.6,-9.74,0,0,0,0,0,0,0,0,0,0,0,0,0,0,0,0,0,0,0,0,0,0,0
101,2017,210,320,12.29,0,0,0,0,0,0,0,-7.7,-9.7,0,0,0,0,0,0,0,0,0,0,0,0,0,0,0,0,0,0,0,0,0,0,0
101,2017,210,330,12.29,0,0,0,0,0,0,0,-16.27,-9.02,0,0,0,0,0,0,0,0,0,0,0,0,0,0,0,0,0,0,0,0,0,0,0
101,2017,210,340,12.29,0,0,0,0,0,0,0,-16.17,-8.67,0,0,0,0,0,0,0,0,0,0,0,0,0,0,0,0,0,0,0,0,0,0,0
101,2017,210,350,12.29,0,0,0,0,0,0,0,-14.46,-8.02,0,0,0,0,0,0,0,0,0,0,0,0,0,0,0,0,0,0,0,0,0,0,0
101,2017,210,400,12.29,0,0,0,0,0,0,0,-17.64,-7.5,0,0,0,0,0,0,0,0,0,0,0,0,0,0,0,0,0,0,0,0,0,0,0
101,2017,210,410,12.29,0,0,0,0,0,0,0,-8.8,-7.18,0,0,0,0,0,0,0,0,0,0,0,0,0,0,0,0,0,0,0,0,0,0,0
101,2017,210,420,12.29,0,0,0,0,0,0,0,-18.15,-6.825,0,0,0,0,0,0,0,0,0,0,0,0,0,0,0,0,0,0,0,0,0,0,0
101,2017,210,430,12.29,0,0,0,0,0,0,0,-22.04,-6.514,0,0,0,0,0,0,0,0,0,0,0,0,0,0,0,0,0,0,0,0,0,0,0
101,2017,210,440,12.29,0,0,0,0,0,0,0,-18.19,-6.565,0,0,0,0,0,0,0,0,0,0,0,0,0,0,0,0,0,0,0,0,0,0,0
101,2017,210,450,12.29,0,0,0,0,0,0,0,-23.59,-6.513,0,0,0,0,0,0,0,0,0,0,0,0,0,0,0,0,0,0,0,0,0,0,0
101,2017,210,500,12.29,0,0,0,0,0,0,0,-22.31,-6.293,0,0,0,0,0,0,0,0,0,0,0,0,0,0,0,0,0,0,0,0,0,0,0
101,2017,210,510,12.29,0,0,0,0,0,0,0,-25.52,-6.26,0,0,0,0,0,0,0,0,0,0,0,0,0,0,0,0,0,0,0,0,0,0,0
101,2017,210,520,12.29,0,0,0,0,0,0,0,-23.03,-6.411,0,0,0,0,0,0,0,0,0,0,0,0,0,0,0,0,0,0,0,0,0,0,0
101,2017,210,530,12.29,0,0,0,0,0,0,0,-19.57,-6.603,0,0,0,0,0,0,0,0,0,0,0,0,0,0,0,0,0,0,0,0,0,0,0
101,2017,210,540,12.29,0,0,0,0,0,0,0,-22.59,-6.796,0,0,0,0,0,0,0,0,0,0,0,0,0,0,0,0,0,0,0,0,0,0,0
101,2017,210,550,12.29,0,0,0,0,0,0,0,-13.39,-6.861,0,0,0,0,0,0,0,0,0,0,0,0,0,0,0,0,0,0,0,0,0,0,0
101,2017,210,600,12.29,0,0,0,0,0,0,0,-16.53,-7.11,0,0,0,0,0,0,0,0,0,0,0,0,0,0,0,0,0,0,0,0,0,0,0
101,2017,210,610,12.29,0,0,0,0,0,0,0,-7.84,-6.961,0,0,0,0,0,0,0,0,0,0,0,0,0,0,0,0,0,0,0,0,0,0,0
101,2017,210,620,12.29,0,0,0,0,0,0,0,-22.07,-6.976,0,0,0,0,0,0,0,0,0,0,0,0,0,0,0,0,0,0,0,0,0,0,0
101,2017,210,630,12.29,0,0,0,0,0,0,0,-27.1,-7.41,0,0,0,0,0,0,0,0,0,0,0,0,0,0,0,0,0,0,0,0,0,0,0
101,2017,210,640,12.29,0,0,0,0,0,0,0,-20.69,-7.11,0,.02,0,0,0,.012,.013,0,.013,0,0,0,0,0,.008,0,0,0,0,0,0,0,0
101,2017,210,650,12.29,.017,0,0,.045,.02,.01,.002,-19.42,-7.42,.005,.169,.01,.018,.012,.127,.127,.037,.132,.039,0,.037,.005,.017,.104,.012,.007,.037,0,0,.013,0,0
101,2017,210,700,12.29,.089,.034,.025,.181,.082,.049,.032,-14.49,-7.58,.044,.679,.047,.064,.06,.55,.536,.134,.541,.149,.044,.129,.049,.055,.461,.054,.05,.166,.013,.027,.07,.017,.028
101,2017,210,710,12.29,.219,.079,.054,.439,.203,.127,.077,-13.89,-7.59,.089,1.766,.114,.168,.149,1.397,1.382,.347,1.396,.36,.099,.333,.121,.139,1.18,.134,.126,.395,.039,.059,.183,.037,.07
101,2017,210,720,12.29,.384,.166,.114,.861,.389,.251,.144,-14.48,-7.78,.171,3.674,.228,.313,.283,2.724,2.687,.662,2.878,.751,.198,.669,.253,.275,2.297,.27,.25,.742,.08,.119,.352,.074,.127
101,2017,210,730,12.29,.67,.297,.231,1.622,.642,.451,.243,-17.08,-7.47,.302,6.645,.405,.508,.489,4.762,4.676,1.188,5.206,1.382,.362,1.149,.409,.508,3.912,.444,.419,1.397,.126,.198,.531,.122,.231
101,2017,210,740,12.29,1.062,.412,.285,2.334,.975,.637,.347,-18.67,-7.52,.436,10.57,.516,.834,.66,6.79,6.777,1.798,7.24,1.773,.444,1.769,.566,.699,5.614,.603,.603,1.803,.184,.283,.828,.178,.33
101,2017,210,750,12.29,1.203,.486,.327,2.763,1.273,.787,.412,-19.04,-7.46,.483,21.62,.627,1.022,.782,8.85,8.09,2.108,8.4,2.205,.543,2.258,.684,.801,6.678,.746,.699,2.019,.243,.342,1.004,.209,.345
101,2017,210,800,12.29,1.081,.513,.36,2.887,1.252,.893,.416,-23.99,-7.66,.479,25.95,.799,1.04,.799,8.94,8.39,2.014,9.59,2.485,.524,3.435,.933,1.027,6.851,.782,.684,1.954,.25,.345,.952,.219,.34
101,2017,210,810,12.29,1.014,.461,.41,2.818,1.203,.896,.424,-24.35,-7.76,.498,53.39,1.26,1.076,.958,10.65,8.32,2.175,11.83,2.751,.534,9.82,1.424,1.828,6.879,.779,.69,1.977,.23,.333,.913,.235,.37
101,2017,210,820,12.29,1.396,.625,.489,3.525,1.538,1.062,.437,-25.57,-7.23,.615,69.25,1.468,1.34,1.044,11.33,8.75,2.754,30.91,2.788,.575,15.6,1.657,1.674,7.04,.911,.838,1.97,.258,.375,.875,.245,.402
101,2017,210,830,12.29,1.441,.747,.442,2.888,1.354,.953,.441,-3.411,-7.05,.566,66.13,1.297,1.231,.994,10.14,8.34,2.408,44.49,3.6,.586,17.66,1.568,1.337,6.857,.885,.774,1.942,.255,.362,.873,.245,.409
101,2017,210,840,12.29,1.292,.578,.496,3.287,1.617,1.146,.481,.402,-7.17,.657,82.2,1.468,1.382,1.139,11.03,12.84,2.981,57.18,3.212,.665,23.98,1.871,3.049,7.87,.995,.868,2.158,.278,.404,.937,.278,.536
101,2017,210,850,12.29,1.228,.581,.503,3.359,1.799,1.863,.506,-11.52,-6.99,.684,84.5,1.454,1.402,1.2,11.14,16.74,2.706,59.97,3.46,.685,25.83,1.831,1.546,9.95,1,.881,2.17,.293,.409,.967,.303,.786
101,2017,210,900,12.29,1.287,.593,.558,3.835,2.054,7.37,.699,3.175,-6.99,.729,89.5,1.761,1.454,1.312,12.03,21.29,4.602,65.22,3.678,.744,28.53,1.818,14.12,9.52,1.168,1.017,2.289,.313,.436,1.01,.328,.446
101,2017,210,910,12.29,1.36,.638,.647,4.395,2.423,4.264,.591,7.06,-6.911,.789,92.8,1.88,2.86,1.391,14.65,26,27.45,69.06,4.024,.808,30.02,19.7,2.825,9.45,1.391,1.047,2.392,.36,.436,1.061,.34,.471
101,2017,210,920,12.29,1.434,.677,.736,19.49,2.681,1.804,.591,2.942,-7.07,.836,96.4,1.565,2.409,1.493,18.35,30.15,4.194,73.5,4.356,.886,31.88,42.43,1.687,9.65,1.213,1.082,2.515,.345,.456,1.107,.369,.501
101,2017,210,930,12.29,1.506,.737,.816,34.54,2.806,1.979,.638,.524,-6.941,.886,101,1.494,3.941,1.639,23.32,34.28,4.252,78.2,7.58,1.039,31.83,6.365,1.87,9.99,1.307,1.154,2.629,.365,.476,1.176,.385,.539
101,2017,210,940,12.29,1.845,.925,1.04,37.02,3.029,3.359,.727,4.942,-6.447,.992,105.5,1.553,2.877,2.005,28.13,38.14,12.63,82.5,6.33,1.203,25.24,2.739,2.151,10.8,1.546,1.275,2.875,.387,.526,1.327,.419,.628
101,2017,210,950,12.29,1.774,.968,1.101,39.49,16.83,16.14,1.119,1.582,-6.152,1.054,111.2,1.825,1.922,2.176,33.35,42.24,4.264,88.8,7.59,1.431,10.81,2.255,3.545,11.36,1.682,1.469,3.259,.405,.55,1.382,.439,.672
101,2017,210,1000,12.3,2.538,1.112,1.201,40.74,31.89,14.52,.851,9.06,-6.154,1.163,108.9,2.084,2.163,2.269,36.94,44.95,5.125,88.1,9.59,1.471,11.66,4.421,56.91,11.68,1.84,1.649,3.473,.419,.615,1.443,.447,3.838
101,2017,210,1010,12.29,2.687,1.414,1.29,43.87,42.64,17.56,2.158,39.96,-5.402,1.268,113.5,1.928,2.176,2.175,42.51,47.87,4.949,93.6,71,1.62,21.18,2.146,56.32,12.7,2.061,1.888,3.734,.434,.7,1.469,.524,3.056
101,2017,210,1020,12.3,2.342,1.136,1.99,44.82,54.28,14.14,7.8,24.57,-3.58,1.226,114.6,1.87,2.111,2.537,46.58,37.54,4.627,95.1,44.86,1.826,30.61,2.287,37.69,13.86,2.213,1.798,3.396,.436,.645,1.506,.975,.977
101,2017,210,1030,12.29,2.016,1.106,1.191,44.49,63.03,2.744,7.19,-28.95,-3.44,1.354,113.2,1.885,1.868,3.418,50.64,20.2,4.143,95.1,13.85,2.012,34.7,2.436,2.287,15.9,2.287,1.87,3.679,.444,.694,1.536,.503,.779
101,2017,210,1040,12.3,1.907,1.022,1.143,45.73,70.2,4.834,18.45,-20.99,.603,1.216,116.1,1.866,1.789,3.515,56.29,12.78,3.937,98.9,87.4,1.95,35.3,1.9,1.865,18.88,2.292,1.796,3.894,.446,.695,1.585,.523,.853
101,2017,210,1050,12.3,2.682,1.379,1.307,33.14,46.8,8.44,1.421,-28.39,-4.885,1.595,84.5,1.749,1.791,2.176,44.81,15.06,4.929,72.6,62,1.786,18.54,1.856,2.208,18.12,2.503,2.18,6.362,.409,.705,1.635,.491,.814
101,2017,210,1100,12.3,3.543,1.99,1.565,41.21,62.46,17.68,1.071,36.81,-4.978,2.16,108.7,2.252,2.138,6.105,61.34,20.8,5.961,95.1,81.1,2.084,8.36,3.743,2.525,25.54,3.223,4.43,13.32,.483,.945,2.51,.657,.97
101,2017,210,1110,12.3,3.945,2.141,1.657,42.3,71.6,33.49,2.51,17.72,-4.215,1.898,125.3,2.359,2.438,9.96,72.5,17.47,6.957,110.7,96.4,2.215,17.72,10.8,3.16,30.78,3.166,4.247,37.6,.544,1.952,1.828,.734,.973
101,2017,210,1120,12.3,3.014,1.875,1.597,28.93,20.32,12.72,.947,-40.84,-5.481,1.591,95.9,4.118,2.107,2.784,59.41,15.71,5.599,85.3,73.8,1.928,6.554,1.722,2.396,26.93,2.521,2.409,43.99,.471,.816,1.65,.61,.853
101,2017,210,1130,12.3,2.911,1.596,1.194,31.94,5.344,4.33,.945,7.54,-5.979,2.01,116.9,2.236,1.967,2.729,77.9,14.06,4.721,105.6,94.1,2.33,4.603,1.578,1.965,34.68,2.389,2.107,62.84,.576,.849,1.823,.767,.982
101,2017,210,1140,12.3,2.109,1.477,1.08,25.14,4.95,1.769,.893,4.933,-5.95,1.276,114.9,12.63,1.668,14.24,80.4,16.09,8.09,104.9,90.6,2.524,3.903,1.397,20.48,36.41,2.272,2.029,66.03,.568,.817,1.968,.895,.978
101,2017,210,1150,12.3,2.248,1.489,1.146,17.45,2.06,2.841,.916,-4.796,-5.87,1.268,114.3,19.33,1.611,21.93,83.2,13.05,55.93,106,88.6,3.164,3.876,1.372,2.375,38.04,2.312,2.473,68.35,.859,.869,2.034,.771,1.018
101,2017,210,1200,12.3,2.097,1.533,1.375,20.71,2.191,9.74,.967,-19.36,-5.464,1.318,115.9,13.36,1.591,16.13,87.4,13.54,5.943,107.6,60.37,3.184,3.756,1.377,1.988,40.27,2.395,2.271,72,1.864,.926,2.263,.807,1.169
101,2017,210,1210,12.3,2.104,3.355,12.07,19.94,2.588,5.411,.963,-20.07,-5.174,1.365,106.3,2.797,1.568,17.2,82.8,15.27,4.468,99.1,87.3,3.484,3.732,1.36,2.161,39.32,2.66,5.046,67.48,2.523,1.002,2.084,.762,1.31
101,2017,210,1220,12.3,2.719,3.349,1.359,6.377,2.483,4.379,.995,2.543,-5.225,1.469,105.3,2.672,1.59,15.46,85.1,21.8,4.508,99.6,90.7,3.248,3.848,1.387,2.422,41.82,2.89,3.127,69.3,.647,1.096,2.174,.777,1.628
101,2017,210,1230,12.3,8.14,9.05,1.064,4.767,2.308,1.672,.978,-19.59,-4.493,1.335,108.8,3.734,1.611,11.44,92.2,59.44,30.45,104,96.3,4.169,3.501,1.374,2.075,45.86,5.225,4.054,77.4,.668,2.965,2.333,.841,19.85
101,2017,210,1240,12.3,12.56,2.955,6.196,4.21,3.107,20.94,.946,-6.766,-3.945,1.271,105.9,5.618,3.193,3.538,93.9,57.94,111.8,103.1,89.5,38.48,3.277,1.315,2.012,47.68,8.84,17.94,78.5,.647,1.993,2.407,.868,1.305
101,2017,210,1250,12.3,6.293,1.514,1.008,3.871,9.96,6.478,.945,-21.08,-3.715,1.834,103.6,3.54,1.521,2.553,94.9,36.56,51.24,101,83.4,58.36,3.153,1.295,3.334,49.11,7.48,7.61,80.4,.683,7.96,2.32,.91,1.384
101,2017,210,1300,12.3,2.31,13.66,8.37,3.742,15.34,23.29,1.049,-3.643,-3.295,3.55,100.1,2.302,1.514,2.541,95.7,20.13,4.483,99.1,56.79,37.74,3.374,1.419,2.127,50.13,10.96,4.213,80.7,.683,25.64,2.338,.97,1.412
101,2017,210,1310,12.3,1.873,2.305,11.2,4.218,4.034,1.89,1.491,-20.27,-3.151,1.248,98.4,2.248,4.583,2.588,96.7,29.88,3.543,98.1,18.16,15.24,3.007,1.223,2.104,51.28,2.933,38.9,81.4,.683,4.427,2.427,.925,1.402
101,2017,210,1320,12.3,1.802,1.151,10.1,3.533,1.962,1.444,1.73,-26.1,-2.791,1.509,92.9,2.521,1.462,2.528,97.3,13.34,3.494,95.7,5.553,6.119,2.933,1.256,4.687,52.34,2.375,68.98,81.7,.682,3.399,2.719,1.06,1.394
101,2017,210,1330,12.3,1.806,1.132,.874,3.402,4.878,1.364,1.348,-26.15,-2.992,1.526,87.1,5.9,1.452,2.612,98,23.23,3.473,94.5,5.255,4.922,2.881,1.273,19.59,53.19,2.496,71.9,83,.682,1.616,2.95,1.002,1.323
101,2017,210,1340,12.3,1.704,1.122,.848,3.355,1.938,1.357,5.86,-22.98,-.764,4.338,87.5,21.95,1.501,2.752,98.2,16.58,3.506,92.2,5.399,4.63,2.898,1.35,77.1,53.74,2.432,62.71,83,.739,1.814,3.042,.896,1.286
101,2017,210,1350,12.3,1.606,1.286,.742,3.285,10.63,1.457,7.82,-23.71,.511,1.534,80.6,10.52,1.467,2.863,98.6,16.1,3.454,90.5,11.29,4.206,4.233,1.357,39.18,54.53,2.317,32.93,83,.767,10.83,3.136,.878,1.335
101,2017,210,1400,12.3,1.531,1.151,5.344,3.285,1.565,1.777,1.029,-23.05,-3.01,1.56,81,2.62,1.529,2.952,98.6,15.89,3.22,88.1,6.725,13.77,5.739,1.268,2.625,54.88,2.258,15.28,83,.749,8.32,3.251,.878,1.372
101,2017,210,1410,12.3,1.503,.814,1.271,3.047,2.082,1.29,1.03,-14.54,-2.769,4.138,77.1,9.33,1.444,3.06,98.6,17.2,3.024,85,4.411,30.59,17.42,1.243,8.14,55.35,2.308,2.528,82.6,.732,2.415,3.203,.844,1.389
101,2017,210,1420,12.3,1.444,.74,.675,2.915,1.461,7.5,1.134,-.511,-2.457,4.081,72,2.357,1.442,3.176,98.2,12.61,2.926,82,8.14,4.486,11.47,1.352,4.071,55.19,2.657,2.395,82.5,.687,1.534,2.424,.883,1.461
101,2017,210,1430,12.3,1.302,.715,.69,2.808,1.412,7.23,2.596,-12.22,-1.71,9.35,66.97,2.208,1.417,6.114,97.2,16.29,2.824,77.1,12.07,5.483,3.127,7.43,9.97,54.67,2.481,2.164,80.9,2.638,3.921,2.024,.744,1.63
101,2017,210,1440,12.3,1.246,.665,.771,2.737,1.427,1.27,1.332,-19.38,-2.327,9.62,62.72,2.025,1.973,5.231,97.1,16.91,2.729,74.6,3.99,8.17,3.385,13.78,8.26,54.93,6.322,2.099,81.4,.878,4.449,2.126,.658,1.689
101,2017,210,1450,12.3,1.223,.637,.623,2.675,1.444,1.198,1.32,-22.52,-2.287,13.49,58.34,1.928,1.374,8.11,99.3,26.55,2.714,71.7,3.953,10.71,3.853,11.08,4.412,55.63,44.48,1.968,80.1,2.995,1.581,2.173,.591,1.645
101,2017,210,1500,12.3,1.101,.565,.68,2.436,1.568,8.3,9.34,-12.91,2.578,3.873,43.28,2.119,1.608,9.64,79.4,31.51,2.605,54.82,3.727,11.48,3.06,1.285,2.856,45.11,49.82,1.68,54.52,11.45,2.709,2.771,.526,2.384
101,2017,210,1510,12.3,1.298,.539,.886,2.407,1.799,2.627,2.297,-18.8,-2.03,4.215,31.51,3.406,2.101,6.531,58.7,28.26,2.776,38.88,4.156,21.35,2.824,1.37,3.446,35.62,6.624,2.141,20.33,1.158,1.682,3.804,.583,2.945
101,2017,210,1520,12.3,1.563,.742,1.013,3.084,2.174,2.757,1.642,-19.09,-2.7,7.63,33.51,3.6,2.328,7.51,62.45,34.49,3.451,41.61,5.568,27.5,2.975,1.516,3.446,37.81,4.642,2.483,16.88,.61,1.779,4.444,.677,2.923
101,2017,210,1530,12.3,1.377,.719,.88,2.994,2.243,4.031,1.431,-14.36,-3.052,14.72,28.33,3.114,1.87,6.892,53.18,35.51,3.297,34.75,5.749,18.16,2.873,1.325,2.794,31.98,4.161,2.004,12.91,.504,1.318,3.739,.536,2.352
101,2017,210,1540,12.3,1.412,.735,.9,3.232,1.938,3.054,1.3,-15.72,-3.215,10.46,25,3.084,1.791,4.857,46.64,34.08,3.321,30.77,6.839,11.86,2.811,1.231,2.557,28.14,4.208,1.997,12.19,.437,1.149,3.535,.519,2.185
101,2017,210,1550,12.3,1.59,.761,1.025,3.473,1.93,1.865,1.21,-19.6,-3.577,3.212,24.07,3.017,2.019,3.989,38.39,29.51,3.306,26.9,6.767,6.983,2.805,1.252,2.639,23.78,2.954,2.027,12.67,.439,1.099,3.719,.534,2.287
101,2017,210,1600,12.3,1.747,.797,.923,3.694,1.927,1.652,1.21,-14.96,-4.108,2.067,21.69,2.692,2.059,3.877,31.77,25.52,3.334,23.6,5.49,4.361,2.887,1.25,2.5,21.92,2.578,1.948,12.14,.436,1.049,3.644,.531,2.129
101,2017,210,1610,12.3,1.809,.796,.863,3.716,1.985,1.563,1.25,-19.34,-4.157,1.786,20.68,2.394,2.066,3.515,31.8,26.13,3.203,22.45,5.033,3.863,3.034,1.252,2.408,21.35,2.453,1.868,11.24,.451,1.044,3.594,.548,1.9
101,2017,210,1620,12.3,1.808,.792,.804,3.704,2.046,1.515,1.218,-20.83,-4.302,1.675,19.4,2.141,2.004,3.342,29.31,24.31,3.138,20.1,4.495,3.234,3.071,1.196,2.201,20.71,2.451,1.737,10.02,.451,.958,3.579,.556,1.722
101,2017,210,1630,12.3,1.607,.712,.712,3.356,1.866,1.322,1.099,-16.99,-4.247,1.459,17.08,1.828,1.801,2.883,26.11,21.79,2.788,17.47,3.889,2.924,2.801,1.081,1.975,18.73,2.18,1.53,8.7,.424,.834,3.153,.508,1.454
101,2017,210,1640,12.3,1.342,.563,.595,2.778,1.612,1.134,.965,-17.56,-4.428,1.344,14.69,1.555,1.548,2.548,21.98,18.5,2.339,15.02,3.234,2.6,2.451,.962,1.667,16.45,1.977,1.322,7.57,.395,.747,2.739,.444,1.287
101,2017,210,1650,12.3,1.087,.476,.481,2.364,1.392,.935,.806,-14.28,-4.741,1.04,12.1,1.29,1.33,2.091,18.2,15.41,1.912,12.26,2.666,1.972,2.15,.787,1.35,13.86,1.697,1.045,6.132,.347,.606,2.398,.405,1.052
101,2017,210,1700,12.3,.863,.404,.412,1.91,1.112,.767,.633,-11.3,-5.192,.841,9.91,1.042,1.035,1.669,14.6,12.4,1.567,9.97,2.21,1.605,1.747,.647,1.128,11.26,1.357,.848,4.891,.335,.464,1.893,.323,.836
101,2017,210,1710,12.29,.806,.357,.348,1.699,.953,.623,.526,-14.56,-5.026,.667,8.28,.821,.863,1.307,11.66,10.16,1.379,8.13,1.791,1.267,1.456,.536,.916,9.1,1.019,.697,3.842,.271,.41,1.572,.271,.648
101,2017,210,1720,12.29,.674,.317,.275,1.438,.757,.498,.414,-16.28,-4.807,.514,6.558,.612,.714,1.017,8.63,7.69,1.136,6.385,1.404,.908,1.181,.437,.707,6.856,.744,.541,2.952,.214,.332,1.181,.211,.499
101,2017,210,1730,12.29,.509,.23,.204,1.082,.56,.389,.302,-17.26,-4.906,.389,4.842,.449,.506,.699,5.951,5.338,.829,4.574,1.017,.59,.861,.327,.493,4.8,.516,.416,2.106,.151,.24,.811,.151,.36
101,2017,210,1740,12.29,.38,.164,.137,.759,.395,.258,.193,-17.27,-5.031,.236,3.165,.29,.372,.432,3.761,3.5,.561,2.944,.652,.342,.581,.223,.337,3.138,.347,.292,1.32,.097,.159,.509,.101,.218
101,2017,210,1750,12.29,.243,.09,.079,.472,.245,.147,.107,-18.85,-5.097,.134,1.833,.163,.219,.26,2.136,2.032,.357,1.675,.394,.189,.362,.131,.188,1.799,.201,.166,.697,.059,.089,.305,.057,.121
101,2017,210,1800,12.29,.116,.049,.042,.246,.111,.067,.049,-17.21,-5.475,.062,.838,.069,.102,.111,.947,.923,.173,.752,.188,.079,.176,.057,.089,.799,.094,.08,.315,.025,.045,.132,.028,.052
101,2017,210,1810,12.29,.044,.01,.008,.079,.042,.022,.02,-18.03,-5.722,.018,.286,.025,.035,.04,.317,.305,.059,.26,.064,.022,.055,.015,.028,.273,.03,.023,.107,0,.013,.045,.002,.012
101,2017,210,1820,12.29,0,0,0,.008,0,0,0,-19.05,-6.817,0,.047,0,0,0,.06,.057,.007,.042,.008,0,.005,0,0,.045,.002,0,.02,0,0,0,0,0
101,2017,210,1830,12.29,0,0,0,0,0,0,0,-21,-6.435,0,0,0,0,0,0,0,0,0,0,0,0,0,0,0,0,0,0,0,0,0,0,0
101,2017,210,1840,12.29,0,0,0,0,0,0,0,-22.82,-6.1,0,0,0,0,0,0,0,0,0,0,0,0,0,0,0,0,0,0,0,0,0,0,0
101,2017,210,1850,12.29,0,0,0,0,0,0,0,-23.16,-6.975,0,0,0,0,0,0,0,0,0,0,0,0,0,0,0,0,0,0,0,0,0,0,0
101,2017,210,1900,12.29,0,0,0,0,0,0,0,-23.11,-8.13,0,0,0,0,0,0,0,0,0,0,0,0,0,0,0,0,0,0,0,0,0,0,0
101,2017,210,1910,12.29,0,0,0,0,0,0,0,-24,-8.16,0,0,0,0,0,0,0,0,0,0,0,0,0,0,0,0,0,0,0,0,0,0,0
101,2017,210,1920,12.29,0,0,0,0,0,0,0,-24.61,-16.7,0,0,0,0,0,0,0,0,0,0,0,0,0,0,0,0,0,0,0,0,0,0,0
101,2017,210,1930,12.29,0,0,0,0,0,0,0,-26.53,-19.8,0,0,0,0,0,0,0,0,0,0,0,0,0,0,0,0,0,0,0,0,0,0,0
101,2017,210,1940,12.29,0,0,0,0,0,0,0,-24.94,-18.28,0,0,0,0,0,0,0,0,0,0,0,0,0,0,0,0,0,0,0,0,0,0,0
101,2017,210,1950,12.29,0,0,0,0,0,0,0,-27.14,-16.83,0,0,0,0,0,0,0,0,0,0,0,0,0,0,0,0,0,0,0,0,0,0,0
101,2017,210,2000,12.29,0,0,0,0,0,0,0,-29.48,-17.02,0,0,0,0,0,0,0,0,0,0,0,0,0,0,0,0,0,0,0,0,0,0,0
101,2017,210,2010,12.29,0,0,0,0,0,0,0,-26.05,-16.89,0,0,0,0,0,0,0,0,0,0,0,0,0,0,0,0,0,0,0,0,0,0,0
101,2017,210,2020,12.29,0,0,0,0,0,0,0,-24.85,-12.48,0,0,0,0,0,0,0,0,0,0,0,0,0,0,0,0,0,0,0,0,0,0,0
101,2017,210,2030,12.29,0,0,0,0,0,0,0,-28.37,-11.33,0,0,0,0,0,0,0,0,0,0,0,0,0,0,0,0,0,0,0,0,0,0,0
101,2017,210,2040,12.29,0,0,0,0,0,0,0,-29.04,-11.57,0,0,0,0,0,0,0,0,0,0,0,0,0,0,0,0,0,0,0,0,0,0,0
101,2017,210,2050,12.29,0,0,0,0,0,0,0,-27.9,-12.26,0,0,0,0,0,0,0,0,0,0,0,0,0,0,0,0,0,0,0,0,0,0,0
101,2017,210,2100,12.29,0,0,0,0,0,0,0,-27.2,-10.66,0,0,0,0,0,0,0,0,0,0,0,0,0,0,0,0,0,0,0,0,0,0,0
101,2017,210,2110,12.29,0,0,0,0,0,0,0,-25.41,-10.12,0,0,0,0,0,0,0,0,0,0,0,0,0,0,0,0,0,0,0,0,0,0,0
101,2017,210,2120,12.29,0,0,0,0,0,0,0,-28.5,-10.42,0,0,0,0,0,0,0,0,0,0,0,0,0,0,0,0,0,0,0,0,0,0,0
101,2017,210,2130,12.29,0,0,0,0,0,0,0,-27.62,-11.12,0,0,0,0,0,0,0,0,0,0,0,0,0,0,0,0,0,0,0,0,0,0,0
101,2017,210,2140,12.29,0,0,0,0,0,0,0,-25.47,-8.85,0,0,0,0,0,0,0,0,0,0,0,0,0,0,0,0,0,0,0,0,0,0,0
101,2017,210,2150,12.28,0,0,0,0,0,0,0,-26.77,-8.28,0,0,0,0,0,0,0,0,0,0,0,0,0,0,0,0,0,0,0,0,0,0,0
101,2017,210,2200,12.28,0,0,0,0,0,0,0,-28.93,-7.89,0,0,0,0,0,0,0,0,0,0,0,0,0,0,0,0,0,0,0,0,0,0,0
101,2017,210,2210,12.28,0,0,0,0,0,0,0,-23.09,-7.68,0,0,0,0,0,0,0,0,0,0,0,0,0,0,0,0,0,0,0,0,0,0,0
101,2017,210,2220,12.28,0,0,0,0,0,0,0,-25.53,-7.54,0,0,0,0,0,0,0,0,0,0,0,0,0,0,0,0,0,0,0,0,0,0,0
101,2017,210,2230,12.28,0,0,0,0,0,0,0,-22.21,-7.41,0,0,0,0,0,0,0,0,0,0,0,0,0,0,0,0,0,0,0,0,0,0,0
101,2017,210,2240,12.28,0,0,0,0,0,0,0,-24.51,-7.62,0,0,0,0,0,0,0,0,0,0,0,0,0,0,0,0,0,0,0,0,0,0,0
101,2017,210,2250,12.28,0,0,0,0,0,0,0,-22.2,-7.63,0,0,0,0,0,0,0,0,0,0,0,0,0,0,0,0,0,0,0,0,0,0,0
101,2017,210,2300,12.28,0,0,0,0,0,0,0,-22.85,-7.61,0,0,0,0,0,0,0,0,0,0,0,0,0,0,0,0,0,0,0,0,0,0,0
101,2017,210,2310,12.28,0,0,0,0,0,0,0,-25.71,-7.92,0,0,0,0,0,0,0,0,0,0,0,0,0,0,0,0,0,0,0,0,0,0,0
101,2017,210,2320,12.28,0,0,0,0,0,0,0,-28.8,-9.28,0,0,0,0,0,0,0,0,0,0,0,0,0,0,0,0,0,0,0,0,0,0,0
101,2017,210,2330,12.28,0,0,0,0,0,0,0,-30.06,-11,0,0,0,0,0,0,0,0,0,0,0,0,0,0,0,0,0,0,0,0,0,0,0
101,2017,210,2340,12.28,0,0,0,0,0,0,0,-27.63,-11.39,0,0,0,0,0,0,0,0,0,0,0,0,0,0,0,0,0,0,0,0,0,0,0
101,2017,210,2350,12.28,0,0,0,0,0,0,0,-27.38,-11.44,0,0,0,0,0,0,0,0,0,0,0,0,0,0,0,0,0,0,0,0,0,0,0
101,2017,210,2400,12.28,0,0,0,0,0,0,0,-26.57,-10.98,0,0,0,0,0,0,0,0,0,0,0,0,0,0,0,0,0,0,0,0,0,0,0
101,2017,211,10,12.28,0,0,0,0,0,0,0,-24.63,-10.75,0,0,0,0,0,0,0,0,0,0,0,0,0,0,0,0,0,0,0,0,0,0,0
101,2017,211,20,12.28,0,0,0,0,0,0,0,-24.13,-11.16,0,0,0,0,0,0,0,0,0,0,0,0,0,0,0,0,0,0,0,0,0,0,0
101,2017,211,30,12.28,0,0,0,0,0,0,0,-21.85,-10.69,0,0,0,0,0,0,0,0,0,0,0,0,0,0,0,0,0,0,0,0,0,0,0
101,2017,211,40,12.28,0,0,0,0,0,0,0,-22.42,-11.34,0,0,0,0,0,0,0,0,0,0,0,0,0,0,0,0,0,0,0,0,0,0,0
101,2017,211,50,12.28,0,0,0,0,0,0,0,-24.08,-11.8,0,0,0,0,0,0,0,0,0,0,0,0,0,0,0,0,0,0,0,0,0,0,0
101,2017,211,100,12.28,0,0,0,0,0,0,0,-23.83,-11.99,0,0,0,0,0,0,0,0,0,0,0,0,0,0,0,0,0,0,0,0,0,0,0
101,2017,211,110,12.28,0,0,0,0,0,0,0,-23.85,-12.11,0,0,0,0,0,0,0,0,0,0,0,0,0,0,0,0,0,0,0,0,0,0,0
101,2017,211,120,12.28,0,0,0,0,0,0,0,-23.75,-12.44,0,0,0,0,0,0,0,0,0,0,0,0,0,0,0,0,0,0,0,0,0,0,0
101,2017,211,130,12.28,0,0,0,0,0,0,0,-24.55,-12.52,0,0,0,0,0,0,0,0,0,0,0,0,0,0,0,0,0,0,0,0,0,0,0
101,2017,211,140,12.28,0,0,0,0,0,0,0,-23.18,-12.63,0,0,0,0,0,0,0,0,0,0,0,0,0,0,0,0,0,0,0,0,0,0,0
101,2017,211,150,12.27,0,0,0,0,0,0,0,-21.47,-12.73,0,0,0,0,0,0,0,0,0,0,0,0,0,0,0,0,0,0,0,0,0,0,0
101,2017,211,200,12.27,0,0,0,0,0,0,0,-22.69,-13.29,0,0,0,0,0,0,0,0,0,0,0,0,0,0,0,0,0,0,0,0,0,0,0
101,2017,211,210,12.27,0,0,0,0,0,0,0,-21.59,-13.29,0,0,0,0,0,0,0,0,0,0,0,0,0,0,0,0,0,0,0,0,0,0,0
101,2017,211,220,12.27,0,0,0,0,0,0,0,-17.79,-13.1,0,0,0,0,0,0,0,0,0,0,0,0,0,0,0,0,0,0,0,0,0,0,0
101,2017,211,230,12.27,0,0,0,0,0,0,0,-17.43,-13.15,0,0,0,0,0,0,0,0,0,0,0,0,0,0,0,0,0,0,0,0,0,0,0
101,2017,211,240,12.27,0,0,0,0,0,0,0,-18.37,-12.83,0,0,0,0,0,0,0,0,0,0,0,0,0,0,0,0,0,0,0,0,0,0,0
101,2017,211,250,12.27,0,0,0,0,0,0,0,-17.73,-12.44,0,0,0,0,0,0,0,0,0,0,0,0,0,0,0,0,0,0,0,0,0,0,0
101,2017,211,300,12.27,0,0,0,0,0,0,0,-17.22,-12.55,0,0,0,0,0,0,0,0,0,0,0,0,0,0,0,0,0,0,0,0,0,0,0
101,2017,211,310,12.27,0,0,0,0,0,0,0,-18.28,-12.47,0,0,0,0,0,0,0,0,0,0,0,0,0,0,0,0,0,0,0,0,0,0,0
101,2017,211,320,12.27,0,0,0,0,0,0,0,-19.97,-12.71,0,0,0,0,0,0,0,0,0,0,0,0,0,0,0,0,0,0,0,0,0,0,0
101,2017,211,330,12.27,0,0,0,0,0,0,0,-20.77,-13.3,0,0,0,0,0,0,0,0,0,0,0,0,0,0,0,0,0,0,0,0,0,0,0
101,2017,211,340,12.27,0,0,0,0,0,0,0,-19.19,-13.69,0,0,0,0,0,0,0,0,0,0,0,0,0,0,0,0,0,0,0,0,0,0,0
101,2017,211,350,12.27,0,0,0,0,0,0,0,-19.13,-13.75,0,0,0,0,0,0,0,0,0,0,0,0,0,0,0,0,0,0,0,0,0,0,0
101,2017,211,400,12.27,0,0,0,0,0,0,0,-18.83,-14.14,0,0,0,0,0,0,0,0,0,0,0,0,0,0,0,0,0,0,0,0,0,0,0
101,2017,211,410,12.27,0,0,0,0,0,0,0,-19.33,-14.38,0,0,0,0,0,0,0,0,0,0,0,0,0,0,0,0,0,0,0,0,0,0,0
101,2017,211,420,12.27,0,0,0,0,0,0,0,-20.33,-14.13,0,0,0,0,0,0,0,0,0,0,0,0,0,0,0,0,0,0,0,0,0,0,0
101,2017,211,430,12.27,0,0,0,0,0,0,0,-19.14,-13.94,0,0,0,0,0,0,0,0,0,0,0,0,0,0,0,0,0,0,0,0,0,0,0
101,2017,211,440,12.27,0,0,0,0,0,0,0,-16.07,-13.65,0,0,0,0,0,0,0,0,0,0,0,0,0,0,0,0,0,0,0,0,0,0,0
101,2017,211,450,12.27,0,0,0,0,0,0,0,-15.42,-13.73,0,0,0,0,0,0,0,0,0,0,0,0,0,0,0,0,0,0,0,0,0,0,0
101,2017,211,500,12.26,0,0,0,0,0,0,0,-14.66,-13.06,0,0,0,0,0,0,0,0,0,0,0,0,0,0,0,0,0,0,0,0,0,0,0
101,2017,211,510,12.27,0,0,0,0,0,0,0,-14.49,-12.95,0,0,0,0,0,0,0,0,0,0,0,0,0,0,0,0,0,0,0,0,0,0,0
101,2017,211,520,12.26,0,0,0,0,0,0,0,-14.75,-12.97,0,0,0,0,0,0,0,0,0,0,0,0,0,0,0,0,0,0,0,0,0,0,0
101,2017,211,530,12.26,0,0,0,0,0,0,0,-15.05,-12.52,0,0,0,0,0,0,0,0,0,0,0,0,0,0,0,0,0,0,0,0,0,0,0
101,2017,211,540,12.26,0,0,0,0,0,0,0,-14.11,-12.12,0,0,0,0,0,0,0,0,0,0,0,0,0,0,0,0,0,0,0,0,0,0,0
101,2017,211,550,12.26,0,0,0,0,0,0,0,-15.31,-12.65,0,0,0,0,0,0,0,0,0,0,0,0,0,0,0,0,0,0,0,0,0,0,0
101,2017,211,600,12.26,0,0,0,0,0,0,0,-17.71,-13.52,0,0,0,0,0,0,0,0,0,0,0,0,0,0,0,0,0,0,0,0,0,0,0
101,2017,211,610,12.26,0,0,0,0,0,0,0,-20.14,-14.35,0,0,0,0,0,0,0,0,0,0,0,0,0,0,0,0,0,0,0,0,0,0,0
101,2017,211,620,12.26,0,0,0,0,0,0,0,-20.6,-14.68,0,0,0,0,0,0,0,0,0,0,0,0,0,0,0,0,0,0,0,0,0,0,0
101,2017,211,630,12.26,0,0,0,0,0,0,0,-21.94,-15.53,0,0,0,0,0,0,0,0,0,0,0,0,0,0,0,0,0,0,0,0,0,0,0
101,2017,211,640,12.26,0,0,0,0,0,0,0,-29.06,-15.77,0,.032,0,0,0,.02,.015,.007,.013,.003,0,.007,0,0,.013,0,0,.005,0,0,0,0,0
101,2017,211,650,12.26,.029,.007,.007,.054,.029,.018,.012,-28.75,-15.34,.007,.238,.013,.03,.018,.159,.158,.047,.169,.05,.012,.054,.017,.025,.132,.022,.015,.049,0,.007,.02,.005,.002
101,2017,211,700,12.26,.092,.04,.034,.21,.096,.059,.034,-26.03,-14.85,.042,.875,.055,.08,.074,.676,.689,.173,.644,.191,.05,.201,.062,.07,.583,.072,.059,.178,.022,.034,.087,.034,.032
101,2017,211,710,12.26,.206,.086,.059,.456,.22,.137,.084,-26.57,-15.01,.097,1.995,.134,.184,.174,1.594,1.645,.376,1.474,.419,.122,.446,.143,.166,1.41,.173,.134,.396,.039,.064,.2,.044,.069
101,2017,211,720,12.26,.344,.151,.102,.754,.367,.225,.131,-27.96,-15.43,.159,3.346,.208,.302,.287,2.671,2.78,.593,2.459,.681,.196,.744,.236,.272,2.389,.278,.221,.629,.067,.104,.325,.084,.114
101,2017,211,730,12.26,.458,.21,.149,1.093,.486,.325,.184,-27.47,-15.5,.226,5.105,.29,.417,.394,3.764,3.9,.862,3.598,.967,.268,1.105,.352,.387,3.353,.389,.314,.885,.097,.151,.429,.106,.158
101,2017,211,740,12.26,.578,.275,.191,1.423,.62,.417,.238,-25.41,-14.69,.302,28.14,.407,.523,.501,6.693,5.063,1.195,4.662,1.232,.35,1.443,.443,.476,4.272,.486,.409,1.147,.124,.186,.53,.153,.201
101,2017,211,750,12.26,.701,.325,.236,1.703,.741,.5,.29,-24.28,-14.26,.376,45.17,.709,.667,.694,9.22,5.805,1.495,5.608,1.489,.412,1.854,.863,.662,4.934,.573,.471,1.35,.149,.231,.619,.168,.24
101,2017,211,800,12.26,.778,.372,.28,1.913,.836,.573,.327,-24.49,-14.02,.429,53.54,1.105,.831,.798,9.92,6.4,1.685,6.353,1.67,.436,4.222,1.492,.882,5.411,.644,.535,1.514,.173,.258,.686,.193,.277
101,2017,211,810,12.26,.867,.421,.323,2.139,.954,.682,.374,-23.99,-13.1,.458,61.89,1.296,.979,.908,10.41,6.946,1.859,11.96,1.984,.474,12.01,1.539,1.111,5.834,.707,.608,1.659,.201,.302,.744,.213,.315
101,2017,211,820,12.26,.939,.436,.379,2.333,1.081,.793,.421,-21.97,-12.36,.521,69.81,1.403,1.182,.999,10.74,7.37,2.026,28.43,2.16,.521,16.3,1.622,1.235,6.379,.771,.679,1.787,.228,.334,.796,.235,.352
101,2017,211,830,12.27,1.673,.523,.427,2.531,1.229,.913,.459,-21.29,-11.93,.608,76.4,1.353,1.296,1.081,10.63,7.87,2.226,49.33,3.803,.56,20.96,1.746,1.347,6.629,.835,.731,1.912,.251,.369,.85,.243,.397
101,2017,211,840,12.27,1.078,.484,.451,2.78,1.443,1.032,.474,-22.72,-11.52,.623,82.7,1.311,1.331,1.166,10.68,12.13,2.383,55.3,2.868,.598,24.37,1.842,11.93,8.21,.987,.793,2.031,.27,.384,.887,.275,.965
101,2017,211,850,12.27,1.104,.499,.486,2.94,1.673,1.58,.528,-22.31,-10.7,.665,88.6,1.47,1.366,1.26,10.98,16.78,2.501,61.01,3.272,.637,27.55,1.864,1.75,10.25,.959,.858,2.1,.285,.402,.934,.302,1.021
101,2017,211,900,12.27,1.203,.56,.56,3.789,1.939,7.17,.598,-18.57,-10.42,.717,92.7,1.604,1.455,1.366,11.5,21.48,6.34,65.69,3.342,.685,29.8,8.77,16.74,9.73,1.074,1.014,2.197,.302,.434,.98,.315,.436
101,2017,211,910,12.27,1.264,.587,.632,4.242,2.479,3.828,.84,-21.5,-9.97,.759,96.4,1.384,1.512,1.438,12.98,26.43,38.23,70.1,3.588,.739,31.82,50.54,3.561,9.39,1.493,1.007,2.283,.318,.436,1.021,.337,.436
101,2017,211,920,12.27,1.307,.622,.721,20.55,2.909,1.666,.593,-23.08,-9.88,.813,99.8,1.358,1.579,1.51,16.06,30.59,8.86,74.1,3.95,.83,33.38,44.62,1.632,9.54,1.175,1.044,2.377,.335,.439,1.071,.367,.523
101,2017,211,930,12.27,1.376,.659,.804,35.29,3.025,1.978,1.049,-22.85,-9.08,.851,102.6,1.401,7.22,1.594,20.4,33.83,3.198,77.4,6.079,.972,33.93,5.723,1.721,9.79,1.282,1.078,2.48,.347,.469,1.13,.374,.503
101,2017,211,940,12.28,1.396,.694,.898,37.58,3.181,3.705,.819,-20.58,-8.42,.888,105.5,1.446,3.176,1.93,25.08,36.11,3.305,81.1,4.882,1.103,25.94,3.062,1.941,10,1.45,1.131,2.556,.367,.474,1.163,.402,.799
101,2017,211,950,12.28,1.498,.729,1.004,39.35,22.48,18.03,.866,-8.78,-7.72,.948,107.3,1.52,1.667,1.991,29.4,31.44,3.318,83.8,5.196,1.195,10.13,2.178,2.416,10.4,1.567,1.238,2.704,.37,.511,1.215,.436,.571
101,2017,211,1000,12.28,1.592,.781,1.077,41.21,38.16,16.37,.922,-9.58,-6.739,1.009,109.7,1.766,1.67,2.478,33.79,19.14,3.505,87,7.59,1.247,9.98,3.086,23.62,10.86,1.627,1.342,2.863,.395,.536,1.272,.436,1.136
101,2017,211,1010,12.28,1.642,.813,1.144,42.9,46.31,15.66,3.172,-10.42,-4.43,1.04,111.8,1.577,1.675,2.163,38.18,11.45,3.552,89.8,75,1.332,19.24,2.017,14.19,11.38,1.794,1.421,3.006,.402,.566,1.317,.469,.868
101,2017,211,1020,12.28,1.694,.848,1.325,44.27,58.15,15.1,12.09,-10.43,-.181,1.086,113.2,1.587,1.712,2.315,42.67,10.95,3.723,92.4,36.07,1.595,28.35,1.801,24.47,12.73,2.059,1.597,3.162,.402,.588,1.369,1.309,.7
101,2017,211,1030,12.28,1.794,.91,1.2,44.96,64.78,1.912,9.4,-19.81,-.9,1.163,113.6,1.679,1.717,2.93,47.3,11.2,3.872,94,14.53,2.114,36.44,1.769,2.416,14.95,2.222,1.747,3.445,.427,.627,1.434,.483,1.066
101,2017,211,1040,12.28,1.858,.945,1.178,45.79,69.95,7.05,21.98,-22.25,4.917,1.238,114.7,1.761,1.67,3.5,52.31,11.38,3.979,96.1,88.5,3.676,37.91,1.875,1.938,17.58,2.299,1.848,3.728,.436,.643,1.474,.514,.836
101,2017,211,1050,12.28,1.87,.958,1.173,46.37,73.6,14.98,4.467,-16.17,-2.527,1.247,115.7,1.853,1.64,2.341,57.02,11.41,4.014,97.9,93.6,1.744,22.56,1.689,1.814,20.69,2.394,1.952,15.25,.436,.668,1.515,.545,.791
101,2017,211,1100,12.28,1.888,.997,1.164,43.11,76.3,35.45,.871,3.291,-3.622,1.687,115.9,1.923,1.613,6.916,61.44,11.63,4.006,99.2,95.2,1.876,4.877,1.56,1.764,24.27,2.381,2.485,6.254,.699,.697,2.95,.615,.819
101,2017,211,1110,12.28,1.86,1.017,1.111,36.4,73.5,57.16,2.54,25.41,-2.054,1.337,116.6,1.95,1.575,9.8,66.33,11.55,3.8,101.1,97.6,1.989,4.822,22.97,4.473,27.85,2.257,1.722,39.7,.437,1.602,1.595,.617,.826
101,2017,211,1120,12.29,1.91,1.087,1.121,28.93,25.31,19.04,.839,-6.833,-3.863,1.235,116.3,6.669,1.59,2.567,70.6,11.82,3.805,102,98.4,2.143,4.587,1.737,1.739,30.73,2.208,1.732,56.52,.469,.762,1.657,.642,.858
101,2017,211,1130,12.29,1.985,1.184,1.109,20.69,3.185,8.74,.871,-17.51,-4.228,1.307,115.6,2.325,1.6,2.536,74.3,12.64,3.943,102.4,94.4,2.297,4.124,1.39,1.813,33.37,2.252,1.823,61.91,.519,.806,1.739,.677,.97
101,2017,211,1140,12.29,2.052,1.261,1.149,14.69,8.32,2.072,.896,-21.85,-3.903,1.283,111.7,7.86,1.628,16.98,75.9,13.74,9.15,100.3,84.4,2.514,3.908,1.38,18.29,34.95,2.298,2.077,62.8,.561,.836,1.876,.692,.99
101,2017,211,1150,12.29,2.151,1.318,1.226,16.14,2.156,3.114,.956,-21.05,-3.93,1.335,115.7,10.55,1.699,23.24,82.1,14.13,70.4,104.2,98.6,2.901,3.941,1.42,1.972,37.93,2.357,2.967,67.77,.653,.935,2.134,.757,1.084
101,2017,211,1200,12.29,2.32,1.512,2.509,22.44,2.26,11.01,1.018,-13.55,-3.928,1.449,117.8,13.54,1.78,21.91,86.4,15.41,6.047,106.6,53.9,3.553,4.06,1.533,2.156,40.03,2.732,2.457,70.7,5.09,1.06,2.343,.789,1.322
101,2017,211,1210,12.29,2.7,1.752,20.6,26.25,2.558,4.093,1.154,-20.23,-3.581,1.568,118.2,3.752,2.008,20.05,90.6,17.44,5.571,107.6,96.7,3.97,4.569,1.806,2.484,43.78,2.732,3.144,72.7,4.375,1.201,2.64,.824,1.482
101,2017,211,1220,12.29,8.46,2.156,1.584,10.59,3.5,3.087,1.487,-20.23,-3.37,2.005,121.4,3.774,3.11,17.4,98,30.95,6.694,111.4,99.2,3.784,5.705,2.132,3.043,50.54,3.062,3.227,76.9,.976,1.551,3.544,1.002,2.197
101,2017,211,1230,12.29,9.04,8.73,2.261,11.32,4.504,4.078,1.839,-19.99,-2.807,2.697,105.9,8.75,3.949,10.56,89.9,68.22,31.41,99.2,67.14,6.946,7.9,2.591,4.333,50.32,4.504,7.69,65.67,1.122,6.209,4.979,1.132,11.06
101,2017,211,1240,12.29,9.28,9.67,2.068,11.32,4.695,15.41,1.692,-10.08,-2.43,2.527,121.4,12.32,6.043,4.82,104.7,93.2,106,114.8,93.9,45.97,7.95,2.512,3.69,56.64,4.959,24.82,79.2,1.05,2.316,4.636,1.122,6.256
101,2017,211,1250,12.3,13.51,3.614,2.072,12.1,5.592,5.053,1.752,-19.93,-2.107,2.521,100.8,15.09,3.819,4.733,88.6,69.47,47.01,94.9,69.76,43.63,7.14,2.547,4.257,50.31,4.112,6.272,65.13,1.015,7.63,4.075,1.064,2.492
101,2017,211,1300,12.3,5.698,5.587,6.989,11.34,11.51,14.79,2.283,-11.95,-1.536,3.805,89.2,5.872,4.147,5.132,82.6,45.43,11.45,85.1,49.41,23.46,7.12,2.764,5.21,49.63,4.309,6.758,55.58,1.149,15.8,5.006,1.164,2.697
101,2017,211,1310,12.3,5.112,2.042,1.769,11.12,4.512,2.834,1.819,-23.1,-1.939,2.492,39.16,3.348,3.678,4.197,38.84,34.27,7.77,35.76,9.51,3.318,6.282,2.305,3.33,29.26,3.358,3.84,14.36,.854,1.682,4.658,.774,1.933
101,2017,211,1320,12.3,3.44,1.407,2.149,7.47,4.125,2.7,1.966,-23.75,-1.543,2.393,38.48,4.261,3.521,4.659,43.4,31.52,5.929,36.32,8.84,4.025,5.214,1.956,3.951,30.65,3.465,6.22,19.54,.891,1.688,4.902,.846,2.482
101,2017,211,1330,12.3,4.969,1.971,1.906,9.73,4.623,3.048,2.105,-22.36,-1.355,2.81,45.94,5.624,4.018,5.244,49.86,38.5,7.37,44.13,10.87,4.673,5.914,2.318,4.919,35.56,4.053,6.241,23.2,1.042,2.157,5.385,.963,2.792
101,2017,211,1340,12.3,5.708,2.156,2.001,10.59,4.541,3.122,2.579,-22.49,-1.258,3.119,56.28,11.72,3.954,5.349,62.76,40.37,8.24,56.22,10.78,4.738,6.088,2.536,19.04,42.55,4.107,15.86,34.13,1.08,2.248,5.515,1.003,2.621
101,2017,211,1350,12.3,5.601,2.469,2.187,10.35,4.636,3.269,3.581,-23.12,-.909,3.464,62.33,19.08,4.13,6.063,70.8,39.99,7.95,63.27,12.01,5.867,6.229,2.532,10.25,46.52,4.1,14.56,43.8,1.151,4.581,5.438,1.069,3.011
101,2017,211,1400,12.3,5.038,2.022,3.067,9.54,3.768,3.326,1.958,-22.19,-2.14,3.124,68.51,20.53,3.74,5.885,77.7,33.69,7.83,70.2,10.76,10.97,6.217,2.402,5.358,47.73,3.619,11.17,53.18,1.038,6.658,4.514,1.007,3.07
101,2017,211,1410,12.3,4.837,1.919,1.554,9.72,3.584,2.578,1.616,-22.77,-2.362,2.568,37.03,3.814,3.35,4.448,38.85,34.18,6.822,34.73,9.33,3.636,5.38,2.109,3.221,28.4,3.115,3.678,15.26,.896,1.625,4.174,.688,2.194
101,2017,211,1420,12.3,4.14,1.536,1.342,7.93,3.031,4.318,1.903,-22.58,-2.202,2.854,40.92,3.733,3.124,4.961,48.43,29.63,6.239,41.98,7.71,4.527,5.21,1.975,4.423,32.42,3.192,3.119,27.17,.858,1.888,4.14,.732,2.552
101,2017,211,1430,12.3,3.346,1.501,1.465,6.502,2.775,8.15,13.94,-18.03,4.669,11.65,70.6,4.937,3.062,8.44,94.2,29.13,5.916,78,16.68,7.35,5.169,2.182,4.182,55.7,4.13,4.252,69.33,1.079,7.68,4.11,1.04,3.122
101,2017,211,1440,12.3,2.584,1.45,1.062,5.261,2.532,2.122,1.429,-25.59,-2.753,2.246,29.25,3.042,2.583,3.958,33.99,26.67,4.105,27.79,6.889,3.844,4.561,1.648,2.745,24.09,2.964,2.636,15.57,.73,1.402,3.239,.668,2.017
101,2017,211,1450,12.3,3.154,1.548,1.382,6.192,3.013,3.023,2.39,-21.13,-2.266,4.246,48.23,3.35,3.038,8.5,69.66,32.55,5.09,54.09,7.59,8.21,5.438,3.599,3.425,44.01,21.84,3.268,44.26,1.365,2.075,4.814,.863,3.057
101,2017,211,1500,12.29,3.358,1.482,1.184,6.766,3,4.447,9.34,-23.7,1.742,2.951,38.86,2.732,2.755,8.99,53.59,30.57,5.674,41.35,6.723,6.557,4.778,2.06,2.901,35.12,21.36,2.593,29.15,1.308,1.732,4.115,.724,2.613
101,2017,211,1510,12.3,3.304,1.479,1.337,6.664,3.45,3.174,2.804,-26.19,-2.127,3.532,56.57,4.435,3.802,7.68,95.2,34.76,6.009,67.64,7.94,38.01,5.656,2.092,5.597,57.27,5.894,3.467,22.05,13.21,4.241,5.016,.926,2.948
101,2017,211,1520,12.3,4.73,1.891,1.695,10.1,4.227,3.016,2.112,-25.94,-2.728,9.49,47.09,3.308,3.936,6.004,72.3,44.19,7.46,53.4,8.48,35.51,6.267,2.427,4.45,47.62,4.371,3.626,14.76,1.772,2.129,5.207,.925,2.408
101,2017,211,1530,12.29,4.487,1.754,1.382,9.33,4.055,2.403,1.635,-26.84,-3.063,2.181,29.4,2.348,3.539,3.643,33.33,32.21,6.283,27.92,7.06,2.583,5.463,1.991,2.908,27.26,2.785,3.102,11.46,.794,1.41,4.562,.767,1.482
101,2017,211,1540,12.29,3.638,1.315,1.182,7.18,3.39,1.946,1.534,-28.31,-3.04,1.869,23.65,1.888,3.147,3.611,29.93,29.67,4.81,23.67,5.137,2.161,4.554,1.755,2.447,25.8,2.459,2.507,10.69,.794,1.293,4.308,.708,1.611
101,2017,211,1550,12.29,2.975,1.107,.873,6.087,2.747,1.553,1.141,-32.08,-3.323,1.375,18.6,1.313,2.363,2.544,21.71,22.32,3.963,17.17,3.687,1.363,3.995,1.405,1.858,19.58,1.98,1.889,6.769,.563,.918,3.228,.625,.978
101,2017,211,1600,12.29,2.767,1.033,.827,5.729,2.441,1.538,1.022,-34.22,-3.446,1.472,19.06,1.621,2.131,2.404,21.34,20.44,3.968,17.64,4.245,2.015,3.695,1.328,1.782,17.73,2,1.7,6.563,.516,.871,2.715,.489,1.049
101,2017,211,1610,12.3,3.112,1.203,1.178,6.318,3.013,2.012,1.467,-34.4,-3.176,1.995,24.4,2.499,2.853,3.833,31.38,28.77,4.436,25.44,5.715,2.766,3.977,1.63,2.648,25.41,2.665,2.581,12.29,.747,1.305,4.26,.68,1.781
101,2017,211,1620,12.29,2.238,.816,.776,4.421,2.126,1.233,.987,-31.38,-3.612,1.157,15.14,1.333,1.92,2.409,20.47,20.23,2.923,15.55,3.37,1.248,2.841,1.131,1.69,17.57,1.754,1.667,7.34,.487,.821,2.943,.541,1.047
101,2017,211,1630,12.29,1.762,.626,.558,3.645,1.761,.997,.749,-30.47,-3.848,.874,11.65,.967,1.441,1.742,14.88,14.8,2.405,11.49,2.613,.943,2.323,.864,1.268,13.29,1.343,1.235,5.004,.387,.586,2.29,.436,.714
101,2017,211,1640,12.29,1.734,.622,.549,3.463,1.499,.908,.672,-33.96,-3.892,.818,11.06,.93,1.427,1.652,13.67,13.51,2.285,10.96,2.303,.891,2.141,.789,1.179,11.91,1.174,1.166,5.051,.348,.57,1.89,.362,.761
101,2017,211,1650,12.29,1.449,.499,.457,2.969,1.37,.808,.632,-34.87,-3.781,.769,9.7,.819,1.196,1.53,14.46,12.99,2.056,9.85,2.123,1.047,1.923,.741,1.089,11.85,2.036,.977,4.358,.328,.491,1.848,.364,.69
101,2017,211,1700,12.29,1.245,.449,.421,2.578,1.216,.72,.556,-35.25,-3.954,.672,8.74,.704,1.04,1.319,13.47,11.51,1.774,8.72,1.964,.92,1.682,.642,.955,10.49,1.783,.871,3.946,.275,.442,1.563,.308,.575
101,2017,211,1710,12.29,1.123,.421,.384,2.346,1.027,.63,.466,-34.87,-3.939,.57,7.72,.633,.9,1.121,11.64,9.81,1.592,7.7,1.739,.772,1.474,.546,.833,11.7,1.045,.777,3.359,.251,.402,1.3,.258,.476
101,2017,211,1720,12.29,.871,.34,.293,1.759,.766,.476,.375,-34.46,-4.401,.454,5.77,.469,.694,.888,9.63,7.8,1.23,5.758,1.257,.643,1.144,.436,.603,7.3,.843,.578,2.463,.184,.308,.973,.194,.397
101,2017,211,1730,12.29,.541,.223,.196,1.096,.509,.322,.258,-31.16,-4.827,.315,3.716,.315,.462,.588,5.681,5.326,.756,3.803,.779,.416,.732,.295,.414,4.728,.508,.385,1.645,.127,.206,.699,.132,.271
101,2017,211,1740,12.29,.348,.131,.109,.635,.303,.181,.142,-26.84,-4.974,.173,2.136,.173,.276,.328,3.143,2.831,.449,2.084,.452,.219,.436,.168,.235,2.48,.27,.223,.878,.072,.114,.374,.075,.146
101,2017,211,1750,12.29,.198,.072,.067,.399,.188,.116,.084,-30.11,-4.973,.107,1.33,.114,.166,.199,1.779,1.714,.286,1.283,.315,.137,.28,.104,.144,1.498,.173,.134,.516,.044,.07,.23,.04,.08
101,2017,211,1800,12.29,.092,.037,.032,.174,.08,.049,.044,-29.32,-4.909,.049,.595,.05,.079,.085,.736,.717,.127,.553,.137,.062,.134,.05,.064,.633,.072,.06,.241,.018,.035,.097,.02,.04
101,2017,211,1810,12.29,.025,0,0,.045,.02,.005,.003,-30.82,-5.045,.005,.151,.005,.018,.015,.168,.168,.039,.139,.04,.005,.034,.005,.012,.142,.012,.008,.054,0,0,.022,0,.002
101,2017,211,1820,12.29,0,0,0,0,0,0,0,-19.94,-5.078,0,.025,0,0,0,.025,.027,0,.02,0,0,0,0,0,.018,0,0,.007,0,0,0,0,0
101,2017,211,1830,12.28,0,0,0,0,0,0,0,-22.21,-5.316,0,0,0,0,0,0,0,0,0,0,0,0,0,0,0,0,0,0,0,0,0,0,0
101,2017,211,1840,12.28,0,0,0,0,0,0,0,-28.19,-5.375,0,0,0,0,0,0,0,0,0,0,0,0,0,0,0,0,0,0,0,0,0,0,0
101,2017,211,1850,12.28,0,0,0,0,0,0,0,-27.61,-6.021,0,0,0,0,0,0,0,0,0,0,0,0,0,0,0,0,0,0,0,0,0,0,0
101,2017,211,1900,12.28,0,0,0,0,0,0,0,-25.01,-6.202,0,0,0,0,0,0,0,0,0,0,0,0,0,0,0,0,0,0,0,0,0,0,0
101,2017,211,1910,12.28,0,0,0,0,0,0,0,-23.6,-6.263,0,0,0,0,0,0,0,0,0,0,0,0,0,0,0,0,0,0,0,0,0,0,0
101,2017,211,1920,12.28,0,0,0,0,0,0,0,-24.7,-6.419,0,0,0,0,0,0,0,0,0,0,0,0,0,0,0,0,0,0,0,0,0,0,0
101,2017,211,1930,12.28,0,0,0,0,0,0,0,-25.31,-7.01,0,0,0,0,0,0,0,0,0,0,0,0,0,0,0,0,0,0,0,0,0,0,0
101,2017,211,1940,12.28,0,0,0,0,0,0,0,-26.11,-6.864,0,0,0,0,0,0,0,0,0,0,0,0,0,0,0,0,0,0,0,0,0,0,0
101,2017,211,1950,12.28,0,0,0,0,0,0,0,-23.44,-6.623,0,0,0,0,0,0,0,0,0,0,0,0,0,0,0,0,0,0,0,0,0,0,0
101,2017,211,2000,12.28,0,0,0,0,0,0,0,-25.36,-6.742,0,0,0,0,0,0,0,0,0,0,0,0,0,0,0,0,0,0,0,0,0,0,0
101,2017,211,2010,12.28,0,0,0,0,0,0,0,-25.22,-6.765,0,0,0,0,0,0,0,0,0,0,0,0,0,0,0,0,0,0,0,0,0,0,0
101,2017,211,2020,12.28,0,0,0,0,0,0,0,-25.42,-7.5,0,0,0,0,0,0,0,0,0,0,0,0,0,0,0,0,0,0,0,0,0,0,0
101,2017,211,2030,12.28,0,0,0,0,0,0,0,-25.39,-6.92,0,0,0,0,0,0,0,0,0,0,0,0,0,0,0,0,0,0,0,0,0,0,0
101,2017,211,2040,12.28,0,0,0,0,0,0,0,-25.04,-6.875,0,0,0,0,0,0,0,0,0,0,0,0,0,0,0,0,0,0,0,0,0,0,0
101,2017,211,2050,12.28,0,0,0,0,0,0,0,-24.45,-6.859,0,0,0,0,0,0,0,0,0,0,0,0,0,0,0,0,0,0,0,0,0,0,0
101,2017,211,2100,12.28,0,0,0,0,0,0,0,-24.78,-7.84,0,0,0,0,0,0,0,0,0,0,0,0,0,0,0,0,0,0,0,0,0,0,0
101,2017,211,2110,12.28,0,0,0,0,0,0,0,-25.57,-6.818,0,0,0,0,0,0,0,0,0,0,0,0,0,0,0,0,0,0,0,0,0,0,0
101,2017,211,2120,12.28,0,0,0,0,0,0,0,-26.68,-6.965,0,0,0,0,0,0,0,0,0,0,0,0,0,0,0,0,0,0,0,0,0,0,0
101,2017,211,2130,12.28,0,0,0,0,0,0,0,-26.64,-6.536,0,0,0,0,0,0,0,0,0,0,0,0,0,0,0,0,0,0,0,0,0,0,0
101,2017,211,2140,12.28,0,0,0,0,0,0,0,-26.48,-6.801,0,0,0,0,0,0,0,0,0,0,0,0,0,0,0,0,0,0,0,0,0,0,0
101,2017,211,2150,12.28,0,0,0,0,0,0,0,-25.8,-6.684,0,0,0,0,0,0,0,0,0,0,0,0,0,0,0,0,0,0,0,0,0,0,0
101,2017,211,2200,12.28,0,0,0,0,0,0,0,-25.51,-6.576,0,0,0,0,0,0,0,0,0,0,0,0,0,0,0,0,0,0,0,0,0,0,0
101,2017,211,2210,12.28,0,0,0,0,0,0,0,-25.67,-6.531,0,0,0,0,0,0,0,0,0,0,0,0,0,0,0,0,0,0,0,0,0,0,0
101,2017,211,2220,12.28,0,0,0,0,0,0,0,-25.72,-6.613,0,0,0,0,0,0,0,0,0,0,0,0,0,0,0,0,0,0,0,0,0,0,0
101,2017,211,2230,12.28,0,0,0,0,0,0,0,-24.12,-6.556,0,0,0,0,0,0,0,0,0,0,0,0,0,0,0,0,0,0,0,0,0,0,0
101,2017,211,2240,12.28,0,0,0,0,0,0,0,-23.77,-6.505,0,0,0,0,0,0,0,0,0,0,0,0,0,0,0,0,0,0,0,0,0,0,0
101,2017,211,2250,12.28,0,0,0,0,0,0,0,-24.62,-6.525,0,0,0,0,0,0,0,0,0,0,0,0,0,0,0,0,0,0,0,0,0,0,0
101,2017,211,2300,12.28,0,0,0,0,0,0,0,-25.25,-6.58,0,0,0,0,0,0,0,0,0,0,0,0,0,0,0,0,0,0,0,0,0,0,0
101,2017,211,2310,12.28,0,0,0,0,0,0,0,-25.86,-6.57,0,0,0,0,0,0,0,0,0,0,0,0,0,0,0,0,0,0,0,0,0,0,0
101,2017,211,2320,12.28,0,0,0,0,0,0,0,-25.8,-6.543,0,0,0,0,0,0,0,0,0,0,0,0,0,0,0,0,0,0,0,0,0,0,0
101,2017,211,2330,12.28,0,0,0,0,0,0,0,-25.46,-6.485,0,0,0,0,0,0,0,0,0,0,0,0,0,0,0,0,0,0,0,0,0,0,0
101,2017,211,2340,12.28,0,0,0,0,0,0,0,-24.85,-6.396,0,0,0,0,0,0,0,0,0,0,0,0,0,0,0,0,0,0,0,0,0,0,0
101,2017,211,2350,12.27,0,0,0,0,0,0,0,-24.89,-6.32,0,0,0,0,0,0,0,0,0,0,0,0,0,0,0,0,0,0,0,0,0,0,0
101,2017,211,2400,12.27,0,0,0,0,0,0,0,-24.63,-6.26,0,0,0,0,0,0,0,0,0,0,0,0,0,0,0,0,0,0,0,0,0,0,0
101,2017,212,10,12.27,0,0,0,0,0,0,0,-23.84,-6.219,0,0,0,0,0,0,0,0,0,0,0,0,0,0,0,0,0,0,0,0,0,0,0
101,2017,212,20,12.27,0,0,0,0,0,0,0,-23.58,-6.327,0,0,0,0,0,0,0,0,0,0,0,0,0,0,0,0,0,0,0,0,0,0,0
101,2017,212,30,12.27,0,0,0,0,0,0,0,-22.77,-6.402,0,0,0,0,0,0,0,0,0,0,0,0,0,0,0,0,0,0,0,0,0,0,0
101,2017,212,40,12.27,0,0,0,0,0,0,0,-22.35,-6.439,0,0,0,0,0,0,0,0,0,0,0,0,0,0,0,0,0,0,0,0,0,0,0
101,2017,212,50,12.27,0,0,0,0,0,0,0,-21.77,-6.526,0,0,0,0,0,0,0,0,0,0,0,0,0,0,0,0,0,0,0,0,0,0,0
101,2017,212,100,12.27,0,0,0,0,0,0,0,-21.51,-6.608,0,0,0,0,0,0,0,0,0,0,0,0,0,0,0,0,0,0,0,0,0,0,0
101,2017,212,110,12.27,0,0,0,0,0,0,0,-21.4,-6.66,0,0,0,0,0,0,0,0,0,0,0,0,0,0,0,0,0,0,0,0,0,0,0
101,2017,212,120,12.27,0,0,0,0,0,0,0,-21.43,-6.684,0,0,0,0,0,0,0,0,0,0,0,0,0,0,0,0,0,0,0,0,0,0,0
101,2017,212,130,12.27,0,0,0,0,0,0,0,-21.03,-6.736,0,0,0,0,0,0,0,0,0,0,0,0,0,0,0,0,0,0,0,0,0,0,0
101,2017,212,140,12.27,0,0,0,0,0,0,0,-20.88,-6.747,0,0,0,0,0,0,0,0,0,0,0,0,0,0,0,0,0,0,0,0,0,0,0
101,2017,212,150,12.27,0,0,0,0,0,0,0,-20.89,-6.719,0,0,0,0,0,0,0,0,0,0,0,0,0,0,0,0,0,0,0,0,0,0,0
101,2017,212,200,12.27,0,0,0,0,0,0,0,-21.3,-6.66,0,0,0,0,0,0,0,0,0,0,0,0,0,0,0,0,0,0,0,0,0,0,0
101,2017,212,210,12.27,0,0,0,0,0,0,0,-22.23,-7.43,0,0,0,0,0,0,0,0,0,0,0,0,0,0,0,0,0,0,0,0,0,0,0
101,2017,212,220,12.27,0,0,0,0,0,0,0,-22.48,-8.11,0,0,0,0,0,0,0,0,0,0,0,0,0,0,0,0,0,0,0,0,0,0,0
101,2017,212,230,12.27,0,0,0,0,0,0,0,-22.79,-6.888,0,0,0,0,0,0,0,0,0,0,0,0,0,0,0,0,0,0,0,0,0,0,0
101,2017,212,240,12.27,0,0,0,0,0,0,0,-23.43,-6.804,0,0,0,0,0,0,0,0,0,0,0,0,0,0,0,0,0,0,0,0,0,0,0
101,2017,212,250,12.27,0,0,0,0,0,0,0,-23.74,-6.622,0,0,0,0,0,0,0,0,0,0,0,0,0,0,0,0,0,0,0,0,0,0,0
101,2017,212,300,12.27,0,0,0,0,0,0,0,-23.87,-6.622,0,0,0,0,0,0,0,0,0,0,0,0,0,0,0,0,0,0,0,0,0,0,0
101,2017,212,310,12.26,0,0,0,0,0,0,0,-23.81,-6.729,0,0,0,0,0,0,0,0,0,0,0,0,0,0,0,0,0,0,0,0,0,0,0
101,2017,212,320,12.26,0,0,0,0,0,0,0,-23.68,-6.793,0,0,0,0,0,0,0,0,0,0,0,0,0,0,0,0,0,0,0,0,0,0,0
101,2017,212,330,12.27,0,0,0,0,0,0,0,-23.7,-6.716,0,0,0,0,0,0,0,0,0,0,0,0,0,0,0,0,0,0,0,0,0,0,0
101,2017,212,340,12.26,0,0,0,0,0,0,0,-24.07,-6.709,0,0,0,0,0,0,0,0,0,0,0,0,0,0,0,0,0,0,0,0,0,0,0
101,2017,212,350,12.27,0,0,0,0,0,0,0,-24.34,-6.689,0,0,0,0,0,0,0,0,0,0,0,0,0,0,0,0,0,0,0,0,0,0,0
101,2017,212,400,12.27,0,0,0,0,0,0,0,-24.38,-6.61,0,0,0,0,0,0,0,0,0,0,0,0,0,0,0,0,0,0,0,0,0,0,0
101,2017,212,410,12.26,0,0,0,0,0,0,0,-23.97,-6.833,0,0,0,0,0,0,0,0,0,0,0,0,0,0,0,0,0,0,0,0,0,0,0
101,2017,212,420,12.26,0,0,0,0,0,0,0,-23.64,-6.947,0,0,0,0,0,0,0,0,0,0,0,0,0,0,0,0,0,0,0,0,0,0,0
101,2017,212,430,12.26,0,0,0,0,0,0,0,-22.65,-6.95,0,0,0,0,0,0,0,0,0,0,0,0,0,0,0,0,0,0,0,0,0,0,0
101,2017,212,440,12.26,0,0,0,0,0,0,0,-21.61,-6.779,0,0,0,0,0,0,0,0,0,0,0,0,0,0,0,0,0,0,0,0,0,0,0
101,2017,212,450,12.26,0,0,0,0,0,0,0,-21.76,-6.664,0,0,0,0,0,0,0,0,0,0,0,0,0,0,0,0,0,0,0,0,0,0,0
101,2017,212,500,12.26,0,0,0,0,0,0,0,-21.45,-6.543,0,0,0,0,0,0,0,0,0,0,0,0,0,0,0,0,0,0,0,0,0,0,0
101,2017,212,510,12.26,0,0,0,0,0,0,0,-21.09,-6.525,0,0,0,0,0,0,0,0,0,0,0,0,0,0,0,0,0,0,0,0,0,0,0
101,2017,212,520,12.26,0,0,0,0,0,0,0,-20.59,-6.521,0,0,0,0,0,0,0,0,0,0,0,0,0,0,0,0,0,0,0,0,0,0,0
101,2017,212,530,12.26,0,0,0,0,0,0,0,-20.18,-6.669,0,0,0,0,0,0,0,0,0,0,0,0,0,0,0,0,0,0,0,0,0,0,0
101,2017,212,540,12.26,0,0,0,0,0,0,0,-19.48,-6.66,0,0,0,0,0,0,0,0,0,0,0,0,0,0,0,0,0,0,0,0,0,0,0
101,2017,212,550,12.26,0,0,0,0,0,0,0,-19.44,-6.675,0,0,0,0,0,0,0,0,0,0,0,0,0,0,0,0,0,0,0,0,0,0,0
101,2017,212,600,12.26,0,0,0,0,0,0,0,-19.78,-6.714,0,0,0,0,0,0,0,0,0,0,0,0,0,0,0,0,0,0,0,0,0,0,0
101,2017,212,610,12.26,0,0,0,0,0,0,0,-19.71,-6.764,0,0,0,0,0,0,0,0,0,0,0,0,0,0,0,0,0,0,0,0,0,0,0
101,2017,212,620,12.26,0,0,0,0,0,0,0,-19.67,-6.841,0,0,0,0,0,0,0,0,0,0,0,0,0,0,0,0,0,0,0,0,0,0,0
101,2017,212,630,12.26,0,0,0,0,0,0,0,-19.37,-6.91,0,0,0,0,0,0,0,0,0,0,0,0,0,0,0,0,0,0,0,0,0,0,0
101,2017,212,640,12.26,0,0,0,0,0,0,0,-19.09,-6.811,0,.032,0,0,0,.018,.018,.007,.023,.007,0,.007,0,0,.013,0,0,.002,0,0,0,0,0
101,2017,212,650,12.26,.027,.007,.007,.057,.027,.017,.01,-19.1,-6.684,.012,.253,.013,.025,.017,.166,.171,.05,.179,.052,.012,.057,.015,.023,.139,.025,.013,.049,0,.005,.018,.005,.002
101,2017,212,700,12.26,.099,.039,.034,.215,.099,.062,.039,-18.67,-6.593,.045,.902,.05,.087,.074,.692,.706,.178,.66,.193,.05,.216,.062,.072,.61,.074,.06,.183,.023,.034,.087,.032,.032
101,2017,212,710,12.26,.213,.089,.065,.461,.221,.139,.084,-18.15,-6.592,.099,2.008,.122,.191,.176,1.627,1.681,.377,1.482,.406,.122,.463,.139,.164,1.441,.176,.134,.407,.037,.064,.198,.044,.07
101,2017,212,720,12.26,.349,.149,.106,.758,.359,.228,.134,-18.46,-6.436,.159,3.608,.199,.31,.285,2.695,2.772,.607,2.599,.657,.198,.801,.25,.278,2.378,.28,.23,.635,.067,.106,.32,.082,.114
101,2017,212,730,12.26,.466,.216,.149,1.098,.481,.328,.184,-18.4,-6.36,.226,5.531,.288,.429,.394,3.825,3.871,.915,3.751,.969,.272,1.158,.36,.392,3.305,.392,.339,.893,.096,.151,.426,.107,.154
101,2017,212,740,12.26,.57,.263,.184,1.368,.587,.406,.228,-18.17,-6.374,.288,23.33,.39,.515,.478,6.303,4.892,1.148,4.44,1.2,.35,1.384,.404,.453,4.133,.483,.407,1.13,.122,.181,.521,.136,.196
101,2017,212,750,12.26,.701,.323,.226,1.689,.722,.476,.27,-18.71,-6.223,.344,21.59,.568,.632,.583,6.783,5.66,1.383,5.377,1.453,.394,1.716,.526,.582,4.756,.535,.461,1.306,.144,.216,.588,.161,.226
101,2017,212,800,12.26,.831,.38,.292,2.021,.877,.607,.349,-19.25,-6.196,.436,54.21,1.115,.868,.823,10.08,6.605,1.768,6.516,1.782,.451,4.228,1.073,.903,5.541,.665,.565,1.562,.174,.273,.709,.199,.287
101,2017,212,810,12.26,.912,.422,.337,2.252,.997,.712,.389,-19.66,-6.255,.479,62.41,1.297,1.004,.928,10.58,7.17,1.941,9.37,2.009,.491,12.7,1.436,1.123,6.012,.729,.64,1.715,.204,.302,.773,.223,.323
101,2017,212,820,12.26,.994,.436,.385,2.447,1.121,.825,.431,-18.75,-6.411,.533,69.7,1.394,1.252,1.012,10.84,7.59,2.105,32.04,2.281,.538,17.09,1.535,1.244,7.59,.796,.701,1.847,.235,.342,.818,.235,.364
101,2017,212,830,12.26,1.126,.647,.434,2.653,1.269,.937,.458,-21.13,-6.712,.655,75.9,1.353,1.331,1.089,10.68,8.05,2.288,49.63,3.049,.583,21.33,1.689,1.353,6.913,.855,.758,1.963,.26,.369,.861,.245,.608
101,2017,212,840,12.26,1.171,.504,.454,2.936,1.482,1.071,.479,-22.2,-6.907,.639,81.6,1.302,1.373,1.166,10.78,12.27,2.499,54.94,3.044,.62,24.35,1.783,9.92,9.51,1.071,.82,2.066,.272,.394,.905,.273,1.542
101,2017,212,850,12.26,1.223,.55,.516,3.3,1.773,1.75,.541,-22.9,-6.826,.689,86.7,1.448,1.44,1.264,11.24,16.97,2.744,60.01,3.464,.669,27.03,1.844,1.56,10.34,.99,.907,2.175,.298,.429,.949,.302,1.007
101,2017,212,900,12.26,1.299,.593,.578,3.923,2.05,7.18,.572,-18.59,-6.902,.742,91.4,1.609,1.508,1.374,11.8,21.69,4.026,65.01,3.627,.726,29.5,1.859,15.77,9.87,1.113,1.026,2.276,.347,.436,1.001,.315,.436