101,2017,285,1410,11.95,2.892,1.02,.966,4.994,2.274,1.506,1.057,-66.85,-7.63,1.434,17.39,1.663,2.219,2.241,22.46,22.03,3.988,19.36,4.15,1.469,3.904,1.45,1.866,18.38,1.797,2.028,7.58,.518,.948,2.839,.6,.978
101,2017,285,1420,11.95,2.826,1.156,.997,5.048,2.363,1.67,1.087,-67.97,-8.09,1.496,18.48,1.782,2.305,2.341,23.2,22.32,4.139,20.59,4.773,1.754,3.931,1.363,2.027,18.34,1.874,2.053,8.04,.513,.965,2.849,.571,1.085
101,2017,285,1430,11.95,3.087,1.318,1.124,5.834,2.692,1.903,1.283,-67.19,-8.28,1.735,21.85,2.328,2.569,2.946,27.73,25.91,4.524,24.07,5.867,2.429,4.929,1.653,2.424,21.59,2.28,2.313,10.46,.605,1.157,2.996,.64,1.435
101,2017,285,1440,11.95,2.816,1.179,1.012,4.921,2.184,1.549,1.09,-64.52,-8.6,1.447,18.47,1.859,2.219,2.476,22.8,22.11,4.037,20.55,4.742,1.69,4.053,1.437,2.025,18.07,1.814,2.003,8.77,.543,1.008,2.653,.571,1.156
101,2017,285,1450,11.95,2.412,1.002,.904,4.105,1.916,1.399,.977,-66.23,-9.35,1.301,16.18,1.767,1.94,2.405,21.33,20.69,3.382,18.81,4.454,1.544,3.295,1.216,1.888,17.15,1.732,1.886,8.91,.476,.941,2.494,.554,1.146
101,2017,285,1500,11.95,3.504,1.206,.99,6.174,2.508,1.693,1.062,-65.69,-9.43,1.543,18.43,1.625,2.407,2.152,22.04,22.52,4.685,20.02,4.437,1.372,4.526,1.466,1.93,18.3,1.799,2.033,7.17,.508,.96,2.762,.613,.933
101,2017,285,1510,11.95,2.397,.961,.777,4.64,2.469,1.436,1.034,-65.68,-9.57,1.271,15.32,1.291,2.253,2.037,19.27,19.88,3.307,15.92,3.487,1.141,4.238,1.193,1.683,16.81,1.61,1.662,6.402,.497,.853,2.571,.575,.853
101,2017,285,1520,11.94,2.529,1.03,.843,4.7,2.402,1.503,1.037,-64.23,-9.73,1.364,16.51,1.333,2.293,2.072,20.63,21.37,3.613,17.25,3.541,1.164,4.493,1.436,1.782,18.02,1.791,1.861,6.798,.541,.94,2.608,.637,.833
101,2017,285,1530,11.95,2.613,1.003,.779,5.057,2.751,1.523,1.04,-63.33,-9.81,1.323,16.04,1.213,2.375,2.03,20.1,21.05,3.618,15.78,3.417,1.067,4.967,1.4,1.682,17.9,1.786,1.712,5.401,.506,.844,2.424,.603,.781
101,2017,285,1540,11.94,2.684,1.097,.858,4.989,2.635,1.555,1.055,-61.12,-9.96,1.335,16.48,1.337,2.39,2.292,20.84,21.83,3.583,16.72,3.72,1.152,4.573,1.367,1.935,18.38,1.891,1.739,6.327,.508,.913,2.58,.707,.858
101,2017,285,1550,11.95,2.796,1.057,.861,5.153,2.779,1.539,1.211,-60.75,-9.88,1.412,16.81,1.384,2.357,2.312,23.11,23.8,3.694,17.65,3.814,1.307,4.772,1.405,1.918,20.08,2.035,1.851,6.607,.548,.906,2.937,.699,.868
101,2017,285,1600,11.94,2.726,1.054,.992,5.21,2.746,1.652,1.327,-59.89,-10.01,1.839,17.74,1.762,2.421,3.067,32.15,31.17,3.861,22.34,4.644,2.131,4.992,1.613,2.106,27.27,2.295,2.037,8.19,.585,1.01,5.188,.848,1.288
101,2017,285,1610,11.94,2.288,.992,1.236,4.522,3.104,1.685,1.712,-54.98,-9.57,3.091,17.96,1.91,2.592,3.287,43.07,40.54,3.536,27.66,5.929,2.448,4.602,2.283,2.573,36.68,2.565,2.149,10.21,.74,1.245,9.3,1.037,1.474
101,2017,285,1620,11.94,2.315,.91,.918,4.527,2.97,1.538,1.625,-47.94,-9.9,1.54,15.67,1.369,2.417,2.892,25.84,26.4,3.198,18.3,3.485,1.489,4.617,1.447,2.342,23.65,2.293,1.834,9.04,.616,1.062,3.679,.853,1.173
101,2017,285,1630,11.94,1.856,.816,.643,3.764,2.402,1.258,1.039,-47.61,-10.57,1.082,12.73,.993,1.697,1.893,18.39,19.27,2.677,13.12,3.091,.941,3.903,1.168,1.692,17.07,1.841,1.402,5.228,.436,.69,2.568,.715,.62
101,2017,285,1640,11.94,1.781,.712,.573,3.302,1.751,1.049,.73,-50.32,-11.04,.94,11.4,1.059,1.469,1.593,14.76,15.05,2.538,11.85,2.58,.957,3.287,.953,1.372,13.16,1.377,1.293,4.63,.358,.605,1.655,.442,.565
101,2017,285,1650,11.94,1.911,.761,.73,3.324,1.861,1.193,.89,-49.73,-10.7,1.142,12.74,1.276,1.94,2.248,18.52,18.32,2.519,14.46,2.665,1.261,3.422,.993,1.595,15.94,1.513,1.479,6.841,.461,.849,2.275,.499,1.003
101,2017,285,1700,11.94,1.622,.613,.65,3.089,2.094,1.114,1.137,-49.48,-10.45,1.112,11.81,1.176,1.782,2.21,22.56,21.94,2.384,13.58,2.608,1.399,3.36,1.052,1.605,18.03,1.637,1.322,6.084,.476,.759,2.809,.565,.839
101,2017,285,1710,11.94,1.297,.595,.643,2.717,2.024,1.082,.98,-47.11,-10.43,1.079,12.73,1.209,1.637,2.241,32.95,30.62,2.228,12.87,3.004,1.635,3.404,1.204,1.854,18.99,1.881,1.337,6.042,.449,.739,2.396,.601,.774
101,2017,285,1720,11.94,1.436,.673,.58,3.005,1.937,1.086,.913,-43.33,-10.39,1.032,13.04,1.191,1.516,1.967,25.73,23.26,2.285,12.18,2.928,1.313,3.344,1.114,1.776,16.55,1.791,1.292,5.363,.409,.657,2.275,.591,.677
101,2017,285,1730,11.94,1.228,.541,.444,2.481,1.385,.836,.628,-40.26,-10.7,.779,9.32,.911,1.166,1.59,15.17,15.61,1.906,9.54,2.468,1.169,2.714,.851,1.26,12.59,1.359,.926,3.756,.305,.467,1.503,.427,.546
101,2017,285,1740,11.94,.982,.444,.404,1.878,1.127,.675,.575,-39.85,-11.01,.673,7.76,.766,.982,1.441,13.43,13.19,1.56,8.56,2.039,1.037,2.154,.74,1.131,11.48,1.208,.796,3.789,.28,.441,1.385,.389,.513
101,2017,285,1750,11.94,.692,.338,.31,1.404,.928,.528,.456,-41.01,-11.41,.504,5.82,.58,.791,1.134,10.25,10.15,1.131,6.376,1.514,.722,1.647,.536,.869,8.98,.938,.593,2.943,.211,.348,1.161,.325,.429
101,2017,285,1800,11.94,.518,.258,.209,1.024,.628,.379,.318,-40.38,-11.65,.355,4.109,.402,.506,.658,6.537,6.518,.833,4.317,1.045,.462,1.132,.369,.556,5.733,.61,.41,1.838,.147,.236,.694,.199,.251
101,2017,285,1810,11.94,.32,.151,.122,.596,.377,.231,.186,-44.04,-12.06,.208,2.429,.243,.32,.39,3.696,3.679,.501,2.474,.608,.285,.677,.221,.332,3.243,.365,.248,1.009,.079,.137,.394,.114,.147
101,2017,285,1820,11.94,.173,.07,.059,.335,.191,.114,.089,-42.62,-12.1,.097,1.181,.111,.152,.184,1.69,1.705,.26,1.203,.312,.121,.345,.109,.154,1.506,.176,.116,.466,.039,.06,.194,.05,.067
101,2017,285,1830,11.94,.052,.017,.018,.101,.062,.035,.028,-42.29,-12.08,.034,.367,.037,.052,.059,.528,.529,.079,.379,.094,.04,.107,.04,.049,.486,.059,.042,.166,.002,.023,.067,.02,.018
101,2017,285,1840,11.94,.003,0,0,.012,.008,0,0,-41.67,-12.06,0,.067,0,.003,.005,.095,.097,.008,.067,.013,0,.017,0,.005,.087,.008,0,.032,0,0,.007,0,0
101,2017,285,1850,11.94,0,0,0,0,0,0,0,-43.65,-12.18,0,0,0,0,0,0,0,0,0,0,0,0,0,0,0,0,0,0,0,0,0,0,0
101,2017,285,1900,11.94,0,0,0,0,0,0,0,-48.81,-12.47,0,0,0,0,0,0,0,0,0,0,0,0,0,0,0,0,0,0,0,0,0,0,0
101,2017,285,1910,11.94,0,0,0,0,0,0,0,-50.85,-12.62,0,0,0,0,0,0,0,0,0,0,0,0,0,0,0,0,0,0,0,0,0,0,0
101,2017,285,1920,11.94,0,0,0,0,0,0,0,-52.27,-12.62,0,0,0,0,0,0,0,0,0,0,0,0,0,0,0,0,0,0,0,0,0,0,0
101,2017,285,1930,11.94,0,0,0,0,0,0,0,-53.17,-12.65,0,0,0,0,0,0,0,0,0,0,0,0,0,0,0,0,0,0,0,0,0,0,0
101,2017,285,1940,11.94,0,0,0,0,0,0,0,-53.87,-12.72,0,0,0,0,0,0,0,0,0,0,0,0,0,0,0,0,0,0,0,0,0,0,0
101,2017,285,1950,11.94,0,0,0,0,0,0,0,-55.4,-13.08,0,0,0,0,0,0,0,0,0,0,0,0,0,0,0,0,0,0,0,0,0,0,0
101,2017,285,2000,11.94,0,0,0,0,0,0,0,-56.79,-13.29,0,0,0,0,0,0,0,0,0,0,0,0,0,0,0,0,0,0,0,0,0,0,0
101,2017,285,2010,11.94,0,0,0,0,0,0,0,-55.31,-13.38,0,0,0,0,0,0,0,0,0,0,0,0,0,0,0,0,0,0,0,0,0,0,0
101,2017,285,2020,11.94,0,0,0,0,0,0,0,-53.9,-13.01,0,0,0,0,0,0,0,0,0,0,0,0,0,0,0,0,0,0,0,0,0,0,0
101,2017,285,2030,11.94,0,0,0,0,0,0,0,-54.03,-12.75,0,0,0,0,0,0,0,0,0,0,0,0,0,0,0,0,0,0,0,0,0,0,0
101,2017,285,2040,11.94,0,0,0,0,0,0,0,-55.14,-12.88,0,0,0,0,0,0,0,0,0,0,0,0,0,0,0,0,0,0,0,0,0,0,0
101,2017,285,2050,11.93,0,0,0,0,0,0,0,-56.28,-13.06,0,0,0,0,0,0,0,0,0,0,0,0,0,0,0,0,0,0,0,0,0,0,0
101,2017,285,2100,11.93,0,0,0,0,0,0,0,-56.72,-13.78,0,0,0,0,0,0,0,0,0,0,0,0,0,0,0,0,0,0,0,0,0,0,0
101,2017,285,2110,11.93,0,0,0,0,0,0,0,-55.24,-13.81,0,0,0,0,0,0,0,0,0,0,0,0,0,0,0,0,0,0,0,0,0,0,0
101,2017,285,2120,11.93,0,0,0,0,0,0,0,-54.39,-13.68,0,0,0,0,0,0,0,0,0,0,0,0,0,0,0,0,0,0,0,0,0,0,0
101,2017,285,2130,11.93,0,0,0,0,0,0,0,-55.91,-13.66,0,0,0,0,0,0,0,0,0,0,0,0,0,0,0,0,0,0,0,0,0,0,0
101,2017,285,2140,11.93,0,0,0,0,0,0,0,-57.08,-13.72,0,0,0,0,0,0,0,0,0,0,0,0,0,0,0,0,0,0,0,0,0,0,0
101,2017,285,2150,11.93,0,0,0,0,0,0,0,-57.3,-13.85,0,0,0,0,0,0,0,0,0,0,0,0,0,0,0,0,0,0,0,0,0,0,0
101,2017,285,2200,11.93,0,0,0,0,0,0,0,-56.12,-14.3,0,0,0,0,0,0,0,0,0,0,0,0,0,0,0,0,0,0,0,0,0,0,0
101,2017,285,2210,11.93,0,0,0,0,0,0,0,-55.99,-14.26,0,0,0,0,0,0,0,0,0,0,0,0,0,0,0,0,0,0,0,0,0,0,0
101,2017,285,2220,11.93,0,0,0,0,0,0,0,-56.66,-14.6,0,0,0,0,0,0,0,0,0,0,0,0,0,0,0,0,0,0,0,0,0,0,0
101,2017,285,2230,11.93,0,0,0,0,0,0,0,-56.19,-14.76,0,0,0,0,0,0,0,0,0,0,0,0,0,0,0,0,0,0,0,0,0,0,0
101,2017,285,2240,11.93,0,0,0,0,0,0,0,-55.91,-14.62,0,0,0,0,0,0,0,0,0,0,0,0,0,0,0,0,0,0,0,0,0,0,0
101,2017,285,2250,11.93,0,0,0,0,0,0,0,-55.66,-14.57,0,0,0,0,0,0,0,0,0,0,0,0,0,0,0,0,0,0,0,0,0,0,0
101,2017,285,2300,11.93,0,0,0,0,0,0,0,-54.69,-14.69,0,0,0,0,0,0,0,0,0,0,0,0,0,0,0,0,0,0,0,0,0,0,0
101,2017,285,2310,11.93,0,0,0,0,0,0,0,-55.77,-14.91,0,0,0,0,0,0,0,0,0,0,0,0,0,0,0,0,0,0,0,0,0,0,0
101,2017,285,2320,11.93,0,0,0,0,0,0,0,-58.18,-15.24,0,0,0,0,0,0,0,0,0,0,0,0,0,0,0,0,0,0,0,0,0,0,0
101,2017,285,2330,11.93,0,0,0,0,0,0,0,-62.5,-16.51,0,0,0,0,0,0,0,0,0,0,0,0,0,0,0,0,0,0,0,0,0,0,0
101,2017,285,2340,11.93,0,0,0,0,0,0,0,-67.42,-17.89,0,0,0,0,0,0,0,0,0,0,0,0,0,0,0,0,0,0,0,0,0,0,0
101,2017,285,2350,11.93,0,0,0,0,0,0,0,-65.29,-17.37,0,0,0,0,0,0,0,0,0,0,0,0,0,0,0,0,0,0,0,0,0,0,0
101,2017,285,2400,11.93,0,0,0,0,0,0,0,-59.65,-16.2,0,0,0,0,0,0,0,0,0,0,0,0,0,0,0,0,0,0,0,0,0,0,0
101,2017,286,10,11.93,0,0,0,0,0,0,0,-57.23,-15.7,0,0,0,0,0,0,0,0,0,0,0,0,0,0,0,0,0,0,0,0,0,0,0
101,2017,286,20,11.93,0,0,0,0,0,0,0,-55.88,-15.74,0,0,0,0,0,0,0,0,0,0,0,0,0,0,0,0,0,0,0,0,0,0,0
101,2017,286,30,11.93,0,0,0,0,0,0,0,-54.68,-15.77,0,0,0,0,0,0,0,0,0,0,0,0,0,0,0,0,0,0,0,0,0,0,0
101,2017,286,40,11.93,0,0,0,0,0,0,0,-54.32,-15.71,0,0,0,0,0,0,0,0,0,0,0,0,0,0,0,0,0,0,0,0,0,0,0
101,2017,286,50,11.93,0,0,0,0,0,0,0,-53.62,-15.74,0,0,0,0,0,0,0,0,0,0,0,0,0,0,0,0,0,0,0,0,0,0,0
101,2017,286,100,11.93,0,0,0,0,0,0,0,-53.3,-15.8,0,0,0,0,0,0,0,0,0,0,0,0,0,0,0,0,0,0,0,0,0,0,0
101,2017,286,110,11.93,0,0,0,0,0,0,0,-52.62,-15.81,0,0,0,0,0,0,0,0,0,0,0,0,0,0,0,0,0,0,0,0,0,0,0
101,2017,286,120,11.93,0,0,0,0,0,0,0,-50.95,-15.73,0,0,0,0,0,0,0,0,0,0,0,0,0,0,0,0,0,0,0,0,0,0,0
101,2017,286,130,11.93,0,0,0,0,0,0,0,-50.95,-15.74,0,0,0,0,0,0,0,0,0,0,0,0,0,0,0,0,0,0,0,0,0,0,0
101,2017,286,140,11.92,0,0,0,0,0,0,0,-51.62,-16.4,0,0,0,0,0,0,0,0,0,0,0,0,0,0,0,0,0,0,0,0,0,0,0
101,2017,286,150,11.92,0,0,0,0,0,0,0,-52.46,-16.33,0,0,0,0,0,0,0,0,0,0,0,0,0,0,0,0,0,0,0,0,0,0,0
101,2017,286,200,11.92,0,0,0,0,0,0,0,-53.24,-16.52,0,0,0,0,0,0,0,0,0,0,0,0,0,0,0,0,0,0,0,0,0,0,0
101,2017,286,210,11.92,0,0,0,0,0,0,0,-55.34,-16.64,0,0,0,0,0,0,0,0,0,0,0,0,0,0,0,0,0,0,0,0,0,0,0
101,2017,286,220,11.92,0,0,0,0,0,0,0,-59.44,-16.48,0,0,0,0,0,0,0,0,0,0,0,0,0,0,0,0,0,0,0,0,0,0,0
101,2017,286,230,11.92,0,0,0,0,0,0,0,-63.48,-16.9,0,0,0,0,0,0,0,0,0,0,0,0,0,0,0,0,0,0,0,0,0,0,0
101,2017,286,240,11.92,0,0,0,0,0,0,0,-64.18,-17.15,0,0,0,0,0,0,0,0,0,0,0,0,0,0,0,0,0,0,0,0,0,0,0
101,2017,286,250,11.92,0,0,0,0,0,0,0,-63.42,-17.44,0,0,0,0,0,0,0,0,0,0,0,0,0,0,0,0,0,0,0,0,0,0,0
101,2017,286,300,11.92,0,0,0,0,0,0,0,-65.91,-17.95,0,0,0,0,0,0,0,0,0,0,0,0,0,0,0,0,0,0,0,0,0,0,0
101,2017,286,310,11.92,0,0,0,0,0,0,0,-70.6,-18.77,0,0,0,0,0,0,0,0,0,0,0,0,0,0,0,0,0,0,0,0,0,0,0
101,2017,286,320,11.92,0,0,0,0,0,0,0,-75,-19.47,0,0,0,0,0,0,0,0,0,0,0,0,0,0,0,0,0,0,0,0,0,0,0
101,2017,286,330,11.92,0,0,0,0,0,0,0,-73.4,-19.15,0,0,0,0,0,0,0,0,0,0,0,0,0,0,0,0,0,0,0,0,0,0,0
101,2017,286,340,11.92,0,0,0,0,0,0,0,-68.22,-18.37,0,0,0,0,0,0,0,0,0,0,0,0,0,0,0,0,0,0,0,0,0,0,0
101,2017,286,350,11.92,0,0,0,0,0,0,0,-65.05,-17.64,0,0,0,0,0,0,0,0,0,0,0,0,0,0,0,0,0,0,0,0,0,0,0
101,2017,286,400,11.92,0,0,0,0,0,0,0,-64.28,-17.54,0,0,0,0,0,0,0,0,0,0,0,0,0,0,0,0,0,0,0,0,0,0,0
101,2017,286,410,11.92,0,0,0,0,0,0,0,-63.34,-17.73,0,0,0,0,0,0,0,0,0,0,0,0,0,0,0,0,0,0,0,0,0,0,0
101,2017,286,420,11.92,0,0,0,0,0,0,0,-62.33,-17.09,0,0,0,0,0,0,0,0,0,0,0,0,0,0,0,0,0,0,0,0,0,0,0
101,2017,286,430,11.92,0,0,0,0,0,0,0,-61.15,-16.7,0,0,0,0,0,0,0,0,0,0,0,0,0,0,0,0,0,0,0,0,0,0,0
101,2017,286,440,11.92,0,0,0,0,0,0,0,-64.46,-16.67,0,0,0,0,0,0,0,0,0,0,0,0,0,0,0,0,0,0,0,0,0,0,0
101,2017,286,450,11.92,0,0,0,0,0,0,0,-65.29,-16.58,0,0,0,0,0,0,0,0,0,0,0,0,0,0,0,0,0,0,0,0,0,0,0
101,2017,286,500,11.92,0,0,0,0,0,0,0,-66.95,-16.66,0,0,0,0,0,0,0,0,0,0,0,0,0,0,0,0,0,0,0,0,0,0,0
101,2017,286,510,11.92,0,0,0,0,0,0,0,-67.18,-16.87,0,0,0,0,0,0,0,0,0,0,0,0,0,0,0,0,0,0,0,0,0,0,0
101,2017,286,520,11.92,0,0,0,0,0,0,0,-69.5,-17.33,0,0,0,0,0,0,0,0,0,0,0,0,0,0,0,0,0,0,0,0,0,0,0
101,2017,286,530,11.92,0,0,0,0,0,0,0,-71.2,-17.39,0,0,0,0,0,0,0,0,0,0,0,0,0,0,0,0,0,0,0,0,0,0,0
101,2017,286,540,11.92,0,0,0,.002,0,0,0,-72.8,-17.75,0,.034,0,0,0,.023,.022,.002,.02,.005,0,.008,0,0,.015,0,0,.003,0,0,0,0,0
101,2017,286,550,11.92,.035,.012,.01,.062,.032,.018,.013,-71.6,-17.83,.015,.256,.02,.035,.02,.206,.22,.055,.198,.055,.013,.072,.023,.025,.174,.023,.018,.055,0,.017,.02,.005,.007
101,2017,286,600,11.92,.129,.055,.039,.248,.117,.075,.047,-67.92,-17.54,.06,1.027,.069,.126,.085,.843,.888,.221,.796,.22,.06,.288,.08,.087,.712,.084,.075,.225,.027,.044,.089,.034,.035
101,2017,286,610,11.92,.308,.137,.085,.558,.278,.188,.109,-63.63,-17.11,.146,2.537,.159,.298,.203,2.03,2.149,.509,1.932,.484,.137,.659,.201,.204,1.711,.194,.186,.484,.06,.099,.199,.059,.079
101,2017,286,620,11.92,.503,.245,.146,.98,.444,.32,.179,-58.12,-16.5,.246,4.411,.266,.484,.337,3.446,3.665,.947,3.317,.82,.226,1.151,.347,.352,2.856,.317,.32,.784,.102,.166,.325,.107,.127
101,2017,286,630,11.92,.716,.34,.206,1.401,.617,.442,.25,-54.39,-16.77,.349,6.288,.367,.684,.471,5.392,5.335,1.708,4.663,1.16,.313,1.642,.478,.486,3.969,.439,.439,1.083,.144,.233,.439,.151,.181
101,2017,286,640,11.92,.91,.424,.26,1.785,.779,.555,.31,-51.07,-16.72,.432,8.23,.442,.872,.597,7.52,6.6,2.43,7.45,1.483,.391,2.097,.647,.654,4.926,.541,.555,1.337,.184,.295,.526,.186,.223
101,2017,286,650,11.92,1.093,.476,.315,2.135,.939,.689,.374,-50.53,-16.81,.509,19.31,.548,1.056,.729,9.84,7.47,2.945,11.43,1.815,.444,3.68,.915,.846,5.718,.645,.687,1.587,.22,.35,.627,.225,.27
101,2017,286,700,11.92,1.279,.561,.384,2.501,1.136,.865,.441,-49.88,-16.95,.623,45.78,.808,1.285,.87,11,8.5,4.232,32.79,7.69,.528,14.7,1.483,1.376,6.458,.746,.865,1.823,.258,.411,.737,.273,.325
101,2017,286,710,11.92,1.48,.65,.449,2.916,1.368,1.071,.583,-45.7,-16.72,.766,54.15,1.125,1.768,.98,11.64,9.44,13.23,39.96,11.09,.602,23.49,20.93,1.941,7.11,.835,1.259,2.026,.308,.451,.87,.344,.382
101,2017,286,720,11.92,1.661,.729,.541,3.283,1.621,1.287,1.012,-43.1,-16.45,.908,61.04,1.255,2.489,1.081,11.73,10.24,26.09,46.31,4.929,.687,10.06,26.52,1.865,7.62,.91,38.69,2.19,.344,.509,.902,.377,.427
101,2017,286,730,11.92,1.81,.798,.675,3.642,1.879,1.751,1.896,-39.73,-16.42,1.782,67.84,1.307,2.507,1.166,11.86,10.82,32.42,52.84,25.88,.868,8.84,16.86,1.736,8.17,.98,31.43,2.345,.377,.556,.954,.404,.442
101,2017,286,740,11.92,2.011,.893,.821,4.108,2.298,2.774,.93,-34.1,-17.12,1.342,73.8,1.399,3.925,1.25,12.31,11.47,38.27,58.82,10.65,.786,5.563,2.502,1.907,8.48,1.058,6.89,2.489,.406,.612,1.014,.434,.491
101,2017,286,750,11.92,2.335,2.732,.989,6.766,2.811,3.174,.779,-28.73,-17.39,1.482,79.3,1.483,10,1.324,12.99,13.86,43.85,64.55,21.98,.843,6.04,2.19,13.77,8.98,1.148,1.465,2.645,.436,.675,1.079,.437,.64
101,2017,286,800,11.92,2.732,2.883,1.093,21.19,2.97,3.154,.794,-27.52,-17.52,1.634,84.2,7.28,18.33,1.403,14.69,14.52,49.14,69.84,23.64,.89,7.72,2.586,2.091,9.48,1.212,1.517,2.797,.447,.729,1.145,.483,3.522
101,2017,286,810,11.93,3.073,2.259,1.173,57.74,3.143,3.045,.834,-30.42,-17.69,10.15,88.4,14.64,3.288,1.466,17.86,37.74,53.68,74.5,5.714,.943,16.55,2.574,2.358,11.08,1.3,1.624,2.942,.462,.779,1.206,.543,.627
101,2017,286,820,11.93,4.705,5.667,1.299,59.21,3.529,4.521,.945,-23.37,-17.23,21.06,91.2,5.982,9.25,1.607,22.4,44.02,56.16,77.3,6.399,.975,32.03,16.42,6.347,11.33,1.481,1.877,3.103,.538,1.727,1.319,.724,3.574
101,2017,286,830,11.93,5.276,2.704,2.594,31.86,3.545,13.86,1.114,-25.88,-17.16,3.11,57.36,1.789,6.204,1.823,22.57,33.91,30.82,48.59,12.74,.994,21.1,8.88,18.74,13.83,1.593,2.349,4.045,.543,.972,1.773,.69,.983
101,2017,286,840,11.93,25.82,3.356,1.799,33.47,4.514,15.69,4.591,-30.7,-15.66,3.227,63.4,2.433,13.1,2.635,33.17,43.25,31.42,56.86,25.64,2.049,18.74,2.831,3.706,20.38,2.399,3.234,7.59,.705,1.466,2.349,.846,1.282
101,2017,286,850,11.93,7.47,2.661,1.627,13.02,3.547,5.596,1.449,-46.18,-16.43,2.096,38.82,2.684,7.86,2.671,27.03,29.99,12.91,36.13,8.78,1.702,7.6,2.228,4.502,19.61,2.131,3.538,9.48,.674,1.372,2.542,.695,1.337
101,2017,286,900,11.93,5.479,2.952,1.252,25.73,4.271,13.76,1.151,-48.3,-16.07,2.056,47.76,1.965,18.04,2.064,26.52,34.35,24.09,42.5,7.58,1.36,7.73,2.016,16.05,17.32,2.093,3.038,5.802,.585,1.136,2.119,.692,.865
101,2017,286,910,11.93,2.133,.943,.653,3.714,1.714,1.128,.715,-63.6,-16.15,1.004,16.05,1.471,1.479,1.33,16.1,15.44,3.322,14.09,4.39,1.417,4.066,1.128,1.267,12.7,1.543,1.35,4.093,.372,.615,1.355,.419,.545
101,2017,286,920,11.93,6.735,23.93,1.741,39.81,11.83,18.99,1.389,-54.51,-14.78,2.287,68,2.545,22.06,3.428,37.41,47.95,41.65,63.62,22.83,2.062,6.698,2.156,2.865,23.7,6.521,2.945,5.852,.57,1.221,2,.69,1.002
101,2017,286,930,11.93,10.63,6.467,2.773,58.04,21.74,30.44,1.533,-40.46,-13.84,8.13,98.5,3.28,31.82,7.51,53.55,70.4,63.32,93.1,18.27,2.433,8.83,3.131,4.016,24.38,2.795,4.87,8.4,.833,2.3,2.766,1.116,1.464
101,2017,286,940,11.93,5.381,1.982,1.066,9.67,2.783,2.297,.975,-58.67,-15.32,1.895,28.14,1.875,3.47,1.907,23.24,24.73,7.46,24.94,6.028,1.613,6.822,2.021,2.136,18.08,1.764,2.275,6.351,.581,1.099,2.026,.591,.854
101,2017,286,950,11.93,19.54,3.976,1.925,24.3,3.641,2.682,1.354,-58.67,-14.85,3.77,52.93,2.649,5.547,2.662,39.96,45.47,17.53,51.24,9.52,2.238,7.36,2.356,2.681,29.13,2.662,3.284,9.41,.735,1.903,2.498,.92,2.372
101,2017,286,1000,11.93,22.98,3.401,1.973,23.54,4.125,3.036,1.501,-55.23,-14.32,3.217,51.8,2.511,5.165,3.005,40.01,45.58,15.38,49.85,17.16,2.037,8.76,2.798,2.836,30.41,2.503,3.687,8.82,.923,2.92,3.429,1.171,2.372
101,2017,286,1010,11.93,3.278,1.199,.95,5.885,2.228,1.623,.911,-59.49,-15.02,1.449,21.02,1.533,2.593,2.089,21.25,21.68,4.88,19.68,3.907,1.439,5.563,1.719,1.734,17.41,1.533,1.95,6.436,.568,1.037,1.995,.501,.901
101,2017,286,1020,11.93,7.46,24.51,18.95,21.38,3.789,2.886,1.747,-61.58,-13.76,2.808,56.61,3.347,3.99,3.144,46.04,50.89,9.44,57.32,9.24,2.305,7.86,2.548,3.066,33.83,3.012,3.392,10.35,.734,5.173,4.603,1.017,1.58
101,2017,286,1030,11.93,10.37,20.14,19.58,22.2,5.087,4.061,2.999,-56.78,-12.81,3.452,63.76,4.082,5.607,4.258,54.75,59.46,12.36,65.82,12.58,3.01,12.01,3.211,4.285,40.22,3.779,5.124,17.54,1.037,2.364,3.871,6.257,2.154
101,2017,286,1040,11.94,11.09,14.4,22.63,22.67,4.637,3.54,2.241,-54.79,-13.12,3.424,62.62,5.726,5.32,3.107,50.96,57.27,12.84,63.34,8.63,2.397,11.98,3.002,3.615,37.84,3.519,4.3,10.34,.918,2.086,3.375,7.85,1.521
101,2017,286,1050,11.94,4.848,1.779,1.117,8.72,3.225,2.416,1.141,-58.2,-14.39,2.034,26.66,2.797,4.081,2.92,27.73,27.95,6.617,25.93,6.608,1.886,6.272,2.022,2.357,21.45,1.871,2.766,9.56,.737,1.35,2.786,.717,1.374
101,2017,286,1100,11.94,5.724,1.833,1.318,8.97,2.9,2.168,1.243,-59.28,-13.99,2.039,26.78,2.675,3.437,2.789,29.4,29.81,7.04,28.1,6.163,2.022,6.201,2.219,2.372,23.3,1.958,3.06,9.94,.737,1.348,2.699,.709,1.322
101,2017,286,1110,11.94,7.43,2.377,1.874,11.56,3.136,2.509,1.248,-58.58,-13.22,2.285,29.98,1.936,3.76,2.3,28.21,30.22,8.87,29.96,5.414,1.757,6.122,2.446,2.407,22.15,1.973,2.755,7.68,.709,1.375,2.419,.774,1.121
101,2017,286,1120,11.94,6.042,2.261,1.63,9.73,3.191,2.667,1.352,-59.5,-12.61,2.345,31.81,2.998,3.683,3.122,33.25,33.69,7.76,33.55,6.757,2.201,6.867,2.648,3.059,25.77,2.322,3.822,12.11,.796,1.546,2.981,.786,1.496
101,2017,286,1130,11.94,11.85,3.075,2.313,14.65,4.333,3.191,2.107,-58.72,-11.85,2.834,47.46,3.042,4.352,3.496,46.84,50.04,10.48,51.96,9.82,2.707,9.26,3.412,3.717,36.28,2.978,4.206,17.37,.841,1.804,3.879,1.124,1.687
101,2017,286,1140,11.93,5.558,1.821,1.688,9.86,3.647,2.6,1.397,-58.51,-12.23,2.131,28.9,1.849,3.578,2.777,29.25,31.22,7.6,29.1,5.826,1.605,7.11,2.583,2.618,24.32,2.111,2.849,8.89,.794,1.462,3.04,.69,1.256
101,2017,286,1150,11.94,4.786,1.809,1.586,7.14,3.258,2.325,1.705,-59.93,-12.32,2.246,29.44,3.266,3.335,3.683,37.58,37.78,5.412,34.52,8.08,2.653,6.809,2.224,3.137,30.64,2.821,3.494,16.24,.92,1.742,4.692,.98,1.722
101,2017,286,1200,11.94,3.405,1.518,1.127,5.625,3.002,1.838,1.513,-61.58,-12.6,1.827,22.54,2.059,2.985,2.895,29.39,30.51,4.265,24.25,5.158,1.75,6.476,1.92,2.541,25.74,2.181,2.459,10.32,.791,1.285,4.213,.97,1.191
101,2017,286,1210,11.94,2.452,1.141,1.241,3.993,2.777,1.953,1.551,-64.8,-12.82,1.834,21.86,2.566,3.648,4.283,31.89,31.16,3.394,25.61,4.439,1.992,5.136,1.632,2.863,27.04,2.114,3.007,15.46,.889,1.509,4.27,.866,1.972
101,2017,286,1220,11.93,5.588,2.503,2.258,8.73,4.297,3.328,2.374,-62.09,-12.12,3.114,52.74,4.613,4.833,6.446,76.6,76.7,6.818,72.8,35.69,3.359,8.98,2.759,5.298,59.45,3.566,5.987,52.28,1.292,2.613,6.58,1.56,2.811
101,2017,286,1230,11.94,6.287,2.067,1.804,10.77,4.114,2.722,1.777,-58.37,-12.57,2.724,32.11,2.573,4.313,3.798,38.76,40.48,8.09,34.97,7.41,2.268,8.25,2.746,3.102,32.69,2.9,3.374,13.07,.975,1.923,4.689,1.044,1.675
101,2017,286,1240,11.94,8.21,3.06,2.744,13.22,5.136,3.665,2.354,-57.52,-12.61,3.439,49.64,3.88,5.638,7.61,64.49,67.33,10.12,63.05,26.46,2.771,9.76,3.513,4.504,52.28,3.818,9.15,37.8,1.27,2.434,5.647,1.457,2.73
101,2017,286,1250,11.94,6.345,2.116,1.819,10.38,4.302,3.079,1.874,-58.21,-13.29,2.752,32.45,3.035,5.218,5.03,40.18,42.26,7.76,36.2,6.746,2.064,7.88,2.675,3.516,34.03,2.712,3.57,16.95,1.106,1.992,4.747,1.166,2.895
101,2017,286,1300,11.94,5.556,2.323,1.807,9.56,4.25,2.833,1.848,-60.39,-13.36,2.665,31.6,2.519,4.439,3.767,37.99,39.84,7.18,34.41,7.22,2.054,7.71,2.441,3.268,32.07,3.067,3.725,14.26,1.03,1.848,4.801,1.02,1.692
101,2017,286,1310,11.94,4.481,1.625,1.203,7.73,3.35,2.03,1.402,-63.12,-13.44,1.908,24.03,1.831,3.298,2.526,26.84,28.23,5.738,23.31,5.236,1.576,6.387,1.899,2.275,23.12,2.203,2.342,7.71,.7,1.231,3.273,.791,1.045
101,2017,286,1320,11.94,2.213,1.028,.873,4.109,2.615,1.581,1.248,-64.79,-13.22,1.543,18.19,1.861,2.662,2.837,25.65,25.02,3.224,19,4.41,1.95,4.785,1.412,2.035,21.85,2.032,1.804,8.22,.647,1.077,3.208,.693,1.238
101,2017,286,1330,11.94,5.576,2.301,4.365,8.82,4.327,3.404,2.229,-61.2,-11.99,15.28,43.73,5.003,7.61,6.186,68.31,67.42,6.816,59.76,8.14,5.362,7.85,2.683,6.534,54.84,3.737,12.06,42.89,1.243,2.33,6.035,1.457,14.62
101,2017,286,1340,11.94,6.955,2.834,35.55,12.06,6.76,4.46,2.69,-51.01,-11.03,4.41,59.53,6.125,38.38,8.6,91.3,90.8,9.06,83.4,10.5,3.722,9.65,3.295,34.55,70.7,3.991,19.82,67.26,1.429,2.725,6.139,1.769,8.03
101,2017,286,1350,11.94,5.385,2.169,1.772,9.43,4.571,2.871,1.993,-51.38,-12.72,2.626,31.8,2.625,4.524,4.271,39.6,40.38,7.13,33.95,7.1,2.67,7.7,2.645,3.66,33.04,3.384,3.306,14.4,1.082,1.975,4.966,1.179,1.849
101,2017,286,1400,11.94,3.685,1.841,1.439,7.22,3.968,2.447,1.801,-55.95,-13.13,2.189,27.33,2.136,3.352,3.223,33.81,34.99,5.581,29.05,6.851,2.075,6.338,2.219,3.239,28.63,3.213,2.933,11.52,.864,1.427,4.831,1.01,1.323
101,2017,286,1410,11.94,2.707,.997,1.951,5.182,4.098,2.221,2.37,-58.03,-12.6,2.315,23.51,2.186,6.45,7.85,41.51,40.19,3.996,30.17,4.05,2.353,6.149,1.914,3.331,35.29,2.802,2.635,17.93,1.015,1.65,5.953,1.864,4.715
101,2017,286,1420,11.94,2.929,1.226,1.31,5.656,3.856,1.955,1.991,-55.45,-12.35,2.117,22.12,1.852,3.985,4.108,35.35,35.78,4.155,25.61,4.551,1.936,6.321,1.934,2.815,31.62,2.829,2.596,12.58,.935,1.526,5.17,1.062,1.755
101,2017,286,1430,11.94,2.623,1.04,.975,4.921,3.216,1.651,1.683,-56.2,-12.4,1.727,18.03,1.648,2.824,3.295,29.52,29.5,3.623,20.65,3.928,1.888,5.09,1.672,2.472,26.3,2.422,1.996,9.8,.767,1.161,4.358,.928,1.405
101,2017,286,1440,11.94,3.67,1.373,1.127,6.805,3.891,1.988,1.734,-54.92,-12.05,1.881,22.17,1.521,3.392,3.048,29.67,31.32,4.618,22.15,4.259,1.502,6.463,1.911,2.502,27,2.44,2.273,8.74,.834,1.335,4.249,.938,1.139
101,2017,286,1450,11.94,2.3,.961,.963,4.403,3.033,1.529,1.675,-55.87,-11.98,1.613,17.89,1.546,2.812,3.152,28.66,28.89,3.239,19.63,3.368,1.655,5.15,1.623,2.432,25.88,2.32,1.963,10.26,.759,1.169,4.38,.965,1.571
101,2017,286,1500,11.94,2.397,.827,.821,4.79,3.176,1.429,1.675,-54.25,-11.94,1.507,15.63,1.213,2.315,2.581,27.09,27.35,3.219,16.39,2.95,1.507,5.248,1.491,2.097,24.78,2.393,1.7,7.1,.652,1.008,4.199,.893,.931
101,2017,286,1510,11.94,2.435,1.023,1.183,4.62,3.546,3.201,2.288,-51.28,-11.4,2.92,27.33,3.147,3.472,5.045,57.64,53.34,3.583,38.44,4.847,3.077,5.754,2.487,11.85,47.28,2.966,2.549,19.29,1.119,1.613,19.24,1.273,3.524
101,2017,286,1520,11.94,4.29,1.858,1.678,7.77,4.121,2.745,2.335,-48.38,-11.89,3.425,33.14,5.27,3.983,6.181,48.05,45.93,6.266,38.06,7.92,3.348,7.27,2.38,3.889,38.74,3.353,3.528,16.44,.978,1.819,9.8,1.235,2.764
101,2017,286,1530,11.94,3.342,1.348,1.24,6.533,3.708,2.174,1.925,-50.31,-12.84,2.062,24.8,2.293,3.422,3.605,35.68,35.49,5.174,26.72,5.554,2.556,6.129,2.144,2.935,30.23,2.652,2.508,11.25,.829,1.343,5.641,1.003,1.58
101,2017,286,1540,11.94,3.975,1.591,1.653,7.23,4.494,2.633,2.809,-44.63,-12.63,3.136,34.12,3.658,4.161,5.542,70.8,65.61,5.748,49.15,7.94,11.29,6.817,2.551,3.986,57.64,3.75,3.511,16.78,1.208,1.93,21.88,1.591,2.692
101,2017,286,1550,11.94,3.772,1.703,1.638,6.901,3.621,2.543,2.417,-33.49,-13.73,4.797,35.91,3.769,3.83,5.35,96.4,86.9,5.567,63.42,17.34,5.298,6.549,2.44,3.846,76.5,3.405,3.487,15.73,1.151,1.951,37.73,1.564,2.98
101,2017,286,1600,11.94,3.562,1.631,1.375,6.499,3.093,2.079,2.122,-32.29,-15.95,2.539,25.71,2.328,3.214,3.688,48.86,45.9,5.251,34.14,7.87,3.311,5.46,2.177,2.978,39.37,2.77,2.544,11.74,.846,1.427,11.1,1.022,1.807
101,2017,286,1610,11.94,2.832,1.316,3.366,5.03,2.775,1.941,1.777,-33.85,-16.06,5.179,24.59,2.819,2.921,3.931,50.77,45.97,4.715,33.63,9,3.571,4.849,5.102,2.928,40.78,2.996,2.563,12.68,.802,1.434,4.661,.98,2.003
101,2017,286,1620,11.94,2.988,1.301,6.448,5.453,3.537,2.092,1.891,-31.12,-14.92,2.708,25.66,4.422,3.241,4.463,68.41,62.33,4.532,42.04,13.71,3.194,5.189,2.844,3.135,55.72,3.047,3.005,13.7,.884,1.583,4.911,1.107,2.253
101,2017,286,1630,11.94,2.506,1.047,1.176,4.731,2.695,1.62,1.392,-33.41,-14.32,1.69,18.96,1.759,2.521,2.961,30.47,30.06,3.717,21.08,5.055,2.032,4.755,1.663,2.365,26.46,2.305,2.001,9.02,.63,1.131,3.472,.826,1.236
101,2017,286,1640,11.94,2.048,1,.871,3.933,2.457,1.439,1.223,-31.97,-13.23,1.377,17.28,1.578,2.134,2.501,23.35,23.79,2.961,17.99,4.35,1.527,4.057,1.313,2.114,20.4,2.105,1.881,8.15,.539,.935,3.159,.693,1.008
101,2017,286,1650,11.94,2.398,.873,.744,4.641,2.427,1.347,1.146,-32.11,-12.3,1.253,15.56,1.218,2.055,2.192,22.42,22.95,3.452,15.66,3.378,1.419,4.308,1.407,1.889,19.09,1.908,1.496,6.096,.462,.807,2.482,.611,.864
101,2017,286,1700,11.94,1.765,1.002,1.109,3.229,1.898,1.219,1.107,-29.21,-11.67,1.228,15.85,1.442,2.186,2.551,51.47,50.61,2.814,14.75,3.438,1.834,3.4,2.037,2.201,19.26,1.943,1.459,7.22,.492,.829,2.373,.643,.99
101,2017,286,1710,11.94,1.896,.789,.802,3.514,2.109,1.296,1.223,-21.36,-11.34,1.38,17.07,1.613,2.01,2.777,35.71,30.78,2.923,17.21,3.609,1.894,3.631,1.343,2.283,20.75,2.052,1.68,8.49,.538,.953,2.964,.66,1.196
101,2017,286,1720,11.94,1.687,.71,.583,3.231,1.782,1,.784,-26.74,-11.63,.981,13.24,1.087,1.511,1.862,21.8,18.37,2.41,12.13,2.959,1.172,3.296,1.018,1.504,14.97,1.486,1.171,4.74,.4,.625,2.077,.507,.658
101,2017,286,1730,11.94,1.187,.491,.387,2.296,1.211,.71,.543,-41.79,-12.15,.67,8.87,.67,1.104,1.301,12.4,13.06,1.807,8.11,1.904,.853,2.588,.829,1.059,10.9,1.129,.705,2.961,.258,.42,1.201,.394,.439
101,2017,286,1740,11.94,.74,.373,.312,1.536,.956,.573,.457,-44.09,-12.26,.523,7.09,.615,.834,1.161,10.76,10.78,1.271,6.718,1.63,.827,1.993,.66,.914,9.45,.971,.58,2.723,.221,.355,1.097,.342,.412
101,2017,286,1750,11.94,.546,.285,.233,1.166,.744,.444,.379,-48.47,-12.36,.422,5.474,.472,.611,.863,8.05,8.14,.992,5.211,1.303,.606,1.467,.481,.672,7.2,.755,.462,2.065,.164,.273,.866,.268,.322
101,2017,286,1800,11.94,.43,.221,.186,.874,.538,.337,.276,-50.59,-12.41,.307,4.067,.367,.449,.606,5.571,5.655,.724,3.821,.983,.4,1.072,.36,.477,4.972,.536,.38,1.543,.124,.204,.59,.181,.221
101,2017,286,1810,11.94,.33,.152,.122,.608,.37,.224,.171,-50.33,-12.29,.194,2.658,.224,.313,.38,3.488,3.539,.506,2.471,.601,.25,.702,.229,.313,3.097,.353,.246,.923,.074,.129,.375,.112,.139
101,2017,286,1820,11.94,.162,.075,.059,.322,.191,.112,.087,-49.6,-12.45,.097,1.308,.109,.166,.191,1.694,1.719,.27,1.201,.315,.121,.367,.114,.154,1.504,.173,.117,.442,.042,.067,.191,.054,.067
101,2017,286,1830,11.93,.059,.023,.018,.116,.067,.04,.034,-50.02,-12.75,.039,.451,.042,.055,.064,.565,.573,.095,.41,.114,.044,.129,.042,.055,.504,.059,.047,.161,.008,.025,.062,.022,.022
101,2017,286,1840,11.93,.003,0,0,.015,.01,0,0,-52.23,-13.16,0,.079,0,.003,.007,.112,.114,.013,.075,.018,.002,.018,0,.007,.102,.007,0,.032,0,0,.008,0,0
101,2017,286,1850,11.93,0,0,0,0,0,0,0,-55.7,-13.32,0,.002,0,0,0,.008,.007,0,0,0,0,0,0,0,.002,0,0,0,0,0,0,0,0
101,2017,286,1900,11.93,0,0,0,0,0,0,0,-59.26,-13.57,0,0,0,0,0,0,0,0,0,0,0,0,0,0,0,0,0,0,0,0,0,0,0
101,2017,286,1910,11.93,0,0,0,0,0,0,0,-58.43,-13.97,0,0,0,0,0,0,0,0,0,0,0,0,0,0,0,0,0,0,0,0,0,0,0
101,2017,286,1920,11.93,0,0,0,0,0,0,0,-55.24,-14.07,0,0,0,0,0,0,0,0,0,0,0,0,0,0,0,0,0,0,0,0,0,0,0
101,2017,286,1930,11.93,0,0,0,0,0,0,0,-56.73,-14.33,0,0,0,0,0,0,0,0,0,0,0,0,0,0,0,0,0,0,0,0,0,0,0
101,2017,286,1940,11.93,0,0,0,0,0,0,0,-57.77,-14.65,0,0,0,0,0,0,0,0,0,0,0,0,0,0,0,0,0,0,0,0,0,0,0
101,2017,286,1950,11.93,0,0,0,0,0,0,0,-58.72,-14.78,0,0,0,0,0,0,0,0,0,0,0,0,0,0,0,0,0,0,0,0,0,0,0
101,2017,286,2000,11.93,0,0,0,0,0,0,0,-57.2,-15.17,0,0,0,0,0,0,0,0,0,0,0,0,0,0,0,0,0,0,0,0,0,0,0
101,2017,286,2010,11.93,0,0,0,0,0,0,0,-57.4,-15.91,0,0,0,0,0,0,0,0,0,0,0,0,0,0,0,0,0,0,0,0,0,0,0
101,2017,286,2020,11.93,0,0,0,0,0,0,0,-60.23,-16.51,0,0,0,0,0,0,0,0,0,0,0,0,0,0,0,0,0,0,0,0,0,0,0
101,2017,286,2030,11.93,0,0,0,0,0,0,0,-64.41,-16.87,0,0,0,0,0,0,0,0,0,0,0,0,0,0,0,0,0,0,0,0,0,0,0
101,2017,286,2040,11.93,0,0,0,0,0,0,0,-65.05,-17.03,0,0,0,0,0,0,0,0,0,0,0,0,0,0,0,0,0,0,0,0,0,0,0
101,2017,286,2050,11.92,0,0,0,0,0,0,0,-64.35,-17.11,0,0,0,0,0,0,0,0,0,0,0,0,0,0,0,0,0,0,0,0,0,0,0
101,2017,286,2100,11.92,0,0,0,0,0,0,0,-65.85,-17.57,0,0,0,0,0,0,0,0,0,0,0,0,0,0,0,0,0,0,0,0,0,0,0
101,2017,286,2110,11.92,0,0,0,0,0,0,0,-67.16,-18.2,0,0,0,0,0,0,0,0,0,0,0,0,0,0,0,0,0,0,0,0,0,0,0
101,2017,286,2120,11.92,0,0,0,0,0,0,0,-67.98,-18.5,0,0,0,0,0,0,0,0,0,0,0,0,0,0,0,0,0,0,0,0,0,0,0
101,2017,286,2130,11.92,0,0,0,0,0,0,0,-71.3,-19.55,0,0,0,0,0,0,0,0,0,0,0,0,0,0,0,0,0,0,0,0,0,0,0
101,2017,286,2140,11.92,0,0,0,0,0,0,0,-72,-19.68,0,0,0,0,0,0,0,0,0,0,0,0,0,0,0,0,0,0,0,0,0,0,0
101,2017,286,2150,11.92,0,0,0,0,0,0,0,-72.7,-19.95,0,0,0,0,0,0,0,0,0,0,0,0,0,0,0,0,0,0,0,0,0,0,0
101,2017,286,2200,11.92,0,0,0,0,0,0,0,-73,-20.41,0,0,0,0,0,0,0,0,0,0,0,0,0,0,0,0,0,0,0,0,0,0,0
101,2017,286,2210,11.92,0,0,0,0,0,0,0,-73.3,-20.41,0,0,0,0,0,0,0,0,0,0,0,0,0,0,0,0,0,0,0,0,0,0,0
101,2017,286,2220,11.92,0,0,0,0,0,0,0,-70.8,-19.59,0,0,0,0,0,0,0,0,0,0,0,0,0,0,0,0,0,0,0,0,0,0,0
101,2017,286,2230,11.92,0,0,0,0,0,0,0,-69.05,-19.2,0,0,0,0,0,0,0,0,0,0,0,0,0,0,0,0,0,0,0,0,0,0,0
101,2017,286,2240,11.92,0,0,0,0,0,0,0,-68.91,-19.16,0,0,0,0,0,0,0,0,0,0,0,0,0,0,0,0,0,0,0,0,0,0,0
101,2017,286,2250,11.92,0,0,0,0,0,0,0,-69.43,-19.33,0,0,0,0,0,0,0,0,0,0,0,0,0,0,0,0,0,0,0,0,0,0,0
101,2017,286,2300,11.92,0,0,0,0,0,0,0,-70.4,-19.6,0,0,0,0,0,0,0,0,0,0,0,0,0,0,0,0,0,0,0,0,0,0,0
101,2017,286,2310,11.92,0,0,0,0,0,0,0,-69.86,-19.76,0,0,0,0,0,0,0,0,0,0,0,0,0,0,0,0,0,0,0,0,0,0,0
101,2017,286,2320,11.92,0,0,0,0,0,0,0,-69.95,-19.66,0,0,0,0,0,0,0,0,0,0,0,0,0,0,0,0,0,0,0,0,0,0,0
101,2017,286,2330,11.92,0,0,0,0,0,0,0,-70.3,-19.71,0,0,0,0,0,0,0,0,0,0,0,0,0,0,0,0,0,0,0,0,0,0,0
101,2017,286,2340,11.92,0,0,0,0,0,0,0,-70.6,-19.92,0,0,0,0,0,0,0,0,0,0,0,0,0,0,0,0,0,0,0,0,0,0,0
101,2017,286,2350,11.92,0,0,0,0,0,0,0,-69.47,-19.63,0,0,0,0,0,0,0,0,0,0,0,0,0,0,0,0,0,0,0,0,0,0,0
101,2017,286,2400,11.92,0,0,0,0,0,0,0,-69.66,-19.47,0,0,0,0,0,0,0,0,0,0,0,0,0,0,0,0,0,0,0,0,0,0,0
101,2017,287,10,11.92,0,0,0,0,0,0,0,-69.09,-19.41,0,0,0,0,0,0,0,0,0,0,0,0,0,0,0,0,0,0,0,0,0,0,0
101,2017,287,20,11.92,0,0,0,0,0,0,0,-67.95,-19.23,0,0,0,0,0,0,0,0,0,0,0,0,0,0,0,0,0,0,0,0,0,0,0
101,2017,287,30,11.92,0,0,0,0,0,0,0,-68.02,-19.24,0,0,0,0,0,0,0,0,0,0,0,0,0,0,0,0,0,0,0,0,0,0,0
101,2017,287,40,11.92,0,0,0,0,0,0,0,-69.09,-19.43,0,0,0,0,0,0,0,0,0,0,0,0,0,0,0,0,0,0,0,0,0,0,0
101,2017,287,50,11.92,0,0,0,0,0,0,0,-68.88,-19.65,0,0,0,0,0,0,0,0,0,0,0,0,0,0,0,0,0,0,0,0,0,0,0
101,2017,287,100,11.92,0,0,0,0,0,0,0,-69.54,-19.83,0,0,0,0,0,0,0,0,0,0,0,0,0,0,0,0,0,0,0,0,0,0,0
101,2017,287,110,11.92,0,0,0,0,0,0,0,-70.4,-19.98,0,0,0,0,0,0,0,0,0,0,0,0,0,0,0,0,0,0,0,0,0,0,0
101,2017,287,120,11.92,0,0,0,0,0,0,0,-70.9,-20.16,0,0,0,0,0,0,0,0,0,0,0,0,0,0,0,0,0,0,0,0,0,0,0
101,2017,287,130,11.91,0,0,0,0,0,0,0,-72.4,-20.48,0,0,0,0,0,0,0,0,0,0,0,0,0,0,0,0,0,0,0,0,0,0,0
101,2017,287,140,11.91,0,0,0,0,0,0,0,-73.3,-20.73,0,0,0,0,0,0,0,0,0,0,0,0,0,0,0,0,0,0,0,0,0,0,0
101,2017,287,150,11.91,0,0,0,0,0,0,0,-73.1,-20.81,0,0,0,0,0,0,0,0,0,0,0,0,0,0,0,0,0,0,0,0,0,0,0
101,2017,287,200,11.91,0,0,0,0,0,0,0,-73.4,-20.83,0,0,0,0,0,0,0,0,0,0,0,0,0,0,0,0,0,0,0,0,0,0,0
101,2017,287,210,11.91,0,0,0,0,0,0,0,-71.8,-20.35,0,0,0,0,0,0,0,0,0,0,0,0,0,0,0,0,0,0,0,0,0,0,0
101,2017,287,220,11.91,0,0,0,0,0,0,0,-69.01,-19.65,0,0,0,0,0,0,0,0,0,0,0,0,0,0,0,0,0,0,0,0,0,0,0
101,2017,287,230,11.91,0,0,0,0,0,0,0,-68.36,-19.35,0,0,0,0,0,0,0,0,0,0,0,0,0,0,0,0,0,0,0,0,0,0,0
101,2017,287,240,11.91,0,0,0,0,0,0,0,-68.55,-19.5,0,0,0,0,0,0,0,0,0,0,0,0,0,0,0,0,0,0,0,0,0,0,0
101,2017,287,250,11.91,0,0,0,0,0,0,0,-68.92,-19.59,0,0,0,0,0,0,0,0,0,0,0,0,0,0,0,0,0,0,0,0,0,0,0
101,2017,287,300,11.91,0,0,0,0,0,0,0,-69.48,-19.73,0,0,0,0,0,0,0,0,0,0,0,0,0,0,0,0,0,0,0,0,0,0,0
101,2017,287,310,11.91,0,0,0,0,0,0,0,-70,-19.82,0,0,0,0,0,0,0,0,0,0,0,0,0,0,0,0,0,0,0,0,0,0,0
101,2017,287,320,11.91,0,0,0,0,0,0,0,-70.5,-19.78,0,0,0,0,0,0,0,0,0,0,0,0,0,0,0,0,0,0,0,0,0,0,0
101,2017,287,330,11.91,0,0,0,0,0,0,0,-69.76,-19.61,0,0,0,0,0,0,0,0,0,0,0,0,0,0,0,0,0,0,0,0,0,0,0
101,2017,287,340,11.91,0,0,0,0,0,0,0,-67.66,-19.51,0,0,0,0,0,0,0,0,0,0,0,0,0,0,0,0,0,0,0,0,0,0,0
101,2017,287,350,11.91,0,0,0,0,0,0,0,-67.15,-19.41,0,0,0,0,0,0,0,0,0,0,0,0,0,0,0,0,0,0,0,0,0,0,0
101,2017,287,400,11.91,0,0,0,0,0,0,0,-66.09,-19.08,0,0,0,0,0,0,0,0,0,0,0,0,0,0,0,0,0,0,0,0,0,0,0
101,2017,287,410,11.91,0,0,0,0,0,0,0,-64.99,-18.89,0,0,0,0,0,0,0,0,0,0,0,0,0,0,0,0,0,0,0,0,0,0,0
101,2017,287,420,11.91,0,0,0,0,0,0,0,-61.85,-18.68,0,0,0,0,0,0,0,0,0,0,0,0,0,0,0,0,0,0,0,0,0,0,0
101,2017,287,430,11.91,0,0,0,0,0,0,0,-61.57,-18.54,0,0,0,0,0,0,0,0,0,0,0,0,0,0,0,0,0,0,0,0,0,0,0
101,2017,287,440,11.91,0,0,0,0,0,0,0,-61.81,-18.49,0,0,0,0,0,0,0,0,0,0,0,0,0,0,0,0,0,0,0,0,0,0,0
101,2017,287,450,11.91,0,0,0,0,0,0,0,-62.24,-18.68,0,0,0,0,0,0,0,0,0,0,0,0,0,0,0,0,0,0,0,0,0,0,0
101,2017,287,500,11.91,0,0,0,0,0,0,0,-63.53,-18.91,0,0,0,0,0,0,0,0,0,0,0,0,0,0,0,0,0,0,0,0,0,0,0
101,2017,287,510,11.91,0,0,0,0,0,0,0,-63.49,-18.89,0,0,0,0,0,0,0,0,0,0,0,0,0,0,0,0,0,0,0,0,0,0,0
101,2017,287,520,11.91,0,0,0,0,0,0,0,-63.39,-18.98,0,0,0,0,0,0,0,0,0,0,0,0,0,0,0,0,0,0,0,0,0,0,0
101,2017,287,530,11.91,0,0,0,0,0,0,0,-63.38,-19.06,0,0,0,0,0,0,0,0,0,0,0,0,0,0,0,0,0,0,0,0,0,0,0
101,2017,287,540,11.91,.003,0,0,.008,0,0,0,-91.7,-34.3,0,.044,0,.002,0,.03,.03,.007,.027,.007,0,.013,0,0,.022,0,0,.008,0,0,0,0,0
101,2017,287,550,11.91,.042,.02,.015,.067,.037,.025,.017,-83.3,-28.53,.025,.313,.022,.042,.025,.248,.263,.064,.235,.06,.015,.089,.025,.028,.215,.03,.023,.067,.007,.018,.027,.01,.008
101,2017,287,600,11.91,.137,.06,.042,.263,.131,.085,.052,-69.42,-21.97,.067,1.125,.074,.136,.097,.937,.99,.231,.846,.23,.064,.322,.092,.097,.809,.094,.082,.243,.032,.045,.099,.034,.037
101,2017,287,610,11.91,.317,.147,.091,.573,.29,.194,.119,-66.82,-21.08,.147,2.668,.169,.313,.211,2.117,2.261,.518,1.964,.493,.141,.719,.208,.211,1.817,.201,.188,.496,.06,.106,.208,.062,.084
101,2017,287,620,11.91,.508,.243,.151,.996,.454,.328,.184,-66.29,-21.18,.251,4.609,.277,.489,.347,3.533,3.742,.97,3.362,.841,.233,1.197,.359,.357,2.918,.328,.327,.798,.104,.169,.332,.111,.131
101,2017,287,630,11.91,.726,.349,.211,1.425,.623,.444,.25,-64.19,-20.24,.355,6.603,.382,.694,.469,5.388,5.286,1.691,4.771,1.198,.323,1.674,.479,.486,4.002,.442,.446,1.101,.149,.235,.437,.156,.184
101,2017,287,640,11.91,.932,.431,.266,1.825,.798,.566,.315,-61.13,-19.43,.437,9.24,.454,.892,.6,7.59,6.642,2.4,8.54,1.55,.399,2.157,.664,.657,4.979,.572,.57,1.363,.183,.298,.53,.189,.225
101,2017,287,650,11.91,1.14,.499,.325,2.229,.969,.719,.379,-58.66,-18.86,.528,20.01,.588,1.098,.741,10,7.67,3.265,14.47,2.777,.456,3.93,.927,.87,5.846,.667,.714,1.627,.225,.362,.637,.228,.283
101,2017,287,700,11.91,1.341,.588,.401,2.618,1.178,.907,.447,-56.2,-17.72,.65,46.55,.868,1.344,.897,11.25,8.8,5.459,33.61,14.38,.556,15.57,1.584,1.448,6.625,.773,.9,1.884,.265,.424,.791,.285,.339
101,2017,287,710,11.91,1.523,.669,.461,3.015,1.411,1.108,1.016,-54.25,-17.11,.791,54.4,1.207,1.8,1.004,11.86,9.68,16.97,40.55,7.45,.644,20.34,19.46,2.103,7.27,.863,1.363,2.095,.312,.463,.922,.352,.394
101,2017,287,720,11.91,1.73,.761,.572,3.434,1.688,1.356,1.294,-56.78,-17.65,.959,61.79,1.425,2.47,1.136,12.43,10.75,26.46,47.32,5.735,.799,9.84,25.06,2.135,8.07,.987,17.8,2.388,.36,.535,.977,.385,.441
101,2017,287,730,11.91,1.931,.845,.717,3.947,2.008,2.031,2.504,-54.91,-17.64,1.249,68.57,1.549,2.519,1.287,13.27,11.89,32.14,53.86,31.26,1.002,8.42,14.78,1.83,9.02,1.123,28.88,2.789,.402,.605,1.073,.434,.503
101,2017,287,740,11.91,2.174,.97,.88,4.513,2.492,2.958,1.115,-46.56,-18.18,1.535,75.4,1.626,6.494,1.371,13.82,12.75,38.09,60.37,13.79,1.063,5.956,2.722,1.999,9.43,1.208,2.425,2.878,.434,.684,1.135,.439,.553
101,2017,287,750,11.91,3.757,2.482,1.126,9.02,3.179,3.486,.861,-23.71,-18.28,5.564,82.5,1.843,9.18,1.495,15.6,15.16,43.95,67.22,33.79,1.223,6.806,2.41,10.67,10.5,1.384,1.689,3.387,.476,.809,1.247,.493,.67
101,2017,287,800,11.91,3.363,2.689,1.245,26.2,3.415,3.549,.96,-11.08,-18.21,4.63,88.9,3.497,10.49,1.791,18.83,18.24,49.57,74,19.16,1.593,12.77,2.797,2.559,11.98,1.547,1.93,4.553,.518,.915,1.449,.565,6.02
101,2017,287,810,11.91,4.547,2.981,1.64,61.34,4.276,3.854,1.062,-8.8,-18.12,6.898,98.1,3.262,4.142,1.897,23.64,44.18,55.63,82.7,8.19,1.428,31.25,3.183,3.239,14.37,1.994,2.26,4.71,.608,1.087,1.553,.685,.87
101,2017,287,820,11.92,5.197,14.64,1.724,65.39,4.142,6.764,1.2,-2.847,-18.02,17.73,101.9,2.165,19.31,2.14,28.9,52.49,61.18,88.1,9.05,1.302,49.45,16.74,7.53,16.05,2.026,2.448,5.082,.679,3.47,1.907,.751,5.149
101,2017,287,830,11.92,7.64,3.641,2.723,68.89,5.051,31.25,1.66,16.21,-17.66,3.128,108.8,2.523,14.34,2.29,35.47,60.39,65.68,95.5,39.67,1.67,51.01,21.24,45.89,16.68,2.671,3.652,6.333,.67,1.404,2.476,.91,1.593
101,2017,287,840,11.92,55.12,5.298,3.081,71.8,6.398,37.77,5.335,14.3,-15.87,4.274,118.8,3.374,52.6,3.538,49.32,75,69.68,107.4,53.48,2.26,43.52,4.011,11.27,25.44,3.396,5.157,10.62,.962,1.984,3.193,1.293,1.793
101,2017,287,850,11.92,30.56,12.85,2.868,49.17,7.14,23.52,2.007,5.941,-17.1,3.795,89,3.373,35.5,4.498,43.08,60.19,46.25,78.6,14.69,2.16,20.41,3.957,6.492,25.62,3.265,18.64,9.15,.975,2.401,2.843,1.272,1.632
101,2017,287,900,11.92,34.58,7.85,3.126,70.2,12.05,39.68,2.086,20.32,-16.63,4.344,117.2,3.367,54.45,4.609,56.36,81.1,68.72,106,31.62,2.317,14.62,4.528,27.34,30.14,3.813,5.969,9.66,1.188,2.545,3.379,1.307,1.712
101,2017,287,910,11.92,20.04,10.43,2.759,39.73,9.54,15.42,1.861,3.082,-17.09,4.628,76.5,2.843,18.97,2.806,42.03,55.38,36.17,68.55,18.46,1.895,12.8,4.19,6.002,27.21,3.664,5.595,7.57,.816,1.955,2.9,1.142,1.293
101,2017,287,920,11.93,12.7,5.79,2.439,24.48,6.995,6.405,1.63,-4.544,-17.37,3.765,58.09,2.703,7.82,2.368,35.11,43.27,20.29,50.55,12.82,1.732,11.93,4.087,4.256,25.61,3.328,4.479,6.76,.849,1.844,2.827,.982,1.124
101,2017,287,930,11.93,25.94,6.73,4.028,49.2,14.35,12.54,1.75,1.584,-16,9.71,93.1,3.099,17.07,2.955,48.95,65.52,50.52,85,15.97,1.966,12.24,4.544,6.673,26.03,3.278,11.06,7.1,.884,2.621,2.894,1.603,1.529
101,2017,287,940,11.93,42.79,22.59,5.137,52.96,9.69,6.716,2.079,-2.3,-15.26,11.36,105.2,3.941,9.62,3.46,61.2,77.1,56.28,98.3,15.77,2.971,13.04,4.752,9.44,39.9,4.333,24.86,11.04,1.027,3.135,3.457,3.224,3.544
101,2017,287,950,11.93,24.47,31.84,6.475,53.2,7.18,5.963,2.348,-6.001,-15.66,8.17,109.4,4.298,7.89,3.964,69.16,85,57.76,103.7,17.21,3.335,13.62,4.609,6.225,48.79,4.827,6.949,13.28,1.131,3.506,4.209,1.975,3.78
101,2017,287,1000,11.93,22.52,6.316,3.638,30.48,7.65,5.731,2.785,-9.03,-16.09,5.906,75.1,4.726,8.65,5.125,62.02,68.92,23.43,71.8,19.67,3.623,15.2,4.835,5.581,47.25,4.798,6.798,17.6,1.445,3.301,5.731,1.821,2.846
101,2017,287,1010,11.93,10.84,4.209,2.849,18.64,7.09,4.785,2.767,-19.07,-15.95,4.304,58.47,4.562,7.67,5.383,56.38,59.87,14.06,55.12,12.97,3.395,14.05,4.268,4.999,45.49,4.505,5.839,18.22,1.598,2.971,6.286,1.591,2.492
101,2017,287,1020,11.93,9.4,5.003,3.675,17.33,7.47,4.654,3.197,-20.15,-14.88,4.231,58.88,4.763,7.28,5.778,59.56,61.69,12.55,55.97,13.51,3.784,13.97,4.107,5.154,48.31,4.887,5.634,19.02,1.613,3.152,7.06,1.668,2.658
101,2017,287,1030,11.93,15.11,22.19,20.33,30,8.12,5.609,4.088,-15.24,-13.28,5.557,89.5,5.84,7.69,5.537,75.8,82.7,18.45,86.4,17.18,4.212,16.75,5.522,5.984,58.18,5.974,6.931,19.74,1.598,3.507,11.42,2.671,2.663
101,2017,287,1040,11.93,16.26,12.8,17.12,28.69,7.31,5.398,3.244,-13.2,-13.13,5.088,84.5,7.07,7.28,5.155,69.71,75.9,19.42,80.9,15.78,4.028,15.71,4.924,5.596,52.84,5.552,6.408,17.41,1.425,3.216,6.009,7.81,2.516
101,2017,287,1050,11.93,16.35,7.45,21.16,33.1,6.966,5.458,6.649,-13.11,-12.11,5.579,108.2,7.05,6.991,5.303,87.8,96,19.46,107.1,17.33,4.495,15.16,4.994,6.86,64.74,5.869,7.26,19.09,1.332,4.252,5.405,2.526,2.737
101,2017,287,1100,11.93,13.22,5.815,32.94,29.05,6.302,4.814,24.58,-14.44,-7.99,10.34,113,5.559,5.676,4.83,92.4,100.7,14.94,112.7,16.91,4.623,13.2,4.257,6.162,67.79,5.686,6.803,19.5,1.251,2.775,5.222,2.017,2.552
101,2017,287,1110,11.93,13.1,5.242,9.41,21.95,5.636,4.845,3.306,-16.07,-13.25,4.311,83.1,6.205,5.316,4.179,67.47,72.2,14.98,82.3,16.79,4.785,11.54,4.184,6.157,49.46,5.4,6.326,19.03,1.065,2.586,4.884,1.948,2.263
101,2017,287,1120,11.93,13.81,4.731,4.055,21.93,5.242,4.381,3.383,-14.98,-12.98,3.876,100.4,4.924,5.266,4.537,85.1,92.4,12.7,103.6,14.72,5.912,11.44,18.51,6.758,63.19,4.425,5.462,18.04,1.112,2.467,4.422,3.688,2.455
101,2017,287,1130,11.93,14.12,3.338,2.259,18.19,3.737,2.931,1.934,-15.76,-12.97,3.882,130.5,2.859,3.427,3.338,113.4,123.6,7.32,138.3,9.48,2.923,9.86,14.19,3.591,83.8,3.244,3.433,25.58,.906,1.683,3.504,1.42,1.645
101,2017,287,1140,11.94,12.67,3.067,1.733,16.61,2.973,2.519,7.9,-16.68,-11.9,2.159,88.5,10.54,2.965,2.653,77.5,83.1,6.696,91.3,20.62,23.72,20.67,2.388,3.418,57.38,2.559,2.936,50.77,1.335,1.383,11.83,6.52,1.256
101,2017,287,1150,11.94,29.34,2.758,1.653,25.49,2.973,2.504,3.591,-16.25,-12.04,3.08,111.2,57.24,2.815,3.087,102.9,109.2,5.999,120,78.9,40.7,57.7,2.429,3.574,76.6,2.946,3.15,53.96,.817,1.626,3.608,1.385,1.532
101,2017,287,1200,11.94,77.1,2.46,1.553,9.32,3.289,2.301,1.553,-17.32,-11.35,2.13,120.5,16.8,2.708,2.904,116.6,122.9,5.797,132.4,35.32,7.36,84.3,2.244,7.95,87,2.782,3.197,96.8,.774,1.484,5.13,6.656,1.571
101,2017,287,1210,11.94,17.3,2.908,1.635,7.95,3.284,2.598,1.566,-17.83,-11.88,2.37,122.2,2.981,3.063,7.33,120.9,126.7,6.815,134.9,84.3,5.607,49.44,2.288,9.69,89.6,3.042,3.867,110.5,.814,1.536,3.216,31.95,1.67
101,2017,287,1220,11.94,5.1,2.782,1.762,8.52,3.752,2.892,1.636,-10.97,-12.04,2.377,122.6,3.639,3.656,3.827,123.6,128.6,7.31,136.4,119.8,2.547,9.81,2.537,3.837,90.9,2.856,4.123,114.4,.888,2.566,3.629,1.263,1.888
101,2017,287,1230,11.94,5.84,3.825,2.247,9.9,4.445,3.349,1.856,-18.8,-11.58,2.757,127.7,4.426,3.621,3.438,132.3,135.4,8.08,143.2,123.1,3.39,7.46,16.47,5.666,96,4.271,5.838,120.3,.981,2.492,4.361,2.239,2.006
101,2017,287,1240,11.94,8.8,4.614,2.668,13.27,4.671,4.048,2.108,-19.49,-10.99,3.446,121,5.712,4.682,5.654,127.8,128.7,11.08,136,102.8,4.508,8.72,3.827,6.717,92.6,4.597,17.91,108.7,1.125,2.386,4.629,1.705,2.54
101,2017,287,1250,11.94,7.57,3.396,2.592,11.54,4.679,4.381,2.162,-23.61,-10.55,3.671,112.6,10.27,4.892,12.75,122.9,121.2,9.72,127.6,80.2,4.766,10.33,3.349,5.757,88.9,4.274,12.29,104.6,1.497,2.452,4.801,1.588,23.28
101,2017,287,1300,11.94,9.06,3.795,3.327,13.44,5.253,5.081,2.565,-25.88,-9.76,5.402,87.1,9.17,6.963,8.08,96.4,95,11.2,98,22.64,4.692,10.62,3.959,6.554,71.1,4.523,9.67,68.68,1.797,3.42,6.814,1.631,6.171
101,2017,287,1310,11.94,7.26,3.227,2.946,12.1,5.108,4.933,2.504,-29.58,-8.71,6.261,56.77,5.156,6.392,6.558,62.59,61.71,10.04,61.8,14.35,4.186,8.46,3.391,5.442,47.68,4.319,6.568,32.14,1.606,3.105,7.1,1.383,3.94
101,2017,287,1320,11.94,7.68,3.232,2.73,13.62,6.101,4.299,2.8,-31.5,-7.23,4.081,52.99,4.952,5.98,5.774,59.18,58.63,10.55,55.4,13.5,3.887,9.63,3.456,5.3,46.55,4.617,6.104,23.78,1.449,2.684,7.53,1.619,2.832
101,2017,287,1330,11.94,7.58,3.145,2.41,13.98,6.367,4.138,2.654,-37,-6.355,3.669,48.68,4.304,5.916,5.164,52.96,53.6,10.58,48.38,12.03,3.356,10.62,3.358,4.654,42.72,4.468,5.171,18.2,1.338,2.438,6.479,1.469,2.396
101,2017,287,1340,11.94,6.802,2.82,2.232,12.86,5.935,3.733,2.425,-39.35,-5.922,3.316,44.91,3.95,5.468,4.85,48.52,49.11,9.5,43.97,10.96,3.101,10.36,3.16,4.339,39.47,4.056,4.761,17.05,1.254,2.276,5.828,1.338,2.199
101,2017,287,1350,11.94,6.587,2.755,2.249,11.9,5.684,3.637,2.38,-46,-5.733,3.239,44.24,4.11,5.269,4.83,48.12,48.09,9.05,43.62,10.98,3.169,9.7,3.004,4.255,38.83,4.034,4.616,17.16,1.244,2.274,5.796,1.305,2.222
101,2017,287,1400,11.94,6.19,2.695,2.634,11.31,5.473,3.638,2.378,-47.88,-5.746,3.169,43.7,4.349,6.1,6.1,49.09,48.85,8.52,44.07,11,3.211,9.47,2.978,4.475,39.34,3.919,4.629,20.03,1.269,2.382,5.704,1.375,2.939
101,2017,287,1410,11.94,6.507,2.676,2.224,12.02,5.775,3.705,2.502,-51.86,-5.735,3.325,44.92,4.356,5.601,5.398,49.67,49.63,8.86,44.69,11.21,3.258,10.03,3.12,4.37,40.37,4.03,4.688,18.48,1.286,2.405,6.09,1.347,2.524
101,2017,287,1420,11.94,6.011,2.542,2.052,11.32,5.505,3.48,2.316,-54.32,-6.051,3.038,41.4,3.683,5.232,4.557,44.7,45.6,8.39,40.69,10.03,2.686,9.37,2.963,4.107,36.72,3.668,4.296,16.07,1.206,2.159,5.691,1.246,2.075
101,2017,287,1430,11.94,5.951,2.452,2,11.12,5.301,3.378,2.186,-52.53,-6.364,2.961,39.49,3.418,4.877,4.398,43.12,44.01,8.24,38.84,9.25,2.596,9.33,2.872,3.866,35.72,3.598,4.093,14.54,1.094,2.001,5.41,1.201,1.998
101,2017,287,1440,11.94,5.88,2.479,2.062,10.96,5.353,3.375,2.395,-53.68,-6.455,3.045,40,3.355,5.182,4.634,45.19,45.79,8.16,40.17,9.21,2.847,9.22,2.908,4.073,37.2,3.693,4.132,15.98,1.161,2.09,5.736,1.248,2.271
101,2017,287,1450,11.94,5.467,2.248,1.941,10.04,5.237,3.207,2.497,-56.9,-6.763,2.985,38.02,3.546,5.048,5.095,46.97,47.15,7.61,39.49,8.41,2.993,8.76,2.8,4.504,39.15,3.616,3.852,17.13,1.209,2.008,6.977,1.487,3.048
101,2017,287,1500,11.94,4.874,2.089,1.923,9.14,5.157,3.276,2.561,-56.36,-7.06,3.057,38.49,4.199,5.179,6.157,51.32,50.16,7.01,41.75,8.73,3.33,8.34,2.854,5.762,42.36,3.757,3.743,21.45,1.321,2.135,9.24,1.506,5.539
101,2017,287,1510,11.93,5.328,2.293,2.223,9.67,5.701,3.67,3.621,-57.48,-6.905,3.829,54.64,7.76,5.661,7.92,104.2,97,7.56,78,9.4,4.767,8.88,5.969,22.62,82.3,4.463,4.611,43.32,1.859,2.671,41.86,2.142,8.31
101,2017,287,1520,11.94,4.505,2.09,2.1,8.39,5.437,3.5,5.617,-52.79,-8.32,3.963,49.5,11.35,5.753,8.88,93.2,86.3,7.58,69.43,9.07,5.006,8.36,3.14,6.13,73.4,4.35,4.294,25.33,1.705,2.673,33.54,1.943,5.77
101,2017,287,1530,11.94,4.082,1.886,1.852,7.61,4.78,3.063,2.968,-54.89,-11.08,3.001,36.32,4.969,4.609,6.011,55.01,52.01,6.401,42.48,7.7,4.202,7.56,2.77,4.304,44.72,3.81,3.464,18.77,1.382,2.109,11.88,1.347,3.023
101,2017,287,1540,11.94,4.097,1.744,1.777,7.71,4.691,2.938,3.177,-58.16,-10.67,3.174,35.67,3.708,4.502,5.693,59.6,55.53,6.272,43.44,8.42,8.42,7.26,2.591,4.077,48.12,3.701,3.412,16.96,1.308,2.045,13.8,1.435,2.643
101,2017,287,1550,11.94,3.784,1.723,1.857,7.17,4.731,2.921,3.033,-59.18,-9.87,3.614,35.21,4.001,4.448,6.609,62.41,57.39,5.939,44.08,10.03,5.262,7.02,2.663,4.589,50.36,4.13,3.571,20.04,1.249,2.05,12.8,1.512,3.217
101,2017,287,1600,11.94,3.047,1.526,1.769,5.72,4.236,2.619,4.594,-57.54,-8.87,3.117,35.56,4.01,3.686,6.021,103.6,92.4,5.093,64.28,17.93,5.008,5.922,2.653,4.402,83.2,4.16,3.581,18.46,1.196,2.072,36.25,1.862,3.316
101,2017,287,1610,11.94,2.842,1.263,1.484,5.127,3.326,2.017,1.8,-59.01,-10.24,4.005,24.15,2.422,2.931,3.76,45.55,42.83,4.41,30.7,8.15,2.66,5.15,2.825,2.904,38.18,2.815,2.606,11.63,.759,1.387,5.879,1.144,1.739
101,2017,287,1620,11.94,2.779,1.184,.945,5.234,2.832,1.651,1.166,-56.85,-10.2,1.506,20.28,1.769,2.447,2.3,23.99,23.63,4.085,19.32,4.998,1.623,4.882,1.459,2.055,20.22,2.124,1.938,7.16,.571,.985,2.81,.667,.971
101,2017,287,1630,11.94,2.573,1.12,.871,4.869,2.283,1.522,.945,-57.28,-9.4,1.316,19.01,1.787,2.207,2.248,21.09,21.04,3.768,18.16,4.715,1.432,4.4,1.318,1.919,17.22,1.775,1.889,7.25,.467,.876,2.202,.556,.968
101,2017,287,1640,11.94,2.4,1.012,.821,4.464,2.192,1.402,.918,-55.72,-8.86,1.263,17.32,1.46,2.228,2.182,19.73,20.21,3.428,16.88,3.867,1.236,4.107,1.244,1.752,16.63,1.643,1.745,6.689,.479,.873,2.286,.509,.918
101,2017,287,1650,11.93,1.866,.797,.623,3.519,1.871,1.131,.846,-56.35,-8.71,1.045,13.87,1.198,1.742,1.718,16.62,16.74,2.702,13.45,3.075,1.084,3.408,1.007,1.437,14.3,1.445,1.392,5.326,.429,.692,2.11,.462,.702
101,2017,287,1700,11.93,1.921,.764,.628,3.524,1.789,1.109,.807,-55.99,-8.94,1.007,13.29,1.187,1.646,1.708,17.65,17.42,2.673,13.14,2.938,1.082,3.139,.956,1.419,13.45,1.358,1.35,5.554,.397,.703,1.906,.432,.729
101,2017,287,1710,11.93,1.636,.663,.528,3.023,1.439,.935,.608,-54.99,-9.36,.829,10.9,.901,1.365,1.432,13.59,13.48,2.326,10.85,2.455,.965,2.65,.829,1.084,11.29,1.127,1.077,4.075,.322,.523,1.409,.363,.581
101,2017,287,1720,11.93,1.271,.523,.425,2.333,1.141,.707,.519,-55.32,-9.8,.635,8.52,.745,1.018,1.139,11.11,11.15,1.765,8.41,1.955,.722,2.172,.658,.981,9.43,.945,.889,3.353,.263,.442,1.182,.323,.435
101,2017,287,1730,11.93,1.139,.447,.409,2.169,1.204,.739,.571,-55.02,-10.15,.678,8.58,.774,1.069,1.335,12.75,12.46,1.668,8.61,1.983,.786,2.162,.708,1.05,10.74,1.052,.899,3.784,.271,.446,1.4,.417,.477
101,2017,287,1740,11.93,.978,.425,.39,1.908,1.104,.66,.518,-53.82,-10.38,.615,7.92,.703,.936,1.296,12.08,12.04,1.492,8.11,1.945,.799,1.983,.657,1.005,10.4,1.044,.807,3.479,.251,.417,1.31,.387,.454
101,2017,287,1750,11.93,.841,.385,.323,1.618,.953,.543,.449,-54.68,-10.79,.521,6.534,.554,.782,1.007,9.71,9.82,1.256,6.638,1.595,.663,1.678,.541,.786,8.6,.91,.647,2.69,.211,.358,1.101,.32,.377
101,2017,287,1800,11.93,.67,.296,.265,1.342,.766,.441,.369,-56.65,-11.37,.424,5.21,.437,.61,.796,7.65,7.68,1.007,5.261,1.235,.506,1.33,.441,.618,6.774,.693,.519,2.121,.171,.286,.896,.248,.283
101,2017,287,1810,11.93,.444,.176,.146,.836,.449,.28,.206,-57.25,-11.83,.25,2.895,.238,.397,.425,4.094,4.253,.625,2.864,.628,.265,.814,.265,.343,3.722,.382,.302,.997,.092,.151,.469,.131,.156
101,2017,287,1820,11.93,.104,.045,.044,.209,.142,.075,.064,-58.81,-12.24,.069,.799,.069,.106,.117,1.146,1.196,.162,.767,.203,.069,.241,.075,.104,1.087,.122,.087,.305,.023,.049,.144,.042,.042
101,2017,287,1830,11.93,.047,.012,.007,.079,.045,.02,.015,-59.47,-12.43,.017,.3,.025,.039,.028,.328,.342,.062,.275,.08,.017,.077,.018,.032,.295,.039,.027,.094,0,.012,.042,.003,0
101,2017,287,1840,11.93,.002,0,0,.012,0,0,0,-61.21,-12.56,0,.062,0,0,0,.065,.067,.01,.055,.013,0,.013,0,0,.06,0,0,.017,0,0,0,0,0
101,2017,287,1850,11.92,0,0,0,0,0,0,0,-64.16,-12.79,0,0,0,0,0,.002,0,0,0,0,0,0,0,0,0,0,0,0,0,0,0,0,0
101,2017,287,1900,11.92,0,0,0,0,0,0,0,-65.71,-13.01,0,0,0,0,0,0,0,0,0,0,0,0,0,0,0,0,0,0,0,0,0,0,0
101,2017,287,1910,11.92,0,0,0,0,0,0,0,-67.4,-13.26,0,0,0,0,0,0,0,0,0,0,0,0,0,0,0,0,0,0,0,0,0,0,0
101,2017,287,1920,11.92,0,0,0,0,0,0,0,-71.2,-13.7,0,0,0,0,0,0,0,0,0,0,0,0,0,0,0,0,0,0,0,0,0,0,0
101,2017,287,1930,11.92,0,0,0,0,0,0,0,-77.8,-14.5,0,0,0,0,0,0,0,0,0,0,0,0,0,0,0,0,0,0,0,0,0,0,0
101,2017,287,1940,11.92,0,0,0,0,0,0,0,-84.1,-15.08,0,0,0,0,0,0,0,0,0,0,0,0,0,0,0,0,0,0,0,0,0,0,0
101,2017,287,1950,11.92,0,0,0,0,0,0,0,-86.5,-15.69,0,0,0,0,0,0,0,0,0,0,0,0,0,0,0,0,0,0,0,0,0,0,0
101,2017,287,2000,11.92,0,0,0,0,0,0,0,-87.6,-16.13,0,0,0,0,0,0,0,0,0,0,0,0,0,0,0,0,0,0,0,0,0,0,0
101,2017,287,2010,11.92,0,0,0,0,0,0,0,-90.8,-17.1,0,0,0,0,0,0,0,0,0,0,0,0,0,0,0,0,0,0,0,0,0,0,0
101,2017,287,2020,11.92,0,0,0,0,0,0,0,-92,-17.88,0,0,0,0,0,0,0,0,0,0,0,0,0,0,0,0,0,0,0,0,0,0,0
101,2017,287,2030,11.92,0,0,0,0,0,0,0,-98,-18.33,0,0,0,0,0,0,0,0,0,0,0,0,0,0,0,0,0,0,0,0,0,0,0
101,2017,287,2040,11.92,0,0,0,0,0,0,0,-99.3,-19.06,0,0,0,0,0,0,0,0,0,0,0,0,0,0,0,0,0,0,0,0,0,0,0
101,2017,287,2050,11.92,0,0,0,0,0,0,0,-99.6,-19.58,0,0,0,0,0,0,0,0,0,0,0,0,0,0,0,0,0,0,0,0,0,0,0
101,2017,287,2100,11.91,0,0,0,0,0,0,0,-100,-19.98,0,0,0,0,0,0,0,0,0,0,0,0,0,0,0,0,0,0,0,0,0,0,0
101,2017,287,2110,11.92,0,0,0,0,0,0,0,-99.5,-20.19,0,0,0,0,0,0,0,0,0,0,0,0,0,0,0,0,0,0,0,0,0,0,0
101,2017,287,2120,11.91,0,0,0,0,0,0,0,-99.2,-20.51,0,0,0,0,0,0,0,0,0,0,0,0,0,0,0,0,0,0,0,0,0,0,0
101,2017,287,2130,11.91,0,0,0,0,0,0,0,-101.3,-20.64,0,0,0,0,0,0,0,0,0,0,0,0,0,0,0,0,0,0,0,0,0,0,0
101,2017,287,2140,11.91,0,0,0,0,0,0,0,-100.5,-20.28,0,0,0,0,0,0,0,0,0,0,0,0,0,0,0,0,0,0,0,0,0,0,0
101,2017,287,2150,11.91,0,0,0,0,0,0,0,-100.8,-20.19,0,0,0,0,0,0,0,0,0,0,0,0,0,0,0,0,0,0,0,0,0,0,0
101,2017,287,2200,11.91,0,0,0,0,0,0,0,-99.9,-19.66,0,0,0,0,0,0,0,0,0,0,0,0,0,0,0,0,0,0,0,0,0,0,0
101,2017,287,2210,11.91,0,0,0,0,0,0,0,-99,-20.01,0,0,0,0,0,0,0,0,0,0,0,0,0,0,0,0,0,0,0,0,0,0,0
101,2017,287,2220,11.91,0,0,0,0,0,0,0,-98.3,-20.31,0,0,0,0,0,0,0,0,0,0,0,0,0,0,0,0,0,0,0,0,0,0,0
101,2017,287,2230,11.91,0,0,0,0,0,0,0,-97.2,-20.33,0,0,0,0,0,0,0,0,0,0,0,0,0,0,0,0,0,0,0,0,0,0,0
101,2017,287,2240,11.91,0,0,0,0,0,0,0,-97,-20.33,0,0,0,0,0,0,0,0,0,0,0,0,0,0,0,0,0,0,0,0,0,0,0
101,2017,287,2250,11.91,0,0,0,0,0,0,0,-96.5,-20.32,0,0,0,0,0,0,0,0,0,0,0,0,0,0,0,0,0,0,0,0,0,0,0
101,2017,287,2300,11.91,0,0,0,0,0,0,0,-94.7,-19.95,0,0,0,0,0,0,0,0,0,0,0,0,0,0,0,0,0,0,0,0,0,0,0
101,2017,287,2310,11.91,0,0,0,0,0,0,0,-93.1,-20.38,0,0,0,0,0,0,0,0,0,0,0,0,0,0,0,0,0,0,0,0,0,0,0
101,2017,287,2320,11.91,0,0,0,0,0,0,0,-92.8,-20.18,0,0,0,0,0,0,0,0,0,0,0,0,0,0,0,0,0,0,0,0,0,0,0
101,2017,287,2330,11.91,0,0,0,0,0,0,0,-93.4,-20.2,0,0,0,0,0,0,0,0,0,0,0,0,0,0,0,0,0,0,0,0,0,0,0
101,2017,287,2340,11.91,0,0,0,0,0,0,0,-95.1,-20.24,0,0,0,0,0,0,0,0,0,0,0,0,0,0,0,0,0,0,0,0,0,0,0
101,2017,287,2350,11.91,0,0,0,0,0,0,0,-97,-20.92,0,0,0,0,0,0,0,0,0,0,0,0,0,0,0,0,0,0,0,0,0,0,0
101,2017,287,2400,11.91,0,0,0,0,0,0,0,-100.1,-22.23,0,0,0,0,0,0,0,0,0,0,0,0,0,0,0,0,0,0,0,0,0,0,0
101,2017,288,10,11.91,0,0,0,0,0,0,0,-100.8,-21.94,0,0,0,0,0,0,0,0,0,0,0,0,0,0,0,0,0,0,0,0,0,0,0
101,2017,288,20,11.91,0,0,0,0,0,0,0,-101.5,-22.41,0,0,0,0,0,0,0,0,0,0,0,0,0,0,0,0,0,0,0,0,0,0,0
101,2017,288,30,11.91,0,0,0,0,0,0,0,-101,-22.38,0,0,0,0,0,0,0,0,0,0,0,0,0,0,0,0,0,0,0,0,0,0,0
101,2017,288,40,11.91,0,0,0,0,0,0,0,-101.2,-22.44,0,0,0,0,0,0,0,0,0,0,0,0,0,0,0,0,0,0,0,0,0,0,0
101,2017,288,50,11.91,0,0,0,0,0,0,0,-102.2,-22.71,0,0,0,0,0,0,0,0,0,0,0,0,0,0,0,0,0,0,0,0,0,0,0
101,2017,288,100,11.91,0,0,0,0,0,0,0,-102.5,-22.8,0,0,0,0,0,0,0,0,0,0,0,0,0,0,0,0,0,0,0,0,0,0,0
101,2017,288,110,11.91,0,0,0,0,0,0,0,-103.5,-22.67,0,0,0,0,0,0,0,0,0,0,0,0,0,0,0,0,0,0,0,0,0,0,0
101,2017,288,120,11.91,0,0,0,0,0,0,0,-102.3,-21.61,0,0,0,0,0,0,0,0,0,0,0,0,0,0,0,0,0,0,0,0,0,0,0
101,2017,288,130,11.91,0,0,0,0,0,0,0,-101.9,-21.59,0,0,0,0,0,0,0,0,0,0,0,0,0,0,0,0,0,0,0,0,0,0,0
101,2017,288,140,11.91,0,0,0,0,0,0,0,-102.3,-21.61,0,0,0,0,0,0,0,0,0,0,0,0,0,0,0,0,0,0,0,0,0,0,0
101,2017,288,150,11.91,0,0,0,0,0,0,0,-102.6,-22.03,0,0,0,0,0,0,0,0,0,0,0,0,0,0,0,0,0,0,0,0,0,0,0
101,2017,288,200,11.91,0,0,0,0,0,0,0,-104.6,-22.25,0,0,0,0,0,0,0,0,0,0,0,0,0,0,0,0,0,0,0,0,0,0,0
101,2017,288,210,11.91,0,0,0,0,0,0,0,-103.3,-22.05,0,0,0,0,0,0,0,0,0,0,0,0,0,0,0,0,0,0,0,0,0,0,0
101,2017,288,220,11.91,0,0,0,0,0,0,0,-102.7,-22.42,0,0,0,0,0,0,0,0,0,0,0,0,0,0,0,0,0,0,0,0,0,0,0
101,2017,288,230,11.91,0,0,0,0,0,0,0,-101.9,-22.15,0,0,0,0,0,0,0,0,0,0,0,0,0,0,0,0,0,0,0,0,0,0,0
101,2017,288,240,11.91,0,0,0,0,0,0,0,-101.4,-22.02,0,0,0,0,0,0,0,0,0,0,0,0,0,0,0,0,0,0,0,0,0,0,0
101,2017,288,250,11.91,0,0,0,0,0,0,0,-100.7,-21.74,0,0,0,0,0,0,0,0,0,0,0,0,0,0,0,0,0,0,0,0,0,0,0
101,2017,288,300,11.9,0,0,0,0,0,0,0,-98.2,-20.94,0,0,0,0,0,0,0,0,0,0,0,0,0,0,0,0,0,0,0,0,0,0,0
101,2017,288,310,11.91,0,0,0,0,0,0,0,-96.5,-20.51,0,0,0,0,0,0,0,0,0,0,0,0,0,0,0,0,0,0,0,0,0,0,0
101,2017,288,320,11.9,0,0,0,0,0,0,0,-94.5,-20.8,0,0,0,0,0,0,0,0,0,0,0,0,0,0,0,0,0,0,0,0,0,0,0
101,2017,288,330,11.9,0,0,0,0,0,0,0,-93.5,-20.45,0,0,0,0,0,0,0,0,0,0,0,0,0,0,0,0,0,0,0,0,0,0,0
101,2017,288,340,11.9,0,0,0,0,0,0,0,-93.2,-20.03,0,0,0,0,0,0,0,0,0,0,0,0,0,0,0,0,0,0,0,0,0,0,0
101,2017,288,350,11.9,0,0,0,0,0,0,0,-89.6,-19.17,0,0,0,0,0,0,0,0,0,0,0,0,0,0,0,0,0,0,0,0,0,0,0
101,2017,288,400,11.9,0,0,0,0,0,0,0,-86.8,-18.96,0,0,0,0,0,0,0,0,0,0,0,0,0,0,0,0,0,0,0,0,0,0,0
101,2017,288,410,11.9,0,0,0,0,0,0,0,-85.5,-18.93,0,0,0,0,0,0,0,0,0,0,0,0,0,0,0,0,0,0,0,0,0,0,0
101,2017,288,420,11.9,0,0,0,0,0,0,0,-86,-19.13,0,0,0,0,0,0,0,0,0,0,0,0,0,0,0,0,0,0,0,0,0,0,0
101,2017,288,430,11.9,0,0,0,0,0,0,0,-88.3,-19.49,0,0,0,0,0,0,0,0,0,0,0,0,0,0,0,0,0,0,0,0,0,0,0
101,2017,288,440,11.9,0,0,0,0,0,0,0,-89.8,-19.94,0,0,0,0,0,0,0,0,0,0,0,0,0,0,0,0,0,0,0,0,0,0,0
101,2017,288,450,11.9,0,0,0,0,0,0,0,-93.3,-21.44,0,0,0,0,0,0,0,0,0,0,0,0,0,0,0,0,0,0,0,0,0,0,0
101,2017,288,500,11.9,0,0,0,0,0,0,0,-94.9,-20.94,0,0,0,0,0,0,0,0,0,0,0,0,0,0,0,0,0,0,0,0,0,0,0
101,2017,288,510,11.9,0,0,0,0,0,0,0,-94.5,-20.57,0,0,0,0,0,0,0,0,0,0,0,0,0,0,0,0,0,0,0,0,0,0,0
101,2017,288,520,11.9,0,0,0,0,0,0,0,-89.4,-18.91,0,0,0,0,0,0,0,0,0,0,0,0,0,0,0,0,0,0,0,0,0,0,0
101,2017,288,530,11.9,0,0,0,0,0,0,0,-87.3,-18.77,0,0,0,0,0,0,0,0,0,0,0,0,0,0,0,0,0,0,0,0,0,0,0
101,2017,288,540,11.9,.002,0,0,.007,.002,0,0,-85.7,-18.74,0,.052,0,0,0,.03,.035,.012,.032,.01,0,.015,0,.003,.027,0,0,.01,0,0,0,0,0
101,2017,288,550,11.9,.045,.018,.012,.075,.04,.025,.018,-84.8,-18.94,.017,.352,.022,.042,.03,.275,.292,.072,.263,.07,.018,.097,.03,.032,.236,.034,.023,.072,.002,.022,.028,.013,.007
101,2017,288,600,11.9,.147,.065,.044,.278,.139,.091,.052,-83.9,-19.32,.07,1.235,.08,.144,.107,1.032,1.079,.251,.928,.253,.069,.337,.101,.104,.875,.104,.092,.27,.034,.047,.106,.034,.042
101,2017,288,610,11.9,.313,.141,.087,.566,.293,.194,.117,-82.5,-19.45,.151,2.734,.181,.31,.228,2.247,2.36,.525,2.04,.508,.153,.712,.215,.218,1.906,.215,.194,.53,.062,.104,.216,.069,.084
101,2017,288,620,11.9,.469,.23,.149,.917,.442,.312,.181,-80.3,-19.73,.245,4.438,.272,.464,.362,3.696,3.763,.985,3.265,.809,.241,1.15,.344,.352,3.01,.342,.318,.818,.099,.164,.342,.111,.132
101,2017,288,630,11.9,.645,.31,.193,1.275,.587,.421,.245,-79.2,-19.62,.337,6.141,.367,.632,.479,5.546,5.167,1.718,4.606,1.116,.328,1.589,.463,.476,4.011,.449,.432,1.099,.137,.22,.439,.154,.179
101,2017,288,640,11.9,.809,.479,.245,1.602,.731,.518,.303,-77.2,-19.17,.419,8.55,.437,.799,.597,7.69,6.318,2.482,10.24,1.431,.397,2.382,.63,.628,4.862,.618,.526,1.336,.173,.277,.521,.186,.225
101,2017,288,650,11.9,.96,.436,.293,1.887,.87,.637,.359,-74.5,-18.91,.484,26.19,.563,.967,.726,10.13,7.14,3.66,21.21,4.223,.447,3.799,.865,.821,5.579,.659,.66,1.564,.204,.325,.612,.223,.272
101,2017,288,700,11.9,1.118,.491,.365,2.217,1.064,.828,.436,-73.1,-18.89,.602,50.05,.877,1.215,.873,11.15,8.22,8.07,37.18,21.83,.54,19.19,1.559,1.411,6.243,.742,.866,1.775,.246,.387,.783,.282,.318
101,2017,288,710,11.9,1.26,.556,.444,2.539,1.277,1.049,1.165,-70.6,-18.74,.756,59.3,1.192,1.792,.999,11.6,8.91,22.37,45.38,3.989,.605,20.03,21.6,2.873,6.838,.823,9.05,1.947,.295,.447,.913,.359,.374
101,2017,288,720,11.9,1.475,.67,.56,2.946,1.544,1.307,.913,-68.97,-19.09,1.021,66.76,1.322,2.298,1.074,11.37,9.61,30.09,52.31,3.888,.67,9.07,27.23,4.339,7.22,.885,9.43,2.087,.335,.54,.88,.389,.422
101,2017,288,730,11.9,1.525,.674,.659,3.121,1.783,1.917,3.013,-66.5,-18.7,1.487,71.5,1.26,2.316,1.168,11.31,9.84,35.69,57.71,25.21,.712,6.809,14.67,2.45,7.56,.939,25.6,2.207,.357,.518,.907,.396,.446
101,2017,288,740,11.9,1.713,.783,.823,3.626,2.277,3.147,1.478,-64.51,-19.48,1.641,77.8,1.317,11.6,1.243,11.75,10.45,42.95,65.29,11.9,.776,5.319,2.603,1.788,8.07,1.011,1.674,2.334,.397,.576,.954,.422,.491
101,2017,288,750,11.9,2.217,1.463,1,6.86,2.751,3.378,.734,-54.81,-19.53,11.31,79.8,1.389,9.79,1.3,12.23,11.06,48.45,70.7,36.69,.824,6.056,2.255,5.035,8.28,1.062,1.505,2.44,.417,.625,1,.436,.68
101,2017,288,800,11.9,3.497,3.093,1.084,33.32,3.013,3.574,.844,-34.58,-19.38,7.61,72.8,1.989,6.392,1.469,16.01,16.31,46.13,67.65,15.51,.982,13.28,2.679,2.131,10.53,1.238,1.86,2.778,.493,.761,1.228,.493,6.513
101,2017,288,810,11.9,5.102,2.433,1.312,36.76,3.843,3.812,1.218,-40.96,-19.05,3.002,57.21,2.483,5.722,1.985,23.52,35.81,32.8,55.08,7.76,1.114,23.43,2.724,3.141,16.27,1.846,2.352,5.303,.62,1.079,2.004,.645,.978
101,2017,288,820,11.91,6.186,15.57,1.531,51.22,4.299,4.741,1.526,-26.9,-18.41,9.05,74.4,2.724,23.89,2.934,32.52,49.74,47.25,74.5,10.44,1.441,39.66,5.904,3.961,21.69,2.007,4.406,8.35,.794,1.64,2.542,.858,1.439
101,2017,288,830,11.91,13.89,3.885,2.171,57.4,5.842,17.24,1.749,-17.65,-17.96,3.877,80.4,2.506,12.59,3.046,38.75,58.1,52.13,81.4,33.44,1.647,46.22,20.61,28.07,23.09,2.401,3.711,7.22,.972,1.96,6.077,1.022,3.342
101,2017,288,840,11.91,19.88,4.775,1.954,31.65,5.986,11.55,1.962,-40.2,-18.07,3.719,53.39,2.431,18.66,2.651,33.07,43.17,28.23,53.32,17.76,1.729,18.97,3.483,7.43,21.58,2.518,4.277,6.64,.871,1.634,2.317,.973,2.319
101,2017,288,850,11.91,17.55,5.333,1.955,31.24,5.921,13.31,1.432,-44.16,-18.01,3.088,53.31,2.339,20.66,2.459,31.61,42.14,29.08,52.59,10.35,1.503,14.51,3.279,4.462,20.07,2.108,7.59,5.435,.813,1.923,2.088,.935,1.091
101,2017,288,900,11.91,18.41,6.284,1.702,47.37,6.855,26.5,1.231,-24.03,-17.42,2.801,69.16,1.99,38.66,3.841,33.81,50.76,47.55,68.82,15.17,1.193,11.28,2.957,6.51,15.9,2.431,3.852,3.987,.811,1.796,1.642,.786,.906
101,2017,288,910,11.91,22.13,12.17,2.143,84.9,10.57,37.98,1.327,-8.19,-16.83,3.022,110.7,2.458,53.65,2.37,52.69,80.6,88.1,115,19.04,1.488,9.84,3.466,3.935,17.55,4.394,11.88,4.218,.807,1.548,1.754,.9,1.057
101,2017,288,920,11.91,16.26,15.13,3.196,61.66,9.82,23.25,1.471,-20.33,-17.16,3.834,90.8,2.729,9.21,2.642,49.91,68.98,65.17,94.9,18.9,1.962,9.98,3.811,4.835,23.07,4.992,5.273,5.682,.717,1.864,2.553,1.003,1.287
101,2017,288,930,11.91,55.01,6.546,4.588,68.02,17.72,12.68,1.848,-25.83,-16.04,15.09,103.1,3.292,24.44,3.03,62.96,83.3,74.3,110.4,14.75,2.591,11.77,4.967,10.18,28.13,3.566,18.82,7.39,.935,2.437,2.792,1.992,1.61
101,2017,288,940,11.91,38.64,21.82,5.353,44.27,7.13,5.695,1.966,-34.89,-16.91,7.53,78.9,4.107,8.67,3.481,56.6,68.71,45.26,84.2,13.71,2.769,12.55,4.452,6.221,39.11,3.901,17.13,10.99,1.136,2.772,3.486,9.63,2.37
101,2017,288,950,11.91,58.5,21.46,10.58,57.48,5.894,4.722,1.717,-28.94,-16.45,11.26,95.9,3.097,6.283,2.909,64.74,82.9,66.69,104.2,13.95,2.226,10.83,3.542,5.435,45.16,3.229,5.671,8.78,.914,2.504,3.04,1.734,2.477
101,2017,288,1000,11.91,60.17,5.572,2.904,60.74,4.676,3.722,1.683,-31.8,-16.94,3.907,103.6,2.908,4.616,2.407,71.1,89.3,46.89,112.9,71.7,2.243,9.5,3.063,3.559,48.67,3.459,4.209,6.748,.73,2.122,2.641,1.218,2.169
101,2017,288,1010,11.91,12.25,8.41,2.861,61.25,5.195,3.701,1.591,-27.07,-18.11,3.227,111.6,3.087,6.239,2.484,80.6,98.7,21.35,124.9,82.9,2.378,8.44,2.856,3.747,55.17,2.581,3.477,5.308,.71,1.797,4.475,1.109,1.368
101,2017,288,1020,11.92,9.69,62.63,24.29,41.67,4.328,3.577,9.74,-27.73,-16.5,3.65,88.8,3.577,4.224,2.291,67.56,80,13.65,99.6,13.4,2.226,8.74,2.556,3.472,46.27,3.186,3.536,6.014,.633,2.71,3.301,1.219,1.37
101,2017,288,1030,11.92,13.43,11.95,9.71,22.61,5.073,4.395,2.903,-32.84,-17.47,3.82,53.09,4.129,5.607,3.216,47.88,52.34,15.55,59.58,12.34,2.913,10.29,3.485,4.448,34.26,3.804,5.408,14.35,.943,3.078,3.254,1.455,1.723
101,2017,288,1040,11.92,6.291,2.442,1.883,10.95,4.596,3.038,1.837,-46.14,-17.03,2.934,33.22,3.023,5.746,4.199,40.31,41.94,8.01,37.25,7.29,2.387,9,2.753,3.125,33.03,2.732,4.008,14.64,1.246,2.161,4.624,.936,2.028
101,2017,288,1050,11.92,4.393,1.744,1.484,7.92,4.222,2.38,1.97,-52.3,-15.7,2.295,25.27,2.157,4.031,3.524,34.04,35.44,5.684,28.12,5.505,1.936,7.56,2.166,2.79,29.65,2.573,3.058,11.13,.997,1.658,4.762,.935,1.499
101,2017,288,1100,11.92,4.189,1.65,1.261,7.68,4.053,2.291,1.713,-57.63,-14.5,2.055,23,1.991,3.747,3.117,30.18,31.7,5.406,24.66,5.174,1.68,7.02,2.023,2.573,26.52,2.457,2.589,9.17,.856,1.405,4.041,.916,1.29
101,2017,288,1110,11.92,3.626,1.392,1.231,6.624,3.574,2.08,1.666,-59.82,-13.43,1.923,21.13,2.043,3.243,3.326,29.72,30.68,4.777,23.9,4.906,1.762,6.274,1.889,2.593,26.19,2.439,2.566,10.36,.786,1.347,3.856,.883,1.388
101,2017,288,1120,11.92,3.361,1.378,1.218,6.46,3.812,2.134,1.661,-61.33,-12.71,1.956,20.93,1.861,3.181,3.03,29.96,30.81,4.67,23.5,4.946,1.653,6.256,1.881,2.594,26.59,2.636,2.576,9.21,.77,1.288,4.177,.96,1.176
101,2017,288,1130,11.91,3.995,1.509,1.221,7.45,3.866,2.181,1.628,-61.71,-12.36,1.98,21.96,1.995,3.296,3.209,30.17,31.05,5.283,23.91,5.006,1.794,7.05,1.976,2.583,26.62,2.64,2.549,9.29,.77,1.316,3.666,.919,1.305
101,2017,288,1140,11.92,4.35,1.752,1.449,8.17,4.234,2.501,1.779,-59.22,-12.12,2.236,25.42,2.308,3.763,3.395,33.07,34.23,6.013,27.58,6.051,1.924,7.8,2.239,2.938,28.72,2.847,2.995,10.41,.859,1.507,4.065,.956,1.405
101,2017,288,1150,11.91,4.492,1.749,1.308,7.98,3.773,2.283,1.553,-59.31,-12.35,2.067,23.56,2.047,3.737,3.083,30.02,31.45,5.82,25.28,5.365,1.802,7.26,2.104,2.554,26.14,2.506,2.638,9.4,.819,1.409,3.569,.859,1.285
101,2017,288,1200,11.92,3.474,1.34,1.079,6.376,3.181,1.879,1.357,-60.26,-12.68,1.718,19.4,1.713,2.926,2.718,25.74,26.94,4.676,20.94,4.489,1.521,6.11,1.794,2.253,22.85,2.212,2.176,7.95,.65,1.12,3.11,.767,1.089
101,2017,288,1210,11.91,3.375,1.363,1.075,6.251,3.402,1.953,1.439,-61.12,-12.79,1.759,19.75,1.78,3.102,2.817,27.13,28.47,4.489,21.08,4.457,1.548,6.385,1.829,2.318,24.48,2.331,2.296,8.21,.714,1.184,3.383,.851,1.119
101,2017,288,1220,11.91,3.067,1.198,.998,5.852,3.218,1.801,1.377,-61.37,-12.94,1.64,18.22,1.703,2.687,2.707,25.81,26.68,4.176,19.93,4.402,1.534,5.75,1.718,2.216,23.17,2.234,2.132,7.95,.631,1.077,3.273,.819,1.037
101,2017,288,1230,11.91,3.181,1.283,1.025,5.901,3.192,1.826,1.343,-62.6,-13.05,1.65,18.44,1.67,2.713,2.588,25.57,26.76,4.209,19.97,4.346,1.469,5.953,1.729,2.201,23.02,2.263,2.184,7.82,.631,1.08,3.13,.797,.992
101,2017,288,1240,11.91,2.782,1.119,.859,5.375,3.08,1.692,1.243,-62.56,-13.18,1.457,16.41,1.539,2.466,2.353,22.69,23.62,3.76,17.36,3.946,1.318,5.556,1.518,2.007,20.55,2.023,1.973,6.69,.558,.946,2.769,.745,.878
101,2017,288,1250,11.91,1.871,.826,.658,3.879,2.285,1.258,.943,-64.05,-13.55,1.06,12.49,1.181,1.729,1.905,17.35,18.11,2.621,13.32,3.142,.988,4.27,1.139,1.513,15.94,1.616,1.469,5.491,.437,.709,2.008,.508,.698
101,2017,288,1300,11.91,1.908,.779,.618,3.576,1.941,1.111,.801,-64.5,-14.01,.962,11.6,1.119,1.645,1.699,15.58,16.31,2.543,12.62,2.952,.863,3.555,1.027,1.35,14,1.397,1.364,5.122,.399,.652,1.809,.436,.66
101,2017,288,1310,11.91,2.168,.866,.697,3.973,1.926,1.181,.833,-64.89,-13.86,1.074,12.76,1.219,1.715,1.762,16.91,17.39,3.015,14.15,3.36,1.092,3.546,1.119,1.466,14.68,1.481,1.417,5.486,.41,.697,1.886,.452,.707
101,2017,288,1320,11.91,2.086,.779,.66,4.005,2.206,1.3,1.008,-66.18,-13.72,1.181,12.92,1.352,2.02,2.122,18.85,19.08,2.891,14.23,2.968,1.199,4.009,1.134,1.652,16.87,1.568,1.534,6.228,.446,.767,2.369,.561,.859
101,2017,288,1330,11.91,2.253,.869,.761,4.402,2.702,1.422,1.112,-71.5,-13.66,1.32,13.86,1.273,2.298,2.099,20.32,21.29,3.114,15.12,3.082,.97,4.652,1.288,1.677,19.08,1.737,1.682,5.655,.538,.873,3.014,.67,.744
101,2017,288,1340,11.91,1.769,.729,.553,3.354,2.161,1.074,.874,-84.2,-14.99,1.008,10.22,.705,1.906,1.526,14.79,16.23,2.337,10.61,1.794,.627,4.069,1.065,1.215,14.92,1.416,1.176,3.526,.449,.65,2.024,.476,.487
101,2017,288,1350,11.91,1.278,.531,.449,2.531,1.761,.787,.684,-86.1,-15.05,.767,8.18,.586,1.387,1.226,12.26,13.11,1.779,8.75,1.54,.632,3.253,.844,.916,12.34,1.143,.98,2.823,.35,.504,1.533,.39,.414
101,2017,288,1400,11.91,1.235,.456,.504,2.588,1.86,.901,.853,-93.3,-23.54,.876,8.52,.787,1.499,1.704,14.37,14.94,1.727,10.13,1.635,.675,3.099,.844,1.196,14.32,1.231,1.062,4.45,.382,.591,2.176,.461,.647
101,2017,288,1410,11.91,1.221,.466,.441,2.485,1.585,.801,.637,-93.7,-34.04,.717,7.5,.63,1.206,1.163,11.65,12.5,1.734,8.55,1.59,.484,2.776,.727,.911,11.44,1.074,.943,2.924,.295,.471,1.516,.377,.424
101,2017,288,1420,11.91,1.468,.565,.518,2.984,1.959,1.03,.854,-156.8,-27.23,.908,9.41,.761,1.548,1.491,14.19,15.42,2.111,10.56,1.878,.62,3.213,.881,1.241,13.87,1.287,1.151,3.686,.375,.563,2.026,.474,.521
101,2017,288,1430,11.91,2.694,1.086,1.044,5.212,3.394,1.895,1.525,-177.1,-21.92,1.68,18.01,1.649,3.285,3.059,26.5,28.33,3.679,20.81,3.597,1.228,5.376,1.515,2.325,24.81,2.131,2.242,9.13,.742,1.236,3.75,.863,1.235
101,2017,288,1440,11.91,4.57,1.954,1.701,8.7,4.465,2.848,2.01,-199.8,-16.91,2.57,30.26,2.483,4.57,3.885,37.65,40.58,6.549,33.82,6.392,1.952,7.83,2.433,3.332,33.56,3.014,3.398,12.78,1.067,1.84,4.986,1.082,1.706
101,2017,288,1450,11.91,3.344,1.474,1.272,6.415,3.143,2.351,1.411,-211.7,-18.16,1.871,24.41,2.228,3.693,3.198,27.44,28.23,5.185,26.9,5.797,1.747,5.487,1.811,2.872,23.04,2.171,2.332,10.54,.719,1.352,3.371,.766,1.422
101,2017,288,1500,11.91,4.373,1.781,1.33,7.89,3.311,2.26,1.357,-217,-17.99,1.945,26.13,2.175,3.706,2.719,28.17,29.53,5.857,27.64,6.067,1.592,6.635,2.076,2.458,23.8,2.072,2.59,8.96,.717,1.35,2.962,.71,1.243
101,2017,288,1510,11.91,4.106,1.662,1.411,7.62,3.461,2.302,1.553,-229.9,-17.98,2.067,27.37,2.59,3.584,3.21,31.97,32.21,5.82,30.36,6.929,1.908,6.189,2.123,2.766,26.85,2.491,2.773,10.79,.754,1.416,3.813,.796,1.471
101,2017,288,1520,11.91,3.036,1.334,1.188,5.907,2.771,2.022,1.461,-237.4,-17.23,1.794,25.15,2.696,2.831,3.172,29.37,28.3,4.845,27.65,6.425,2.133,5.088,1.885,2.627,24.12,2.265,2.359,10.32,.615,1.213,3.74,.71,1.463
101,2017,288,1530,11.91,2.666,1.223,.995,5.267,2.466,1.731,1.064,-241.4,-18.79,1.456,22.74,2.037,2.513,2.325,23.36,23.16,4.369,22.46,5.522,1.674,4.612,1.63,2.133,19.48,1.907,1.994,7.87,.518,1.01,2.528,.608,1.049
101,2017,288,1540,11.91,2.277,1.071,1.029,4.678,2.986,1.731,1.674,-240.3,-20.34,2.051,24.62,2.032,2.543,3.178,35.53,34.23,3.701,28.83,5.723,2.61,4.879,1.763,2.471,30.63,2.406,2.116,9.15,.715,1.109,8.53,.839,1.436
101,2017,288,1550,11.91,3.394,1.434,1.625,6.638,4.586,2.806,2.376,-207.2,-18.74,2.845,32.6,3.031,4.453,5.748,45.98,44.16,4.996,36.57,6.318,3.522,6.826,2.436,3.808,39.25,3.56,3.425,16.42,1.059,1.893,6.519,1.295,2.501
101,2017,288,1600,11.91,4.545,1.833,2.047,8.74,5.346,3.195,2.984,-174,-18.32,3.374,39.35,3.981,5.246,6.742,57.36,55.33,6.656,44.95,8.39,4.085,8.91,3.334,4.825,49.04,4.078,4.39,21.37,1.329,2.413,7.78,1.615,2.994
101,2017,288,1610,11.91,3.956,1.766,2.414,7.36,4.736,2.915,2.88,-161.8,-18.65,4.318,37.21,3.751,4.638,6.283,64.09,60.23,5.916,47.89,10.88,4.349,7.55,3.324,4.736,53.83,4.269,3.848,20.45,1.228,2.176,8.06,1.689,2.932
101,2017,288,1620,11.91,3.425,1.642,7.3,6.318,3.996,2.465,2.47,-150.6,-18.88,5.056,32.85,5.043,3.751,8.37,86.7,77.6,5.52,56.51,20.99,5.12,6.062,2.83,4.033,71.3,3.818,3.389,16.31,1.061,1.856,6.13,1.429,2.674
101,2017,288,1630,11.91,3.272,1.65,6.507,6.273,4.418,2.55,2.778,-129.7,-18.43,3.503,31.14,4.475,3.984,5.98,86.8,77.7,10.28,53,21.42,7.39,5.951,2.501,4.244,71.5,3.887,3.296,17.44,1.131,1.871,6.532,1.37,2.91
101,2017,288,1640,11.91,2.548,1.247,1.287,4.651,3.23,1.987,1.975,-133.5,-19.31,1.997,24.67,2.702,3.388,4.4,35.08,32.48,3.929,27.73,5.648,2.84,4.421,1.654,3.22,28.14,2.349,2.587,15.72,.898,1.563,4.891,.846,2.183
101,2017,288,1650,11.91,1.798,.816,.717,3.295,1.53,1.146,.715,-146.3,-20.06,1.087,15.31,1.521,1.87,1.846,16.8,15.61,2.791,15.23,3.409,1.241,3.012,.965,1.441,12.88,1.215,1.578,6.978,.441,.814,1.798,.379,.905
101,2017,288,1700,11.91,1.571,.663,.555,2.608,1.228,.901,.63,-159.1,-20.62,.866,11.69,1.174,1.404,1.54,14.21,13.23,2.228,11.79,2.407,1.126,2.302,.771,1.176,11.1,1.065,1.163,5.376,.357,.637,1.62,.355,.702
101,2017,288,1710,11.91,1.839,.69,.546,3.136,1.29,.905,.558,-170.3,-22.51,.836,11.61,1.04,1.411,1.261,12.53,12.19,2.436,11.42,2.488,.844,2.399,.766,1.064,9.94,.938,1.166,4.649,.328,.6,1.377,.333,.598
101,2017,288,1720,11.91,.945,.394,.313,1.716,.73,.493,.325,-176.8,-24.43,.441,6.435,.531,.725,.628,6.601,6.581,1.308,6.155,1.427,.415,1.375,.439,.565,5.366,.513,.615,2.335,.179,.318,.717,.183,.307
101,2017,288,1730,11.91,.591,.255,.199,1.107,.511,.343,.23,-153.9,-23.64,.303,4.175,.342,.508,.436,4.44,4.51,.838,3.934,.863,.285,.945,.312,.395,3.751,.362,.402,1.499,.124,.214,.509,.129,.199
101,2017,288,1740,11.91,.173,.074,.057,.298,.154,.102,.072,-142,-22.6,.094,1.26,.124,.137,.142,1.407,1.354,.24,1.226,.31,.106,.25,.087,.129,1.144,.121,.124,.503,.032,.067,.159,.04,.062
101,2017,288,1750,11.91,.079,.032,.03,.137,.067,.039,.034,-144.8,-22.33,.034,.472,.039,.057,.052,.513,.531,.097,.439,.107,.034,.127,.037,.047,.456,.045,.045,.168,.005,.034,.06,.027,.025
101,2017,288,1800,11.9,.077,.028,.028,.136,.06,.039,.034,-145.7,-22.2,.035,.464,.034,.057,.052,.496,.511,.099,.437,.107,.034,.114,.034,.047,.431,.044,.052,.179,.003,.03,.059,.013,.025
101,2017,288,1810,11.9,.055,.027,.02,.094,.057,.034,.032,-145.1,-21.54,.034,.36,.034,.045,.047,.424,.431,.069,.35,.074,.034,.085,.034,.037,.384,.035,.035,.151,0,.03,.057,.012,.018
101,2017,288,1820,11.91,.037,.007,.005,.067,.034,.032,.017,-144.9,-21.6,.025,.26,.03,.034,.034,.298,.305,.055,.253,.065,.015,.067,.027,.034,.263,.034,.034,.101,0,.018,.037,0,.002
101,2017,288,1830,11.9,.01,0,0,.023,.012,0,0,-144.5,-22.02,0,.09,.002,.008,.005,.106,.107,.015,.087,.02,0,.023,0,.005,.097,.01,.002,.037,0,0,.01,0,0
101,2017,288,1840,11.91,0,0,0,0,0,0,0,-145.3,-22.21,0,.023,0,0,0,.023,.022,0,.02,0,0,0,0,0,.018,0,0,0,0,0,0,0,0
101,2017,288,1850,11.9,0,0,0,0,0,0,0,-155.4,-31.6,0,0,0,0,0,0,0,0,0,0,0,0,0,0,0,0,0,0,0,0,0,0,0
101,2017,288,1900,11.9,0,0,0,0,0,0,0,-6999,-52.92,0,0,0,0,0,0,0,0,0,0,0,0,0,0,0,0,0,0,0,0,0,0,0
101,2017,288,1910,11.9,0,0,0,0,0,0,0,-6999,-36.86,0,0,0,0,0,0,0,0,0,0,0,0,0,0,0,0,0,0,0,0,0,0,0
101,2017,288,1920,11.9,0,0,0,0,0,0,0,-235,-31.21,0,0,0,0,0,0,0,0,0,0,0,0,0,0,0,0,0,0,0,0,0,0,0
101,2017,288,1930,11.9,0,0,0,0,0,0,0,-225,-29.13,0,0,0,0,0,0,0,0,0,0,0,0,0,0,0,0,0,0,0,0,0,0,0
101,2017,288,1940,11.9,0,0,0,0,0,0,0,-237.9,-29,0,0,0,0,0,0,0,0,0,0,0,0,0,0,0,0,0,0,0,0,0,0,0
101,2017,288,1950,11.9,0,0,0,0,0,0,0,-230.6,-28.93,0,0,0,0,0,0,0,0,0,0,0,0,0,0,0,0,0,0,0,0,0,0,0
101,2017,288,2000,11.9,0,0,0,0,0,0,0,-230.9,-29.08,0,0,0,0,0,0,0,0,0,0,0,0,0,0,0,0,0,0,0,0,0,0,0
101,2017,288,2010,11.9,0,0,0,0,0,0,0,-228.6,-29.4,0,0,0,0,0,0,0,0,0,0,0,0,0,0,0,0,0,0,0,0,0,0,0
101,2017,288,2020,11.9,0,0,0,0,0,0,0,-222.9,-29.77,0,0,0,0,0,0,0,0,0,0,0,0,0,0,0,0,0,0,0,0,0,0,0
101,2017,288,2030,11.9,0,0,0,0,0,0,0,-213.3,-29.56,0,0,0,0,0,0,0,0,0,0,0,0,0,0,0,0,0,0,0,0,0,0,0
101,2017,288,2040,11.9,0,0,0,0,0,0,0,-210.2,-29.68,0,0,0,0,0,0,0,0,0,0,0,0,0,0,0,0,0,0,0,0,0,0,0
101,2017,288,2050,11.9,0,0,0,0,0,0,0,-209.9,-29.59,0,0,0,0,0,0,0,0,0,0,0,0,0,0,0,0,0,0,0,0,0,0,0
101,2017,288,2100,11.9,0,0,0,0,0,0,0,-213.5,-28.91,0,0,0,0,0,0,0,0,0,0,0,0,0,0,0,0,0,0,0,0,0,0,0
101,2017,288,2110,11.9,0,0,0,0,0,0,0,-213.9,-28.59,0,0,0,0,0,0,0,0,0,0,0,0,0,0,0,0,0,0,0,0,0,0,0
101,2017,288,2120,11.9,0,0,0,0,0,0,0,-213.1,-28.57,0,0,0,0,0,0,0,0,0,0,0,0,0,0,0,0,0,0,0,0,0,0,0
101,2017,288,2130,11.9,0,0,0,0,0,0,0,-214.2,-28.55,0,0,0,0,0,0,0,0,0,0,0,0,0,0,0,0,0,0,0,0,0,0,0
101,2017,288,2140,11.9,0,0,0,0,0,0,0,-215.2,-28.45,0,0,0,0,0,0,0,0,0,0,0,0,0,0,0,0,0,0,0,0,0,0,0
101,2017,288,2150,11.9,0,0,0,0,0,0,0,-216,-28.32,0,0,0,0,0,0,0,0,0,0,0,0,0,0,0,0,0,0,0,0,0,0,0
101,2017,288,2200,11.9,0,0,0,0,0,0,0,-216.7,-27.95,0,0,0,0,0,0,0,0,0,0,0,0,0,0,0,0,0,0,0,0,0,0,0
101,2017,288,2210,11.9,0,0,0,0,0,0,0,-218.8,-27.81,0,0,0,0,0,0,0,0,0,0,0,0,0,0,0,0,0,0,0,0,0,0,0
101,2017,288,2220,11.9,0,0,0,0,0,0,0,-218.3,-27.49,0,0,0,0,0,0,0,0,0,0,0,0,0,0,0,0,0,0,0,0,0,0,0
101,2017,288,2230,11.9,0,0,0,0,0,0,0,-219.7,-27.21,0,0,0,0,0,0,0,0,0,0,0,0,0,0,0,0,0,0,0,0,0,0,0
101,2017,288,2240,11.9,0,0,0,0,0,0,0,-222,-27.01,0,0,0,0,0,0,0,0,0,0,0,0,0,0,0,0,0,0,0,0,0,0,0
101,2017,288,2250,11.9,0,0,0,0,0,0,0,-223.6,-26.83,0,0,0,0,0,0,0,0,0,0,0,0,0,0,0,0,0,0,0,0,0,0,0
101,2017,288,2300,11.9,0,0,0,0,0,0,0,-225.9,-26.6,0,0,0,0,0,0,0,0,0,0,0,0,0,0,0,0,0,0,0,0,0,0,0
101,2017,288,2310,11.9,0,0,0,0,0,0,0,-227.2,-26.43,0,0,0,0,0,0,0,0,0,0,0,0,0,0,0,0,0,0,0,0,0,0,0
101,2017,288,2320,11.9,0,0,0,0,0,0,0,-228.6,-26.51,0,0,0,0,0,0,0,0,0,0,0,0,0,0,0,0,0,0,0,0,0,0,0
101,2017,288,2330,11.9,0,0,0,0,0,0,0,-229.9,-26.4,0,0,0,0,0,0,0,0,0,0,0,0,0,0,0,0,0,0,0,0,0,0,0
101,2017,288,2340,11.9,0,0,0,0,0,0,0,-229.6,-26.32,0,0,0,0,0,0,0,0,0,0,0,0,0,0,0,0,0,0,0,0,0,0,0
101,2017,288,2350,11.9,0,0,0,0,0,0,0,-227,-26.18,0,0,0,0,0,0,0,0,0,0,0,0,0,0,0,0,0,0,0,0,0,0,0
101,2017,288,2400,11.9,0,0,0,0,0,0,0,-228.5,-26.09,0,0,0,0,0,0,0,0,0,0,0,0,0,0,0,0,0,0,0,0,0,0,0
101,2017,289,10,11.9,0,0,0,0,0,0,0,-224.8,-26.04,0,0,0,0,0,0,0,0,0,0,0,0,0,0,0,0,0,0,0,0,0,0,0
101,2017,289,20,11.89,0,0,0,0,0,0,0,-225.9,-25.95,0,0,0,0,0,0,0,0,0,0,0,0,0,0,0,0,0,0,0,0,0,0,0
101,2017,289,30,11.89,0,0,0,0,0,0,0,-228.9,-25.9,0,0,0,0,0,0,0,0,0,0,0,0,0,0,0,0,0,0,0,0,0,0,0
101,2017,289,40,11.9,0,0,0,0,0,0,0,-230.3,-25.96,0,0,0,0,0,0,0,0,0,0,0,0,0,0,0,0,0,0,0,0,0,0,0
101,2017,289,50,11.89,0,0,0,0,0,0,0,-234.4,-26.26,0,0,0,0,0,0,0,0,0,0,0,0,0,0,0,0,0,0,0,0,0,0,0
101,2017,289,100,11.89,0,0,0,0,0,0,0,-233.8,-26.79,0,0,0,0,0,0,0,0,0,0,0,0,0,0,0,0,0,0,0,0,0,0,0
101,2017,289,110,11.89,0,0,0,0,0,0,0,-230.7,-26.87,0,0,0,0,0,0,0,0,0,0,0,0,0,0,0,0,0,0,0,0,0,0,0
101,2017,289,120,11.89,0,0,0,0,0,0,0,-231.3,-26.71,0,0,0,0,0,0,0,0,0,0,0,0,0,0,0,0,0,0,0,0,0,0,0
101,2017,289,130,11.89,0,0,0,0,0,0,0,-231.4,-26.43,0,0,0,0,0,0,0,0,0,0,0,0,0,0,0,0,0,0,0,0,0,0,0
101,2017,289,140,11.89,0,0,0,0,0,0,0,-233,-26.3,0,0,0,0,0,0,0,0,0,0,0,0,0,0,0,0,0,0,0,0,0,0,0
101,2017,289,150,11.89,0,0,0,0,0,0,0,-234.9,-26.11,0,0,0,0,0,0,0,0,0,0,0,0,0,0,0,0,0,0,0,0,0,0,0
101,2017,289,200,11.89,0,0,0,0,0,0,0,-235,-25.97,0,0,0,0,0,0,0,0,0,0,0,0,0,0,0,0,0,0,0,0,0,0,0
101,2017,289,210,11.89,0,0,0,0,0,0,0,-237.4,-25.85,0,0,0,0,0,0,0,0,0,0,0,0,0,0,0,0,0,0,0,0,0,0,0
101,2017,289,220,11.89,0,0,0,0,0,0,0,-238.2,-25.97,0,0,0,0,0,0,0,0,0,0,0,0,0,0,0,0,0,0,0,0,0,0,0
101,2017,289,230,11.89,0,0,0,0,0,0,0,-237.5,-25.99,0,0,0,0,0,0,0,0,0,0,0,0,0,0,0,0,0,0,0,0,0,0,0
101,2017,289,240,11.89,0,0,0,0,0,0,0,-236.1,-25.92,0,0,0,0,0,0,0,0,0,0,0,0,0,0,0,0,0,0,0,0,0,0,0
101,2017,289,250,11.89,0,0,0,0,0,0,0,-239.2,-25.98,0,0,0,0,0,0,0,0,0,0,0,0,0,0,0,0,0,0,0,0,0,0,0
101,2017,289,300,11.89,0,0,0,0,0,0,0,-240,-26.28,0,0,0,0,0,0,0,0,0,0,0,0,0,0,0,0,0,0,0,0,0,0,0
101,2017,289,310,11.89,0,0,0,0,0,0,0,-239.7,-26.63,0,0,0,0,0,0,0,0,0,0,0,0,0,0,0,0,0,0,0,0,0,0,0
101,2017,289,320,11.89,0,0,0,0,0,0,0,-242.4,-26.68,0,0,0,0,0,0,0,0,0,0,0,0,0,0,0,0,0,0,0,0,0,0,0
101,2017,289,330,11.89,0,0,0,0,0,0,0,-241.4,-26.61,0,0,0,0,0,0,0,0,0,0,0,0,0,0,0,0,0,0,0,0,0,0,0
101,2017,289,340,11.89,0,0,0,0,0,0,0,-240.8,-26.51,0,0,0,0,0,0,0,0,0,0,0,0,0,0,0,0,0,0,0,0,0,0,0
101,2017,289,350,11.89,0,0,0,0,0,0,0,-236.5,-26.34,0,0,0,0,0,0,0,0,0,0,0,0,0,0,0,0,0,0,0,0,0,0,0
101,2017,289,400,11.89,0,0,0,0,0,0,0,-234.4,-26.22,0,0,0,0,0,0,0,0,0,0,0,0,0,0,0,0,0,0,0,0,0,0,0
101,2017,289,410,11.89,0,0,0,0,0,0,0,-235.7,-26.15,0,0,0,0,0,0,0,0,0,0,0,0,0,0,0,0,0,0,0,0,0,0,0
101,2017,289,420,11.89,0,0,0,0,0,0,0,-239.1,-25.96,0,0,0,0,0,0,0,0,0,0,0,0,0,0,0,0,0,0,0,0,0,0,0
101,2017,289,430,11.89,0,0,0,0,0,0,0,-246,-25.99,0,0,0,0,0,0,0,0,0,0,0,0,0,0,0,0,0,0,0,0,0,0,0
101,2017,289,440,11.89,0,0,0,0,0,0,0,-247.5,-25.97,0,0,0,0,0,0,0,0,0,0,0,0,0,0,0,0,0,0,0,0,0,0,0
101,2017,289,450,11.89,0,0,0,0,0,0,0,-249.5,-25.99,0,0,0,0,0,0,0,0,0,0,0,0,0,0,0,0,0,0,0,0,0,0,0
101,2017,289,500,11.89,0,0,0,0,0,0,0,-248.6,-26.02,0,0,0,0,0,0,0,0,0,0,0,0,0,0,0,0,0,0,0,0,0,0,0
101,2017,289,510,11.89,0,0,0,0,0,0,0,-247.9,-26.21,0,0,0,0,0,0,0,0,0,0,0,0,0,0,0,0,0,0,0,0,0,0,0
101,2017,289,520,11.89,0,0,0,0,0,0,0,-249.5,-26.12,0,0,0,0,0,0,0,0,0,0,0,0,0,0,0,0,0,0,0,0,0,0,0
101,2017,289,530,11.89,0,0,0,0,0,0,0,-251.5,-26.17,0,0,0,0,0,0,0,0,0,0,0,0,0,0,0,0,0,0,0,0,0,0,0
101,2017,289,540,11.89,.005,0,0,.012,0,0,0,-251.4,-26.47,0,.065,0,.003,0,.04,.045,.01,.05,.01,0,.018,0,0,.034,0,0,.01,0,0,0,0,0
101,2017,289,550,11.89,.054,.023,.013,.091,.045,.03,.02,-245.2,-26.88,.028,.407,.027,.054,.035,.318,.345,.082,.342,.08,.022,.107,.037,.04,.275,.034,.028,.084,.005,.02,.035,.012,.01
101,2017,289,600,11.89,.163,.07,.047,.307,.153,.101,.059,-241.2,-27.1,.084,1.388,.092,.174,.114,1.126,1.217,.278,1.165,.275,.077,.352,.111,.114,.964,.106,.099,.292,.034,.05,.112,.037,.045
101,2017,289,610,11.89,.335,.153,.094,.6,.31,.209,.121,-239.3,-27.34,.176,2.918,.189,.362,.233,2.366,2.553,.558,2.447,.536,.158,.704,.226,.233,2.009,.216,.206,.553,.064,.111,.23,.077,.089
101,2017,289,620,11.89,.493,.238,.149,.964,.459,.325,.189,-241.4,-27.07,.272,4.609,.29,.526,.374,3.722,4.006,1.068,3.856,.848,.246,1.125,.362,.37,3.107,.349,.33,.858,.106,.168,.355,.119,.139
101,2017,289,630,11.89,.662,.323,.199,1.312,.607,.431,.25,-243.2,-26.89,.372,6.255,.38,.724,.479,5.264,5.351,1.78,5.583,1.15,.325,1.52,.474,.488,4.126,.444,.436,1.131,.142,.223,.444,.161,.186
101,2017,289,640,11.88,.813,.396,.246,1.617,.746,.516,.307,-244.3,-26.88,.446,9.08,.449,.9,.593,7.08,6.422,3.191,15.82,1.477,.399,2.02,.645,.64,4.901,.608,.533,1.374,.173,.282,.528,.193,.223
101,2017,289,650,11.89,.952,.441,.297,1.907,.883,.647,.367,-243.3,-27.19,.533,30.44,.6,1.093,.737,9.74,7.31,6.474,30.73,6.863,.453,3.228,.833,.825,5.611,.692,.674,1.604,.211,.334,.627,.231,.283
101,2017,289,700,11.89,1.131,.501,.369,2.264,1.083,.84,.442,-242.3,-27.1,.659,46.4,.913,1.389,.875,10.77,8.77,15.62,42.43,26.66,.535,8.94,2.661,1.371,6.243,.737,.994,1.802,.25,.396,.779,.32,.327
101,2017,289,710,11.89,1.403,.62,.447,3.017,1.332,1.145,.595,-235.7,-26.7,.83,43.34,1.099,1.926,.915,10.45,9.38,17.36,38.5,3.99,.595,8.6,13.42,2.102,6.793,.836,5.678,1.956,.28,.437,.895,.427,.374
101,2017,289,720,11.89,1.473,.66,.55,3.127,1.621,1.376,.707,-228.8,-25.97,1.074,62.17,1.376,2.39,1.061,10.98,9.82,28.39,54.71,3.816,.711,5.697,22.72,4.384,7.29,.902,14.51,2.14,.334,.484,.905,.406,.431
101,2017,289,730,11.89,1.57,.685,.662,3.251,1.807,1.78,2.782,-215.2,-24.24,1.783,69.99,1.254,2.65,1.16,10.85,9.94,35.88,61.14,10.63,.711,4.899,11.66,3.831,7.48,.923,17.16,2.221,.367,.523,.91,.404,.441