101,2017,292,930,11.9,86.2,3.073,53.14,72.5,4.053,3.003,1.409,-35.16,-12.35,15.8,69.89,1.995,4.109,2.388,63.02,83.9,86.8,112.1,6.224,1.499,6.892,17.97,2.787,32.75,1.724,48.63,4.094,.797,1.305,1.77,1.027,.983
101,2017,292,940,11.9,90.5,47.74,85.4,69.13,3.763,2.923,1.239,-30.92,-10.79,51.47,74.6,1.975,7.09,2.264,68.35,88.2,90.2,115.3,6.068,1.589,6.82,3.785,2.579,66.09,1.759,102.6,4.17,.687,1.402,2.596,1.625,9.24
101,2017,292,950,11.9,93.6,11.41,5.961,64.36,3.504,13.49,1.377,-31.06,-13.52,50.68,78.5,2.03,3.413,2.249,74.1,92,91.9,118.1,6.37,1.737,6.894,2.44,3.479,69.49,1.809,4.515,4.318,.707,1.444,4.003,35.36,1.136
101,2017,292,1000,11.9,72.4,3.182,2.05,58.57,8.83,2.526,1.288,-39.05,-13.76,40.25,81.5,2.129,3.212,2.29,79.6,95.7,77.7,121,69.94,1.864,6.966,2.429,25.54,72.8,1.891,2.728,4.499,.705,1.45,1.971,2.908,1.494
101,2017,292,1010,11.9,23.72,39,2.179,51.57,12.23,2.552,1.363,-40.92,-14.77,2.313,83.8,2.179,3.167,2.387,84.6,99.1,46.54,123.5,69.61,1.99,6.986,2.455,2.703,75.7,1.958,2.675,4.725,.693,52.29,2.085,1.018,1.263
101,2017,292,1020,11.9,15.08,97.1,44.96,44.69,3.274,2.457,16.99,-44.63,-11.79,8.68,85.4,2.258,3.07,2.822,89,101.9,20.72,125.2,16.98,2.09,6.949,2.442,2.643,78.4,2.058,2.616,4.934,.683,23.99,2.045,1.147,1.206
101,2017,292,1030,11.9,6.691,77.4,99.8,38.77,3.246,2.464,5.291,-48.53,-11.16,7.62,88.1,2.313,3.033,2.502,93.2,105,7.61,127,6.706,2.065,6.996,2.373,2.688,81.1,2.169,10.09,5.207,.703,1.956,2.112,1.846,1.229
101,2017,292,1040,11.9,6.321,7.38,73.7,33.59,3.154,2.45,3.534,-52.08,-12.34,5.942,91.3,7.92,3.038,2.573,97.2,107.8,7.29,128.7,7.02,2.099,6.895,2.398,5.063,83.7,2.273,2.775,5.617,.703,1.373,2.211,10.81,1.276
101,2017,292,1050,11.9,6.42,3.366,32.72,28.89,3.293,2.534,6.065,-51.91,-13.48,2.418,93,5.621,3.171,2.668,101.3,110.8,7.48,130.9,7.85,2.196,7.04,2.569,8.29,86.2,2.455,3.08,5.952,.73,1.551,2.355,1.206,1.484
101,2017,292,1100,11.91,6.075,3.226,2.368,24.85,3.14,2.539,45.54,-53.46,-10.09,2.425,93,2.799,3.062,2.722,104.6,113.1,7.13,131.9,8.34,2.373,6.855,2.752,2.978,88.3,2.621,3.068,6.624,.75,1.63,2.45,1.164,1.698
101,2017,292,1110,11.91,6.239,3.579,11.05,21.07,3.119,2.631,2.524,-52,-14.49,3.944,93.9,16.71,3.09,2.789,108.3,115.8,7.42,133.8,8.91,2.599,7.02,2.603,16.79,90.5,3.098,3.127,9.88,.764,1.581,2.747,1.645,1.73
101,2017,292,1120,11.91,6.287,3.559,2.856,18.76,3.484,2.819,47.07,-50.93,-9.92,12.8,94.9,18.34,3.162,2.981,112.5,119.2,7.44,136,36.49,2.822,7.17,24.52,19.06,93.2,3.043,3.34,41.05,.792,1.532,2.866,5.832,1.811
101,2017,292,1130,11.91,6.107,5.643,2.018,13.64,3.082,2.697,59,-51.04,-8.71,10.79,82.4,4.544,3.119,2.906,100.7,105.5,7.47,119.8,13.32,11.48,6.753,3.727,11.01,83.4,2.618,4.175,8.85,.757,2.631,2.953,3.197,1.494
101,2017,292,1140,11.91,5.855,36.19,2.003,10.64,3.035,2.579,2.514,-47.52,-14.88,2.46,90.2,3.38,3.199,3.147,114.8,119.4,7.1,132.3,9.65,40.33,8.63,2.692,3.886,94.3,2.764,3.402,9.16,.831,1.573,4.748,1.712,1.601
101,2017,292,1150,11.91,6.026,8.56,2.016,22.23,3.162,2.76,3.072,-45.73,-14.81,3.241,90.5,18.77,3.296,3.209,118.2,122.3,7.33,134,11.42,4.607,16.59,2.562,3.748,96.6,2.864,3.482,10.05,.851,1.641,28.73,1.457,1.645
101,2017,292,1200,11.91,9.65,3.879,2.544,12.83,3.815,3.526,2.996,-45.83,-14.59,3.261,95.6,3.921,4.085,3.71,123.7,127.3,9.73,138.2,46.64,11.54,25.2,3.246,78.2,100.4,3.618,4.932,20.38,1.064,2.072,33.07,56.1,1.983
101,2017,292,1210,11.91,8.47,4.055,2.815,11.57,4.469,4.611,2.357,-45.61,-14.57,3.663,100.6,4.37,4.572,4.4,128.4,130.3,10.61,140.1,107.6,3.696,29.07,3.643,31.26,103.1,4.309,5.773,96.7,1.198,2.427,15.27,33.55,2.484
101,2017,292,1220,11.91,8.68,4.74,3.08,14.74,5.18,4.437,2.378,-46.17,-14.61,4.073,86.5,4.653,4.83,4.525,110.2,111,11.47,119.4,76.9,4.08,12.34,4.252,6.366,88.2,4.455,7.06,81.9,1.28,2.8,7.24,19.81,2.408
101,2017,292,1230,11.91,9.9,4.734,3.396,15.49,5.62,4.969,2.438,-44,-14.55,4.991,79,5.721,5.858,5.858,102.4,101.5,13.12,108.4,60.67,4.574,9.31,7.05,6.609,81.5,4.812,8.54,69.73,1.484,3.356,7.27,1.896,3.142
101,2017,292,1240,11.91,8.67,3.713,2.634,10.75,4.353,4.009,2.162,-44.6,-14.51,3.535,102.9,5.341,6.218,5.155,134.4,133.1,9.63,138.6,106.5,3.865,7.96,4.843,5.307,105.4,4.23,7.23,111.9,1.328,2.44,5.406,1.604,2.83
101,2017,292,1250,11.91,11.37,2.75,2.335,8.04,3.966,3.679,2.083,-44.61,-14.54,3.301,98.8,5.771,6.402,5.404,133.9,129.9,7.77,132.8,103.6,4.271,7.02,3.132,5.141,103.4,3.966,6.736,112.1,1.345,2.33,4.982,1.469,3.053
101,2017,292,1300,11.91,12.09,2.884,3.519,8.82,4.649,4.185,2.437,-46.07,-14.49,6.645,102.3,6.319,5.352,6.426,142.2,138,8.47,139.5,60.18,4.594,7.42,3.235,6.993,110.1,3.947,10.94,120.7,1.537,2.765,5.922,1.817,3.994
101,2017,292,1310,11.91,4.937,2.028,1.877,7.74,3.291,3.17,1.613,-46.28,-14.84,3.065,31.42,3.401,4.207,4.093,45.43,45.17,6.982,44.62,10.77,2.572,5.702,2.544,3.604,37.11,2.686,5.044,23.7,1.179,2.113,4.699,1.043,2.216
101,2017,292,1320,11.91,6.496,2.254,2.045,10.09,3.967,2.689,1.921,-45.49,-14,2.73,25.07,2.162,4.307,3.736,38.53,39.77,8.53,36.09,7.43,2.308,7.2,2.765,3.031,33.55,2.79,3.435,12.08,1.085,1.939,4.61,1.067,1.695
101,2017,292,1330,11.91,4.846,2.087,1.849,8.88,4.362,2.834,2.18,-47.98,-13.04,2.718,26.88,2.839,4.671,4.428,43.74,42.61,6.955,37.81,8.9,3.063,6.762,2.592,3.527,36.75,3.115,3.842,16.15,1.147,2.021,5.394,1.161,2.07
101,2017,292,1340,11.91,4.369,2.053,1.757,8.47,4.279,2.896,1.836,-45.77,-12.66,2.521,25.97,3.187,4.75,3.974,41.11,40.22,6.594,36.16,9.77,2.587,6.491,2.392,3.321,34.01,2.854,3.561,15.49,1.199,2.135,5.075,1.013,1.852
101,2017,292,1350,11.91,3.963,1.673,1.139,6.877,3.052,2.085,1.295,-50.28,-12.86,1.792,17.24,1.666,3.293,2.286,27.12,27.41,5.931,23.84,5.797,1.722,4.844,2.052,2.341,22.36,2.228,2.129,6.676,.77,1.176,3.256,.809,.945
101,2017,292,1400,11.91,4.484,1.728,13.54,7.69,3.765,2.841,1.96,-53.76,-12.3,2.531,37.24,3.048,19.02,29.63,64.15,61.84,6.279,54.93,6.132,2.526,5.887,2.67,3.72,50.59,2.636,3.5,41.77,1.117,1.889,4.777,1.578,8.09
101,2017,292,1410,11.9,6.175,2.454,6.081,10.02,4.373,3.042,2.849,-52.07,-12.7,3.11,33.85,3.777,14.12,16.8,59.68,57.54,7.82,51.15,9.13,3.254,6.818,2.658,4.395,47.99,3.425,4.316,31.96,1.182,2.524,6.063,1.836,11.77
101,2017,292,1420,11.91,6.045,2.504,2.975,10.22,4.979,4.048,30.82,-50.41,-8.09,3.681,62.8,6.257,51.46,40.21,115.6,109,7.92,97.9,10.32,4.594,7.28,3.165,6.184,89.7,3.755,6.023,87.5,1.66,3.232,8.41,3.405,23.7
101,2017,292,1430,11.9,4.743,2.32,1.985,7.99,4.996,3.011,20.36,-47.88,-11.85,2.874,37.25,4.495,22.44,7.95,68.41,65.51,6.666,58.24,9.42,3.308,6.153,2.496,5.02,54.66,3.331,4.036,45.23,1.303,2.253,7.26,1.829,5.664
101,2017,292,1440,11.9,5.547,2.355,2.048,9.27,3.867,2.996,2.368,-46.9,-15.48,3.065,35.25,6.964,5.164,6.215,66.34,61.59,7.77,53.98,9.65,4.196,6.81,2.625,8.64,51.19,3.502,6.155,36.48,1.192,3.822,16.46,5.519,3.892
101,2017,292,1450,11.91,4.842,2.383,2.057,8.06,4.129,2.991,2.717,-45.49,-15.33,2.976,39.34,8.94,7.2,12.09,74.1,67.97,7.16,59.82,9.7,4.242,6.338,2.573,7.2,56.8,3.75,5.177,45.71,1.316,2.387,22.09,8.2,8.23
101,2017,292,1500,11.91,4.576,2.29,2.218,8.25,3.968,3.018,2.66,-48.18,-15.17,3.137,41.61,10.22,5.127,8.81,83.2,76.1,6.894,64.83,8.77,4.199,6.637,3.398,28.89,63.43,3.894,4.348,54.92,3.328,2.258,30.89,1.955,38.06
101,2017,292,1510,11.9,3.536,1.559,1.764,6.262,4.167,2.837,2.762,-48.2,-15.18,2.722,30.66,5.009,4.971,6.696,61.82,57.95,5.286,47.28,7.47,3.953,5.713,2.489,13.23,49.17,3.299,3.524,35.4,1.4,2.13,18.02,1.678,17.6
101,2017,292,1520,11.91,4.775,2.254,1.99,7.51,3.995,3.015,25.75,-55.9,-11.43,3.06,46.71,11.28,4.968,8.55,109.3,101.2,6.591,80,8.32,26.4,6.195,3.47,8.1,84.2,3.762,4.286,52.98,1.666,2.444,50.04,2.077,26.7
101,2017,292,1530,11.91,4.217,1.931,1.854,7.26,3.711,2.782,4.132,-57.83,-15.44,2.784,27.37,4.082,4.594,6.145,55.52,52.95,5.941,42.96,7.74,11.27,6.286,2.748,3.857,44.68,3.199,3.542,18.02,1.427,2.125,12.84,1.4,3.078
101,2017,292,1540,11.91,4.592,1.99,1.842,7.63,4.008,2.636,2.723,-45.61,-15.05,3.442,28.94,3.383,4.515,6.065,69.15,64.77,6.113,48.79,8.65,4.269,6.214,2.579,3.84,54.43,3.683,3.407,16.96,1.37,2.13,19.41,1.556,3.137
101,2017,292,1550,11.91,3.733,1.72,1.548,6.163,3.613,2.13,3.01,-46.44,-14.78,3.325,26.43,2.809,3.516,5.231,71.2,66.69,5.288,46.89,12.17,4.216,5.411,3.544,4.489,56.32,3.405,2.961,14.16,1.301,1.73,23.08,1.723,2.259
101,2017,292,1600,11.91,3.651,1.646,1.32,6.359,3.638,2.048,3.005,-48.35,-14.97,2.41,23.48,2.166,3.12,3.765,64.8,61.16,5.102,40.65,13.91,3.266,5.539,2.211,2.983,52.32,2.904,2.507,9.57,.909,1.432,10.67,1.434,1.616
101,2017,292,1610,11.91,3.263,1.35,1.147,5.48,2.948,1.779,1.457,-51.7,-15.01,1.735,15.04,1.682,2.898,3.263,30.85,31.44,4.405,21.41,4.294,1.859,4.931,1.884,2.604,26.59,2.427,2.373,8.79,.688,1.203,3.403,1,1.218
101,2017,292,1620,11.91,2.494,1.094,.916,4.52,2.717,1.623,1.301,-52.74,-13.99,1.514,13,1.36,2.638,2.691,26.24,26.84,3.577,18.39,3.71,1.651,4.276,1.454,2.209,23.06,2.1,2.02,7.39,.625,1.047,3.42,.822,.992
101,2017,292,1630,11.91,2.303,1.022,.951,4.15,2.496,1.42,1.365,-55.16,-13.23,1.432,12.46,1.447,2.434,2.693,25.17,25.45,3.171,18.42,4.142,2.164,3.921,1.372,2.212,22.49,1.928,1.945,8.92,.606,1.07,2.961,.74,1.171
101,2017,292,1640,11.9,2.249,.961,.859,3.916,2.124,1.4,1.126,-57.21,-12.92,1.303,11.47,1.342,2.264,2.231,21.19,21.74,3.083,16.71,3.532,1.352,3.583,1.296,1.911,19.17,1.621,1.797,7.56,.536,.971,2.886,.665,.975
101,2017,292,1650,11.9,2.12,.953,.762,3.917,2.261,1.345,1.028,-60.34,-13.07,1.238,11.26,1.414,2.137,2.192,27.44,26.92,3.048,15.86,3.882,1.258,3.572,1.243,1.878,20.78,1.723,1.656,6.235,.499,.886,2.506,.668,.836
101,2017,292,1700,11.9,1.531,.685,.645,3.018,1.953,1.189,1.094,-59.36,-13.27,1.134,10.2,1.367,1.859,2.442,21.17,21.1,2.603,14.37,3.261,1.616,3.31,1.181,1.901,18.02,1.655,1.427,6.706,.434,.78,2.485,.638,1.005
101,2017,292,1710,11.9,1.678,.71,.593,3.194,1.909,1.089,.896,-59.99,-13.57,1.018,8.91,1.015,1.713,1.923,17.1,17.88,2.549,12.23,2.757,1.087,3.328,1.104,1.512,15.67,1.504,1.33,4.74,.404,.653,2.102,.571,.643
101,2017,292,1720,11.9,1.288,.61,.576,2.552,1.656,.983,.871,-61.43,-13.84,.945,8.91,1.206,1.536,2.192,21.38,20.13,2.077,12.42,3.023,1.187,2.762,1.033,1.638,15.76,1.46,1.303,5.901,.414,.682,2.149,.576,.816
101,2017,292,1730,11.9,1.253,.534,.514,2.398,1.62,.968,.839,-60.19,-14.14,.893,8.34,1.104,1.452,1.985,18.85,17.02,1.951,11.17,2.581,1.715,2.611,.948,1.579,14.43,1.388,1.192,5.164,.373,.606,1.965,.521,.688
101,2017,292,1740,11.9,1.082,.471,.425,2.079,1.327,.749,.677,-61.76,-14.53,.727,6.351,.739,1.146,1.579,14.14,14.06,1.636,8.8,2.077,1.023,2.219,.807,1.206,12.2,1.211,.847,3.723,.29,.451,1.541,.439,.536
101,2017,292,1750,11.9,.789,.382,.353,1.529,.968,.559,.484,-66.31,-15.17,.546,4.867,.606,.819,1.221,10.71,10.64,1.234,6.902,1.636,.755,1.683,.598,.896,9.37,.931,.683,2.909,.224,.38,1.162,.36,.425
101,2017,292,1800,11.9,.536,.25,.223,1.057,.658,.395,.33,-68.65,-15.7,.372,3.09,.4,.531,.76,6.792,6.873,.814,4.285,1.002,.399,1.186,.399,.543,6.057,.593,.467,1.799,.142,.24,.707,.236,.273
101,2017,292,1810,11.9,.337,.156,.131,.598,.405,.235,.196,-73.3,-16.45,.223,1.737,.218,.322,.414,3.724,3.866,.454,2.382,.551,.246,.699,.241,.333,3.498,.375,.28,.962,.082,.141,.417,.142,.134
101,2017,292,1820,11.9,.196,.089,.069,.358,.211,.124,.092,-81.7,-17.57,.111,.921,.117,.191,.208,1.836,1.945,.293,1.26,.317,.119,.409,.129,.164,1.734,.188,.149,.466,.049,.075,.196,.07,.074
101,2017,292,1830,11.89,.085,.042,.035,.156,.099,.057,.047,-91.7,-19.09,.05,.417,.052,.087,.09,.767,.806,.129,.558,.147,.05,.176,.055,.077,.719,.084,.06,.216,.017,.037,.09,.032,.03
101,2017,292,1840,11.89,.015,.002,0,.034,.02,.007,.003,-108,-21.52,.005,.099,.008,.017,.02,.201,.204,.027,.134,.039,.008,.04,.012,.013,.181,.02,.008,.055,0,0,.017,0,0
101,2017,292,1850,11.89,0,0,0,0,0,0,0,-133,-25.25,0,.008,0,0,0,.018,.018,0,.01,0,0,0,0,0,.017,0,0,0,0,0,0,0,0
101,2017,292,1900,11.89,0,0,0,0,0,0,0,-155.1,-30.14,0,0,0,0,0,0,0,0,0,0,0,0,0,0,0,0,0,0,0,0,0,0,0
101,2017,292,1910,11.89,0,0,0,0,0,0,0,-178.5,-36.8,0,0,0,0,0,0,0,0,0,0,0,0,0,0,0,0,0,0,0,0,0,0,0
101,2017,292,1920,11.89,0,0,0,0,0,0,0,-211.1,-43.42,0,0,0,0,0,0,0,0,0,0,0,0,0,0,0,0,0,0,0,0,0,0,0
101,2017,292,1930,11.89,0,0,0,0,0,0,0,-217.8,-44.36,0,0,0,0,0,0,0,0,0,0,0,0,0,0,0,0,0,0,0,0,0,0,0
101,2017,292,1940,11.89,0,0,0,0,0,0,0,-234.3,-47.04,0,0,0,0,0,0,0,0,0,0,0,0,0,0,0,0,0,0,0,0,0,0,0
101,2017,292,1950,11.89,0,0,0,0,0,0,0,-249.3,-50.1,0,0,0,0,0,0,0,0,0,0,0,0,0,0,0,0,0,0,0,0,0,0,0
101,2017,292,2000,11.89,0,0,0,0,0,0,0,-6999,-53.16,0,0,0,0,0,0,0,0,0,0,0,0,0,0,0,0,0,0,0,0,0,0,0
101,2017,292,2010,11.89,0,0,0,0,0,0,0,-6999,-57.49,0,0,0,0,0,0,0,0,0,0,0,0,0,0,0,0,0,0,0,0,0,0,0
101,2017,292,2020,11.89,0,0,0,0,0,0,0,-6999,-60.58,0,0,0,0,0,0,0,0,0,0,0,0,0,0,0,0,0,0,0,0,0,0,0
101,2017,292,2030,11.89,0,0,0,0,0,0,0,-6999,-62.45,0,0,0,0,0,0,0,0,0,0,0,0,0,0,0,0,0,0,0,0,0,0,0
101,2017,292,2040,11.89,0,0,0,0,0,0,0,-6999,-66.41,0,0,0,0,0,0,0,0,0,0,0,0,0,0,0,0,0,0,0,0,0,0,0
101,2017,292,2050,11.89,0,0,0,0,0,0,0,-6999,-67.34,0,0,0,0,0,0,0,0,0,0,0,0,0,0,0,0,0,0,0,0,0,0,0
101,2017,292,2100,11.89,0,0,0,0,0,0,0,-6999,-65.31,0,0,0,0,0,0,0,0,0,0,0,0,0,0,0,0,0,0,0,0,0,0,0
101,2017,292,2110,11.88,0,0,0,0,0,0,0,-6999,-63.48,0,0,0,0,0,0,0,0,0,0,0,0,0,0,0,0,0,0,0,0,0,0,0
101,2017,292,2120,11.88,0,0,0,0,0,0,0,-6999,-56.16,0,0,0,0,0,0,0,0,0,0,0,0,0,0,0,0,0,0,0,0,0,0,0
101,2017,292,2130,11.88,0,0,0,0,0,0,0,-6999,-56.26,0,0,0,0,0,0,0,0,0,0,0,0,0,0,0,0,0,0,0,0,0,0,0
101,2017,292,2140,11.88,0,0,0,0,0,0,0,-6999,-61.03,0,0,0,0,0,0,0,0,0,0,0,0,0,0,0,0,0,0,0,0,0,0,0
101,2017,292,2150,11.88,0,0,0,0,0,0,0,-6999,-60.41,0,0,0,0,0,0,0,0,0,0,0,0,0,0,0,0,0,0,0,0,0,0,0
101,2017,292,2200,11.88,0,0,0,0,0,0,0,-6999,-43.29,0,0,0,0,0,0,0,0,0,0,0,0,0,0,0,0,0,0,0,0,0,0,0
101,2017,292,2210,11.88,0,0,0,0,0,0,0,-6999,-46.38,0,0,0,0,0,0,0,0,0,0,0,0,0,0,0,0,0,0,0,0,0,0,0
101,2017,292,2220,11.88,0,0,0,0,0,0,0,-6999,-50.13,0,0,0,0,0,0,0,0,0,0,0,0,0,0,0,0,0,0,0,0,0,0,0
101,2017,292,2230,11.88,0,0,0,0,0,0,0,-6999,-50.5,0,0,0,0,0,0,0,0,0,0,0,0,0,0,0,0,0,0,0,0,0,0,0
101,2017,292,2240,11.88,0,0,0,0,0,0,0,-6999,-54.17,0,0,0,0,0,0,0,0,0,0,0,0,0,0,0,0,0,0,0,0,0,0,0
101,2017,292,2250,11.88,0,0,0,0,0,0,0,-6999,-54.49,0,0,0,0,0,0,0,0,0,0,0,0,0,0,0,0,0,0,0,0,0,0,0
101,2017,292,2300,11.88,0,0,0,0,0,0,0,-6999,-52.05,0,0,0,0,0,0,0,0,0,0,0,0,0,0,0,0,0,0,0,0,0,0,0
101,2017,292,2310,11.88,0,0,0,0,0,0,0,-6999,-54.28,0,0,0,0,0,0,0,0,0,0,0,0,0,0,0,0,0,0,0,0,0,0,0
101,2017,292,2320,11.88,0,0,0,0,0,0,0,-6999,-51.05,0,0,0,0,0,0,0,0,0,0,0,0,0,0,0,0,0,0,0,0,0,0,0
101,2017,292,2330,11.88,0,0,0,0,0,0,0,-6999,-51.35,0,0,0,0,0,0,0,0,0,0,0,0,0,0,0,0,0,0,0,0,0,0,0
101,2017,292,2340,11.88,0,0,0,0,0,0,0,-6999,-48.61,0,0,0,0,0,0,0,0,0,0,0,0,0,0,0,0,0,0,0,0,0,0,0
101,2017,292,2350,11.88,0,0,0,0,0,0,0,-6999,-44.9,0,0,0,0,0,0,0,0,0,0,0,0,0,0,0,0,0,0,0,0,0,0,0
101,2017,292,2400,11.88,0,0,0,0,0,0,0,-236.8,-36.29,0,0,0,0,0,0,0,0,0,0,0,0,0,0,0,0,0,0,0,0,0,0,0
101,2017,293,10,11.88,0,0,0,0,0,0,0,-214.7,-34.06,0,0,0,0,0,0,0,0,0,0,0,0,0,0,0,0,0,0,0,0,0,0,0
101,2017,293,20,11.88,0,0,0,0,0,0,0,-235.3,-35.9,0,0,0,0,0,0,0,0,0,0,0,0,0,0,0,0,0,0,0,0,0,0,0
101,2017,293,30,11.88,0,0,0,0,0,0,0,-237.9,-35.86,0,0,0,0,0,0,0,0,0,0,0,0,0,0,0,0,0,0,0,0,0,0,0
101,2017,293,40,11.88,0,0,0,0,0,0,0,-221.6,-33.78,0,0,0,0,0,0,0,0,0,0,0,0,0,0,0,0,0,0,0,0,0,0,0
101,2017,293,50,11.87,0,0,0,0,0,0,0,-221.1,-33.75,0,0,0,0,0,0,0,0,0,0,0,0,0,0,0,0,0,0,0,0,0,0,0
101,2017,293,100,11.88,0,0,0,0,0,0,0,-226.2,-34.05,0,0,0,0,0,0,0,0,0,0,0,0,0,0,0,0,0,0,0,0,0,0,0
101,2017,293,110,11.88,0,0,0,0,0,0,0,-193.5,-31.67,0,0,0,0,0,0,0,0,0,0,0,0,0,0,0,0,0,0,0,0,0,0,0
101,2017,293,120,11.87,0,0,0,0,0,0,0,-199.7,-32.21,0,0,0,0,0,0,0,0,0,0,0,0,0,0,0,0,0,0,0,0,0,0,0
101,2017,293,130,11.87,0,0,0,0,0,0,0,-251.7,-35.9,0,0,0,0,0,0,0,0,0,0,0,0,0,0,0,0,0,0,0,0,0,0,0
101,2017,293,140,11.87,0,0,0,0,0,0,0,-6999,-38.44,0,0,0,0,0,0,0,0,0,0,0,0,0,0,0,0,0,0,0,0,0,0,0
101,2017,293,150,11.87,0,0,0,0,0,0,0,-208.1,-32.51,0,0,0,0,0,0,0,0,0,0,0,0,0,0,0,0,0,0,0,0,0,0,0
101,2017,293,200,11.87,0,0,0,0,0,0,0,-184.2,-30.66,0,0,0,0,0,0,0,0,0,0,0,0,0,0,0,0,0,0,0,0,0,0,0
101,2017,293,210,11.87,0,0,0,0,0,0,0,-211.1,-32.42,0,0,0,0,0,0,0,0,0,0,0,0,0,0,0,0,0,0,0,0,0,0,0
101,2017,293,220,11.87,0,0,0,0,0,0,0,-224,-33.1,0,0,0,0,0,0,0,0,0,0,0,0,0,0,0,0,0,0,0,0,0,0,0
101,2017,293,230,11.87,0,0,0,0,0,0,0,-6999,-37.59,0,0,0,0,0,0,0,0,0,0,0,0,0,0,0,0,0,0,0,0,0,0,0
101,2017,293,240,11.87,0,0,0,0,0,0,0,-6999,-37.14,0,0,0,0,0,0,0,0,0,0,0,0,0,0,0,0,0,0,0,0,0,0,0
101,2017,293,250,11.87,0,0,0,0,0,0,0,-176.9,-30.59,0,0,0,0,0,0,0,0,0,0,0,0,0,0,0,0,0,0,0,0,0,0,0
101,2017,293,300,11.87,0,0,0,0,0,0,0,-193.2,-31.42,0,0,0,0,0,0,0,0,0,0,0,0,0,0,0,0,0,0,0,0,0,0,0
101,2017,293,310,11.87,0,0,0,0,0,0,0,-203.6,-32.02,0,0,0,0,0,0,0,0,0,0,0,0,0,0,0,0,0,0,0,0,0,0,0
101,2017,293,320,11.87,0,0,0,0,0,0,0,-238.1,-34.56,0,0,0,0,0,0,0,0,0,0,0,0,0,0,0,0,0,0,0,0,0,0,0
101,2017,293,330,11.87,0,0,0,0,0,0,0,-6999,-35.97,0,0,0,0,0,0,0,0,0,0,0,0,0,0,0,0,0,0,0,0,0,0,0
101,2017,293,340,11.87,0,0,0,0,0,0,0,-6999,-38.8,0,0,0,0,0,0,0,0,0,0,0,0,0,0,0,0,0,0,0,0,0,0,0
101,2017,293,350,11.87,0,0,0,0,0,0,0,-6999,-38.85,0,0,0,0,0,0,0,0,0,0,0,0,0,0,0,0,0,0,0,0,0,0,0
101,2017,293,400,11.87,0,0,0,0,0,0,0,-6999,-37.41,0,0,0,0,0,0,0,0,0,0,0,0,0,0,0,0,0,0,0,0,0,0,0
101,2017,293,410,11.87,0,0,0,0,0,0,0,-6999,-38.26,0,0,0,0,0,0,0,0,0,0,0,0,0,0,0,0,0,0,0,0,0,0,0
101,2017,293,420,11.87,0,0,0,0,0,0,0,-6999,-38.28,0,0,0,0,0,0,0,0,0,0,0,0,0,0,0,0,0,0,0,0,0,0,0
101,2017,293,430,11.87,0,0,0,0,0,0,0,-6999,-36.32,0,0,0,0,0,0,0,0,0,0,0,0,0,0,0,0,0,0,0,0,0,0,0
101,2017,293,440,11.87,0,0,0,0,0,0,0,-6999,-32.59,0,0,0,0,0,0,0,0,0,0,0,0,0,0,0,0,0,0,0,0,0,0,0
101,2017,293,450,11.87,0,0,0,0,0,0,0,-226.3,-32.07,0,0,0,0,0,0,0,0,0,0,0,0,0,0,0,0,0,0,0,0,0,0,0
101,2017,293,500,11.87,0,0,0,0,0,0,0,-199.5,-30.94,0,0,0,0,0,0,0,0,0,0,0,0,0,0,0,0,0,0,0,0,0,0,0
101,2017,293,510,11.87,0,0,0,0,0,0,0,-248.1,-34.31,0,0,0,0,0,0,0,0,0,0,0,0,0,0,0,0,0,0,0,0,0,0,0
101,2017,293,520,11.87,0,0,0,0,0,0,0,-211.1,-31.37,0,0,0,0,0,0,0,0,0,0,0,0,0,0,0,0,0,0,0,0,0,0,0
101,2017,293,530,11.87,0,0,0,0,0,0,0,-187.8,-29.97,0,.003,0,0,0,.008,.01,0,.008,0,0,0,0,0,.005,0,0,0,0,0,0,0,0
101,2017,293,540,11.87,.017,.005,0,.027,.013,.008,.002,-214.8,-31.72,.008,.067,.005,.015,.01,.089,.097,.025,.091,.022,.005,.03,.008,.013,.082,.01,.008,.022,0,.002,.01,0,0
101,2017,293,550,11.87,.07,.039,.032,.136,.069,.047,.032,-230.5,-32.83,.039,.344,.04,.075,.052,.506,.533,.127,.471,.129,.037,.156,.049,.052,.453,.052,.045,.127,.02,.032,.05,.023,.025
101,2017,293,600,11.87,.211,.097,.06,.379,.193,.129,.082,-6999,-36.11,.101,.952,.114,.208,.147,1.482,1.56,.352,1.339,.355,.101,.432,.139,.146,1.299,.139,.134,.349,.04,.075,.147,.045,.052
101,2017,293,610,11.87,.391,.196,.117,.704,.36,.248,.149,-6999,-35.98,.194,1.835,.211,.389,.277,2.988,2.961,.68,2.579,.637,.194,.808,.263,.277,2.452,.255,.255,.605,.082,.136,.27,.091,.107
101,2017,293,620,11.87,.553,.288,.174,1.069,.494,.369,.221,-6999,-34.04,.287,2.747,.313,.553,.411,5.082,4.421,1.198,3.843,.955,.278,1.225,.397,.411,3.577,.382,.384,.89,.117,.193,.394,.137,.158
101,2017,293,630,11.87,.732,.374,.225,1.399,.64,.459,.282,-220.1,-32.86,.377,3.615,.396,.731,.503,6.551,5.653,1.808,5.812,1.259,.365,1.617,.515,.523,4.544,.461,.471,1.138,.161,.25,.471,.174,.196
101,2017,293,640,11.87,.89,.439,.278,1.704,.781,.563,.339,-185.8,-31.33,.447,10.38,.468,.9,.613,8.98,6.704,4.76,20.61,1.582,.429,2.065,.699,.65,5.377,.558,.583,1.371,.189,.31,.566,.215,.243
101,2017,293,650,11.87,1.036,.489,.335,1.978,.92,.697,.404,-126.5,-28.22,.53,19,.669,1.088,.753,10.4,7.62,12.96,32.98,7.69,.484,2.576,.763,.764,6.111,.662,.736,1.572,.23,.362,.654,.251,.307
101,2017,293,700,11.87,1.182,.555,.407,2.309,1.101,.88,.483,-119.7,-28.33,.65,24.54,.974,1.374,.91,10.84,8.37,19.25,40.89,21.4,.568,9.45,1.718,1.249,6.689,.754,.935,1.743,.266,.421,.746,.523,.344
101,2017,293,710,11.87,1.306,.617,.478,2.532,1.306,1.088,1.232,-73.6,-25.83,.791,29.33,1.143,1.807,1.027,10.79,9.01,24.76,48.15,4.539,.639,16.88,16.7,2.291,7.17,1.973,1.894,1.885,.308,.449,.836,1.192,.389
101,2017,293,720,11.87,1.436,.68,.577,2.951,1.542,1.353,6.699,-100.1,-27.53,.934,34.26,1.249,2.154,1.093,10.94,9.56,30.42,54.83,6.251,.694,5.698,17.85,4.378,7.57,.858,6.096,2.006,.347,.491,.905,.597,.432
101,2017,293,730,11.87,1.577,.746,.711,3.216,1.803,2.658,6.312,-83.5,-27.4,1.18,40.38,2.323,3.293,1.173,11.3,10.19,36.45,61.03,3.397,.737,4.847,5.806,5.735,7.91,.912,19.05,2.122,.374,.548,.928,.429,.473
101,2017,293,740,11.87,1.761,.843,.892,3.59,2.268,12.44,.932,-35.87,-25.34,3.111,41.99,3.328,2.785,1.255,12.14,10.58,42.51,66.81,10.13,.773,5.107,2.224,3.184,8.25,.994,65.76,2.216,.402,.593,.977,.436,.483
101,2017,293,750,11.87,3.169,.999,1.036,18.04,2.643,16.22,.741,-19.34,-23.98,3.289,33.94,1.366,20.33,1.319,14.82,11.14,48.23,72.4,40.02,.826,5.543,2.15,1.84,8.63,1.059,2.096,2.307,.432,.649,1.017,.444,.699
101,2017,293,800,11.88,6.858,2.436,1.129,48.12,2.77,21.81,.794,-17.89,-22.86,5.32,30.28,1.424,39.33,1.391,19.11,31.74,54.03,77.7,67.78,.866,10.51,2.683,1.979,8.88,1.116,2.532,2.399,.674,.69,1.062,.479,1.066
101,2017,293,810,11.88,22.9,1.644,1.877,66.9,2.885,26.51,.833,-17.65,-21.71,1.828,55.93,1.498,27.96,1.474,24.04,44.27,59.19,82.7,72.9,1.054,28.1,2.357,2.118,12.86,1.159,1.557,2.486,.451,.729,1.109,.519,.63
101,2017,293,820,11.88,49.27,2.037,1.263,70.7,2.984,31.15,.849,-22.55,-19.82,1.747,63.32,1.508,56.62,1.54,29.05,50.29,64.26,87.6,77.8,.943,45.65,2.322,2.068,9.7,1.228,2.044,2.568,.469,1.815,1.154,.57,3.52
101,2017,293,830,11.88,65.64,4.577,1.34,73.8,3.059,7.99,.9,-37.24,-17.95,1.781,68.16,1.484,60.29,2.267,33.89,56.31,68.78,91.7,52.06,.972,45.04,10.67,24.64,9.78,1.319,1.714,2.644,.498,1.464,1.193,.615,4.051
101,2017,293,840,11.88,68.9,5.1,1.406,76.2,3.141,36.16,1.01,-22.81,-17.57,2.061,72.1,1.52,69.92,1.945,38.49,61.54,72.7,95.4,11.61,1,29.62,2.307,2.838,10.14,2.847,28.8,2.733,.508,.868,1.245,.668,.692
101,2017,293,850,11.88,57.88,3.287,1.513,77.7,3.207,46.34,1.044,-23.12,-17.37,1.841,75.4,1.54,73,12.43,43.07,66.07,75.9,98.3,48.4,1.077,10.9,2.274,2.21,10.57,1.496,9.68,2.818,.576,1.057,1.293,8.73,.697
101,2017,293,900,11.88,70.5,2.902,1.776,78.9,3.48,40.66,1.168,-30.84,-16.63,2.02,79.7,1.766,76.2,11.99,49.1,71.6,79.5,102.6,11.47,1.153,6.148,2.367,4.091,14.92,1.563,5.981,3.309,.608,2.98,1.466,.727,.811
101,2017,293,910,11.88,80.6,3.134,1.848,79.1,3.719,52.95,2.097,-17.08,-15.9,2.173,83.9,2.417,79.4,2.191,55.64,76.9,82.9,107.9,46.47,1.444,6.315,2.55,8.98,14.07,1.804,27.86,4.235,.638,1.652,1.556,.781,.936
101,2017,293,920,11.88,85.8,2.881,6.134,78.6,3.6,5.05,2.648,-39.98,-15.38,2.908,77.7,1.946,51.27,2.007,59.87,80.8,86.3,110.8,12.02,1.459,6.228,19.8,2.397,19.21,1.585,3.263,3.345,.65,1.238,1.59,1.039,.876
101,2017,293,930,11.89,89.7,2.908,67.77,76.2,3.588,3.447,1.563,-40.78,-13.18,23.57,62.56,1.77,3.775,2.1,64.83,85,89.5,114,5.546,1.394,6.291,9.39,2.392,31.69,1.573,57.27,3.417,2.799,1.228,1.579,1.089,.982
101,2017,293,940,11.89,93.3,31.37,84.1,72.9,3.452,2.968,1.213,-39.25,-12.38,50.25,44.03,1.849,20.9,2.065,70.4,89,92.3,116.8,5.566,1.538,6.331,3.135,2.738,65.31,1.605,99.8,3.576,.64,9.02,2.293,.925,4.003
101,2017,293,950,11.89,96.1,5.132,3.167,67.13,3.38,8.87,1.208,-42.19,-14.87,56.1,34.31,1.891,8.38,2.328,76,92.8,94.6,119.4,5.911,1.7,6.473,2.269,8.5,68.63,1.703,4.504,3.722,.66,2.939,8.62,17.24,1.104
101,2017,293,1000,11.89,69.55,3.432,2.112,60.25,10.79,2.584,1.286,-46.19,-15,19.9,58.04,2.045,3.331,2.236,81,95.9,92.3,121.1,66.3,1.832,6.745,2.367,30.39,71.4,1.884,2.784,3.983,.698,2.05,1.899,1.516,1.516
101,2017,293,1010,11.89,32,48.47,2.313,55.68,10.02,2.797,1.412,-48.72,-15.86,2.777,87.5,2.144,3.586,2.769,87.4,101.3,60.86,125.8,57.53,1.985,7.48,2.583,2.772,75.8,1.988,4.834,4.288,.719,18.05,2.01,1.047,1.254
101,2017,293,1020,11.89,14.32,97,51.35,49.19,3.629,2.857,14,-52.01,-13.29,9.51,100,2.32,3.49,5.78,92.3,104.5,16.99,128.6,13.63,2.154,7.8,2.913,2.986,78.9,2.264,2.914,4.772,.713,37.24,2.125,1.209,1.249
101,2017,293,1030,11.89,8.25,72.9,97,42.74,4.102,4.212,16.09,-54.88,-11.25,3.621,102.8,2.524,3.904,2.817,97.3,108.4,9.78,132.7,8.85,2.212,8.14,2.822,3.377,81.5,2.661,6.138,5.221,.725,1.63,2.234,1.856,1.352
101,2017,293,1040,11.89,11.73,5.969,54.34,36.2,3.594,2.991,7.3,-59.7,-13.43,2.586,98.8,2.676,3.274,2.645,100.2,109.7,8.25,132.4,8.74,2.236,7.33,2.693,3.191,83.5,2.551,3.164,5.676,.73,1.455,2.266,2.058,1.357
101,2017,293,1050,11.89,6.85,3.552,36.83,30.78,3.407,2.81,3.489,-58.9,-14.45,2.457,94.9,3.033,3.378,2.722,103.1,112,7.97,133,8.59,2.258,7.17,2.954,3.361,85.8,2.496,3.325,5.835,.749,1.559,2.372,1.249,1.501
101,2017,293,1100,11.9,6.735,3.542,2.556,27.17,3.39,2.789,32.71,-56.03,-12.32,2.524,85.7,9.75,3.356,2.814,105.8,113.7,7.97,133.3,8.78,2.368,7.16,3.207,3.288,87.8,2.69,3.422,6.426,.772,1.522,2.48,1.157,1.72
101,2017,293,1110,11.9,6.949,3.422,3.855,21.76,3.413,2.968,4.917,-55.5,-15.21,2.644,72.4,18.42,3.455,2.842,99.4,105.9,8.21,122.1,8.9,2.626,7.08,2.84,5.982,82.1,2.696,3.621,8.52,.807,1.593,2.673,7.42,1.681
101,2017,293,1120,11.9,11.43,5.113,3.453,22.88,4.225,4.041,35.7,-53.73,-11.29,5.331,73.4,10.49,4.76,3.286,103.6,109.7,13.12,125.2,30.67,3.42,8.84,18.14,18.74,84.9,3.653,5.098,15.78,.948,2.097,3.398,6.816,1.901
101,2017,293,1130,11.9,8.42,4.374,2.842,13.91,4.373,3.999,9.75,-50.83,-14.09,4.399,36.17,4.203,4.751,3.786,53.56,54.05,11.06,60.19,14.49,3.656,7.51,3.43,10.62,42.85,3.703,5.227,15.21,1.058,2.274,4.289,1.343,1.941
101,2017,293,1140,11.9,9.31,40.64,2.917,15.29,4.145,4.063,8.5,-48.69,-13.69,3.518,64.67,4.669,4.558,4.332,98.4,100,11.01,112.1,14.34,19.71,8.83,3.435,5.19,78,4.26,6.002,15.4,.948,2.18,6.566,4.349,2.309
101,2017,293,1150,11.9,6.225,15.72,2.283,21.31,3.307,3.158,3.384,-50,-14.38,2.859,74,6.642,3.438,3.393,122.2,124.2,8.24,138.4,13.25,4.346,10.04,2.671,4.64,97.2,3.649,4.27,11.39,.857,2.082,28.51,3.545,1.857
101,2017,293,1200,11.9,5.89,3.45,2.306,10.69,3.688,3.557,1.911,-49.77,-14.55,2.932,72.2,3.925,4.08,3.55,125.9,127.6,8.76,139.9,45.41,12.02,19.59,3.014,89.9,99.8,3.435,4.468,31.27,1.08,2.053,55.67,44.45,2.063
101,2017,293,1210,11.9,7.87,4.317,2.589,11.52,4.738,4.155,2.241,-50.25,-14.45,3.475,71.9,4.545,5.421,4.456,127.2,128.4,10.14,137.9,108.6,3.671,22.55,3.42,22.66,100.2,3.996,5.875,98.1,1.278,2.542,17.71,13.77,2.664
101,2017,293,1220,11.9,9.32,4.615,3.147,14.04,5.888,4.542,2.406,-53.52,-14.5,4.021,57.7,4.687,6.176,5.104,101.8,102.5,12.1,107.6,60.76,3.93,11.75,4.255,5.322,81.3,4.161,6.772,69.35,1.547,2.947,6.392,7.43,2.75
101,2017,293,1230,11.9,7.73,3.88,2.902,12.5,5.93,4.746,2.768,-51.83,-14.31,8.55,44.91,5.131,6.919,6.472,77.5,77.3,10.51,78.3,34.91,3.922,9.69,4.664,5.935,63.65,4.058,6.847,44.64,1.753,4.257,7.36,1.601,3.24
101,2017,293,1240,11.9,7.82,3.515,2.77,13.5,5.975,4.356,2.78,-50.56,-13.71,3.86,33.63,5.052,7,6.606,57.72,57.35,10.65,54.61,13.58,3.771,10.01,3.654,5.208,48.2,3.945,5.881,21.89,1.561,2.947,6.524,1.454,3.389
101,2017,293,1250,11.9,6.558,3.148,2.334,10.4,4.952,3.515,2.549,-49.04,-13.01,3.215,27.52,4.146,5.238,5.174,48.74,47.4,8.89,44.79,11.2,3.282,7.63,2.792,4.505,39.87,3.917,4.503,16.64,1.219,2.428,5.819,1.281,2.569
101,2017,293,1300,11.9,7.34,3.128,2.333,12.25,4.582,3.624,2.365,-54.55,-12.13,3.465,28.66,4.25,4.853,4.674,48.43,46.32,10.29,47.18,11.63,3.783,7.19,3.13,4.552,38.38,3.714,4.724,15.56,1.129,2.157,5.149,1.248,2.53
101,2017,293,1310,11.9,15.64,3.07,2.939,10.67,5.014,5.586,2.847,-51.45,-11.27,56.46,68.26,5.114,6.742,7.16,123.7,121.4,9.71,117.4,10.95,3.882,8,3.533,5.598,97.5,3.768,38.18,92.7,1.864,3.177,6.703,1.785,4.485
101,2017,293,1320,11.9,5.456,2.313,2.179,9.12,4.44,3.651,2.264,-50.35,-12.4,3.304,26.28,4.46,5.744,6.102,48.98,46.7,7.07,43.32,9.17,3.095,6.491,2.455,4.654,39.22,3.113,5.979,22,1.08,2.127,5.21,1.293,3.296
101,2017,293,1330,11.9,6.95,2.524,3.852,10.44,4.753,6.044,2.557,-49.92,-12.06,12.3,66.59,4.855,6.895,28.15,121.9,117.3,9.02,111.7,9.75,4.641,8.33,3.145,4.94,95.5,3.624,10.83,92.4,1.707,3.646,6.494,1.678,4.716
101,2017,293,1340,11.9,5.838,5.259,52.18,9.08,8.07,4.473,2.515,-55.43,-11.56,7.08,75.1,6.016,6.861,86.6,144.4,137.3,7.89,131.8,12.63,4.569,47.73,3.04,5.89,110.2,3.681,15.22,118.7,1.661,2.986,6.22,1.825,6.953
101,2017,293,1350,11.9,6.461,3.341,41.04,13.27,8.6,5.917,19.99,-53.24,-9.66,3.247,70.5,6.143,6.096,88.2,138.9,131.4,8.18,125.5,17.68,4.386,40.37,3.359,22.06,105.7,3.957,6.977,112.5,1.377,4.095,5.9,1.789,61.94
101,2017,293,1400,11.9,5.885,2.798,22.64,9.7,12.77,5.463,16.21,-55.08,-11.18,3.343,57.83,5.697,7.26,76,121.2,115,8.14,107.5,10.91,3.6,10.5,10.65,26.73,92.7,3.428,5.595,94.4,1.405,2.767,5.816,1.805,6.756
101,2017,293,1410,11.9,5.689,2.857,6.379,9.73,4.532,4.848,3.976,-54.57,-13.73,3.646,52.89,6.337,54.14,79,130.2,123.3,8.06,112.6,10.4,4.245,7.21,5.005,5.875,100.6,3.669,6.506,99.9,1.772,3.52,7.34,4.387,53.46
101,2017,293,1420,11.91,5.446,2.443,2.195,9.33,3.918,3.141,4.568,-53.23,-13.06,3.105,26.1,4.297,7.74,7.34,53.65,50.18,7.69,46.48,9.43,3.736,6.767,2.845,4.556,42.48,3.579,4.479,22.36,1.244,2.318,5.938,1.448,4.193
101,2017,293,1430,11.9,5.697,2.502,2.175,9.54,4.285,2.738,4.144,-48.41,-11.1,2.984,24.2,3.438,7.62,6.701,49.5,47.52,7.52,41.2,7.97,3.51,7.51,2.666,4.012,40.75,3.409,3.825,19.91,1.204,2.396,5.219,1.254,3.141
101,2017,293,1440,11.91,3.783,1.767,1.38,7.05,3.726,2.279,1.951,-46.35,-9.66,2.304,17.66,2.314,3.681,3.612,36.27,35.58,5.591,28.32,6.233,2.495,6.157,2.306,3.294,30.91,2.922,2.773,10.61,.936,1.525,4.65,1.058,1.795
101,2017,293,1450,11.91,4.345,1.482,1.236,7.92,3.868,2.252,1.911,-44.79,-8.32,2.16,16,2.125,3.632,3.091,32.78,33.32,5.966,25.15,5.273,2.12,6.231,2.172,2.874,28.97,2.462,2.527,8.42,.851,1.422,4.459,1.003,1.212
101,2017,293,1500,11.9,4.674,1.994,1.8,8.6,4.448,2.855,2.303,-44.73,-5.759,2.659,23.64,4.31,4.85,5.056,52.37,53.08,6.479,41.68,6.392,2.252,7.25,2.862,12.03,45.75,3.026,3.46,26.23,2.644,2.108,14.9,2.018,15.38
101,2017,293,1510,11.9,4.091,1.923,1.976,7.95,5.416,3.04,3.321,-45.78,-4.654,3.102,22.89,3.254,5.362,6.203,54.41,53.96,6.034,40.18,7.23,3.502,7.1,2.825,6.18,47.46,3.698,3.972,21.74,1.568,2.366,10.02,1.737,5.16
101,2017,293,1520,11.9,3.16,1.383,1.646,5.904,4.668,2.866,7.59,-49.62,-4.097,3.072,25.4,5.885,4.914,9.17,73.1,67.83,5.175,51.6,7.06,24.94,5.905,2.814,5.428,59.29,3.44,3.53,26.09,1.558,2.229,24.17,1.738,6.421
101,2017,293,1530,11.9,2.279,1.152,1.543,4.324,4.107,2.546,7.52,-55.08,-5.976,2.685,27.79,7.83,3.914,7.22,109.9,99.9,3.922,72.3,6.297,40.78,5.138,9.2,4.82,87,3.676,3.44,17.94,9.37,2.057,49.27,2.107,4.03
101,2017,293,1540,11.9,1.663,.921,1.077,3.248,2.782,1.846,3.333,-52.73,-11.03,2.107,25.42,4.596,2.876,5.14,109.8,99.1,3.36,68.63,5.983,4.353,3.827,2.028,3.51,86.3,2.998,2.464,11.96,11.4,1.671,51.34,1.951,2.914
101,2017,293,1550,11.91,2.78,1.387,1.105,4.907,4.006,1.96,5.41,-50.68,-13.26,2.702,27.95,3.279,3.104,4.477,105.7,95.7,4.495,66.63,18.98,3.412,4.432,2.805,3.462,83.3,2.824,2.442,9.38,1.018,1.646,49.83,1.698,2.333
101,2017,293,1600,11.91,3.351,1.501,1.474,6.175,4.383,2.398,8.64,-53.48,-13.42,2.691,20.85,3.02,3.723,5.075,65.17,60.14,5.331,42.91,10.77,3.916,5.324,2.413,3.656,52.59,3.351,2.862,13.7,1.132,1.809,14.97,1.531,2.413
101,2017,293,1610,11.9,2.646,1.239,1.191,5.071,3.48,1.943,2.08,-53.45,-13.13,1.991,14.07,1.988,3.13,3.693,37.46,36.21,4.145,24.95,5.95,2.381,4.887,1.919,2.939,32.01,2.731,2.39,10.49,.862,1.457,4.602,1.072,1.514
101,2017,293,1620,11.9,2.751,1.117,1.132,5.067,3.044,1.867,1.829,-48.45,-10.43,1.867,13.2,2.095,3.18,3.657,32.65,31.39,4.284,23.98,4.949,2.416,4.461,1.842,2.736,27.46,2.252,2.145,10.15,.807,1.375,4.372,.839,1.787
101,2017,293,1630,11.9,2.535,1.197,1.102,4.485,2.637,1.755,1.49,-49.52,-8.25,1.772,12.69,1.996,2.807,3.478,32.09,30.47,3.999,22.81,5.108,2.905,4.222,1.671,2.495,26.5,2.152,2.257,9.24,.69,1.212,3.585,.759,1.604
101,2017,293,1640,11.9,2.393,1.027,.923,4.043,2.286,1.517,1.129,-44.1,-7.03,1.408,10.93,1.66,2.396,2.805,25.95,25.03,3.53,18.87,3.984,1.773,3.852,1.387,2.045,21.78,1.678,1.906,7.06,.553,.961,2.713,.588,1.249
101,2017,293,1650,11.9,2.025,.841,.822,3.599,2.117,1.338,1.139,-48.61,-6.359,1.336,9.7,1.37,2.147,2.566,23.64,22.79,3.045,17.25,3.522,1.539,3.267,1.288,1.842,19.87,1.705,1.692,7.01,.533,.933,2.693,.616,1.129
101,2017,293,1700,11.9,.986,.464,.499,2.006,1.496,.879,.891,-47.86,-6.445,.911,6.751,1.052,1.368,2.144,21.57,20.09,1.871,11.8,2.598,1.415,2.296,.993,1.532,15.86,1.4,1.052,5.133,.39,.608,2.182,.539,.832
101,2017,293,1710,11.9,.807,.435,.409,1.666,1.162,.702,.657,-52.01,-6.681,.692,5.996,.891,1.007,1.69,36.99,21.85,1.603,8.92,2.338,1.167,2.115,.986,1.489,12.3,1.179,.796,3.435,.298,.459,1.397,.41,.538
101,2017,293,1720,11.9,.77,.419,.365,1.608,1.087,.657,.578,-50.43,-6.936,.62,5.787,.814,.93,1.454,41.67,13,1.469,7.84,2.018,1.265,2.097,.851,1.194,10.69,1.05,.705,2.956,.27,.422,1.221,.394,.446
101,2017,293,1730,11.89,.695,.387,.317,1.464,.95,.576,.477,-40.7,-7.26,.523,4.76,.608,.802,1.218,22.05,10.9,1.293,6.778,1.839,1.166,1.909,.72,.986,9.17,.911,.61,2.46,.226,.363,1.038,.337,.404
101,2017,293,1740,11.89,.618,.343,.275,1.288,.832,.502,.429,-42.44,-7.56,.449,3.743,.502,.7,1.032,9.89,9.35,1.146,5.949,1.564,.692,1.613,.595,.806,7.96,.789,.539,2.112,.199,.317,.889,.286,.347
101,2017,293,1750,11.89,.534,.291,.233,1.099,.708,.434,.372,-44.36,-8.02,.402,3.149,.429,.593,.827,8.07,7.79,.983,5.021,1.288,.524,1.362,.476,.648,6.716,.66,.456,1.759,.161,.263,.737,.241,.288
101,2017,293,1800,11.89,.442,.243,.193,.899,.575,.37,.3,-48.24,-8.52,.328,2.504,.362,.481,.643,6.37,6.243,.792,4.015,1.035,.424,1.1,.404,.509,5.456,.533,.399,1.402,.134,.216,.591,.201,.226
101,2017,293,1810,11.89,.348,.176,.137,.662,.43,.271,.216,-49.38,-8.98,.236,1.764,.253,.375,.446,4.409,4.36,.57,2.851,.737,.303,.792,.291,.384,3.844,.397,.285,.968,.09,.156,.425,.144,.161
101,2017,293,1820,11.89,.206,.104,.077,.39,.251,.152,.117,-51.5,-9.48,.132,.997,.147,.211,.25,2.348,2.34,.355,1.61,.432,.164,.452,.164,.213,2.074,.223,.161,.516,.055,.084,.24,.077,.085
101,2017,293,1830,11.89,.087,.045,.034,.168,.106,.062,.049,-56.4,-10.27,.054,.399,.059,.087,.101,.893,.898,.147,.635,.188,.06,.189,.067,.084,.802,.092,.064,.214,.017,.042,.097,.032,.037
101,2017,293,1840,11.89,.015,.002,0,.037,.022,.008,.005,-70.3,-11.99,.008,.092,.005,.017,.017,.219,.219,.034,.144,.042,.008,.04,.01,.017,.203,.018,.01,.054,0,0,.015,0,0
101,2017,293,1850,11.89,0,0,0,0,0,0,0,-84,-13.77,0,.005,0,0,0,.022,.02,0,.01,0,0,0,0,0,.02,0,0,0,0,0,0,0,0
101,2017,293,1900,11.89,0,0,0,0,0,0,0,-91.7,-15.13,0,0,0,0,0,0,0,0,0,0,0,0,0,0,0,0,0,0,0,0,0,0,0
101,2017,293,1910,11.88,0,0,0,0,0,0,0,-108.5,-18.83,0,0,0,0,0,0,0,0,0,0,0,0,0,0,0,0,0,0,0,0,0,0,0
101,2017,293,1920,11.88,0,0,0,0,0,0,0,-138.6,-25.5,0,0,0,0,0,0,0,0,0,0,0,0,0,0,0,0,0,0,0,0,0,0,0
101,2017,293,1930,11.88,0,0,0,0,0,0,0,-176.4,-34.9,0,0,0,0,0,0,0,0,0,0,0,0,0,0,0,0,0,0,0,0,0,0,0
101,2017,293,1940,11.88,0,0,0,0,0,0,0,-201.5,-43.55,0,0,0,0,0,0,0,0,0,0,0,0,0,0,0,0,0,0,0,0,0,0,0
101,2017,293,1950,11.88,0,0,0,0,0,0,0,-213.5,-50.74,0,0,0,0,0,0,0,0,0,0,0,0,0,0,0,0,0,0,0,0,0,0,0
101,2017,293,2000,11.88,0,0,0,0,0,0,0,-235.3,-58.49,0,0,0,0,0,0,0,0,0,0,0,0,0,0,0,0,0,0,0,0,0,0,0
101,2017,293,2010,11.88,0,0,0,0,0,0,0,-239.7,-56.1,0,0,0,0,0,0,0,0,0,0,0,0,0,0,0,0,0,0,0,0,0,0,0
101,2017,293,2020,11.88,0,0,0,0,0,0,0,-239.7,-56.8,0,0,0,0,0,0,0,0,0,0,0,0,0,0,0,0,0,0,0,0,0,0,0
101,2017,293,2030,11.88,0,0,0,0,0,0,0,-243.3,-58.58,0,0,0,0,0,0,0,0,0,0,0,0,0,0,0,0,0,0,0,0,0,0,0
101,2017,293,2040,11.88,0,0,0,0,0,0,0,-6999,-64.82,0,0,0,0,0,0,0,0,0,0,0,0,0,0,0,0,0,0,0,0,0,0,0
101,2017,293,2050,11.88,0,0,0,0,0,0,0,-6999,-70.3,0,0,0,0,0,0,0,0,0,0,0,0,0,0,0,0,0,0,0,0,0,0,0
101,2017,293,2100,11.88,0,0,0,0,0,0,0,-6999,-74.6,0,0,0,0,0,0,0,0,0,0,0,0,0,0,0,0,0,0,0,0,0,0,0
101,2017,293,2110,11.88,0,0,0,0,0,0,0,-6999,-78.1,0,0,0,0,0,0,0,0,0,0,0,0,0,0,0,0,0,0,0,0,0,0,0
101,2017,293,2120,11.88,0,0,0,0,0,0,0,-6999,-71.4,0,0,0,0,0,0,0,0,0,0,0,0,0,0,0,0,0,0,0,0,0,0,0
101,2017,293,2130,11.88,0,0,0,0,0,0,0,-6999,-71,0,0,0,0,0,0,0,0,0,0,0,0,0,0,0,0,0,0,0,0,0,0,0
101,2017,293,2140,11.87,0,0,0,0,0,0,0,-6999,-69.74,0,0,0,0,0,0,0,0,0,0,0,0,0,0,0,0,0,0,0,0,0,0,0
101,2017,293,2150,11.87,0,0,0,0,0,0,0,-6999,-72.7,0,0,0,0,0,0,0,0,0,0,0,0,0,0,0,0,0,0,0,0,0,0,0
101,2017,293,2200,11.87,0,0,0,0,0,0,0,-6999,-75,0,0,0,0,0,0,0,0,0,0,0,0,0,0,0,0,0,0,0,0,0,0,0
101,2017,293,2210,11.87,0,0,0,0,0,0,0,-6999,-76.2,0,0,0,0,0,0,0,0,0,0,0,0,0,0,0,0,0,0,0,0,0,0,0
101,2017,293,2220,11.87,0,0,0,0,0,0,0,-6999,-70.3,0,0,0,0,0,0,0,0,0,0,0,0,0,0,0,0,0,0,0,0,0,0,0
101,2017,293,2230,11.87,0,0,0,0,0,0,0,-6999,-56.09,0,0,0,0,0,0,0,0,0,0,0,0,0,0,0,0,0,0,0,0,0,0,0
101,2017,293,2240,11.87,0,0,0,0,0,0,0,-220.6,-50.75,0,0,0,0,0,0,0,0,0,0,0,0,0,0,0,0,0,0,0,0,0,0,0
101,2017,293,2250,11.87,0,0,0,0,0,0,0,-212.7,-49.36,0,0,0,0,0,0,0,0,0,0,0,0,0,0,0,0,0,0,0,0,0,0,0
101,2017,293,2300,11.87,0,0,0,0,0,0,0,-221.2,-51.33,0,0,0,0,0,0,0,0,0,0,0,0,0,0,0,0,0,0,0,0,0,0,0
101,2017,293,2310,11.87,0,0,0,0,0,0,0,-249.5,-56.57,0,0,0,0,0,0,0,0,0,0,0,0,0,0,0,0,0,0,0,0,0,0,0
101,2017,293,2320,11.87,0,0,0,0,0,0,0,-237.4,-53.26,0,0,0,0,0,0,0,0,0,0,0,0,0,0,0,0,0,0,0,0,0,0,0
101,2017,293,2330,11.87,0,0,0,0,0,0,0,-237.5,-53.64,0,0,0,0,0,0,0,0,0,0,0,0,0,0,0,0,0,0,0,0,0,0,0
101,2017,293,2340,11.87,0,0,0,0,0,0,0,-241.1,-55.24,0,0,0,0,0,0,0,0,0,0,0,0,0,0,0,0,0,0,0,0,0,0,0
101,2017,293,2350,11.87,0,0,0,0,0,0,0,-215.2,-48.68,0,0,0,0,0,0,0,0,0,0,0,0,0,0,0,0,0,0,0,0,0,0,0
101,2017,293,2400,11.87,0,0,0,0,0,0,0,-212.1,-47.45,0,0,0,0,0,0,0,0,0,0,0,0,0,0,0,0,0,0,0,0,0,0,0
101,2017,294,10,11.87,0,0,0,0,0,0,0,-190.4,-41.91,0,0,0,0,0,0,0,0,0,0,0,0,0,0,0,0,0,0,0,0,0,0,0
101,2017,294,20,11.87,0,0,0,0,0,0,0,-191.1,-41.74,0,0,0,0,0,0,0,0,0,0,0,0,0,0,0,0,0,0,0,0,0,0,0
101,2017,294,30,11.87,0,0,0,0,0,0,0,-208.5,-45.49,0,0,0,0,0,0,0,0,0,0,0,0,0,0,0,0,0,0,0,0,0,0,0
101,2017,294,40,11.87,0,0,0,0,0,0,0,-205.2,-45.05,0,0,0,0,0,0,0,0,0,0,0,0,0,0,0,0,0,0,0,0,0,0,0
101,2017,294,50,11.87,0,0,0,0,0,0,0,-157.1,-36.11,0,0,0,0,0,0,0,0,0,0,0,0,0,0,0,0,0,0,0,0,0,0,0
101,2017,294,100,11.87,0,0,0,0,0,0,0,-144,-33.94,0,0,0,0,0,0,0,0,0,0,0,0,0,0,0,0,0,0,0,0,0,0,0
101,2017,294,110,11.87,0,0,0,0,0,0,0,-172.8,-37.81,0,0,0,0,0,0,0,0,0,0,0,0,0,0,0,0,0,0,0,0,0,0,0
101,2017,294,120,11.87,0,0,0,0,0,0,0,-184,-39.51,0,0,0,0,0,0,0,0,0,0,0,0,0,0,0,0,0,0,0,0,0,0,0
101,2017,294,130,11.87,0,0,0,0,0,0,0,-189.1,-40.5,0,0,0,0,0,0,0,0,0,0,0,0,0,0,0,0,0,0,0,0,0,0,0
101,2017,294,140,11.87,0,0,0,0,0,0,0,-217.2,-45.86,0,0,0,0,0,0,0,0,0,0,0,0,0,0,0,0,0,0,0,0,0,0,0
101,2017,294,150,11.87,0,0,0,0,0,0,0,-225.8,-48.5,0,0,0,0,0,0,0,0,0,0,0,0,0,0,0,0,0,0,0,0,0,0,0
101,2017,294,200,11.87,0,0,0,0,0,0,0,-236.3,-51.15,0,0,0,0,0,0,0,0,0,0,0,0,0,0,0,0,0,0,0,0,0,0,0
101,2017,294,210,11.87,0,0,0,0,0,0,0,-225.2,-49.21,0,0,0,0,0,0,0,0,0,0,0,0,0,0,0,0,0,0,0,0,0,0,0
101,2017,294,220,11.87,0,0,0,0,0,0,0,-194.5,-42.29,0,0,0,0,0,0,0,0,0,0,0,0,0,0,0,0,0,0,0,0,0,0,0
101,2017,294,230,11.87,0,0,0,0,0,0,0,-154.8,-35.3,0,0,0,0,0,0,0,0,0,0,0,0,0,0,0,0,0,0,0,0,0,0,0
101,2017,294,240,11.87,0,0,0,0,0,0,0,-143.5,-33.05,0,0,0,0,0,0,0,0,0,0,0,0,0,0,0,0,0,0,0,0,0,0,0
101,2017,294,250,11.87,0,0,0,0,0,0,0,-75.7,-24.46,0,0,0,0,0,0,0,0,0,0,0,0,0,0,0,0,0,0,0,0,0,0,0
101,2017,294,300,11.87,0,0,0,0,0,0,0,-68.71,-23.3,0,0,0,0,0,0,0,0,0,0,0,0,0,0,0,0,0,0,0,0,0,0,0
101,2017,294,310,11.87,0,0,0,0,0,0,0,-93.3,-25.41,0,0,0,0,0,0,0,0,0,0,0,0,0,0,0,0,0,0,0,0,0,0,0
101,2017,294,320,11.87,0,0,0,0,0,0,0,-122.2,-27.95,0,0,0,0,0,0,0,0,0,0,0,0,0,0,0,0,0,0,0,0,0,0,0
101,2017,294,330,11.87,0,0,0,0,0,0,0,-173.6,-33.49,0,0,0,0,0,0,0,0,0,0,0,0,0,0,0,0,0,0,0,0,0,0,0
101,2017,294,340,11.87,0,0,0,0,0,0,0,-173,-34.1,0,0,0,0,0,0,0,0,0,0,0,0,0,0,0,0,0,0,0,0,0,0,0
101,2017,294,350,11.86,0,0,0,0,0,0,0,-153.4,-31.79,0,0,0,0,0,0,0,0,0,0,0,0,0,0,0,0,0,0,0,0,0,0,0
101,2017,294,400,11.86,0,0,0,0,0,0,0,-138.9,-29.69,0,0,0,0,0,0,0,0,0,0,0,0,0,0,0,0,0,0,0,0,0,0,0
101,2017,294,410,11.86,0,0,0,0,0,0,0,-139.6,-29.05,0,0,0,0,0,0,0,0,0,0,0,0,0,0,0,0,0,0,0,0,0,0,0
101,2017,294,420,11.86,0,0,0,0,0,0,0,-89.5,-23.6,0,0,0,0,0,0,0,0,0,0,0,0,0,0,0,0,0,0,0,0,0,0,0
101,2017,294,430,11.86,0,0,0,0,0,0,0,-72.9,-22.04,0,0,0,0,0,0,0,0,0,0,0,0,0,0,0,0,0,0,0,0,0,0,0
101,2017,294,440,11.86,0,0,0,0,0,0,0,-58.15,-20.68,0,0,0,0,0,0,0,0,0,0,0,0,0,0,0,0,0,0,0,0,0,0,0
101,2017,294,450,11.86,0,0,0,0,0,0,0,-60.83,-20.34,0,0,0,0,0,0,0,0,0,0,0,0,0,0,0,0,0,0,0,0,0,0,0
101,2017,294,500,11.86,0,0,0,0,0,0,0,-62.74,-20.41,0,0,0,0,0,0,0,0,0,0,0,0,0,0,0,0,0,0,0,0,0,0,0
101,2017,294,510,11.86,0,0,0,0,0,0,0,-67.76,-20.51,0,0,0,0,0,0,0,0,0,0,0,0,0,0,0,0,0,0,0,0,0,0,0
101,2017,294,520,11.86,0,0,0,0,0,0,0,-92.8,-22.26,0,0,0,0,0,0,0,0,0,0,0,0,0,0,0,0,0,0,0,0,0,0,0
101,2017,294,530,11.86,0,0,0,0,0,0,0,-114.2,-24.26,0,.002,0,0,0,.008,.01,0,.008,0,0,0,0,0,.008,0,0,0,0,0,0,0,0
101,2017,294,540,11.86,.018,.003,0,.032,.015,.007,.003,-120.3,-24.78,.007,.065,.007,.02,.01,.101,.112,.032,.104,.034,.005,.039,.013,.013,.092,.008,.012,.023,0,.002,.008,0,.002
101,2017,294,550,11.86,.077,.042,.03,.142,.075,.05,.037,-111.1,-23.83,.042,.313,.044,.08,.057,.55,.592,.139,.518,.144,.044,.174,.057,.057,.504,.055,.05,.127,.023,.034,.055,.025,.027
101,2017,294,600,11.86,.215,.106,.069,.379,.199,.141,.085,-95.9,-22.4,.102,.826,.117,.215,.156,1.539,1.647,.367,1.418,.374,.109,.442,.147,.156,1.401,.144,.142,.339,.042,.079,.151,.05,.055
101,2017,294,610,11.86,.382,.198,.116,.677,.364,.25,.149,-89.4,-21.54,.178,1.544,.208,.387,.285,3.384,3.012,.702,2.603,.65,.201,.799,.27,.282,2.526,.26,.255,.556,.084,.134,.265,.092,.109
101,2017,294,620,11.86,.515,.282,.169,.977,.483,.359,.22,-81.3,-21.01,.277,2.221,.3,.521,.412,5.444,4.518,1.178,3.726,.945,.288,1.156,.396,.409,3.585,.38,.369,.808,.116,.191,.375,.129,.154
101,2017,294,630,11.86,.672,.359,.216,1.26,.615,.446,.278,-66.97,-19.91,.364,2.879,.372,.682,.498,6.645,5.514,1.931,5.366,1.218,.372,1.507,.511,.518,4.505,.454,.456,1.027,.158,.245,.447,.168,.194
101,2017,294,640,11.86,.82,.427,.266,1.527,.746,.543,.325,-61.4,-19.23,.436,13.52,.469,.848,.59,8.94,6.409,7.59,22.9,1.545,.431,2.048,.711,.645,5.32,.54,.553,1.225,.186,.298,.525,.204,.241
101,2017,294,650,11.86,.942,.458,.32,1.755,.875,.667,.391,-58.8,-19.03,.504,23.92,.717,1.031,.734,10.14,7.15,14.69,35.61,9.01,.488,3.277,.741,.737,6.168,.649,.687,1.398,.223,.35,.605,.248,.3
101,2017,294,700,11.86,1.071,.523,.402,2.055,1.063,.865,.478,-54.76,-19.2,.63,30.81,1.042,1.344,.887,10.32,7.85,20.27,42.73,20.8,.565,7.64,2.242,1.23,6.402,.758,.89,1.535,.26,.406,.689,.337,.334
101,2017,294,710,11.86,1.215,.597,.466,2.325,1.27,1.076,1.202,-53.01,-19.01,.776,37.11,1.213,1.805,.991,10.34,8.54,25.37,49.26,5.326,.634,6.255,16.76,1.919,6.895,2.501,1.963,1.658,.305,.442,.783,.947,.384
101,2017,294,720,11.86,1.361,.662,.57,3.932,1.508,1.371,6.952,-52.22,-17.63,.932,40.06,1.274,2.596,1.076,10.7,9.11,31.06,56.1,4.423,.687,4.542,15.9,4.245,7.28,.821,2.388,1.773,.34,.484,.861,1.019,.426
101,2017,294,730,11.87,1.53,.739,.706,2.916,1.792,3.173,7.84,-59.47,-18.27,1.215,38.82,1.337,2.807,1.166,11.23,11.44,36.97,62.27,3.025,.761,4.755,4.797,5.946,7.66,.875,23.67,1.877,.374,.541,.872,.434,.444
101,2017,294,740,11.87,1.776,.866,.9,3.804,2.276,13.33,1.29,-41.68,-20.17,10.38,29.29,1.331,2.8,1.255,12.99,10.62,43.01,68.28,14.17,.784,5.282,2.219,3.717,8.08,.972,3.767,1.976,.414,.603,.917,.436,.479
101,2017,294,750,11.87,2.666,1.059,1.036,23.28,2.664,18.35,.767,-15.39,-20.01,23.5,35.09,1.444,25.98,1.325,16.52,14.56,48.4,73.5,40.04,.836,8.24,2.232,1.895,8.53,1.036,1.649,2.074,.436,.66,.969,.454,.529
101,2017,294,800,11.87,19.56,1.86,1.052,43.29,2.709,17.67,.811,-27.58,-19.58,6.977,44.68,1.649,20.42,1.411,20.19,33.65,42.2,64.86,50.5,.896,19.67,2.57,2.247,9.79,1.158,2.058,2.401,.474,.752,1.126,.528,.635
101,2017,294,810,11.87,41.87,2.418,1.794,63.74,4.133,24.45,1.283,-4.098,-18.09,2.793,46.34,2.637,33.6,2.297,32.78,49.66,56.32,86.3,65.93,1.58,38.96,3.523,3.467,16.57,1.846,2.816,3.87,.637,1.148,1.754,.839,1.317
101,2017,294,820,11.87,30.9,3.522,1.95,39.96,4.795,15.59,1.667,-15.87,-18.03,3.063,41.77,2.265,29.6,2.615,35.7,47.04,36.56,65.9,33.99,1.732,27.95,3.497,3.775,22.44,2.302,7.59,6.335,.888,1.846,2.424,.866,1.446
101,2017,294,830,11.87,59.99,5.817,1.813,66.71,3.828,9.41,1.141,-13.7,-17.14,2.508,63.1,1.93,58.11,2.123,38.14,57.04,62.55,90.1,23.43,1.334,40.23,4.673,14.05,13.91,1.838,3.034,3.743,.632,1.422,1.478,.903,2.595
101,2017,294,840,11.87,53.44,3.895,1.391,57.93,3.341,20.66,1.134,-7.14,-17.22,4.415,54.56,1.484,53.99,2.072,34.67,52.02,57.6,78.9,28,.978,20,2.354,2.903,10.83,6.001,28.86,2.399,.509,.901,1.169,.679,.781
101,2017,294,850,11.87,74.1,5.71,1.824,74.9,4.135,47.92,2.228,9.35,-16.21,2.411,70.9,1.741,75,16.54,47.76,70.6,79.1,104.6,69.58,1.148,9.55,2.764,3.423,12.52,4.302,5.562,2.612,.66,1.173,1.36,1.226,.834
101,2017,294,900,11.87,80.3,3.351,1.764,73.7,3.86,36.68,1.325,3.855,-16.09,2.215,58.95,3.175,80,2.69,53.46,76.4,82.5,107.9,13.76,1.236,7.08,2.747,9.91,17.32,1.456,7.5,2.714,.764,1.516,1.504,.774,.814
101,2017,294,910,11.88,84,3.151,1.851,69.95,3.799,57.5,1.818,22.18,-15.8,2.173,59.79,2.543,69.26,6.483,57.56,79,85.3,109.9,54.72,1.308,6.694,2.633,24,12.29,1.506,26.2,2.819,.73,1.432,1.508,.784,.833
101,2017,294,920,11.88,85.9,3.127,11.63,65.25,3.603,10.31,2.64,-12.61,-15.29,7.67,59.18,12.49,20.46,2.238,61.23,81.5,86.7,111.3,15.92,1.308,6.39,30,2.474,24.21,1.509,3.394,2.814,.665,1.278,1.439,.829,.883
101,2017,294,930,11.88,91.5,3.718,70.4,61.62,3.97,4.748,1.342,-15.69,-13.54,22.67,49.24,1.846,4.613,3.234,67.62,87.4,91.7,117.2,6.301,1.4,6.626,23.78,2.859,31.42,1.566,64.7,2.906,.7,1.275,1.509,8.39,1.221
101,2017,294,940,11.88,92.5,30.5,71.6,52.72,3.534,3.316,1.278,-18.94,-13.36,44.7,27.82,1.842,24.89,2.089,71.6,89,91.9,116.9,5.77,1.494,6.311,4.043,8.73,62.23,1.548,81.4,2.998,.647,3.571,2.213,3.82,1.174
101,2017,294,950,11.88,98.6,3.266,2.455,46.62,3.32,5.463,1.176,-24.73,-15.19,56.92,15.53,1.878,22.44,5.388,78.2,94,96.4,120.6,5.162,1.65,6.008,2.157,24.87,67.29,1.556,8.81,3.052,.64,14.53,4.417,6.989,1.069
101,2017,294,1000,11.88,86.9,3.318,1.961,39.99,11.29,4.124,1.198,-26.11,-15.19,14.33,14.47,1.943,2.797,2.171,83.5,97.8,98.6,123.1,57.91,1.74,5.927,2.172,23.62,70.8,1.588,4.654,3.137,.648,1.358,1.61,.884,1.375
101,2017,294,1010,11.88,52.76,55.31,2.084,34.27,6.011,2.194,1.283,-29.2,-16.14,2.633,14.38,2.017,2.712,2.635,88.1,101.1,67.83,125.3,41.1,1.859,5.961,2.104,2.346,74,1.651,7.4,3.315,.636,5.204,1.683,.966,1.105
101,2017,294,1020,11.88,24.81,99.1,59.91,28.91,2.99,2.244,15.21,-36.36,-13.29,3.646,16.79,2.142,2.77,8.77,92.4,104.1,14.57,127.2,9.63,1.955,6.132,2.727,2.36,77.1,1.806,2.372,3.552,.636,30.45,1.722,2.038,1.127
101,2017,294,1030,11.89,7.14,70,98.2,24.89,2.919,2.563,32.24,-40.71,-10.08,4.773,42.11,2.241,2.8,2.497,96.2,106.5,6.641,128.6,5.701,1.941,6.1,2.127,2.402,79.6,1.918,2.566,3.725,.668,1.332,1.782,1.705,1.174
101,2017,294,1040,11.89,5.857,4.84,42.3,20.92,2.829,2.179,5.115,-43.94,-14.73,2.097,63.51,2.254,2.735,2.429,100.5,109.9,6.033,130.8,5.556,1.876,6.003,2.112,2.452,83,1.95,5.413,3.809,.657,1.246,1.878,1.708,1.224
101,2017,294,1050,11.89,5.488,2.864,32.58,17.71,2.703,2.104,2.082,-43.07,-14.9,2.047,80.1,2.298,2.645,2.455,103.7,112.2,5.601,131.6,5.688,1.866,5.787,4.609,2.469,85.4,1.946,7.18,3.912,.667,1.316,1.827,2.638,1.337
101,2017,294,1100,11.89,5.624,2.944,2.222,15.31,2.691,2.219,16.82,-42.49,-13.39,2.191,92.5,9.73,2.743,2.598,106.6,114.3,5.877,132.3,6.197,1.964,5.855,3.068,2.844,87.6,2.083,4.656,4.272,.69,1.313,2.043,1.633,1.566
101,2017,294,1110,11.89,5.099,2.718,2.025,12.92,2.574,2.609,15.74,-39.92,-12.87,2.061,97.7,8.37,2.679,2.556,109.5,116.4,5.394,133,5.516,2.013,5.69,2.115,4.656,89.9,2.117,2.594,11.08,.703,1.276,2.015,2.199,1.551
101,2017,294,1120,11.89,4.9,2.664,2.338,12.3,2.515,12.49,49.66,-28.52,-7.29,3.033,99.3,6.429,4.058,2.648,112.1,118.4,5.168,133.6,31.32,2.179,5.513,16.56,21.91,91.7,2.13,2.54,26.33,.703,1.278,2.12,7.23,1.626
101,2017,294,1130,11.89,4.806,2.746,1.832,12.52,2.565,11.54,50.5,-31.75,-6.084,9.54,100.3,10.47,2.741,2.701,114.4,119.8,5.084,133.7,7.78,11.43,5.488,2.542,64.29,93.3,2.159,3.011,4.938,.703,1.305,2.735,1.154,1.417
101,2017,294,1140,11.89,4.3,15.77,1.673,12.13,3.242,2.065,24.29,-39.15,-8.96,2.1,96.6,2.333,2.654,2.709,116.9,121.6,4.94,133.7,5.749,22.67,5.568,2.706,3.44,95.1,2.174,2.597,5.158,.703,1.283,4.039,10.25,1.351
101,2017,294,1150,11.89,4.198,3.692,1.599,24.14,2.41,2.083,2.592,-36.18,-12.06,2.003,89.1,2.467,2.646,2.746,119.3,123,4.744,133.6,6.8,3.034,7.61,1.968,3.485,96.7,2.202,2.88,5.997,.72,2.636,27.49,5.468,1.495
101,2017,294,1200,11.89,4.275,2.314,1.505,9.19,2.38,2.108,1.515,-36.67,-11.79,2.01,101.5,2.448,2.684,2.8,121.4,124.2,4.754,133.1,45.13,9.26,17.09,1.981,100.5,98,2.254,2.813,49.98,.77,1.618,46.56,31.49,1.552
101,2017,294,1210,11.89,3.79,2.154,1.392,4.885,2.381,2.1,1.482,-38.02,-11.35,1.825,103.5,2.557,2.743,2.877,123.4,125.3,4.583,132.6,120.2,2.09,13.75,2.018,15.16,99.2,2.244,3.284,101.5,.79,1.366,12.22,9.42,1.631
101,2017,294,1220,11.89,3.602,2.087,1.361,4.687,2.437,2.071,1.519,-39.55,-11.02,2.194,102.4,2.679,2.736,2.974,124.8,125.8,4.371,131.1,101.5,2.076,5.647,2.864,2.926,100.1,2.261,3.731,103,.846,1.979,3.553,1.288,1.505
101,2017,294,1230,11.89,3.404,1.929,1.306,4.448,4.014,2.043,1.494,-38.52,-10.52,3.82,92.1,2.793,2.761,7.92,126.3,126.4,4.232,130,117.3,2.117,4.9,13.01,2.925,101,2.308,3.934,104.2,.901,2.594,3.706,1.172,2.135
101,2017,294,1240,11.9,3.88,1.85,1.348,4.422,2.688,2.073,1.44,-37.65,-9.99,1.963,60.79,2.957,4.31,9.39,127.5,126.8,4.185,128.7,115.2,2.169,4.808,3.691,2.939,101.6,2.336,8.19,104.7,.963,1.51,3.481,1.16,1.87
101,2017,294,1250,11.89,24.07,1.825,1.45,4.513,2.393,2.187,1.477,-38.86,-9.08,2.112,47.37,3.248,9.69,20.31,128.6,127,4.329,127.4,105.9,2.306,4.812,2.14,3.294,102.4,2.411,4.307,104.5,1.031,1.567,3.409,1.159,1.845
101,2017,294,1300,11.9,13.64,1.867,1.79,4.796,2.522,2.379,1.579,-37.81,-8.73,9.22,48.28,3.592,3.24,4.025,129.6,127.1,4.568,125.9,45.19,2.776,4.968,2.282,7.62,102.8,2.48,10.73,104.2,1.105,1.782,3.654,1.207,8.47
101,2017,294,1310,11.9,19.79,1.875,1.648,5.104,2.728,8.3,1.658,-34.6,-8.03,67.68,62.77,3.835,3.741,12.61,128.9,125.8,4.881,123.1,6.916,2.557,5.161,2.311,3.351,102.3,2.498,48.55,102.2,1.221,2.06,3.689,1.388,3.037
101,2017,294,1320,11.9,2.788,1.564,1.512,4.325,17.62,4.154,1.606,-34.75,-7.52,27.37,79.7,3.885,3.453,18.8,130.3,126.4,4.258,122,6.572,2.703,4.744,2.189,3.317,103.1,2.405,72.8,103.8,1.179,1.912,3.791,1.323,15.83
101,2017,294,1330,11.9,2.845,1.552,9.97,4.61,12.79,6.122,1.644,-31.83,-6.882,12.27,89.4,4.109,3.655,54.44,131.9,127.2,4.56,121.6,7.11,3.319,8.21,2.145,3.292,104,2.5,40.64,104.2,1.196,2.083,4.225,1.341,20.63
101,2017,294,1340,11.9,2.947,3.705,30.37,5.43,11.13,3.734,1.833,-34.47,-5.847,5.552,81.9,4.457,4.129,91.3,131.3,126.4,5.13,119.9,12.85,3.039,60.77,2.167,3.592,103.3,2.515,5.125,102.4,1.678,2.061,4.615,1.415,3.146
101,2017,294,1350,11.9,3.273,1.844,35.31,11.91,10.65,3.165,23.68,-35.24,1.368,2.574,66.96,5.042,5.244,92.4,133.5,127.8,5.335,119.3,25.15,3.168,63.84,3.471,16.78,104.9,2.863,5.259,101.7,1.495,2.51,5.423,1.643,32.48
101,2017,294,1400,11.9,4.933,2.317,9.23,8.78,9.92,4.164,6.883,-34.05,-4.059,6.912,43.86,5.408,8.31,62.27,107.3,103.1,7.2,96.7,10.39,3.68,15.93,14.53,18.18,85.2,3.262,5.859,73.9,1.42,2.982,6.194,2.182,8.89
101,2017,294,1410,11.9,3.31,1.621,3.538,7.06,4.213,3.469,3.252,-33.5,-5.035,3.151,31.54,4.556,16.04,43.57,84.1,80.6,5.467,73.3,7.68,3.734,5.812,4.911,5.335,68.61,2.934,4.571,55.21,1.371,2.962,5.849,2.83,18.94
101,2017,294,1420,11.9,2.833,1.492,1.823,12.61,3.598,2.947,51.17,-37.07,12.63,2.624,34.91,5.445,61.08,18.48,122,114.4,5.01,101.1,8.11,4.422,5.117,2.6,5.743,95.9,3.004,4.454,87.4,1.303,2.602,6.229,2.212,28.82
101,2017,294,1430,11.9,4.68,2.004,2.244,8.14,4.863,3.476,56.13,-36.95,13.97,3.183,31.36,5.556,48.88,14.62,102.9,98.4,7.1,86.8,9.19,3.401,6.492,3.165,9.34,83,3.312,4.558,67.74,1.572,2.82,7.58,2.321,12.01
101,2017,294,1440,11.9,5.663,2.43,2.445,9.29,5.261,3.982,6.574,-33.56,-2.888,3.515,25.16,7.96,17.62,8.7,82.5,80.7,7.67,70.3,9.71,3.582,7.47,3.039,18.67,69.4,3.622,6.303,47.51,1.912,3.051,12.2,3.257,12.69
101,2017,294,1450,11.9,5.496,2.341,2.123,9.46,5.318,3.627,3.505,-32.57,-3.32,3.528,20.25,7.3,8.18,8.72,69.99,68.8,7.41,56.17,8.32,4.181,8.2,2.949,7.59,61.15,4.027,6.485,33.04,1.743,2.656,14.7,3.017,10.14
101,2017,294,1500,11.9,3.141,1.425,1.172,5.976,3.597,2.006,1.934,-29.7,-3.513,2.001,11.32,2.19,3.086,3.893,32.4,32.7,4.645,24.49,5.234,2.624,6.102,2.039,2.832,30.73,2.671,2.609,8.63,.861,1.435,3.915,.97,1.765
101,2017,294,1510,11.9,3.131,1.48,1.047,5.687,3.309,2.12,1.47,-23.7,-2.669,1.755,11.02,2.39,2.662,3.093,28.28,27.79,4.484,23.01,6.144,2.331,5.551,1.723,2.626,25.71,2.539,2.631,6.773,.645,1.189,3.091,.844,1.306
101,2017,294,1520,11.9,3.651,1.926,1.522,6.983,3.895,2.706,5.282,-26.69,-.241,5.039,18.56,4.538,3.609,7.21,65.7,61.14,5.75,50.99,7.78,29.11,5.672,2.473,4.356,54.07,3.279,3.522,20.99,1.119,1.753,20.81,1.611,3.309
101,2017,294,1530,11.9,2.746,1.802,1.509,4.996,3.415,2.671,12.3,-40,2.509,2.619,22.11,5.145,3.508,6.32,115.1,104.3,4.414,79.4,7.56,38.85,4.952,4.572,4.563,91.5,3.646,3.684,16.79,8.46,2.06,47.06,2.179,3.878
101,2017,294,1540,11.9,2.79,1.554,1.469,4.723,2.834,2.358,2.651,-37.1,-4.497,2.392,17.65,4.497,3.299,6.059,102.6,92.4,4.452,70.3,7.17,4.678,4.235,2.248,3.916,81.8,3.018,3.385,12.89,7.17,1.978,38.52,1.879,3.614
101,2017,294,1550,11.9,1.941,1.199,1.107,3.716,2.467,1.897,3.951,-35.56,-6.761,2.108,13.39,3.457,2.268,4.478,71.7,63.42,3.586,48.09,10.01,3.884,3.73,2.437,3.838,56.98,2.656,2.596,9.29,.899,1.388,22.74,1.501,2.418
101,2017,294,1600,11.9,1.502,.846,.978,3.244,3.443,1.7,18.45,-34.09,-2.445,2.73,14.85,3.162,2.252,5.659,90.2,79.8,3.411,55.05,22.74,4.029,3.52,1.762,2.998,71.6,2.576,2.175,8.59,.827,1.425,7.2,1.532,2.269
101,2017,294,1610,11.9,1.849,1.047,3.115,4.14,4.957,1.912,2.204,-32.06,-6.014,8.89,15.01,2.979,2.663,4.468,94.8,85.6,4.264,55.06,30.33,18.89,4.458,2.025,3.054,76.2,2.849,2.425,7.15,.854,1.425,4.212,1.408,2.117
101,2017,294,1620,11.9,2.542,1.392,1.338,5.181,3.805,2.284,2.709,-28.7,-4.309,9.74,16.97,3.461,3.433,4.811,104.7,94.5,5.732,58.48,29.91,18.38,5.275,2.314,3.714,82.5,3.485,3.033,10.53,1.047,1.804,4.763,1.405,2.75
101,2017,294,1630,11.9,2.761,1.589,1.248,5.092,3.329,2.103,2.205,-28.96,-4.064,2.659,14.31,2.875,2.738,3.718,87.8,80.8,13.84,48.78,26.81,50.02,5.052,2.365,3.426,69.41,3.25,3.006,9.43,.923,1.549,4.161,1.159,1.969
101,2017,294,1640,11.9,1.772,1.119,1.028,3.54,2.77,1.64,1.646,-29.12,-4.252,1.851,11.38,2.263,2.361,3.597,60.6,58.23,3.746,33.22,17.27,19.85,4.165,1.849,2.659,49.37,2.594,2.102,7.07,.73,1.174,3.272,.966,1.685
101,2017,294,1650,11.89,1.99,1.03,.857,3.499,2.559,1.584,1.372,-30.46,-4.37,1.46,9.69,1.903,2.058,3.045,30.86,28.31,3.222,18.79,4.812,2.072,3.849,1.467,2.422,25.5,2.206,1.944,6.49,.568,.97,2.814,.847,1.234
101,2017,294,1700,11.89,1.352,.683,.69,2.742,2.176,1.363,1.258,-35.44,-4.46,1.28,8.23,1.677,1.913,2.909,29.87,25.69,2.554,15.89,3.4,1.824,3.438,2.3,2.199,20.29,1.844,1.477,6.086,.516,.904,2.32,.698,1.201
101,2017,294,1710,11.89,1.846,.871,.774,2.906,1.831,1.248,1.035,-38.46,-4.686,1.162,8.31,1.767,1.816,2.894,38.86,21.98,2.799,15.46,3.492,1.645,3.043,1.266,2.219,18.07,1.71,1.623,5.83,.44,.931,2.037,.646,1.102
101,2017,294,1720,11.89,1.586,.712,.615,2.936,1.794,1.198,.898,-38.24,-4.979,1.007,7.78,1.383,1.605,2.159,57.71,17.68,2.583,12.76,3.192,2.787,3.184,1.226,1.854,15.31,1.397,1.306,4.04,.399,.69,1.673,.524,.824
101,2017,294,1730,11.89,.884,.569,.422,1.812,1.131,.774,.653,-38.23,-5.748,.717,5.542,1.018,1.033,1.71,37.17,12.42,1.661,9.67,2.775,1.586,2.279,.869,1.305,11.45,1.142,.859,3.164,.28,.462,1.226,.41,.688
101,2017,294,1740,11.89,.856,.502,.375,1.651,1.023,.631,.603,-39.65,-6.267,.588,4.237,.786,.817,1.36,13.26,10.57,1.469,8.38,2.397,.992,1.894,.717,1.089,9.98,1.015,.729,2.668,.26,.42,1.115,.367,.499
101,2017,294,1750,11.89,.549,.308,.229,1.139,.742,.459,.377,-40.8,-6.984,.409,2.872,.484,.59,.868,7.93,6.837,1.074,5.288,1.499,.556,1.476,.486,.673,6.622,.682,.479,1.422,.157,.271,.69,.256,.306
101,2017,294,1800,11.89,.559,.291,.208,1.048,.611,.4,.308,-43.01,-7.73,.337,2.313,.409,.496,.625,5.994,5.529,.946,4.365,1.194,.435,1.221,.415,.507,5.329,.523,.429,1.136,.132,.228,.516,.204,.233
101,2017,294,1810,11.89,.352,.179,.132,.655,.432,.271,.209,-47.55,-8.82,.226,1.489,.261,.36,.425,3.743,3.636,.588,2.832,.74,.283,.837,.281,.372,3.596,.372,.285,.749,.085,.149,.379,.139,.157
101,2017,294,1820,11.89,.209,.106,.079,.395,.26,.162,.121,-56.62,-10.81,.132,.837,.156,.211,.245,2.097,2.059,.353,1.628,.439,.159,.474,.161,.214,2.033,.221,.167,.434,.054,.085,.219,.08,.087
101,2017,294,1830,11.88,.092,.049,.037,.168,.104,.064,.05,-67.45,-13.42,.052,.335,.06,.087,.102,.817,.812,.141,.64,.183,.064,.198,.062,.085,.797,.089,.067,.189,.017,.039,.089,.035,.042
101,2017,294,1840,11.88,.018,.002,0,.034,.02,.01,.008,-82.7,-16.35,.008,.077,.01,.018,.017,.196,.194,.032,.146,.04,.01,.047,.008,.02,.199,.018,.01,.047,0,.002,.017,.002,0
101,2017,294,1850,11.88,0,0,0,0,0,0,0,-82.4,-17.31,0,.003,0,0,0,.02,.015,0,.01,0,0,0,0,0,.018,0,0,0,0,0,0,0,0
101,2017,294,1900,11.88,0,0,0,0,0,0,0,-95.9,-20.39,0,0,0,0,0,0,0,0,0,0,0,0,0,0,0,0,0,0,0,0,0,0,0
101,2017,294,1910,11.88,0,0,0,0,0,0,0,-109.2,-23.43,0,0,0,0,0,0,0,0,0,0,0,0,0,0,0,0,0,0,0,0,0,0,0
101,2017,294,1920,11.88,0,0,0,0,0,0,0,-121.9,-25.88,0,0,0,0,0,0,0,0,0,0,0,0,0,0,0,0,0,0,0,0,0,0,0
101,2017,294,1930,11.88,0,0,0,0,0,0,0,-106.1,-23.02,0,0,0,0,0,0,0,0,0,0,0,0,0,0,0,0,0,0,0,0,0,0,0
101,2017,294,1940,11.88,0,0,0,0,0,0,0,-92.6,-21.62,0,0,0,0,0,0,0,0,0,0,0,0,0,0,0,0,0,0,0,0,0,0,0
101,2017,294,1950,11.88,0,0,0,0,0,0,0,-107.8,-26.6,0,0,0,0,0,0,0,0,0,0,0,0,0,0,0,0,0,0,0,0,0,0,0
101,2017,294,2000,11.88,0,0,0,0,0,0,0,-168,-42.78,0,0,0,0,0,0,0,0,0,0,0,0,0,0,0,0,0,0,0,0,0,0,0
101,2017,294,2010,11.87,0,0,0,0,0,0,0,-6999,-65.35,0,0,0,0,0,0,0,0,0,0,0,0,0,0,0,0,0,0,0,0,0,0,0
101,2017,294,2020,11.87,0,0,0,0,0,0,0,-6999,-78.9,0,0,0,0,0,0,0,0,0,0,0,0,0,0,0,0,0,0,0,0,0,0,0
101,2017,294,2030,11.87,0,0,0,0,0,0,0,-6999,-89.1,0,0,0,0,0,0,0,0,0,0,0,0,0,0,0,0,0,0,0,0,0,0,0
101,2017,294,2040,11.87,0,0,0,0,0,0,0,-6999,-101.4,0,0,0,0,0,0,0,0,0,0,0,0,0,0,0,0,0,0,0,0,0,0,0
101,2017,294,2050,11.87,0,0,0,0,0,0,0,-6999,-89.9,0,0,0,0,0,0,0,0,0,0,0,0,0,0,0,0,0,0,0,0,0,0,0
101,2017,294,2100,11.87,0,0,0,0,0,0,0,-6999,-99.3,0,0,0,0,0,0,0,0,0,0,0,0,0,0,0,0,0,0,0,0,0,0,0
101,2017,294,2110,11.87,0,0,0,0,0,0,0,-6999,-96.5,0,0,0,0,0,0,0,0,0,0,0,0,0,0,0,0,0,0,0,0,0,0,0
101,2017,294,2120,11.87,0,0,0,0,0,0,0,-6999,-98.3,0,0,0,0,0,0,0,0,0,0,0,0,0,0,0,0,0,0,0,0,0,0,0
101,2017,294,2130,11.87,0,0,0,0,0,0,0,-244.5,-95.4,0,0,0,0,0,0,0,0,0,0,0,0,0,0,0,0,0,0,0,0,0,0,0
101,2017,294,2140,11.87,0,0,0,0,0,0,0,-6999,-103.5,0,0,0,0,0,0,0,0,0,0,0,0,0,0,0,0,0,0,0,0,0,0,0
101,2017,294,2150,11.87,0,0,0,0,0,0,0,-6999,-91.9,0,0,0,0,0,0,0,0,0,0,0,0,0,0,0,0,0,0,0,0,0,0,0
101,2017,294,2200,11.87,0,0,0,0,0,0,0,-212.3,-72.8,0,0,0,0,0,0,0,0,0,0,0,0,0,0,0,0,0,0,0,0,0,0,0
101,2017,294,2210,11.87,0,0,0,0,0,0,0,-6999,-96.5,0,0,0,0,0,0,0,0,0,0,0,0,0,0,0,0,0,0,0,0,0,0,0
101,2017,294,2220,11.87,0,0,0,0,0,0,0,-6999,-114.2,0,0,0,0,0,0,0,0,0,0,0,0,0,0,0,0,0,0,0,0,0,0,0
101,2017,294,2230,11.87,0,0,0,0,0,0,0,-6999,-67.52,0,0,0,0,0,0,0,0,0,0,0,0,0,0,0,0,0,0,0,0,0,0,0
101,2017,294,2240,11.87,0,0,0,0,0,0,0,-156.2,-52.25,0,0,0,0,0,0,0,0,0,0,0,0,0,0,0,0,0,0,0,0,0,0,0
101,2017,294,2250,11.87,0,0,0,0,0,0,0,-190.8,-63.31,0,0,0,0,0,0,0,0,0,0,0,0,0,0,0,0,0,0,0,0,0,0,0
101,2017,294,2300,11.86,0,0,0,0,0,0,0,-174.3,-52.94,0,0,0,0,0,0,0,0,0,0,0,0,0,0,0,0,0,0,0,0,0,0,0
101,2017,294,2310,11.86,0,0,0,0,0,0,0,-151.5,-45.9,0,0,0,0,0,0,0,0,0,0,0,0,0,0,0,0,0,0,0,0,0,0,0
101,2017,294,2320,11.86,0,0,0,0,0,0,0,-182.8,-55.31,0,0,0,0,0,0,0,0,0,0,0,0,0,0,0,0,0,0,0,0,0,0,0
101,2017,294,2330,11.86,0,0,0,0,0,0,0,-164,-48.94,0,0,0,0,0,0,0,0,0,0,0,0,0,0,0,0,0,0,0,0,0,0,0
101,2017,294,2340,11.86,0,0,0,0,0,0,0,-129.3,-41.54,0,0,0,0,0,0,0,0,0,0,0,0,0,0,0,0,0,0,0,0,0,0,0
101,2017,294,2350,11.86,0,0,0,0,0,0,0,-186.6,-58.01,0,0,0,0,0,0,0,0,0,0,0,0,0,0,0,0,0,0,0,0,0,0,0
101,2017,294,2400,11.86,0,0,0,0,0,0,0,-218.5,-71.1,0,0,0,0,0,0,0,0,0,0,0,0,0,0,0,0,0,0,0,0,0,0,0
101,2017,295,10,11.86,0,0,0,0,0,0,0,-222.8,-71.2,0,0,0,0,0,0,0,0,0,0,0,0,0,0,0,0,0,0,0,0,0,0,0
101,2017,295,20,11.86,0,0,0,0,0,0,0,-164.8,-49.79,0,0,0,0,0,0,0,0,0,0,0,0,0,0,0,0,0,0,0,0,0,0,0
101,2017,295,30,11.86,0,0,0,0,0,0,0,-97.9,-32.66,0,0,0,0,0,0,0,0,0,0,0,0,0,0,0,0,0,0,0,0,0,0,0
101,2017,295,40,11.86,0,0,0,0,0,0,0,-89,-30.07,0,0,0,0,0,0,0,0,0,0,0,0,0,0,0,0,0,0,0,0,0,0,0
101,2017,295,50,11.86,0,0,0,0,0,0,0,-105.2,-34.8,0,0,0,0,0,0,0,0,0,0,0,0,0,0,0,0,0,0,0,0,0,0,0
101,2017,295,100,11.86,0,0,0,0,0,0,0,-125.7,-36.77,0,0,0,0,0,0,0,0,0,0,0,0,0,0,0,0,0,0,0,0,0,0,0
101,2017,295,110,11.86,0,0,0,0,0,0,0,-88.5,-28.84,0,0,0,0,0,0,0,0,0,0,0,0,0,0,0,0,0,0,0,0,0,0,0
101,2017,295,120,11.86,0,0,0,0,0,0,0,-86.1,-28.59,0,0,0,0,0,0,0,0,0,0,0,0,0,0,0,0,0,0,0,0,0,0,0
101,2017,295,130,11.86,0,0,0,0,0,0,0,-85.5,-26.82,0,0,0,0,0,0,0,0,0,0,0,0,0,0,0,0,0,0,0,0,0,0,0
101,2017,295,140,11.86,0,0,0,0,0,0,0,-70.3,-24.11,0,0,0,0,0,0,0,0,0,0,0,0,0,0,0,0,0,0,0,0,0,0,0
101,2017,295,150,11.86,0,0,0,0,0,0,0,-69.58,-23.96,0,0,0,0,0,0,0,0,0,0,0,0,0,0,0,0,0,0,0,0,0,0,0
101,2017,295,200,11.86,0,0,0,0,0,0,0,-107.5,-30.64,0,0,0,0,0,0,0,0,0,0,0,0,0,0,0,0,0,0,0,0,0,0,0
101,2017,295,210,11.86,0,0,0,0,0,0,0,-105.6,-29.83,0,0,0,0,0,0,0,0,0,0,0,0,0,0,0,0,0,0,0,0,0,0,0
101,2017,295,220,11.86,0,0,0,0,0,0,0,-93.7,-26.94,0,0,0,0,0,0,0,0,0,0,0,0,0,0,0,0,0,0,0,0,0,0,0
101,2017,295,230,11.86,0,0,0,0,0,0,0,-91.2,-26.91,0,0,0,0,0,0,0,0,0,0,0,0,0,0,0,0,0,0,0,0,0,0,0
101,2017,295,240,11.86,0,0,0,0,0,0,0,-103.3,-29.22,0,0,0,0,0,0,0,0,0,0,0,0,0,0,0,0,0,0,0,0,0,0,0
101,2017,295,250,11.86,0,0,0,0,0,0,0,-129.6,-33.59,0,0,0,0,0,0,0,0,0,0,0,0,0,0,0,0,0,0,0,0,0,0,0
101,2017,295,300,11.86,0,0,0,0,0,0,0,-124.1,-32.68,0,0,0,0,0,0,0,0,0,0,0,0,0,0,0,0,0,0,0,0,0,0,0
101,2017,295,310,11.86,0,0,0,0,0,0,0,-96.1,-25.58,0,0,0,0,0,0,0,0,0,0,0,0,0,0,0,0,0,0,0,0,0,0,0
101,2017,295,320,11.86,0,0,0,0,0,0,0,-82.2,-22.83,0,0,0,0,0,0,0,0,0,0,0,0,0,0,0,0,0,0,0,0,0,0,0
101,2017,295,330,11.86,0,0,0,0,0,0,0,-69.84,-21.89,0,0,0,0,0,0,0,0,0,0,0,0,0,0,0,0,0,0,0,0,0,0,0
101,2017,295,340,11.86,0,0,0,0,0,0,0,-67.42,-20.77,0,0,0,0,0,0,0,0,0,0,0,0,0,0,0,0,0,0,0,0,0,0,0
101,2017,295,350,11.86,0,0,0,0,0,0,0,-68.25,-21.16,0,0,0,0,0,0,0,0,0,0,0,0,0,0,0,0,0,0,0,0,0,0,0
101,2017,295,400,11.85,0,0,0,0,0,0,0,-61.4,-20.56,0,0,0,0,0,0,0,0,0,0,0,0,0,0,0,0,0,0,0,0,0,0,0
101,2017,295,410,11.85,0,0,0,0,0,0,0,-46.33,-18.24,0,0,0,0,0,0,0,0,0,0,0,0,0,0,0,0,0,0,0,0,0,0,0
101,2017,295,420,11.85,0,0,0,0,0,0,0,-42.15,-17.5,0,0,0,0,0,0,0,0,0,0,0,0,0,0,0,0,0,0,0,0,0,0,0
101,2017,295,430,11.85,0,0,0,0,0,0,0,-42.12,-17.53,0,0,0,0,0,0,0,0,0,0,0,0,0,0,0,0,0,0,0,0,0,0,0
101,2017,295,440,11.85,0,0,0,0,0,0,0,-48.22,-18.28,0,0,0,0,0,0,0,0,0,0,0,0,0,0,0,0,0,0,0,0,0,0,0
101,2017,295,450,11.85,0,0,0,0,0,0,0,-57.35,-19.42,0,0,0,0,0,0,0,0,0,0,0,0,0,0,0,0,0,0,0,0,0,0,0
101,2017,295,500,11.85,0,0,0,0,0,0,0,-65.9,-20.17,0,0,0,0,0,0,0,0,0,0,0,0,0,0,0,0,0,0,0,0,0,0,0
101,2017,295,510,11.85,0,0,0,0,0,0,0,-59.18,-19.25,0,0,0,0,0,0,0,0,0,0,0,0,0,0,0,0,0,0,0,0,0,0,0
101,2017,295,520,11.85,0,0,0,0,0,0,0,-60.1,-19.38,0,0,0,0,0,0,0,0,0,0,0,0,0,0,0,0,0,0,0,0,0,0,0
101,2017,295,530,11.85,0,0,0,0,0,0,0,-59.12,-19.08,0,.005,0,0,0,.008,.008,0,.012,0,0,.002,0,0,.008,0,0,0,0,0,0,0,0
101,2017,295,540,11.85,.018,.005,0,.032,.02,.01,.005,-56.12,-18.31,.005,.064,.007,.022,.01,.094,.116,.034,.114,.035,.01,.042,.012,.018,.096,.012,.01,.023,0,.003,.01,0,0
101,2017,295,550,11.85,.084,.045,.032,.149,.08,.054,.037,-51.43,-18.13,.042,.297,.047,.082,.059,.491,.56,.149,.556,.156,.042,.198,.059,.062,.484,.052,.057,.102,.022,.034,.05,.027,.03
101,2017,295,600,11.85,.218,.107,.065,.392,.208,.141,.089,-44.2,-17.33,.106,.747,.122,.22,.163,1.354,1.517,.384,1.487,.389,.114,.494,.153,.156,1.312,.142,.142,.265,.044,.08,.141,.049,.062
101,2017,295,610,11.85,.379,.198,.114,.665,.365,.253,.151,-44.1,-17.19,.191,1.311,.206,.374,.292,3.3,2.846,.706,2.618,.659,.203,.858,.272,.278,2.328,.253,.251,.444,.082,.132,.245,.092,.114
101,2017,295,620,11.85,.496,.273,.161,.955,.481,.357,.218,-38.91,-16.41,.273,1.84,.293,.493,.414,4.743,4.451,1.19,3.68,.939,.29,1.222,.392,.412,3.275,.369,.359,.62,.111,.186,.345,.129,.159
101,2017,295,630,11.85,.637,.345,.208,1.212,.612,.441,.273,-35.25,-15.92,.354,2.398,.372,.63,.494,5.506,5.055,1.83,5.108,1.193,.37,1.564,.515,.515,4.108,.442,.669,.789,.144,.24,.426,.168,.198
101,2017,295,640,11.85,.764,.406,.251,1.441,.729,.521,.327,-35.81,-15.48,.424,5.098,.498,.778,.582,7.55,5.594,7.07,25.44,1.487,.432,2.204,.701,.617,4.885,.531,.536,.94,.174,.288,.478,.196,.245
101,2017,295,650,11.85,.87,.441,.305,1.658,.856,.642,.382,-35.19,-15.32,.491,8.33,.788,.977,.724,9.31,6.392,16.03,38.01,12.53,.489,3.87,.702,.709,5.41,.618,.623,1.076,.215,.34,.551,.243,.3
101,2017,295,700,11.85,.98,.484,.391,1.936,1.046,.843,.503,-32.38,-15.42,.613,10.98,1.099,1.312,.892,9.81,6.944,21.39,45.28,19.18,.56,4.753,2.703,1.247,5.869,.823,.774,1.183,.25,.396,.632,.836,.337
101,2017,295,710,11.85,1.084,.536,.463,2.134,1.257,1.058,1.027,-38.12,-15.91,.753,8.89,1.235,1.827,.985,9.72,7.5,26.75,52.2,10.97,.628,4.512,17.11,1.817,6.424,3.525,1.011,1.275,.292,.436,.704,6.072,.382
101,2017,295,720,11.85,1.185,.588,.555,2.422,1.475,1.317,5.547,-36.58,-14.05,.892,16.78,1.366,2.217,1.076,10.13,7.84,32.39,58.88,6.515,.685,4.653,14.34,4.13,6.473,.866,8.73,1.363,.318,.461,.754,1.29,.426
101,2017,295,730,11.86,1.304,.649,.696,2.529,1.753,3.843,7.95,-34.67,-13.72,1.083,24.97,2.522,3.29,1.17,11.07,9.7,38.58,65.21,2.806,.749,5.128,4.041,6.288,6.746,.82,45.17,1.448,.357,.518,.798,.451,.436
101,2017,295,740,11.86,1.46,.736,.902,3.065,2.211,14.27,1.795,-22.79,-16.25,22.84,33.59,1.431,3.498,1.252,13.2,9.53,44.72,71,20.67,.764,5.802,2.09,4.128,6.99,.888,38.07,1.527,.389,.56,.815,.422,.466
101,2017,295,750,11.86,2.416,.902,1.014,10.13,2.572,20.31,.705,-18.61,-17.04,40.92,38.47,1.421,31.29,1.327,16.12,22.45,50.72,76.5,44.2,.799,14.82,2.653,1.738,7.21,.962,2.822,1.574,.426,.62,.858,.436,.652
101,2017,295,800,11.86,18.12,1.277,1.111,55.52,2.716,25.49,.737,-10.71,-16.85,5.997,24.27,1.506,25.01,1.396,17.53,40.13,56.19,81.2,71.5,.846,35.41,3.187,1.857,7.45,.987,1.248,1.63,1.2,.659,.89,.457,1.567
101,2017,295,810,11.86,50.03,1.552,1.205,70.1,2.81,26.67,.87,-7.31,-15.94,1.612,20.01,1.593,44.02,1.436,19.13,45.67,61.31,86.1,66.71,.915,53.47,2.376,1.95,7.73,1.054,1.32,1.682,.436,.7,.928,.498,.715
101,2017,295,820,11.86,64.63,4.04,1.277,72.2,2.894,31.09,2.195,-1.551,-14.98,1.634,16.02,1.538,62.59,1.516,25.33,51.83,66.38,90.8,36.37,.972,70.4,2.966,1.875,7.97,1.178,2.284,1.732,.469,.863,.992,.536,2.259
101,2017,295,830,11.86,69.79,6.871,1.342,73.1,2.947,6.925,.853,-20.87,-14.76,2.94,24.93,1.488,69.32,1.602,29.53,58.08,71.3,95.4,40.72,1.004,78.9,3.007,12.1,8.05,1.138,2.704,1.784,1.417,.849,1.007,.59,1.282
101,2017,295,840,11.87,75,5.192,1.436,71.9,2.999,22.45,2.096,-13.56,-14.03,4.12,31.92,1.521,75,6.785,33.07,63.75,76.1,99.7,83.5,.975,81.9,2.143,2.049,8.2,7.88,41.7,1.833,.531,.821,1.035,.652,.722
101,2017,295,850,11.87,79.6,2.88,1.476,70.8,2.986,50.65,.953,1.644,-13.82,1.724,28.64,1.712,79.4,15.12,36.98,68.77,80.5,103.8,90,1.055,36.76,2.144,1.94,8.56,9.55,2.088,1.871,.538,.876,1.067,.682,.67
101,2017,295,900,11.87,83.9,2.345,1.563,68.68,3.01,29.29,.965,-14.01,-13.32,1.782,22.58,2.471,83.4,1.973,40.84,73.6,84.4,107.5,14.96,1.109,5.423,2.141,11.98,9.56,1.156,5.317,1.922,.561,.988,1.094,.643,.704
101,2017,295,910,11.87,88.2,4.546,1.663,67.49,3.059,60.73,2.042,11.32,-12.45,1.826,28.69,1.697,49.63,10.75,44.63,78.1,87.8,110.9,52.86,1.163,5.332,2.241,32.32,9.02,1.196,18.96,1.973,.764,1.101,1.132,.694,.737
101,2017,295,920,11.87,91.7,3.198,15.48,60.74,3.042,19.93,1.291,-15.17,-11.64,13.53,38.34,1.779,4.474,4.595,46.66,82.4,90.8,114,15.14,1.213,5.363,34.49,1.98,23.09,1.233,2.719,2.028,.6,1.097,1.176,.72,.812
101,2017,295,930,11.87,95.5,8.46,70.8,37.65,2.988,2.842,1.043,-20.9,-9.94,19.14,13.23,1.871,2.645,14.6,45.26,86.5,93.6,117,4.403,1.275,5.383,30.11,1.998,30.14,1.239,73,2.089,.6,1.067,1.221,23.15,.854
101,2017,295,940,11.87,99.4,31.24,69.69,36.61,2.985,3.062,1.08,-23.05,-9.27,31.5,17.23,1.899,3.459,2.728,44.91,90.6,96.6,119.8,4.152,1.387,5.423,3.963,8.86,63.74,1.271,53.65,2.144,.61,1.337,1.415,13.14,1.435
101,2017,295,950,11.87,102.1,2.393,2.022,33.37,2.841,4.365,1.095,-25.52,-9.68,42.28,52.65,1.884,17.41,5.874,46.74,94.3,99.4,122.3,4.127,1.561,5.45,2.276,24.56,67.39,1.311,12.97,2.191,.618,27.16,1.79,1.234,1.184
101,2017,295,1000,11.87,99.5,5.581,1.811,32.75,7.17,8.88,1.114,-26.01,-9.06,10.17,57.17,1.975,10.89,2.13,45.29,97.6,101.2,124.2,52.89,1.656,5.458,2.073,15.05,70.6,1.382,5.72,2.249,.633,1.137,1.347,.832,1.236
101,2017,295,1010,11.88,96.7,51.37,1.898,28.69,4.69,1.956,1.186,-26.95,-8.4,1.918,51.66,2.063,2.537,2.236,44.44,100.7,70.8,126.1,31.67,1.744,5.473,1.859,2.079,73.8,1.414,12.51,2.343,.621,1.256,1.439,.926,1.035
101,2017,295,1020,11.88,81.1,81.8,73.3,24.89,2.685,1.939,2.552,-24.11,-6.438,1.916,57.64,2.159,2.43,2.355,53.88,104,13.13,128.4,5.195,1.775,5.433,3.191,2.099,77.2,1.507,2.045,2.434,.618,4.288,1.409,2.321,1.077
101,2017,295,1030,11.88,68.02,76,89.4,20.87,2.593,1.911,36.01,-28.12,5.869,6.381,62.84,2.241,2.405,2.321,67.86,106.8,4.795,129.9,4.269,1.745,5.365,1.802,2.099,80.2,1.598,2.037,2.499,.635,1.615,1.434,1.449,1.114
101,2017,295,1040,11.88,24.61,5.639,45.46,17.81,2.522,1.909,9.99,-28.96,-3.177,2.514,78.1,13.16,2.425,2.363,83.3,109.6,4.644,131.4,4.291,1.698,5.355,1.842,2.152,83.2,1.655,9.32,2.589,.636,1.181,1.866,1.559,1.179
101,2017,295,1050,11.88,30.45,2.509,23.39,17.31,2.452,1.893,3.778,-29.71,-4.247,2.502,70.6,32.22,2.383,3.088,92.7,111.9,4.505,132.4,5.008,1.695,5.385,5.837,2.201,85.6,1.69,18.58,2.69,.635,2.316,1.526,2.686,1.268
101,2017,295,1100,11.88,4.842,2.449,1.822,14.78,2.385,1.995,9.98,-29.44,-1.11,5.527,99.7,12.03,2.395,8.38,102.9,114.5,4.386,133.7,13.48,1.744,5.293,5.35,8.78,88.5,1.76,5.731,2.797,.643,1.149,1.578,2.062,1.477
101,2017,295,1110,11.88,4.249,2.385,1.732,11.78,2.306,3.757,29.58,-27.65,8.7,1.903,100.9,2.511,2.889,2.482,107.1,116.6,4.246,134.2,4.39,1.769,5.266,45.9,2.457,90.7,1.841,2.4,3.015,.662,1.152,1.633,1.102,1.487
101,2017,295,1120,11.88,7,2.335,6.738,10.82,2.268,6.358,40.63,-22.62,15.42,2.499,103.1,2.295,4.306,2.566,102.2,118.1,4.284,134.1,25.37,1.946,5.107,8.41,20.68,92.4,1.871,10.44,3.437,.668,1.169,2.012,12.23,1.558
101,2017,295,1130,11.88,3.968,2.589,1.666,10.32,2.248,7.66,34.7,-23,12.83,5.271,107,10.96,2.45,2.666,101.9,119.9,4.252,134.3,8.89,6.445,5.055,2.631,59.5,94.3,1.929,2.628,3.31,.672,1.191,4.082,1.042,1.372
101,2017,295,1140,11.88,3.812,19.98,1.574,8.01,2.303,1.913,24.29,-28.22,8.83,4.057,106.2,2.382,2.444,2.685,87.2,121.3,4.525,134.3,4.753,12.73,4.934,2.412,15.6,96,1.975,2.181,3.628,.69,1.233,5.968,17.9,1.328
101,2017,295,1150,11.88,3.683,2.571,1.506,9.74,4.062,1.903,1.482,-26.33,-2.588,2.475,104.1,2.378,2.437,2.651,88.2,123,4.065,134.3,4.76,5.036,5.227,1.876,6.817,97.9,1.988,2.212,4.385,.698,1.688,31.6,7.64,1.486
101,2017,295,1200,11.88,3.546,2.077,1.409,7.8,2.311,1.874,1.38,-27.19,-2.263,1.849,84.4,2.422,2.479,2.68,85.4,124.3,3.899,133.8,62.69,4.123,8.62,1.861,96.4,99.3,2.023,3.38,67.37,.737,1.348,33.03,8.72,1.487
101,2017,295,1210,11.89,3.361,2.043,1.313,3.763,2.854,1.869,1.397,-26.79,-2.15,1.986,61.35,2.547,2.683,2.78,75.2,125.1,3.802,132.7,122.8,1.908,7.4,1.893,12.13,100.4,2.057,7.21,92.6,.767,1.243,8.92,3.768,1.44
101,2017,295,1220,11.89,3.189,1.926,1.253,3.601,7.71,3.023,1.427,-26.59,-1.784,5.649,42.3,2.611,2.541,3.159,65.04,126.2,3.696,132.1,87.1,1.896,4.735,6.071,2.68,101.6,2.092,4.892,93.8,.801,1.266,3.154,1.127,1.442
101,2017,295,1230,11.89,3.15,1.815,1.207,3.485,4.84,2.17,1.41,-27.16,-1.748,2.417,34.21,2.8,2.562,3.339,55.79,127.2,3.673,131.1,118.2,2.09,4.513,35.16,4.168,102.8,2.201,4.925,94.4,.878,1.335,3.157,1.308,3.095
101,2017,295,1240,11.89,4.902,1.711,1.238,3.441,2.048,1.842,1.346,-27.2,-1.747,1.782,37.97,2.931,4.175,14.42,57.52,127.5,3.632,129.5,116.3,2.008,4.413,4.25,2.745,103.6,2.184,11.96,94.9,2.329,1.345,2.922,1.119,1.768
101,2017,295,1250,11.89,25.82,1.601,1.442,3.403,2.046,1.867,1.34,-27.73,-1.716,1.829,51.06,3.053,4.88,18.35,108.3,127.5,3.605,127.8,102.1,1.986,4.336,2.036,2.537,104,2.15,3.594,94.9,1.159,1.375,2.758,1.092,2.643
101,2017,295,1300,11.89,22.29,1.514,1.179,3.359,2.035,1.944,1.37,-21.89,-1.795,5.813,39.49,3.175,2.768,3.433,129.5,127.5,3.517,125.6,45.49,2.015,4.237,2.212,2.631,104.3,2.11,15.8,94.2,.983,1.455,2.723,1.105,13.6
101,2017,295,1310,11.89,11.18,1.433,1.177,5.498,2.209,5.042,1.37,-22.71,-1.479,41.59,11.23,3.354,2.776,3.713,130.7,127.5,3.483,124,4.684,2.043,4.13,2.15,4.672,105,2.087,38.16,94.5,1.035,1.547,2.679,1.628,2.803
101,2017,295,1320,11.89,2.277,1.346,1.243,3.133,9.02,12.89,1.375,-15.66,-1.212,34.01,23.21,3.438,2.852,45.7,131.2,127.1,3.389,121.8,4.603,2.199,4.088,1.834,2.504,105.3,2.05,65.62,94,1.05,1.614,2.942,1.832,14.16
101,2017,295,1330,11.89,2.103,1.266,26.45,3.068,2.653,3.12,1.37,-26.07,-.792,2.976,29.52,3.495,2.929,80,131.7,127,3.281,119.9,4.491,9.7,14.99,1.683,2.455,105.5,2.03,58.19,93.6,1.043,1.706,3.277,1.264,68.53
101,2017,295,1340,11.89,1.989,1.351,64.1,2.999,2.768,4.309,1.449,-23.74,-.077,1.807,24.07,3.825,3.008,97.4,131.8,126.2,3.27,117.6,10.96,3.108,78.7,1.614,2.57,105.2,2.11,3.935,92.5,5.211,1.69,3.697,1.294,2.346
101,2017,295,1350,11.89,1.879,1.104,19.35,5.047,25.09,2.586,18.27,-22.5,10.84,3.788,24.37,4.136,3.043,97.1,131.1,125.1,3.085,114.7,34.2,2.264,72.5,4.925,5.377,103.1,2.045,3.783,91.4,1.524,3.975,4.063,1.469,5.856
101,2017,295,1400,11.89,1.872,1.199,3.85,3.815,5.313,3.744,2.524,-20.99,-.221,2.512,41.64,3.928,4.23,83.1,118.8,113.2,2.956,103.2,5.518,2.287,9.68,28.86,4.49,92.1,2.19,3.838,82.4,1.01,4.505,3.922,2.241,11.55
101,2017,295,1410,11.89,1.76,1.006,1.308,6.084,2.068,2.048,1.604,-22.62,-.867,1.737,19.57,4.565,7.69,76.4,120.9,122.1,2.991,109.2,4.116,17.67,3.443,20.86,6.313,96.6,2.165,3.515,88.9,1.005,1.718,4.235,2.378,14.05
101,2017,295,1420,11.89,1.911,1.462,1.291,8.53,2.681,1.996,10.16,-21.61,4.62,1.872,26.63,5.007,18.85,29.85,117.4,122.2,3.066,108.2,4.449,21.02,3.654,2.162,15.17,97.7,2.256,3.726,87.8,1.063,1.87,4.563,1.864,26.55
101,2017,295,1430,11.9,1.812,1.036,1.321,3.051,2.723,2.415,82.9,-19.82,52.11,1.892,22.16,4.966,46.72,12.49,97.7,117.9,3.078,105.3,4.7,2.759,3.444,3.982,45.92,95.8,2.235,3.324,86,1.147,1.924,4.884,2.204,40.97
101,2017,295,1440,11.89,1.795,1.045,1.202,2.992,2.195,1.926,20.85,-21.15,11.79,1.895,23.4,12.55,72.4,6.466,85.8,111,3.278,101,5.157,2.853,3.427,1.929,31.38,89.4,2.374,10.18,83,1.155,1.877,8.54,3.509,30.96
101,2017,295,1450,11.9,1.822,1.175,1.152,3.19,2.312,1.875,1.77,-19.27,-1.058,1.808,23.61,15.95,22.26,4.231,98.6,103.1,3.387,96.4,6.701,2.754,3.583,1.766,4.218,85.9,2.386,17.03,79.7,1.313,1.884,31.96,2.63,58.62
101,2017,295,1500,11.9,2.744,1.47,1.348,4.134,2.562,2.086,2.063,-22.08,-.874,2.091,17.5,11.51,4.271,5.301,115.6,97.4,4.348,93.5,6.222,3.312,3.908,1.875,30.1,84.8,2.744,3.161,75.7,1.333,1.927,45.55,10.43,100.6
101,2017,295,1510,11.9,2.063,1.142,1.385,3.231,3.725,2.056,2.212,-27.34,-.484,2.245,14.33,5.646,3.072,4.773,75.9,95.3,4.474,90.1,5.483,3.566,4.969,1.892,46.99,83.1,2.84,3.039,74.7,1.353,2.014,56.05,4.628,92.7
101,2017,295,1520,11.9,2.143,1.01,.949,3.894,3.308,1.835,9.22,-27.17,4.715,7.04,11.21,3.858,2.444,4.537,79.7,75.2,3.72,71,5.142,47.79,4.192,1.882,16.14,63.22,2.537,2.399,52.74,1.294,1.54,38.54,1.904,25.28
101,2017,295,1530,11.9,3.31,1.674,1.314,5.073,2.756,2.13,11.91,-23.34,5.785,2.393,12.25,3.784,2.786,5.143,66.84,67.81,4.939,65.16,6.396,28.79,4.174,2.362,3.744,53.42,3.032,2.959,12.07,6.531,1.651,30.41,1.996,3.655
101,2017,295,1540,11.9,1.535,.958,.961,2.868,2.255,1.756,2.309,-16.96,-2.074,1.817,11.11,4.256,2.222,4.512,57.65,67.85,3.017,63.5,6.21,3.858,3.354,2.086,2.892,44.69,2.46,2.555,7.48,5.987,1.505,31.7,2.297,2.784
101,2017,295,1550,11.9,1.247,.73,.673,2.485,1.85,1.425,28.44,-16.38,18.4,10.55,10.78,4.034,1.612,2.969,82.6,68.66,2.619,63.19,6.792,3.047,3.145,1.428,2.389,35.27,2.224,2.043,4,.759,1.211,32.01,1.5,1.967
101,2017,295,1600,11.9,1.119,.665,.613,2.197,3.304,1.204,37.14,-14.86,25.12,1.757,8.78,2.843,1.494,5.4,92.2,63.35,2.445,53.18,20.24,3.515,2.781,1.249,1.859,25.11,1.994,1.705,3.29,.579,1.015,3.518,2.395,1.706
101,2017,295,1610,11.9,1.388,.961,2.552,2.609,4.299,1.345,1.464,-16.18,-2.949,5.285,9.91,2.519,1.499,2.545,97.6,61.15,2.676,45.51,31.47,32.84,2.954,1.343,2.043,22.52,2.242,1.941,3.615,.539,.943,2.192,1.132,1.753
101,2017,295,1620,11.89,1.646,1.102,1.176,2.676,1.882,1.368,1.514,-17.66,-3.312,2.947,8.35,2.576,1.546,3.249,71.4,46.65,3.47,32.77,21.19,14.06,3.038,1.572,2.247,20.57,2.239,2.018,4.972,.506,.923,2.274,.921,2.055
101,2017,295,1630,11.89,.896,.598,.563,1.879,1.593,1.012,1.115,-15.45,-4.177,1.038,4.937,1.512,1.238,2.603,28.34,20.01,1.993,15.29,7.35,8.64,2.376,1.182,1.956,13.52,1.38,1.258,4.251,.41,.657,1.775,.576,1.213
101,2017,295,1640,11.89,.985,.774,.514,1.996,1.579,1.027,.993,-12.61,-4.447,1.109,6.071,1.807,1.171,2.149,54.6,32.98,3.058,16.64,23.33,26.49,2.571,1.191,1.688,17.78,1.807,1.435,3.12,.439,.673,1.276,.514,1.035
101,2017,295,1650,11.89,.903,.507,.456,1.807,1.422,.914,.898,-18.16,-4.482,.918,5.209,1.429,1.104,1.976,37.11,31.49,2.229,12.27,18.48,5.207,2.423,1.124,1.841,18.35,1.439,1.342,2.79,.449,.66,1.182,.472,.792
101,2017,295,1700,11.88,.861,.464,.424,1.625,1.265,.769,.739,-17.26,-4.959,.757,3.794,.94,.953,1.666,17.88,14.32,1.653,9.86,3.052,1.388,2.045,1.405,1.532,10.6,1.147,.901,2.728,.335,.494,1.134,.437,.615
101,2017,295,1710,11.88,.841,.501,.419,1.666,1.358,.791,.832,-16.93,-5.097,.801,4.01,1.136,.925,1.847,38.1,21.07,1.677,9.6,2.769,1.41,2.261,1.945,1.69,9.86,1.238,.941,2.924,.327,.528,1.107,.482,.658
101,2017,295,1720,11.88,.647,.385,.318,1.296,1.002,.601,.526,-14.78,-5.574,.548,2.698,.712,.737,1.333,10.94,8.7,1.258,7.25,1.978,.893,1.767,.678,1.033,7.64,.876,.697,2.077,.221,.375,.802,.385,.459
101,2017,295,1730,11.88,.611,.347,.281,1.214,.884,.536,.472,-13.95,-6.017,.474,2.72,.613,.667,1.184,28.07,7.23,1.161,6.32,1.797,.941,1.75,.665,.898,6.345,.772,.575,1.665,.206,.335,.695,.31,.404
101,2017,295,1740,11.88,.533,.322,.241,1.054,.772,.459,.41,-15.7,-6.303,.42,2.127,.504,.57,.931,7.39,6.198,1.015,5.543,1.489,.615,1.452,.516,.725,5.618,.675,.534,1.399,.169,.285,.576,.27,.338
101,2017,295,1750,11.88,.518,.338,.256,.988,.714,.464,.394,-17.35,-6.703,.422,2.099,.538,.568,.96,6.424,6.042,.95,5.714,1.57,.657,1.307,.469,.737,5.47,.655,.581,1.645,.166,.302,.548,.253,.374
101,2017,295,1800,11.87,.476,.266,.196,.838,.543,.395,.283,-19.42,-6.988,.328,1.615,.429,.456,.662,4.247,4.456,.821,4.322,1.107,.415,1.054,.384,.509,4.017,.477,.442,1.014,.131,.219,.459,.218,.268
101,2017,295,1810,11.87,.35,.176,.126,.617,.4,.261,.176,-19.69,-7.24,.208,1.057,.266,.327,.37,2.299,2.756,.553,2.756,.689,.241,.772,.256,.305,2.387,.302,.288,.541,.077,.142,.281,.114,.151
101,2017,295,1820,11.87,.204,.104,.074,.37,.241,.156,.107,-22.42,-7.45,.121,.617,.154,.194,.214,1.292,1.583,.348,1.615,.424,.141,.467,.156,.181,1.359,.179,.163,.338,.052,.079,.159,.06,.087
101,2017,295,1830,11.87,.09,.049,.034,.161,.109,.064,.049,-27.5,-7.68,.052,.268,.062,.085,.095,.571,.68,.146,.668,.191,.06,.209,.065,.082,.591,.085,.07,.159,.017,.037,.069,.034,.039
101,2017,295,1840,11.87,.015,.002,0,.032,.027,.01,.008,-28.94,-8.17,.007,.06,.01,.015,.023,.149,.171,.03,.156,.045,.012,.05,.01,.018,.154,.023,.012,.04,0,.002,.01,0,.003
101,2017,295,1850,11.87,0,0,0,0,0,0,0,-28.08,-8.55,0,0,0,0,0,.013,.015,0,.012,0,0,0,0,0,.013,0,0,0,0,0,0,0,0
101,2017,295,1900,11.87,0,0,0,0,0,0,0,-34.15,-8.93,0,0,0,0,0,0,0,0,0,0,0,0,0,0,0,0,0,0,0,0,0,0,0
101,2017,295,1910,11.87,0,0,0,0,0,0,0,-36.23,-9.58,0,0,0,0,0,0,0,0,0,0,0,0,0,0,0,0,0,0,0,0,0,0,0
101,2017,295,1920,11.87,0,0,0,0,0,0,0,-41.48,-9.92,0,0,0,0,0,0,0,0,0,0,0,0,0,0,0,0,0,0,0,0,0,0,0
101,2017,295,1930,11.87,0,0,0,0,0,0,0,-48.82,-10.39,0,0,0,0,0,0,0,0,0,0,0,0,0,0,0,0,0,0,0,0,0,0,0
101,2017,295,1940,11.87,0,0,0,0,0,0,0,-57.49,-10.95,0,0,0,0,0,0,0,0,0,0,0,0,0,0,0,0,0,0,0,0,0,0,0
101,2017,295,1950,11.86,0,0,0,0,0,0,0,-65.39,-12.09,0,0,0,0,0,0,0,0,0,0,0,0,0,0,0,0,0,0,0,0,0,0,0
101,2017,295,2000,11.86,0,0,0,0,0,0,0,-75.6,-13.15,0,0,0,0,0,0,0,0,0,0,0,0,0,0,0,0,0,0,0,0,0,0,0
101,2017,295,2010,11.86,0,0,0,0,0,0,0,-73.8,-12.58,0,0,0,0,0,0,0,0,0,0,0,0,0,0,0,0,0,0,0,0,0,0,0
101,2017,295,2020,11.86,0,0,0,0,0,0,0,-75.1,-12.47,0,0,0,0,0,0,0,0,0,0,0,0,0,0,0,0,0,0,0,0,0,0,0
101,2017,295,2030,11.86,0,0,0,0,0,0,0,-82.2,-12.94,0,0,0,0,0,0,0,0,0,0,0,0,0,0,0,0,0,0,0,0,0,0,0
101,2017,295,2040,11.86,0,0,0,0,0,0,0,-79.9,-13.13,0,0,0,0,0,0,0,0,0,0,0,0,0,0,0,0,0,0,0,0,0,0,0
101,2017,295,2050,11.86,0,0,0,0,0,0,0,-80.1,-12.72,0,0,0,0,0,0,0,0,0,0,0,0,0,0,0,0,0,0,0,0,0,0,0
101,2017,295,2100,11.86,0,0,0,0,0,0,0,-75.9,-13.08,0,0,0,0,0,0,0,0,0,0,0,0,0,0,0,0,0,0,0,0,0,0,0
101,2017,295,2110,11.86,0,0,0,0,0,0,0,-77.2,-13.66,0,0,0,0,0,0,0,0,0,0,0,0,0,0,0,0,0,0,0,0,0,0,0
101,2017,295,2120,11.86,0,0,0,0,0,0,0,-73.5,-14.34,0,0,0,0,0,0,0,0,0,0,0,0,0,0,0,0,0,0,0,0,0,0,0
101,2017,295,2130,11.86,0,0,0,0,0,0,0,-69.44,-13.87,0,0,0,0,0,0,0,0,0,0,0,0,0,0,0,0,0,0,0,0,0,0,0
101,2017,295,2140,11.86,0,0,0,0,0,0,0,-80.9,-13.42,0,0,0,0,0,0,0,0,0,0,0,0,0,0,0,0,0,0,0,0,0,0,0
101,2017,295,2150,11.86,0,0,0,0,0,0,0,-80.3,-13.52,0,0,0,0,0,0,0,0,0,0,0,0,0,0,0,0,0,0,0,0,0,0,0
101,2017,295,2200,11.86,0,0,0,0,0,0,0,-81.4,-13.8,0,0,0,0,0,0,0,0,0,0,0,0,0,0,0,0,0,0,0,0,0,0,0
101,2017,295,2210,11.86,0,0,0,0,0,0,0,-92.4,-15.02,0,0,0,0,0,0,0,0,0,0,0,0,0,0,0,0,0,0,0,0,0,0,0
101,2017,295,2220,11.86,0,0,0,0,0,0,0,-106.5,-16.5,0,0,0,0,0,0,0,0,0,0,0,0,0,0,0,0,0,0,0,0,0,0,0
101,2017,295,2230,11.86,0,0,0,0,0,0,0,-98.5,-16.85,0,0,0,0,0,0,0,0,0,0,0,0,0,0,0,0,0,0,0,0,0,0,0
101,2017,295,2240,11.86,0,0,0,0,0,0,0,-80.8,-16.48,0,0,0,0,0,0,0,0,0,0,0,0,0,0,0,0,0,0,0,0,0,0,0
101,2017,295,2250,11.86,0,0,0,0,0,0,0,-81.5,-16.82,0,0,0,0,0,0,0,0,0,0,0,0,0,0,0,0,0,0,0,0,0,0,0
101,2017,295,2300,11.86,0,0,0,0,0,0,0,-62.4,-15.62,0,0,0,0,0,0,0,0,0,0,0,0,0,0,0,0,0,0,0,0,0,0,0
101,2017,295,2310,11.85,0,0,0,0,0,0,0,-50.03,-15.39,0,0,0,0,0,0,0,0,0,0,0,0,0,0,0,0,0,0,0,0,0,0,0
101,2017,295,2320,11.85,0,0,0,0,0,0,0,-49.29,-15.52,0,0,0,0,0,0,0,0,0,0,0,0,0,0,0,0,0,0,0,0,0,0,0
101,2017,295,2330,11.85,0,0,0,0,0,0,0,-54.11,-15.9,0,0,0,0,0,0,0,0,0,0,0,0,0,0,0,0,0,0,0,0,0,0,0
101,2017,295,2340,11.85,0,0,0,0,0,0,0,-65.85,-16.96,0,0,0,0,0,0,0,0,0,0,0,0,0,0,0,0,0,0,0,0,0,0,0
101,2017,295,2350,11.85,0,0,0,0,0,0,0,-69.38,-16.61,0,0,0,0,0,0,0,0,0,0,0,0,0,0,0,0,0,0,0,0,0,0,0
101,2017,295,2400,11.85,0,0,0,0,0,0,0,-63.47,-16.2,0,0,0,0,0,0,0,0,0,0,0,0,0,0,0,0,0,0,0,0,0,0,0
102,2017,295,2400,11.84,5266
101,2017,296,10,11.85,0,0,0,0,0,0,0,-66.74,-16.54,0,0,0,0,0,0,0,0,0,0,0,0,0,0,0,0,0,0,0,0,0,0,0
101,2017,296,20,11.85,0,0,0,0,0,0,0,-71.3,-17.18,0,0,0,0,0,0,0,0,0,0,0,0,0,0,0,0,0,0,0,0,0,0,0
101,2017,296,30,11.85,0,0,0,0,0,0,0,-64.44,-16.62,0,0,0,0,0,0,0,0,0,0,0,0,0,0,0,0,0,0,0,0,0,0,0
101,2017,296,40,11.85,0,0,0,0,0,0,0,-53.65,-16.07,0,0,0,0,0,0,0,0,0,0,0,0,0,0,0,0,0,0,0,0,0,0,0
101,2017,296,50,11.85,0,0,0,0,0,0,0,-46.53,-15.55,0,0,0,0,0,0,0,0,0,0,0,0,0,0,0,0,0,0,0,0,0,0,0
101,2017,296,100,11.85,0,0,0,0,0,0,0,-43.86,-15.56,0,0,0,0,0,0,0,0,0,0,0,0,0,0,0,0,0,0,0,0,0,0,0
101,2017,296,110,11.85,0,0,0,0,0,0,0,-43.24,-15.56,0,0,0,0,0,0,0,0,0,0,0,0,0,0,0,0,0,0,0,0,0,0,0
101,2017,296,120,11.85,0,0,0,0,0,0,0,-42.3,-15.72,0,0,0,0,0,0,0,0,0,0,0,0,0,0,0,0,0,0,0,0,0,0,0
101,2017,296,130,11.85,0,0,0,0,0,0,0,-42.73,-15.64,0,0,0,0,0,0,0,0,0,0,0,0,0,0,0,0,0,0,0,0,0,0,0
101,2017,296,140,11.85,0,0,0,0,0,0,0,-42.6,-15.44,0,0,0,0,0,0,0,0,0,0,0,0,0,0,0,0,0,0,0,0,0,0,0
101,2017,296,150,11.85,0,0,0,0,0,0,0,-41.83,-15.44,0,0,0,0,0,0,0,0,0,0,0,0,0,0,0,0,0,0,0,0,0,0,0
101,2017,296,200,11.85,0,0,0,0,0,0,0,-41.69,-15.51,0,0,0,0,0,0,0,0,0,0,0,0,0,0,0,0,0,0,0,0,0,0,0
101,2017,296,210,11.85,0,0,0,0,0,0,0,-50.24,-15.78,0,0,0,0,0,0,0,0,0,0,0,0,0,0,0,0,0,0,0,0,0,0,0
101,2017,296,220,11.85,0,0,0,0,0,0,0,-48.08,-15.62,0,0,0,0,0,0,0,0,0,0,0,0,0,0,0,0,0,0,0,0,0,0,0
101,2017,296,230,11.85,0,0,0,0,0,0,0,-44.59,-15.32,0,0,0,0,0,0,0,0,0,0,0,0,0,0,0,0,0,0,0,0,0,0,0
101,2017,296,240,11.85,0,0,0,0,0,0,0,-44.62,-15.14,0,0,0,0,0,0,0,0,0,0,0,0,0,0,0,0,0,0,0,0,0,0,0
101,2017,296,250,11.84,0,0,0,0,0,0,0,-43.3,-15.17,0,0,0,0,0,0,0,0,0,0,0,0,0,0,0,0,0,0,0,0,0,0,0
101,2017,296,300,11.85,0,0,0,0,0,0,0,-44.01,-15.04,0,0,0,0,0,0,0,0,0,0,0,0,0,0,0,0,0,0,0,0,0,0,0
101,2017,296,310,11.85,0,0,0,0,0,0,0,-45.91,-15.15,0,0,0,0,0,0,0,0,0,0,0,0,0,0,0,0,0,0,0,0,0,0,0
101,2017,296,320,11.85,0,0,0,0,0,0,0,-50.61,-15.4,0,0,0,0,0,0,0,0,0,0,0,0,0,0,0,0,0,0,0,0,0,0,0
101,2017,296,330,11.85,0,0,0,0,0,0,0,-56.76,-15.97,0,0,0,0,0,0,0,0,0,0,0,0,0,0,0,0,0,0,0,0,0,0,0
101,2017,296,340,11.84,0,0,0,0,0,0,0,-63.65,-16.26,0,0,0,0,0,0,0,0,0,0,0,0,0,0,0,0,0,0,0,0,0,0,0
101,2017,296,350,11.85,0,0,0,0,0,0,0,-68.1,-16.53,0,0,0,0,0,0,0,0,0,0,0,0,0,0,0,0,0,0,0,0,0,0,0
101,2017,296,400,11.84,0,0,0,0,0,0,0,-71.9,-16.82,0,0,0,0,0,0,0,0,0,0,0,0,0,0,0,0,0,0,0,0,0,0,0
101,2017,296,410,11.84,0,0,0,0,0,0,0,-73.6,-17.16,0,0,0,0,0,0,0,0,0,0,0,0,0,0,0,0,0,0,0,0,0,0,0
101,2017,296,420,11.84,0,0,0,0,0,0,0,-68.39,-16.62,0,0,0,0,0,0,0,0,0,0,0,0,0,0,0,0,0,0,0,0,0,0,0
101,2017,296,430,11.84,0,0,0,0,0,0,0,-61.75,-16.19,0,0,0,0,0,0,0,0,0,0,0,0,0,0,0,0,0,0,0,0,0,0,0
101,2017,296,440,11.84,0,0,0,0,0,0,0,-57.37,-15.92,0,0,0,0,0,0,0,0,0,0,0,0,0,0,0,0,0,0,0,0,0,0,0
101,2017,296,450,11.84,0,0,0,0,0,0,0,-52.78,-15.49,0,0,0,0,0,0,0,0,0,0,0,0,0,0,0,0,0,0,0,0,0,0,0
101,2017,296,500,11.84,0,0,0,0,0,0,0,-54.08,-15.39,0,0,0,0,0,0,0,0,0,0,0,0,0,0,0,0,0,0,0,0,0,0,0
101,2017,296,510,11.84,0,0,0,0,0,0,0,-53.6,-15.53,0,0,0,0,0,0,0,0,0,0,0,0,0,0,0,0,0,0,0,0,0,0,0
101,2017,296,520,11.84,0,0,0,0,0,0,0,-50.31,-15.27,0,0,0,0,0,0,0,0,0,0,0,0,0,0,0,0,0,0,0,0,0,0,0
101,2017,296,530,11.84,0,0,0,0,0,0,0,-45.62,-15.15,0,0,0,0,0,.007,.008,0,.012,0,0,.003,0,0,.003,0,0,0,0,0,0,0,0
101,2017,296,540,11.84,.022,.005,.002,.034,.02,.012,.005,-37.17,-14.91,.007,.055,.005,.018,.013,.074,.102,.039,.122,.039,.005,.049,.013,.015,.08,.012,.012,.022,0,.007,.005,.002,0
101,2017,296,550,11.84,.082,.047,.032,.144,.08,.057,.039,-33.27,-13.92,.044,.255,.045,.08,.059,.369,.478,.151,.561,.161,.044,.206,.059,.06,.38,.052,.055,.089,.023,.034,.044,.028,.028
101,2017,296,600,11.84,.228,.122,.067,.385,.221,.153,.091,-34.16,-13.65,.107,.655,.126,.223,.161,.999,1.28,.397,1.535,.407,.111,.545,.163,.161,1.002,.136,.147,.228,.049,.082,.106,.049,.067
101,2017,296,610,11.84,.411,.223,.122,.694,.392,.283,.163,-30.3,-13.61,.201,1.24,.216,.397,.29,2.333,2.37,.744,2.841,.719,.198,1.012,.298,.292,1.828,.245,.266,.387,.084,.146,.194,.092,.117
101,2017,296,620,11.84,.59,.334,.181,1.041,.546,.409,.233,-32.06,-13.52,.292,1.849,.315,.566,.414,3.781,3.509,1.193,4.212,1.071,.282,1.512,.431,.429,2.663,.357,.394,.523,.126,.213,.277,.142,.168
101,2017,296,630,11.84,.781,.426,.233,1.376,.721,.516,.3,-33.02,-13.46,.372,2.544,.411,.758,.504,4.347,4.555,1.797,6.079,1.409,.365,2.004,.587,.553,3.444,.444,.778,.674,.169,.277,.355,.179,.215
101,2017,296,640,11.84,.96,.496,.29,1.671,.878,.649,.372,-34.55,-13.24,.458,4.959,.54,.952,.605,5.571,5.531,4.709,21.85,1.929,.434,3.045,.788,.684,4.245,.53,.602,.809,.211,.339,.424,.223,.263
101,2017,296,650,11.84,1.14,.58,.36,1.984,1.049,.799,.429,-34.99,-12.98,.563,6.721,.826,1.217,.758,7.75,6.375,10.2,32.31,11.34,.499,3.858,.892,.806,4.74,.654,.742,.939,.251,.404,.468,.272,.325
101,2017,296,700,11.84,1.326,.669,.432,2.326,1.269,1.021,.717,-40.93,-12.47,.699,11.54,1.133,1.617,.918,8.41,7.04,17.62,39.28,12.66,.575,4.208,1.508,1.309,5.541,.861,.925,1.049,.297,.447,.545,.877,.367
101,2017,296,710,11.85,1.523,.768,.518,2.67,1.512,1.272,1.48,-60.03,-11.28,.866,17.68,1.301,2.144,1.037,8.76,7.81,22.3,45.66,11.67,.65,5.201,9.3,1.758,6.342,2.968,1.239,1.148,.345,.503,.618,5.576,.416
101,2017,296,720,11.85,1.721,.865,.627,3.255,1.771,1.574,3.062,-52.42,-9.48,1.037,23.98,1.45,2.851,1.136,9.12,8.55,27.28,52.06,5.199,.731,5.591,10.13,3.387,6.213,1.579,16.14,1.237,.389,.572,.675,2.479,.442
101,2017,296,730,11.85,1.953,.96,.763,3.424,2.08,4.091,3.789,-41.24,-8.51,1.257,28.35,3.142,5.598,1.24,9.52,9.33,32.77,58.21,3.655,.939,6.223,3.344,5.499,6.645,.923,42.77,1.337,.427,.645,1.353,.488,.478
101,2017,296,740,11.85,2.222,1.091,.949,3.801,2.524,12.33,2.087,-36.97,-9.32,23.94,32.15,1.699,6.261,1.336,10.62,10.19,38.37,64.1,11.24,.84,7.55,2.269,4.12,7.17,.985,36.25,1.433,.442,.709,.779,.451,.523
101,2017,296,750,11.85,2.764,1.312,1.089,13.45,2.908,17.66,.84,-37.17,-9.75,30.33,35.07,1.549,24.88,1.416,12.02,12.77,43.84,69.72,39.28,.91,12.04,3.196,2.201,7.62,1.068,11.67,1.515,.474,.778,.841,.488,.587
101,2017,296,800,11.85,7.61,1.706,1.198,46.59,3.105,22.3,.871,-40.15,-9.33,7.22,38.46,1.553,22.89,1.503,12.09,21.43,49.42,75.4,57.53,.927,25.72,3.232,2.098,7.98,1.195,1.714,1.594,2.386,.824,.9,.533,2.988