101,2017,223,850,12.2,1.363,1.265,.578,3.756,2.511,2.107,.753,-60.7,-28.53,.784,92.7,1.319,1.554,1.267,11.89,20.15,2.889,66.58,3.89,.664,32.29,1.899,27.37,10.37,2.847,.937,2.217,.31,.437,.944,.335,.444
101,2017,223,900,12.2,1.329,.679,.657,20.47,2.961,4.002,.647,-77.7,-26.71,.823,97.2,1.359,1.604,1.368,15.04,25.66,3.087,71.5,3.689,.711,33.48,1.994,1.929,9.66,10.13,1.039,2.311,.35,.439,1.011,.352,.466
101,2017,223,910,12.2,1.398,.709,.761,37.67,3.159,3.682,.667,-79,-26.65,.887,101.1,1.443,1.725,1.441,19.38,30.3,3.271,75.9,6.69,.771,32.54,16.64,2.343,9.35,1.29,1.098,2.402,.375,.483,1.049,.364,.471
101,2017,223,920,12.2,1.463,.747,.851,40.61,3.221,2.232,.652,-105.2,-25.33,.928,104.5,1.441,4.614,1.515,24.23,34.56,3.318,79.9,4.237,.833,33.48,43.16,1.941,9.53,1.329,1.156,2.479,1.582,.508,1.076,.392,.56
101,2017,223,930,12.2,1.508,.759,3.687,43.18,3.282,1.973,.667,-106.3,-25.01,.957,107.7,1.413,8.65,1.644,28.89,38.52,3.33,83.8,38.6,.928,31.3,3.945,3.327,9.75,1.366,1.178,2.551,.385,.506,1.131,.409,.903
101,2017,223,940,12.2,1.507,.793,14.68,45.49,19.52,2.355,.699,-110,-26.96,.999,110.2,1.466,4.994,1.778,33.58,42.42,3.375,87.2,9.29,1.096,20.07,2.904,4.456,9.96,1.535,1.249,2.625,.401,.526,1.182,.436,.545
101,2017,223,950,12.2,1.547,.863,8.83,47.65,40.24,5.393,3.633,-107.8,-27.68,1.042,112.5,1.503,2.039,2.897,38.08,41.06,3.405,90.4,4.823,1.123,7.29,4.25,75.3,10.3,1.594,1.336,2.738,.409,.538,1.212,.436,.637
101,2017,223,1000,12.2,1.798,.932,19.82,49.37,50.52,20.3,7.45,-116.6,-24.72,1.129,114.1,1.506,1.778,3.747,42.57,26.23,3.539,93.4,55.72,1.185,5.079,42.28,81.2,10.71,1.774,1.396,2.899,.411,.57,1.248,.436,.635
101,2017,223,1010,12.2,1.689,.999,43.79,50.75,61.05,7.72,1.233,-121.8,-23.06,1.154,116,1.654,1.738,3.84,47.87,16.58,3.557,95.9,56.91,1.26,5.191,26.25,64.7,11.24,2.2,5.194,2.987,.431,.588,1.287,.486,1.166
101,2017,223,1020,12.2,1.808,1.196,5.261,39.19,70.1,3.391,6.343,-127.4,-22.3,1.228,117.4,1.677,1.727,3.619,52.73,15.11,3.642,98.1,10.7,1.297,6.444,2.811,9.25,12.73,4.582,3.334,3.138,.436,.617,1.327,.472,.687
101,2017,223,1030,12.2,1.893,1.124,1.332,25.16,74.4,4.294,1.833,-123,-23.09,1.303,118.5,1.659,1.707,2.399,57.71,10.88,3.788,100.4,9.19,1.397,8.18,1.811,4.865,15.04,2.299,27.58,3.322,.434,.637,1.384,.493,.746
101,2017,223,1040,12.2,1.898,1.196,1.258,31.14,78,9.39,4.901,-100.5,-22.09,3.198,119.4,1.696,1.697,2.17,62.71,13.74,3.751,102.2,12.08,1.501,9.69,1.65,1.828,17.96,2.418,21.74,3.594,.436,.697,1.424,.533,12.31
101,2017,223,1050,12.2,2.009,1.26,1.19,41.38,80.8,21.24,.895,-140.3,-21.99,2.173,119.9,1.726,1.649,2.302,67.45,10.81,3.731,103.8,57.68,1.602,6.839,1.52,2.108,21.52,2.527,1.94,14.69,.446,1.712,1.446,.586,.771
101,2017,223,1100,12.2,1.982,1.312,1.161,51.22,81.1,8.06,.854,-150.5,-21.32,1.287,120.2,1.784,1.63,2.146,72.3,10.83,3.726,105.5,99.3,1.964,5.376,1.523,1.724,25.57,2.537,1.694,22.21,.459,2.099,1.483,2.831,.784
101,2017,223,1110,12.2,2.066,1.414,12.92,47.16,20.88,6.238,.846,-6999,-22.86,1.278,120.1,1.907,1.575,11.87,76.9,10.93,3.793,106.5,103.6,4.055,4.552,1.422,1.706,29.08,2.461,12.8,35.27,.471,1.054,1.525,.776,.818
101,2017,223,1120,12.21,2.128,2.066,22.65,42.21,2.528,4.302,.843,-161.8,-24.74,1.826,119.9,2.54,1.577,4.08,80.9,12.35,3.574,107.6,104.9,2.315,4.534,1.381,1.696,31.92,2.302,27.2,58.16,.483,.761,1.587,.648,.846
101,2017,223,1130,12.21,2.14,7.12,27.71,27.69,2.096,4.683,.848,-151.1,-23.69,1.277,119.4,17.15,1.607,3.034,85,10.92,3.53,108.2,90,2.3,4.373,1.349,1.801,34.64,2.145,26.65,70.2,.506,.779,1.763,.672,.866
101,2017,223,1140,12.21,2.171,6.707,2.151,51.71,1.935,5.608,.881,-143.8,-26.57,1.288,118.3,3.478,1.598,21.66,87.9,11.17,3.627,108.5,18.72,2.691,4.281,1.29,2.602,36.85,2.089,35.74,73.1,.965,.808,2.004,.774,.908
101,2017,223,1150,12.21,2.233,19.41,16.67,54.6,6.782,32.65,.906,-122.7,-25.44,1.307,117.5,19.89,1.592,8.46,91,11.33,3.54,108.9,86.8,4.106,4.142,1.285,1.845,38.61,2.069,43.56,76.1,.856,.841,2.123,.749,.947
101,2017,223,1200,12.21,2.971,18.85,14.06,18.48,2.533,1.895,.906,-117.3,-26.37,1.26,116.1,1.975,1.684,12.86,93.7,11.37,3.433,109.4,45.27,6.289,5.065,1.273,2.982,40.92,2.062,2.826,78.9,.756,.863,2.25,.754,.992
101,2017,223,1210,12.21,2.17,17.82,29.91,27.83,1.657,1.794,.895,-114,-27.77,1.238,114.5,1.97,1.628,19.71,96.1,15.16,3.406,109.1,77.2,6.698,4.741,1.268,22.68,43.52,2.049,1.85,81.4,1.102,.891,2.357,.781,1.052
101,2017,223,1220,12.21,2.186,11.12,1.178,14.08,1.642,4.147,.911,-110.3,-29.53,1.252,112.9,2.215,1.583,12.99,98.3,59.9,3.461,108.7,100.2,4.922,3.877,1.272,15.55,45.96,2.047,1.92,83.3,.957,1.014,2.52,.801,1.128
101,2017,223,1230,12.21,2.309,6.718,1.01,7.47,28.54,1.402,.915,-109.9,-24.99,1.24,111,53.05,1.982,4.661,100,85.5,3.508,107.6,97.3,3.239,3.897,1.275,7.04,48.28,2.066,1.965,85.6,.66,12.46,6.082,.814,1.226
101,2017,223,1240,12.21,4.143,1.411,1.372,3.57,2.52,5.653,.908,-103.6,-25.53,2.604,108.6,39.97,1.927,2.48,101.5,66.32,3.445,106.8,99.5,23.02,3.453,1.292,27.95,50.33,2.072,2.295,86.8,.687,2.049,3.785,.849,1.278
101,2017,223,1250,12.21,2.369,2.667,2.024,3.45,1.531,6.509,.927,-101.1,-26.64,1.813,106.3,2.158,1.843,2.453,102.9,55.53,3.173,105.8,17.62,78.5,3.331,1.324,2.342,52.09,2.113,7.64,88.1,.652,1.05,2.734,6.744,1.265
101,2017,223,1300,12.21,1.873,2.634,.843,3.272,1.513,35.79,2.459,3.971,-28.03,1.218,100.7,2.103,1.506,2.418,104.1,43.79,3.073,104.9,7.76,60.85,3.269,1.345,30.92,53.8,2.114,3.751,89.4,.68,1.32,2.689,5.591,1.26
101,2017,223,1310,12.21,1.754,6.884,1.771,3.158,1.493,1.334,1.3,-35.11,-27.95,1.422,97.6,2.165,1.488,2.476,104.9,32.1,3.15,103.2,5.755,13.11,3.135,2.113,57.44,55.18,9.82,74.1,90.1,.692,2.272,2.746,5.598,1.332
101,2017,223,1320,12.21,1.685,1.575,8.06,2.962,1.51,1.307,6.224,-71.4,-28.93,1.203,97.5,2.215,1.53,2.491,106,52.73,3.076,101.1,5.44,3.89,3.084,1.235,69.59,56.44,2.133,76,91.7,.697,8.92,2.945,1.902,1.325
101,2017,223,1330,12.21,1.669,1.089,6.164,3.247,1.483,1.769,1.267,-20.18,-29.33,17.83,94.7,4.284,2.965,2.545,106.3,33.08,2.947,99.8,4.855,4.148,3.073,2.935,74.5,57.48,2.056,22.15,91.5,.719,13.55,3.103,1.081,1.206
101,2017,223,1340,12.21,1.6,1.032,.834,3.076,1.486,1.24,5.34,-68.7,-27.91,8.77,83.1,21.08,1.479,2.56,106.8,42.67,2.934,97.4,4.127,3.924,3.026,1.355,34.89,58.37,2.109,15.37,92.2,.729,1.324,3.193,1.032,1.205
101,2017,223,1350,12.21,1.612,.965,.71,2.838,1.769,1.731,1.382,-89.9,-26.66,4.195,87.3,51.6,1.602,2.733,107.1,12.66,2.873,96.1,4.155,3.647,3.001,1.287,31.61,59.11,2,8.08,92,.73,3.239,3.234,.953,1.233
101,2017,223,1400,12.21,1.568,.903,.687,2.692,1.432,1.984,.935,-96,-27.56,1.381,83.3,4.544,1.439,2.935,107.2,14.72,2.764,93.3,4.085,3.776,3.066,3.242,20.41,59.64,1.962,2.58,92.4,.715,1.898,3.255,.93,1.268
101,2017,223,1410,12.21,1.444,.839,.799,2.617,1.401,1.637,1.024,-95.8,-27.71,11.05,79.1,2.619,1.766,3.307,106.9,10.7,2.694,90.5,3.917,3.533,4.249,16.8,1.628,59.96,1.994,2.419,92.2,.717,1.602,3.317,.931,1.461
101,2017,223,1420,12.21,1.374,.771,.926,2.567,1.394,2.985,1.091,-92.7,-27.85,23.72,74.4,2.332,6.297,3.392,106.2,10.69,2.64,87.4,3.758,4.672,5.23,3.449,1.525,59.98,1.948,2.302,91.5,.719,3.982,2.578,.925,1.727
101,2017,223,1430,12.21,1.325,.74,.757,2.494,1.369,4.64,2.072,-91.2,-26.62,1.22,66.45,2.325,15.51,5.153,105.3,10.68,2.602,84.4,3.622,6.83,14.33,14.98,13.1,59.72,1.992,2.324,90.2,.724,39.53,1.945,.829,1.766
101,2017,223,1440,12.21,1.223,.715,.611,2.556,1.352,1.437,12.59,-107.4,-24.52,1.233,61.77,2.256,3.121,9.69,104.4,19.91,2.551,82,4.608,7.13,10.08,6.615,1.531,59.54,2.669,2.081,89.2,2.263,3.196,1.823,.745,2.72
101,2017,223,1450,12.21,1.541,.663,.581,2.578,1.312,1.139,21.25,-153.8,-23.25,13.74,58.16,2.178,1.333,16.24,102.9,14.15,2.483,77.8,4.153,7.08,3.898,2.34,1.354,58.9,14.21,1.955,87.7,16.88,1.933,1.712,.63,6.32
101,2017,223,1500,12.21,1.198,.616,.558,3.109,1.328,1.704,17.53,-87.5,-20.02,9.87,54.18,2.096,1.268,13.63,101.3,30.3,2.427,72.8,3.367,27.1,2.881,1.05,1.297,58.29,2.261,1.87,59.11,7.88,7.8,1.596,.556,5.046
101,2017,223,1510,12.21,1.183,.59,.534,2.463,2.012,1.124,1.61,-89,-19.9,17.22,41.55,2.161,1.233,2.999,99.2,38.33,2.394,68.17,3.283,76.4,2.851,.945,1.236,57.06,2.211,1.833,5.887,.955,3.188,1.528,.508,1.132
101,2017,223,1520,12.21,1.26,.549,2.557,2.352,1.288,6.582,.833,-82.1,-20.34,71.3,42.39,2.103,1.189,6.993,97,64.54,2.277,62.82,3.181,73,2.793,.89,1.31,55.94,11.75,1.868,3.907,.705,7.54,1.501,.464,.945
101,2017,223,1530,12.21,1.06,.544,.503,2.339,7.75,8.07,.804,-58.35,-20.5,43.69,36.21,1.831,4.359,5.328,94.3,73.3,2.213,58.35,3.135,63.04,2.681,.873,1.508,54.6,51.39,3.617,3.694,.529,1.116,1.496,.444,.841
101,2017,223,1540,12.21,1.04,.509,.536,2.287,3.991,2.088,.776,-76.5,-18.12,4.456,32.07,1.711,1.987,3.106,91.4,76,2.093,52.69,3.755,43.47,2.545,.799,1.109,53.08,19.07,1.613,3.486,.442,.898,1.444,.436,.751
101,2017,223,1550,12.21,1.024,.476,.457,2.578,1.984,3.619,.747,-29.41,-16.6,.997,26.69,1.587,2.312,2.225,88.2,72.9,1.969,47.64,3.006,20.68,2.451,.781,1.047,51.26,3.87,1.342,3.306,.399,.69,1.444,.434,.672
101,2017,223,1600,12.21,.945,.451,.417,2.195,1.143,.792,.704,-49.12,-16.91,.851,22.77,1.469,1.414,3.048,84.6,69.4,1.868,41.97,2.82,2.887,2.396,.724,1.004,49.17,1.506,1.102,3.156,.357,.534,1.429,.469,.6
101,2017,223,1610,12.21,.911,.456,.379,2.069,1.047,.705,.668,-73.9,-15.76,.727,18.45,1.339,.963,1.684,80.7,65.66,1.803,26.85,2.389,2.084,2.324,.694,2.336,37.84,1.293,.928,2.95,.312,.454,1.437,.452,.534
101,2017,223,1620,12.21,.876,.436,.343,1.952,.968,.662,2.364,-49.49,-14.42,.643,14.42,1.196,.89,1.476,76.1,61.14,1.732,7.75,2.017,1.087,2.228,.657,1.942,11.7,2.347,.836,2.806,.28,.429,1.386,.39,.488
101,2017,223,1630,12.21,.836,.434,.335,1.88,.918,.623,14.44,-83.9,-12.3,.593,11.45,.844,.831,1.319,71.1,56.36,1.647,7.25,1.843,.98,2.158,.655,.901,11.33,5.289,.756,2.719,.26,.395,1.272,.342,.471
101,2017,223,1640,12.21,.816,.412,.305,1.803,.886,3.89,3.724,-87.3,-12.94,.555,8.8,.675,.786,1.198,65.27,38.59,1.54,6.904,1.727,.913,2.076,1.489,.916,28.33,25.1,.71,2.605,.25,.367,1.196,.31,.461
101,2017,223,1650,12.21,.747,.38,.286,1.731,.846,1.453,.566,-98.6,-12.56,.519,7.99,.625,.739,1.092,58.08,12.37,1.434,6.578,1.632,.866,1.997,5.262,.89,23.51,33.25,.697,2.466,.235,.338,1.069,.275,.436
101,2017,223,1700,12.21,.694,.348,.268,1.62,.804,.504,.441,-97.5,-11.62,.479,7.47,.585,.7,1.012,50.18,11.93,1.344,6.204,1.533,.797,1.823,.596,1.057,31.46,26.41,.697,2.307,.209,.308,.978,.235,.432
101,2017,223,1710,12.2,.642,.313,.25,1.488,.736,.454,.39,-92.1,-11.18,.442,6.898,.528,.647,.947,41.1,8.26,1.252,5.69,1.396,.72,1.719,.556,.643,27.08,16.94,.652,2.118,.193,.28,.88,.209,.397
101,2017,223,1720,12.2,.565,.283,.216,1.314,.638,.431,.327,-92.2,-11.54,.416,6.184,.469,.576,.854,32.93,7.29,1.183,5.073,1.248,.633,1.501,.719,.57,22.37,4.272,.541,1.856,.169,.251,.766,.183,.34
101,2017,223,1730,12.21,.493,.25,.193,1.139,.546,.37,.275,-96.7,-7.31,.352,5.335,.426,.504,.637,21.93,6.228,1.002,4.388,1.084,.534,1.265,.402,.471,6.429,.635,.416,1.572,.151,.213,.642,.154,.28
101,2017,223,1740,12.2,.424,.208,.152,.93,.447,.302,.218,-93.1,-9.15,.281,4.319,.342,.427,.481,7.26,5.073,.757,3.517,.863,.429,1.005,.32,.394,4.135,.472,.325,1.233,.114,.176,.506,.124,.218
101,2017,223,1750,12.2,.328,.152,.116,.684,.35,.218,.156,-102.9,-8.93,.203,3.131,.248,.325,.365,3.612,3.456,.543,2.542,.618,.31,.736,.236,.286,2.95,.357,.233,.873,.085,.124,.385,.087,.152
101,2017,223,1800,12.2,.199,.089,.067,.426,.211,.132,.094,-111,-9.73,.122,1.828,.142,.194,.218,2.042,1.989,.347,1.481,.377,.178,.444,.137,.171,1.709,.209,.139,.506,.049,.077,.23,.052,.089
101,2017,223,1810,12.2,.09,.037,.028,.184,.087,.054,.044,-106,-9.45,.047,.73,.06,.082,.087,.819,.809,.146,.608,.164,.07,.191,.057,.07,.702,.092,.059,.223,.028,.037,.096,.027,.039
101,2017,223,1820,12.2,.015,.005,0,.039,.02,.012,.007,-105.4,-9.63,.012,.166,.015,.018,.022,.201,.196,.032,.141,.039,.02,.042,.012,.017,.174,.023,.013,.057,0,.002,.023,0,.005
101,2017,223,1830,12.2,0,0,0,0,0,0,0,-104.3,-9.9,0,.017,0,0,0,.022,.02,0,.012,0,0,0,0,0,.017,0,0,.002,0,0,0,0,0
101,2017,223,1840,12.2,0,0,0,0,0,0,0,-105.2,-9.81,0,0,0,0,0,0,0,0,0,0,0,0,0,0,0,0,0,0,0,0,0,0,0
101,2017,223,1850,12.2,0,0,0,0,0,0,0,-106.1,-9.52,0,0,0,0,0,0,0,0,0,0,0,0,0,0,0,0,0,0,0,0,0,0,0
101,2017,223,1900,12.2,0,0,0,0,0,0,0,-104.7,-8.98,0,0,0,0,0,0,0,0,0,0,0,0,0,0,0,0,0,0,0,0,0,0,0
101,2017,223,1910,12.2,0,0,0,0,0,0,0,-102.7,-8.55,0,0,0,0,0,0,0,0,0,0,0,0,0,0,0,0,0,0,0,0,0,0,0
101,2017,223,1920,12.2,0,0,0,0,0,0,0,-104.2,-9.12,0,0,0,0,0,0,0,0,0,0,0,0,0,0,0,0,0,0,0,0,0,0,0
101,2017,223,1930,12.2,0,0,0,0,0,0,0,-105.4,-9.42,0,0,0,0,0,0,0,0,0,0,0,0,0,0,0,0,0,0,0,0,0,0,0
101,2017,223,1940,12.2,0,0,0,0,0,0,0,-99.4,-7.98,0,0,0,0,0,0,0,0,0,0,0,0,0,0,0,0,0,0,0,0,0,0,0
101,2017,223,1950,12.2,0,0,0,0,0,0,0,-98,-7.91,0,0,0,0,0,0,0,0,0,0,0,0,0,0,0,0,0,0,0,0,0,0,0
101,2017,223,2000,12.2,0,0,0,0,0,0,0,-97.7,-7.45,0,0,0,0,0,0,0,0,0,0,0,0,0,0,0,0,0,0,0,0,0,0,0
101,2017,223,2010,12.2,0,0,0,0,0,0,0,-95.5,-6.474,0,0,0,0,0,0,0,0,0,0,0,0,0,0,0,0,0,0,0,0,0,0,0
101,2017,223,2020,12.2,0,0,0,0,0,0,0,-92.1,-6.29,0,0,0,0,0,0,0,0,0,0,0,0,0,0,0,0,0,0,0,0,0,0,0
101,2017,223,2030,12.2,0,0,0,0,0,0,0,-89.1,-6.287,0,0,0,0,0,0,0,0,0,0,0,0,0,0,0,0,0,0,0,0,0,0,0
101,2017,223,2040,12.19,0,0,0,0,0,0,0,-87.9,-6.34,0,0,0,0,0,0,0,0,0,0,0,0,0,0,0,0,0,0,0,0,0,0,0
101,2017,223,2050,12.19,0,0,0,0,0,0,0,-81.8,-5.591,0,0,0,0,0,0,0,0,0,0,0,0,0,0,0,0,0,0,0,0,0,0,0
101,2017,223,2100,12.19,0,0,0,0,0,0,0,-77.1,-5.938,0,0,0,0,0,0,0,0,0,0,0,0,0,0,0,0,0,0,0,0,0,0,0
101,2017,223,2110,12.19,0,0,0,0,0,0,0,-82.8,-5.737,0,0,0,0,0,0,0,0,0,0,0,0,0,0,0,0,0,0,0,0,0,0,0
101,2017,223,2120,12.19,0,0,0,0,0,0,0,-100.4,-5.167,0,0,0,0,0,0,0,0,0,0,0,0,0,0,0,0,0,0,0,0,0,0,0
101,2017,223,2130,12.19,0,0,0,0,0,0,0,-104.2,-4.654,0,0,0,0,0,0,0,0,0,0,0,0,0,0,0,0,0,0,0,0,0,0,0
101,2017,223,2140,12.19,0,0,0,0,0,0,0,-104.2,-3.158,0,0,0,0,0,0,0,0,0,0,0,0,0,0,0,0,0,0,0,0,0,0,0
101,2017,223,2150,12.19,0,0,0,0,0,0,0,-97.6,-2.609,0,0,0,0,0,0,0,0,0,0,0,0,0,0,0,0,0,0,0,0,0,0,0
101,2017,223,2200,12.19,0,0,0,0,0,0,0,-86.8,-2.534,0,0,0,0,0,0,0,0,0,0,0,0,0,0,0,0,0,0,0,0,0,0,0
101,2017,223,2210,12.19,0,0,0,0,0,0,0,-99.5,-1.658,0,0,0,0,0,0,0,0,0,0,0,0,0,0,0,0,0,0,0,0,0,0,0
101,2017,223,2220,12.2,0,0,0,0,0,0,0,-106.4,-1.896,0,0,0,0,0,0,0,0,0,0,0,0,0,0,0,0,0,0,0,0,0,0,0
101,2017,223,2230,12.2,0,0,0,0,0,0,0,-108.3,-1.937,0,0,0,0,0,0,0,0,0,0,0,0,0,0,0,0,0,0,0,0,0,0,0
101,2017,223,2240,12.2,0,0,0,0,0,0,0,-105.6,-1.721,0,0,0,0,0,0,0,0,0,0,0,0,0,0,0,0,0,0,0,0,0,0,0
101,2017,223,2250,12.19,0,0,0,0,0,0,0,-103.1,-1.007,0,0,0,0,0,0,0,0,0,0,0,0,0,0,0,0,0,0,0,0,0,0,0
101,2017,223,2300,12.2,0,0,0,0,0,0,0,-106.2,-1.929,0,0,0,0,0,0,0,0,0,0,0,0,0,0,0,0,0,0,0,0,0,0,0
101,2017,223,2310,12.19,0,0,0,0,0,0,0,-107.1,-1.232,0,0,0,0,0,0,0,0,0,0,0,0,0,0,0,0,0,0,0,0,0,0,0
101,2017,223,2320,12.2,0,0,0,0,0,0,0,-107,-1.289,0,0,0,0,0,0,0,0,0,0,0,0,0,0,0,0,0,0,0,0,0,0,0
101,2017,223,2330,12.2,0,0,0,0,0,0,0,-101.9,-.93,0,0,0,0,0,0,0,0,0,0,0,0,0,0,0,0,0,0,0,0,0,0,0
101,2017,223,2340,12.2,0,0,0,0,0,0,0,-97.5,-.525,0,0,0,0,0,0,0,0,0,0,0,0,0,0,0,0,0,0,0,0,0,0,0
101,2017,223,2350,12.2,0,0,0,0,0,0,0,-102.9,.03,0,0,0,0,0,0,0,0,0,0,0,0,0,0,0,0,0,0,0,0,0,0,0
101,2017,223,2400,12.2,0,0,0,0,0,0,0,-105.1,-.794,0,0,0,0,0,0,0,0,0,0,0,0,0,0,0,0,0,0,0,0,0,0,0
101,2017,224,10,12.2,0,0,0,0,0,0,0,-99,-.439,0,0,0,0,0,0,0,0,0,0,0,0,0,0,0,0,0,0,0,0,0,0,0
101,2017,224,20,12.2,0,0,0,0,0,0,0,-96.4,-.721,0,0,0,0,0,0,0,0,0,0,0,0,0,0,0,0,0,0,0,0,0,0,0
101,2017,224,30,12.2,0,0,0,0,0,0,0,-95.2,-1.569,0,0,0,0,0,0,0,0,0,0,0,0,0,0,0,0,0,0,0,0,0,0,0
101,2017,224,40,12.2,0,0,0,0,0,0,0,-98.6,-2.145,0,0,0,0,0,0,0,0,0,0,0,0,0,0,0,0,0,0,0,0,0,0,0
101,2017,224,50,12.2,0,0,0,0,0,0,0,-101.6,-2.199,0,0,0,0,0,0,0,0,0,0,0,0,0,0,0,0,0,0,0,0,0,0,0
101,2017,224,100,12.2,0,0,0,0,0,0,0,-102.7,-2.822,0,0,0,0,0,0,0,0,0,0,0,0,0,0,0,0,0,0,0,0,0,0,0
101,2017,224,110,12.2,0,0,0,0,0,0,0,-101.4,-3.007,0,0,0,0,0,0,0,0,0,0,0,0,0,0,0,0,0,0,0,0,0,0,0
101,2017,224,120,12.2,0,0,0,0,0,0,0,-103.5,-3.292,0,0,0,0,0,0,0,0,0,0,0,0,0,0,0,0,0,0,0,0,0,0,0
101,2017,224,130,12.2,0,0,0,0,0,0,0,-105.2,-2.874,0,0,0,0,0,0,0,0,0,0,0,0,0,0,0,0,0,0,0,0,0,0,0
101,2017,224,140,12.2,0,0,0,0,0,0,0,-106.6,-2.995,0,0,0,0,0,0,0,0,0,0,0,0,0,0,0,0,0,0,0,0,0,0,0
101,2017,224,150,12.2,0,0,0,0,0,0,0,-101.3,-6.506,0,0,0,0,0,0,0,0,0,0,0,0,0,0,0,0,0,0,0,0,0,0,0
101,2017,224,200,12.2,0,0,0,0,0,0,0,-102.8,-5.749,0,0,0,0,0,0,0,0,0,0,0,0,0,0,0,0,0,0,0,0,0,0,0
101,2017,224,210,12.2,0,0,0,0,0,0,0,-106.1,-5.325,0,0,0,0,0,0,0,0,0,0,0,0,0,0,0,0,0,0,0,0,0,0,0
101,2017,224,220,12.2,0,0,0,0,0,0,0,-107.8,-5.621,0,0,0,0,0,0,0,0,0,0,0,0,0,0,0,0,0,0,0,0,0,0,0
101,2017,224,230,12.2,0,0,0,0,0,0,0,-106.4,-5.727,0,0,0,0,0,0,0,0,0,0,0,0,0,0,0,0,0,0,0,0,0,0,0
101,2017,224,240,12.2,0,0,0,0,0,0,0,-107.3,-5.425,0,0,0,0,0,0,0,0,0,0,0,0,0,0,0,0,0,0,0,0,0,0,0
101,2017,224,250,12.2,0,0,0,0,0,0,0,-108.3,-5.842,0,0,0,0,0,0,0,0,0,0,0,0,0,0,0,0,0,0,0,0,0,0,0
101,2017,224,300,12.2,0,0,0,0,0,0,0,-108.1,-5.973,0,0,0,0,0,0,0,0,0,0,0,0,0,0,0,0,0,0,0,0,0,0,0
101,2017,224,310,12.2,0,0,0,0,0,0,0,-104.7,-5.861,0,0,0,0,0,0,0,0,0,0,0,0,0,0,0,0,0,0,0,0,0,0,0
101,2017,224,320,12.2,0,0,0,0,0,0,0,-107.4,-5.881,0,0,0,0,0,0,0,0,0,0,0,0,0,0,0,0,0,0,0,0,0,0,0
101,2017,224,330,12.2,0,0,0,0,0,0,0,-101.5,-5.839,0,0,0,0,0,0,0,0,0,0,0,0,0,0,0,0,0,0,0,0,0,0,0
101,2017,224,340,12.2,0,0,0,0,0,0,0,-99.1,-5.648,0,0,0,0,0,0,0,0,0,0,0,0,0,0,0,0,0,0,0,0,0,0,0
101,2017,224,350,12.2,0,0,0,0,0,0,0,-103.7,-4.743,0,0,0,0,0,0,0,0,0,0,0,0,0,0,0,0,0,0,0,0,0,0,0
101,2017,224,400,12.2,0,0,0,0,0,0,0,-111.5,-5.06,0,0,0,0,0,0,0,0,0,0,0,0,0,0,0,0,0,0,0,0,0,0,0
101,2017,224,410,12.2,0,0,0,0,0,0,0,-100.9,-5.082,0,0,0,0,0,0,0,0,0,0,0,0,0,0,0,0,0,0,0,0,0,0,0
101,2017,224,420,12.19,0,0,0,0,0,0,0,-113.8,-5.506,0,0,0,0,0,0,0,0,0,0,0,0,0,0,0,0,0,0,0,0,0,0,0
101,2017,224,430,12.19,0,0,0,0,0,0,0,-116.8,-6.189,0,0,0,0,0,0,0,0,0,0,0,0,0,0,0,0,0,0,0,0,0,0,0
101,2017,224,440,12.19,0,0,0,0,0,0,0,-120.1,-6.027,0,0,0,0,0,0,0,0,0,0,0,0,0,0,0,0,0,0,0,0,0,0,0
101,2017,224,450,12.19,0,0,0,0,0,0,0,-118.7,-5.866,0,0,0,0,0,0,0,0,0,0,0,0,0,0,0,0,0,0,0,0,0,0,0
101,2017,224,500,12.19,0,0,0,0,0,0,0,-117.3,-5.301,0,0,0,0,0,0,0,0,0,0,0,0,0,0,0,0,0,0,0,0,0,0,0
101,2017,224,510,12.19,0,0,0,0,0,0,0,-117.2,-5.392,0,0,0,0,0,0,0,0,0,0,0,0,0,0,0,0,0,0,0,0,0,0,0
101,2017,224,520,12.19,0,0,0,0,0,0,0,-114.5,-5.36,0,0,0,0,0,0,0,0,0,0,0,0,0,0,0,0,0,0,0,0,0,0,0
101,2017,224,530,12.19,0,0,0,0,0,0,0,-107.3,-5.015,0,0,0,0,0,0,0,0,0,0,0,0,0,0,0,0,0,0,0,0,0,0,0
101,2017,224,540,12.19,0,0,0,0,0,0,0,-109.8,-5.095,0,0,0,0,0,0,0,0,0,0,0,0,0,0,0,0,0,0,0,0,0,0,0
101,2017,224,550,12.19,0,0,0,0,0,0,0,-114,-5.229,0,0,0,0,0,0,0,0,0,0,0,0,0,0,0,0,0,0,0,0,0,0,0
101,2017,224,600,12.19,0,0,0,0,0,0,0,-115.2,-4.758,0,0,0,0,0,0,0,0,0,0,0,0,0,0,0,0,0,0,0,0,0,0,0
101,2017,224,610,12.19,0,0,0,0,0,0,0,-113.5,-3.92,0,0,0,0,0,0,0,0,0,0,0,0,0,0,0,0,0,0,0,0,0,0,0
101,2017,224,620,12.19,0,0,0,0,0,0,0,-112.3,-3.406,0,0,0,0,0,0,0,0,0,0,0,0,0,0,0,0,0,0,0,0,0,0,0
101,2017,224,630,12.19,0,0,0,0,0,0,0,-112.8,-3.131,0,.01,0,0,0,.003,.005,0,.007,0,0,0,0,0,.002,0,0,.002,0,0,0,0,0
101,2017,224,640,12.19,.017,.003,0,.028,.012,.008,0,-104.7,-3.045,.003,.119,.005,.013,.013,.085,.084,.025,.091,.025,0,.03,.008,.012,.07,.01,.007,.023,0,.002,.013,0,0
101,2017,224,650,12.19,.065,.034,.023,.156,.065,.042,.028,-105.6,-2.227,.034,.55,.04,.06,.047,.441,.439,.114,.434,.127,.032,.124,.042,.049,.375,.047,.039,.129,.018,.03,.054,.015,.027
101,2017,224,700,12.19,.179,.077,.055,.399,.178,.111,.054,-102.9,-2.834,.084,1.428,.102,.137,.129,1.215,1.185,.292,1.165,.332,.087,.315,.102,.129,.997,.131,.106,.344,.034,.05,.149,.034,.052
101,2017,224,710,12.19,.318,.139,.087,.674,.292,.188,.111,-98.4,-3.53,.142,2.542,.183,.266,.218,2.221,2.177,.483,2.055,.545,.166,.515,.188,.216,1.778,.215,.184,.583,.057,.092,.256,.049,.101
101,2017,224,720,12.19,.535,.253,.169,1.252,.484,.354,.188,-113.7,-2.99,.248,4.839,.317,.469,.379,3.716,3.69,.94,3.828,.97,.256,1.042,.337,.379,2.95,.347,.349,1.027,.106,.169,.401,.085,.174
101,2017,224,730,12.19,.793,.38,.25,1.825,.736,.518,.288,-106.4,-2.866,.385,7.66,.471,.734,.583,5.687,5.578,1.451,5.92,1.411,.394,1.629,.484,.597,4.547,.516,.508,1.671,.164,.255,.655,.156,.288
101,2017,224,740,12.19,1.141,.481,.332,2.693,.985,.724,.362,-101.7,-2.77,.474,10.7,.545,.965,.701,7.16,7.23,2.085,7.97,1.914,.458,2.234,.684,.794,5.767,.645,.659,1.929,.196,.322,.811,.189,.322
101,2017,224,750,12.19,1.51,.618,.432,3.436,1.21,.882,.454,-99.5,-3.243,.613,14.37,.826,1.18,.965,9.64,9.47,2.62,10.48,2.573,.622,2.915,.95,1.016,7.63,.868,.917,2.752,.258,.414,1.066,.246,.434
101,2017,224,800,12.19,1.244,.543,.424,2.909,1.27,.883,.504,-104.9,-3.835,.618,22.24,.922,1.2,1.044,10.46,9.73,2.345,11.89,2.554,.675,5.227,3.112,2.189,8.15,.928,.875,3.01,.277,.422,1.272,.261,.463
101,2017,224,810,12.19,2.45,1.721,.533,3.56,1.545,1.183,.605,-102,-3.789,.809,59.2,1.508,1.51,1.316,13.55,11.18,3.032,37.32,3.489,.893,16.48,13.37,1.937,9.25,1.16,1.13,3.287,.342,.55,1.399,.328,.566
101,2017,224,820,12.19,2.677,4.577,.848,5.172,2.194,1.73,.853,-113.4,-3.399,1.079,77,2.12,2.075,1.758,16.69,14.35,4.13,52.22,4.782,1.081,19.98,3.486,9.76,12.31,1.668,1.51,4.72,.426,.685,1.813,.434,.751
101,2017,224,830,12.19,2.554,1.081,.882,5.933,2.578,1.974,.996,-112.6,-2.931,1.269,86.1,2.254,2.365,1.971,18.56,16.53,4.642,59.93,6.285,1.244,26.68,2.594,2.445,17.62,1.733,1.723,4.735,.504,.766,1.944,.446,.808
101,2017,224,840,12.19,1.782,.917,.692,4.694,2.164,2.008,.823,-109.6,-2.452,1.053,56.73,1.621,1.885,1.694,15.55,17.71,3.883,40.39,9.09,1.172,15.96,1.882,10.64,13.3,1.466,1.394,4.426,.421,.696,1.731,.427,.754
101,2017,224,850,12.19,3.37,2.17,.719,4.596,2.936,3.007,1.161,-107.7,-2.035,.98,92.5,1.619,1.901,1.604,14.65,23.43,3.632,65.51,5.772,.93,30.81,2.345,18.68,13.07,4.85,1.197,3.144,.396,.627,1.47,.436,.598
101,2017,224,900,12.19,1.741,.877,.796,21.9,3.268,6.04,.823,-105.4,.116,1.002,95.5,1.619,1.896,1.612,16.36,27.55,3.935,69.14,4.852,.945,29.54,2.499,2.296,11.68,11.77,1.301,3.09,.401,.56,1.361,.437,.597
101,2017,224,910,12.2,1.839,.967,.903,36.52,3.476,2.707,.747,-102.2,.727,1.061,99.5,1.639,1.989,1.631,19.61,31.6,4.16,73.6,8.76,.96,28.17,12,3.803,11.1,1.671,1.378,2.995,.989,.55,1.309,.439,.588
101,2017,224,920,12.2,2.013,1.011,1.039,39.91,3.696,2.678,.801,-101.3,.789,1.14,104.1,1.631,2.474,1.755,24.53,36.12,4.565,78.4,5.516,1.004,31.33,39.62,2.465,11.45,1.594,1.544,3.034,1.973,2.437,1.401,.446,.613
101,2017,224,930,12.2,1.999,1.058,3.516,42.51,3.913,2.293,.794,-106.9,.882,1.138,107,1.572,4.741,1.756,28.4,39.33,4.321,81.9,32.93,1.079,28.56,4.042,4.307,11.16,1.562,1.48,3.079,.436,.918,1.302,.436,.692
101,2017,224,940,12.2,2.056,1.071,6.628,41.51,21.69,2.48,.804,-106.3,1.559,1.17,109.9,1.607,5.016,1.929,32.99,39.04,4.3,85.7,6.85,1.225,20.1,3.253,3.682,11.39,1.75,1.52,3.226,.432,1.589,1.351,.456,.637
101,2017,224,950,12.2,2.003,1.151,12.57,46.2,33.68,3.779,1.615,-99.8,3.075,1.195,112,1.617,4.253,3.147,37.08,30.24,4.191,88.7,5.726,1.238,7.59,4.461,59.43,11.53,1.786,1.535,3.172,.434,.628,1.361,.471,.654
101,2017,224,1000,12.2,2.111,1.188,35.72,49.2,45.54,14.96,3.167,-86.9,6.173,1.354,115,1.624,2.046,3.775,42,22.77,4.243,92.3,52.63,1.304,5.804,27.32,78.4,11.91,2.101,1.619,3.318,.444,.65,1.416,.479,.702
101,2017,224,1010,12.2,2.083,1.255,39.05,50.98,56.65,7.53,1.091,-90.5,6.588,1.317,117.4,1.818,2.014,3.758,47.21,17.89,4.298,95.5,39.76,1.369,7.86,31.61,50.19,12.57,2.525,1.907,3.505,.446,.68,1.466,.509,2.287
101,2017,224,1020,12.2,2.252,1.484,5.09,52.45,64.73,2.778,2.904,-90.8,5.568,1.677,118.4,1.838,1.992,3.961,51.87,19.5,4.428,97.4,13.18,1.471,8.45,3.555,19.17,14.09,3.405,3.173,3.691,.454,.717,1.508,.531,.782
101,2017,224,1030,12.2,2.5,1.401,1.479,53.84,72.5,6.204,1.171,-67.04,4.879,1.469,120.2,1.99,2.036,2.666,57.46,13.89,4.552,100.5,15.95,1.587,10.15,2.066,8.45,16.65,2.533,22.58,4.127,.466,.762,1.59,.563,.868
101,2017,224,1040,12.2,2.362,1.431,1.37,55.04,76.1,4.17,1.873,-70.3,4.552,6.47,121.1,1.982,1.962,2.438,62.26,16.59,4.438,102.3,7.35,1.685,13.22,1.923,2.156,19.39,2.649,21.83,4.802,.471,1.134,1.65,.61,4.892
101,2017,224,1050,12.2,2.5,1.553,1.357,55.43,78.3,18.44,.958,-73.3,4.939,3.49,122,2.027,1.969,2.495,66.71,14,4.609,104,44.7,1.838,11.03,1.907,5.174,22.67,2.8,6.702,17.06,.491,.844,1.662,.777,.901
101,2017,224,1100,12.2,2.64,1.682,1.36,42.13,70.8,11.07,.977,-78.8,4.276,1.536,123.4,2.242,1.984,2.682,71.9,15.09,4.864,106.6,98.9,2.175,7.35,1.861,2.155,26.87,2.878,2.084,18.01,.526,.963,1.786,4.162,.935
101,2017,224,1110,12.2,3.014,2.036,11.5,38.7,15.8,4.366,1.107,-84.4,1.26,1.699,115.9,2.999,2.217,8.5,70.6,22.39,6.169,100.4,89.8,5.628,6.832,2.924,2.83,28.33,3.088,20.05,32.78,.55,.978,1.952,.752,1.064
101,2017,224,1120,12.2,5.338,3.887,10.5,29.67,5.891,3.942,1.307,-84.2,-.141,2.372,84.3,4.659,2.898,3.133,55.91,28.91,8.48,74.2,54.59,3.079,8.15,2.387,3.532,27,4.08,18.01,30.87,.583,1.305,2.696,.792,1.342
101,2017,224,1130,12.2,5.269,3.763,8.69,29.72,4.785,8.4,1.297,-78.7,-.714,2.934,109.1,18.56,2.858,5.549,74.4,30.52,7.95,96.2,73.6,3.049,7.79,2.466,3.403,33.87,3.523,26.72,53.14,.675,1.28,2.572,.861,1.33
101,2017,224,1140,12.2,6.926,8.92,3.146,28.1,5.559,15.51,1.769,-72.1,-1.644,3.053,105.1,4.958,4.028,16.11,78.7,37.97,9.96,96,27.17,3.502,9.08,2.736,4.292,40.75,4.281,29.62,53.61,1.071,1.784,4.222,1.002,1.846
101,2017,224,1150,12.2,5.221,9.81,3.081,38.07,4.279,21.6,1.141,-71.1,-4.279,2.054,92.1,11.38,2.729,7.61,65.81,25.69,7.78,81.4,52.07,3.244,6.893,2.062,2.96,30.5,3.056,31.86,46.57,.813,1.156,2.547,.732,1.282
101,2017,224,1200,12.2,6.169,20.17,9.02,39.82,4.272,3.708,1.334,-77.1,-4.116,2.362,97.9,4.182,3.026,12.7,74.3,28.61,9.62,88.6,23.19,5.534,7.66,2.506,3.991,36.21,3.616,4.071,51.93,1.858,1.506,2.93,.831,1.481
101,2017,224,1210,12.2,4.869,11.63,9.4,23.14,3.156,2.94,1.285,-81.2,-4.111,2.062,97.4,4.224,2.741,13.43,79.1,29.55,7.28,89.9,60.62,5.968,6.311,2.056,19.76,39.27,3.255,3.607,59.12,.997,1.752,3.215,.863,1.714
101,2017,224,1220,12.2,4.254,13.42,5.061,10.83,2.649,3.711,1.201,-82.1,-4.477,1.769,119.3,3.833,2.433,12.52,101.9,67.8,5.648,113.1,78.3,5.748,5.718,1.878,10.48,49.56,2.696,2.939,83.3,.905,1.298,5.254,.927,1.484
101,2017,224,1230,12.2,7.08,21.61,1.806,9.98,40.14,2.403,1.109,-74.5,-3.403,1.597,115.1,50.27,2.763,5.023,100,91.9,5.02,109.5,41.47,3.74,4.857,1.789,2.543,49.29,2.537,2.56,83.6,.739,2.052,6.233,.905,1.427
101,2017,224,1240,12.2,4.157,3.882,1.93,5.717,6.811,10.07,1.129,-77.7,-5.633,9.78,112.9,31.61,3.001,3.225,102.9,91.5,5.105,110.2,92.1,19.97,4.787,1.742,26.23,51.96,2.781,3.75,85.5,.819,1.531,4.267,.978,1.605
101,2017,224,1250,12.2,2.979,12.1,1.34,5.767,2.545,5.72,1.201,-83,-6.025,2.201,108.2,3.716,2.277,3.118,99.8,78.9,5.296,104.7,31.84,70.3,4.998,1.833,6.44,51.48,2.868,17.78,82.7,.754,1.414,3.133,8.66,1.597
101,2017,224,1300,12.2,3.463,5.958,1.414,7.35,2.771,33.22,1.427,-45.11,-6.407,1.878,107.4,3.619,2.587,3.352,102.9,57.19,6.033,105.3,14.37,54,5.547,1.923,15.53,54.43,3.084,4.76,83.6,.796,2.25,3.275,5.432,1.727
101,2017,224,1310,12.2,4.842,18.28,3.334,9.56,3.187,2.694,7.09,-61.6,-5.847,2.314,110.3,3.768,2.94,3.585,109.3,69.26,7.27,109.7,16.21,12.12,6.261,2.215,49.11,59.45,6.477,69.6,88.6,.893,1.923,3.532,6.385,1.828
101,2017,224,1320,12.2,2.865,9.23,6.573,6.042,2.627,2.49,4.187,-36.91,-6.159,1.856,103.2,4.527,2.319,3.641,106.5,85.7,5.071,104,13.53,5.953,5.082,1.814,66.35,58.55,3.24,72.3,87.7,.844,14.83,3.679,1.238,1.846
101,2017,224,1330,12.2,2.959,1.665,7.22,4.683,2.134,1.965,1.506,-63.16,-6.894,5.187,85.8,5.626,2.434,3.264,93,70.3,4.462,87.8,8.21,4.565,4.138,1.628,70.2,51.58,2.699,24.5,76.3,.732,29.03,3.346,1.015,1.623
101,2017,224,1340,12.2,2.014,1.319,1.004,3.902,2.16,1.706,23.03,-79,-4.969,15.37,93.1,34.13,2.153,3.483,105.9,27.15,4.071,97.5,6.842,4.571,3.82,1.654,14.66,58.87,2.634,9.01,89.1,.797,1.699,3.659,.999,1.655
101,2017,224,1350,12.2,2.01,1.233,.933,3.776,2.659,2.103,7.08,-82.2,-6.916,2.361,87.3,47.07,1.905,3.607,104.3,17.99,3.741,93.7,6.171,4.328,3.599,1.652,23.64,58.63,2.488,5.502,87.7,.766,1.885,3.639,.955,1.69
101,2017,224,1400,12.2,1.881,1.077,.858,3.57,1.746,1.635,1.146,-83.1,-7.29,1.575,77.7,4.683,1.786,3.743,105.1,14.95,3.47,91.7,5.8,4.229,3.662,1.471,22.47,59.62,2.421,3.039,88.6,.737,2.069,3.585,.937,1.657
101,2017,224,1410,12.2,1.932,1.072,1.144,3.414,1.717,4.028,1.258,-85.1,-7.12,11.37,77.1,4.515,3.131,3.976,103.5,18.48,3.316,88.4,5.291,4.261,5.333,6.512,2.367,59.21,2.377,2.825,87.1,.736,1.758,3.6,.958,1.836
101,2017,224,1420,12.2,1.63,.903,.834,3.317,1.726,1.845,1.273,-83.3,-7.11,17.24,72.7,2.997,5.271,7.27,103.7,22.75,3.227,85.9,4.953,5.289,5.961,3.674,2.084,59.7,2.361,2.686,87.3,.774,3.765,3.738,.95,2.032
101,2017,224,1430,12.21,1.597,.885,.858,3.254,1.644,3.44,4.684,-80,-6.687,1.679,70.1,2.868,16.37,6.539,102.9,14.62,3.106,82.7,4.591,7.03,7.26,1.975,6.832,59.5,2.475,2.54,86.2,.841,42.99,2.401,.851,2.156
101,2017,224,1440,12.21,1.496,.797,.724,3.074,1.583,1.684,10.9,-81.5,-5.715,4.095,55.73,2.707,1.655,12.61,102.5,23.85,2.986,80.4,6.489,6.814,6.286,3.498,1.83,59.68,3.153,2.372,85.8,.856,3.54,2.289,.797,5.901
101,2017,224,1450,12.21,1.454,.769,.702,2.992,1.545,1.443,26.08,-80.4,-3.746,21.48,52.04,2.518,1.587,20.32,101.2,17.8,2.915,76.4,5.118,8.4,5.187,1.288,1.726,58.85,8.11,2.19,84.6,.987,1.699,2.151,.648,14.32
101,2017,224,1500,12.21,1.337,.674,.655,3.507,1.498,1.789,13.73,-81.4,-5.324,15.19,48.16,2.372,1.488,25.94,92.5,31.64,2.716,66.46,3.912,39.69,3.188,1.096,1.69,54.32,2.701,2.016,52.39,.727,4.049,2.044,.571,8.31
101,2017,224,1510,12.2,1.24,.625,.618,2.712,1.463,1.97,1.025,-81,-7.18,14.47,48.37,2.317,1.422,36.09,98.1,39.07,2.63,67.17,3.736,74.3,3.172,1.057,1.665,57.54,2.652,1.933,6.601,1.506,6.486,1.885,.55,1.525
101,2017,224,1520,12.2,1.275,.601,.576,2.483,1.416,2.677,1.077,-50.74,-6.797,67.45,40.7,2.207,1.461,45.62,95.8,64.58,2.518,63.03,3.582,57.26,2.949,.97,1.6,56.2,14.96,2.056,5.098,.618,9.9,1.803,.504,1.191
101,2017,224,1530,12.2,1.126,.563,.565,2.496,7.11,2.558,1.25,-78.1,-6.377,30.4,38,1.959,1.345,44.65,93.4,72.3,2.481,58.37,3.483,61.44,2.87,.932,1.635,54.97,55.54,5.09,4.76,.501,2.046,1.758,.467,1.089
101,2017,224,1540,12.2,1.111,.565,.528,2.413,3.86,1.684,.861,-81.9,-6.308,1.716,32.87,1.798,1.252,38.37,90.2,75,2.352,52.75,3.374,35.25,2.743,.895,1.287,53.18,21.1,3.366,4.272,.432,.942,1.702,.447,.905
101,2017,224,1550,12.2,1.072,.526,.526,2.351,2.034,1.657,.833,-83.6,-6.216,1.169,27.9,1.669,1.54,3.007,87,72,2.237,47.71,3.304,17.7,2.615,1.223,1.218,51.28,3.046,1.473,4.065,.374,.737,1.639,.447,.828
101,2017,224,1600,12.2,1.027,.508,.449,2.314,1.36,.888,.811,-82.4,-6.34,1.002,23.56,1.551,1.158,2.669,85.3,70.2,2.109,42.93,3.12,2.967,2.552,.844,1.171,50.49,1.825,1.221,3.793,.323,.59,1.644,.536,.751
101,2017,224,1610,12.2,.982,.466,.41,2.207,1.146,.797,.752,-84.2,-6.792,.854,17.91,1.409,1.059,1.925,80.1,65.2,2.046,28.45,2.617,1.845,2.491,.781,5.065,40.45,1.551,1.034,3.634,.295,.503,1.682,.494,.667
101,2017,224,1620,12.2,.918,.444,.399,2.052,1.26,.749,3.554,-82.9,-6.904,.777,15.43,1.29,.995,1.696,74.5,59.97,1.942,8.97,2.267,1.404,2.346,.737,2.389,12.74,4.214,.943,3.488,.275,.461,1.56,.416,.617
101,2017,224,1630,12.2,.891,.437,.372,1.975,1.004,.705,12.64,-81.7,-5.393,.702,12.47,.948,.918,1.535,69.22,55.03,1.814,8.43,2.071,1.292,2.324,.741,1.035,14.32,5.108,.838,3.296,.251,.434,1.461,.374,.578
101,2017,224,1640,12.2,.843,.431,.335,1.85,.958,9.79,4.055,-75.3,-6.499,.638,9.57,.736,.838,1.347,62.85,39.89,1.699,7.76,1.912,1.124,2.222,1.652,.932,30.86,28.74,.772,2.924,.233,.392,1.312,.325,.534
101,2017,224,1650,12.2,.808,.409,.312,1.761,.935,1.092,.838,-79.8,-6.425,.603,8.78,.684,.818,1.215,57.2,13.13,1.634,7.37,1.798,1.082,2.14,6.325,.906,21.13,30.96,.762,2.741,.231,.37,1.23,.278,.483
101,2017,224,1700,12.2,.761,.384,.298,1.737,.903,.586,.474,-79.5,-6.03,.586,8.56,.668,.794,1.134,45.26,15.26,1.575,7.23,1.798,1.143,2.01,.687,.988,28.7,21.01,.724,2.547,.203,.347,1.079,.248,.472
101,2017,224,1710,12.2,1.071,.434,.374,2.324,1.052,.714,.479,-81.7,-5.732,.692,9.43,.754,.955,1.252,13.97,11.34,1.833,8.69,1.913,1.077,2.044,.677,.891,10.38,1.788,.761,3.244,.24,.414,1.319,.253,.58
101,2017,224,1720,12.2,.91,.389,.343,1.881,.916,.578,.464,-79.4,-5.876,.59,7.85,.622,.866,1.146,16.18,10.36,1.491,7.47,1.578,.846,1.833,.612,.828,12.71,1.456,.747,3.058,.221,.389,1.28,.248,.484
101,2017,224,1730,12.2,.573,.273,.241,1.28,.642,.446,.367,-79.2,-6.1,.436,6.03,.538,.638,.9,10.4,7.05,1.061,5.522,1.231,.682,1.372,.442,.625,6.928,.694,.493,2.558,.161,.285,.88,.193,.427
101,2017,224,1740,12.2,.461,.23,.173,.978,.494,.337,.248,-76.8,-6.246,.354,4.644,.402,.461,.571,5.691,5.273,.813,4.096,1.009,.56,1.025,.34,.422,4.591,.543,.37,1.528,.117,.206,.627,.144,.251
101,2017,224,1750,12.2,.387,.173,.117,.799,.375,.246,.168,-70.7,-6.465,.24,3.215,.265,.342,.384,3.78,3.569,.617,2.78,.694,.379,.712,.245,.305,3.048,.389,.256,.94,.075,.136,.394,.09,.164
101,2017,224,1800,12.2,.246,.101,.084,.493,.245,.151,.106,-81.3,-6.318,.137,1.945,.159,.219,.258,2.245,2.228,.377,1.737,.409,.183,.426,.152,.198,1.925,.23,.173,.628,.054,.09,.285,.062,.107
101,2017,224,1810,12.2,.09,.039,.028,.194,.094,.055,.045,-83.5,-6.495,.049,.707,.059,.084,.094,.818,.803,.147,.633,.171,.067,.164,.057,.075,.7,.09,.06,.246,.02,.039,.104,.032,.042
101,2017,224,1820,12.2,.018,.002,.003,.044,.018,.013,.012,-86.2,-7.08,.012,.169,.012,.018,.018,.206,.199,.034,.147,.04,.018,.04,.01,.023,.173,.023,.013,.062,0,.005,.025,0,.007
101,2017,224,1830,12.2,0,0,0,0,0,0,0,-79.8,-7.75,0,.02,0,0,0,.025,.022,0,.015,0,0,0,0,0,.018,0,0,.003,0,0,0,0,0
101,2017,224,1840,12.19,0,0,0,0,0,0,0,-93.9,-8.09,0,0,0,0,0,0,0,0,0,0,0,0,0,0,0,0,0,0,0,0,0,0,0
101,2017,224,1850,12.19,0,0,0,0,0,0,0,-106.8,-7.95,0,0,0,0,0,0,0,0,0,0,0,0,0,0,0,0,0,0,0,0,0,0,0
101,2017,224,1900,12.19,0,0,0,0,0,0,0,-36.34,-7.98,0,0,0,0,0,0,0,0,0,0,0,0,0,0,0,0,0,0,0,0,0,0,0
101,2017,224,1910,12.19,0,0,0,0,0,0,0,-106,-8.26,0,0,0,0,0,0,0,0,0,0,0,0,0,0,0,0,0,0,0,0,0,0,0
101,2017,224,1920,12.19,0,0,0,0,0,0,0,-62.29,-8.16,0,0,0,0,0,0,0,0,0,0,0,0,0,0,0,0,0,0,0,0,0,0,0
101,2017,224,1930,12.19,0,0,0,0,0,0,0,-42.79,-8.3,0,0,0,0,0,0,0,0,0,0,0,0,0,0,0,0,0,0,0,0,0,0,0
101,2017,224,1940,12.19,0,0,0,0,0,0,0,-123.7,-9.26,0,0,0,0,0,0,0,0,0,0,0,0,0,0,0,0,0,0,0,0,0,0,0
101,2017,224,1950,12.19,0,0,0,0,0,0,0,-119.6,-9.92,0,0,0,0,0,0,0,0,0,0,0,0,0,0,0,0,0,0,0,0,0,0,0
101,2017,224,2000,12.19,0,0,0,0,0,0,0,-106.1,-10.11,0,0,0,0,0,0,0,0,0,0,0,0,0,0,0,0,0,0,0,0,0,0,0
101,2017,224,2010,12.19,0,0,0,0,0,0,0,-43.44,-7.85,0,0,0,0,0,0,0,0,0,0,0,0,0,0,0,0,0,0,0,0,0,0,0
101,2017,224,2020,12.19,0,0,0,0,0,0,0,-17.11,-5.728,0,0,0,0,0,0,0,0,0,0,0,0,0,0,0,0,0,0,0,0,0,0,0
101,2017,224,2030,12.19,0,0,0,0,0,0,0,-54.52,-5.809,0,0,0,0,0,0,0,0,0,0,0,0,0,0,0,0,0,0,0,0,0,0,0
101,2017,224,2040,12.19,0,0,0,0,0,0,0,-124.2,-5.47,0,0,0,0,0,0,0,0,0,0,0,0,0,0,0,0,0,0,0,0,0,0,0
101,2017,224,2050,12.19,0,0,0,0,0,0,0,-75.4,-4.78,0,0,0,0,0,0,0,0,0,0,0,0,0,0,0,0,0,0,0,0,0,0,0
101,2017,224,2100,12.19,0,0,0,0,0,0,0,-86.9,-4.703,0,0,0,0,0,0,0,0,0,0,0,0,0,0,0,0,0,0,0,0,0,0,0
101,2017,224,2110,12.19,0,0,0,0,0,0,0,-29.56,-5.03,0,0,0,0,0,0,0,0,0,0,0,0,0,0,0,0,0,0,0,0,0,0,0
101,2017,224,2120,12.19,0,0,0,0,0,0,0,11.5,-5.05,0,0,0,0,0,0,0,0,0,0,0,0,0,0,0,0,0,0,0,0,0,0,0
101,2017,224,2130,12.19,0,0,0,0,0,0,0,-127.3,-5.658,0,0,0,0,0,0,0,0,0,0,0,0,0,0,0,0,0,0,0,0,0,0,0
101,2017,224,2140,12.19,0,0,0,0,0,0,0,6.454,-4.996,0,0,0,0,0,0,0,0,0,0,0,0,0,0,0,0,0,0,0,0,0,0,0
101,2017,224,2150,12.19,0,0,0,0,0,0,0,-7.08,-5.093,0,0,0,0,0,0,0,0,0,0,0,0,0,0,0,0,0,0,0,0,0,0,0
101,2017,224,2200,12.19,0,0,0,0,0,0,0,-37.41,-4.544,0,0,0,0,0,0,0,0,0,0,0,0,0,0,0,0,0,0,0,0,0,0,0
101,2017,224,2210,12.19,0,0,0,0,0,0,0,-86.1,-4.329,0,0,0,0,0,0,0,0,0,0,0,0,0,0,0,0,0,0,0,0,0,0,0
101,2017,224,2220,12.19,0,0,0,0,0,0,0,-40.11,-5.137,0,0,0,0,0,0,0,0,0,0,0,0,0,0,0,0,0,0,0,0,0,0,0
101,2017,224,2230,12.19,0,0,0,0,0,0,0,-109.4,-5.814,0,0,0,0,0,0,0,0,0,0,0,0,0,0,0,0,0,0,0,0,0,0,0
101,2017,224,2240,12.19,0,0,0,0,0,0,0,-147.2,-5.346,0,0,0,0,0,0,0,0,0,0,0,0,0,0,0,0,0,0,0,0,0,0,0
101,2017,224,2250,12.19,0,0,0,0,0,0,0,-173.2,-4.5,0,0,0,0,0,0,0,0,0,0,0,0,0,0,0,0,0,0,0,0,0,0,0
101,2017,224,2300,12.19,0,0,0,0,0,0,0,-183.3,-4.435,0,0,0,0,0,0,0,0,0,0,0,0,0,0,0,0,0,0,0,0,0,0,0
101,2017,224,2310,12.18,0,0,0,0,0,0,0,-175.2,-4.052,0,0,0,0,0,0,0,0,0,0,0,0,0,0,0,0,0,0,0,0,0,0,0
101,2017,224,2320,12.18,0,0,0,0,0,0,0,-175.1,-3.784,0,0,0,0,0,0,0,0,0,0,0,0,0,0,0,0,0,0,0,0,0,0,0
101,2017,224,2330,12.18,0,0,0,0,0,0,0,-174,-4.141,0,0,0,0,0,0,0,0,0,0,0,0,0,0,0,0,0,0,0,0,0,0,0
101,2017,224,2340,12.19,0,0,0,0,0,0,0,-156.3,-4.115,0,0,0,0,0,0,0,0,0,0,0,0,0,0,0,0,0,0,0,0,0,0,0
101,2017,224,2350,12.18,0,0,0,0,0,0,0,-173.5,-3.027,0,0,0,0,0,0,0,0,0,0,0,0,0,0,0,0,0,0,0,0,0,0,0
101,2017,224,2400,12.19,0,0,0,0,0,0,0,-180.8,-2.913,0,0,0,0,0,0,0,0,0,0,0,0,0,0,0,0,0,0,0,0,0,0,0
101,2017,225,10,12.18,0,0,0,0,0,0,0,-182.8,-2.707,0,0,0,0,0,0,0,0,0,0,0,0,0,0,0,0,0,0,0,0,0,0,0
101,2017,225,20,12.18,0,0,0,0,0,0,0,-185.3,-2.335,0,0,0,0,0,0,0,0,0,0,0,0,0,0,0,0,0,0,0,0,0,0,0
101,2017,225,30,12.18,0,0,0,0,0,0,0,-199,-2.035,0,0,0,0,0,0,0,0,0,0,0,0,0,0,0,0,0,0,0,0,0,0,0
101,2017,225,40,12.18,0,0,0,0,0,0,0,-227.1,-1.777,0,0,0,0,0,0,0,0,0,0,0,0,0,0,0,0,0,0,0,0,0,0,0
101,2017,225,50,12.18,0,0,0,0,0,0,0,-239.7,-1.736,0,0,0,0,0,0,0,0,0,0,0,0,0,0,0,0,0,0,0,0,0,0,0
101,2017,225,100,12.18,0,0,0,0,0,0,0,-247,-1.963,0,0,0,0,0,0,0,0,0,0,0,0,0,0,0,0,0,0,0,0,0,0,0
101,2017,225,110,12.18,0,0,0,0,0,0,0,-209.7,-2.128,0,0,0,0,0,0,0,0,0,0,0,0,0,0,0,0,0,0,0,0,0,0,0
101,2017,225,120,12.18,0,0,0,0,0,0,0,-206.8,-2.524,0,0,0,0,0,0,0,0,0,0,0,0,0,0,0,0,0,0,0,0,0,0,0
101,2017,225,130,12.18,0,0,0,0,0,0,0,-151.3,-2.765,0,0,0,0,0,0,0,0,0,0,0,0,0,0,0,0,0,0,0,0,0,0,0
101,2017,225,140,12.18,0,0,0,0,0,0,0,-141.9,-2.283,0,0,0,0,0,0,0,0,0,0,0,0,0,0,0,0,0,0,0,0,0,0,0
101,2017,225,150,12.18,0,0,0,0,0,0,0,-149.6,-1.693,0,0,0,0,0,0,0,0,0,0,0,0,0,0,0,0,0,0,0,0,0,0,0
101,2017,225,200,12.18,0,0,0,0,0,0,0,-139.7,-1.331,0,0,0,0,0,0,0,0,0,0,0,0,0,0,0,0,0,0,0,0,0,0,0
101,2017,225,210,12.18,0,0,0,0,0,0,0,-134.2,-1.562,0,0,0,0,0,0,0,0,0,0,0,0,0,0,0,0,0,0,0,0,0,0,0
101,2017,225,220,12.18,0,0,0,0,0,0,0,-148.8,-1.416,0,0,0,0,0,0,0,0,0,0,0,0,0,0,0,0,0,0,0,0,0,0,0
101,2017,225,230,12.18,0,0,0,0,0,0,0,-152.1,-2.281,0,0,0,0,0,0,0,0,0,0,0,0,0,0,0,0,0,0,0,0,0,0,0
101,2017,225,240,12.18,0,0,0,0,0,0,0,-148.8,-2.633,0,0,0,0,0,0,0,0,0,0,0,0,0,0,0,0,0,0,0,0,0,0,0
101,2017,225,250,12.18,0,0,0,0,0,0,0,-144.9,-1.828,0,0,0,0,0,0,0,0,0,0,0,0,0,0,0,0,0,0,0,0,0,0,0
101,2017,225,300,12.18,0,0,0,0,0,0,0,-146.8,-1.998,0,0,0,0,0,0,0,0,0,0,0,0,0,0,0,0,0,0,0,0,0,0,0
101,2017,225,310,12.18,0,0,0,0,0,0,0,-147.1,-2.323,0,0,0,0,0,0,0,0,0,0,0,0,0,0,0,0,0,0,0,0,0,0,0
101,2017,225,320,12.18,0,0,0,0,0,0,0,-149.6,-2.033,0,0,0,0,0,0,0,0,0,0,0,0,0,0,0,0,0,0,0,0,0,0,0
101,2017,225,330,12.18,0,0,0,0,0,0,0,-156.5,-.721,0,0,0,0,0,0,0,0,0,0,0,0,0,0,0,0,0,0,0,0,0,0,0
101,2017,225,340,12.18,0,0,0,0,0,0,0,-163.8,-.312,0,0,0,0,0,0,0,0,0,0,0,0,0,0,0,0,0,0,0,0,0,0,0
101,2017,225,350,12.18,0,0,0,0,0,0,0,-166.3,-.134,0,0,0,0,0,0,0,0,0,0,0,0,0,0,0,0,0,0,0,0,0,0,0
101,2017,225,400,12.18,0,0,0,0,0,0,0,-168.7,.551,0,0,0,0,0,0,0,0,0,0,0,0,0,0,0,0,0,0,0,0,0,0,0
101,2017,225,410,12.18,0,0,0,0,0,0,0,-163.9,.649,0,0,0,0,0,0,0,0,0,0,0,0,0,0,0,0,0,0,0,0,0,0,0
101,2017,225,420,12.18,0,0,0,0,0,0,0,-173.5,.221,0,0,0,0,0,0,0,0,0,0,0,0,0,0,0,0,0,0,0,0,0,0,0
101,2017,225,430,12.18,0,0,0,0,0,0,0,-182.8,.337,0,0,0,0,0,0,0,0,0,0,0,0,0,0,0,0,0,0,0,0,0,0,0
101,2017,225,440,12.18,0,0,0,0,0,0,0,-184.9,.396,0,0,0,0,0,0,0,0,0,0,0,0,0,0,0,0,0,0,0,0,0,0,0
101,2017,225,450,12.18,0,0,0,0,0,0,0,-185.2,.002,0,0,0,0,0,0,0,0,0,0,0,0,0,0,0,0,0,0,0,0,0,0,0
101,2017,225,500,12.18,0,0,0,0,0,0,0,-185.5,.25,0,0,0,0,0,0,0,0,0,0,0,0,0,0,0,0,0,0,0,0,0,0,0
101,2017,225,510,12.18,0,0,0,0,0,0,0,-198.5,.721,0,0,0,0,0,0,0,0,0,0,0,0,0,0,0,0,0,0,0,0,0,0,0
101,2017,225,520,12.18,0,0,0,0,0,0,0,-204.6,1.053,0,0,0,0,0,0,0,0,0,0,0,0,0,0,0,0,0,0,0,0,0,0,0
101,2017,225,530,12.18,0,0,0,0,0,0,0,-203.9,1.383,0,0,0,0,0,0,0,0,0,0,0,0,0,0,0,0,0,0,0,0,0,0,0
101,2017,225,540,12.18,0,0,0,0,0,0,0,-200.3,1.974,0,0,0,0,0,0,0,0,0,0,0,0,0,0,0,0,0,0,0,0,0,0,0
101,2017,225,550,12.18,0,0,0,0,0,0,0,-190.1,2.1,0,0,0,0,0,0,0,0,0,0,0,0,0,0,0,0,0,0,0,0,0,0,0
101,2017,225,600,12.18,0,0,0,0,0,0,0,-179,-1.879,0,0,0,0,0,0,0,0,0,0,0,0,0,0,0,0,0,0,0,0,0,0,0
101,2017,225,610,12.18,0,0,0,0,0,0,0,-156.9,-8.95,0,0,0,0,0,0,0,0,0,0,0,0,0,0,0,0,0,0,0,0,0,0,0
101,2017,225,620,12.18,0,0,0,0,0,0,0,-170.1,-13.46,0,0,0,0,0,0,0,0,0,0,0,0,0,0,0,0,0,0,0,0,0,0,0
101,2017,225,630,12.18,0,0,0,0,0,0,0,-177.4,-12.07,0,.003,0,0,0,.007,.003,0,.005,0,0,0,0,0,.002,0,0,0,0,0,0,0,0
101,2017,225,640,12.18,.013,0,0,.025,.008,.002,0,-177.4,-12.2,0,.074,0,.015,.003,.072,.077,.023,.077,.018,0,.02,0,.003,.06,.003,.005,.02,0,0,.01,0,0
101,2017,225,650,12.18,.06,.034,.027,.126,.052,.034,.023,-181.1,-11.8,.032,.372,.032,.05,.045,.404,.416,.085,.419,.096,.025,.087,.03,.039,.337,.04,.037,.129,.015,.025,.052,.017,.025
101,2017,225,700,12.18,.141,.047,.039,.28,.107,.065,.037,-179.4,-9.91,.057,.789,.065,.106,.099,.922,.965,.193,.939,.186,.05,.191,.06,.082,.768,.087,.082,.266,.034,.035,.116,.034,.034
101,2017,225,710,12.18,.421,.161,.117,.873,.288,.216,.104,-185.7,-8.59,.156,2.395,.149,.34,.228,2.175,2.423,.618,2.742,.468,.111,.553,.186,.223,1.748,.186,.225,.593,.057,.107,.268,.049,.097
101,2017,225,720,12.18,.694,.322,.231,1.614,.585,.396,.216,-191.1,-7.27,.292,4.485,.287,.617,.434,4.227,4.674,1.039,5.281,.977,.221,1.063,.345,.439,3.451,.407,.404,1.203,.114,.193,.504,.117,.191
101,2017,225,730,12.18,.617,.305,.245,1.606,.679,.437,.258,-193.9,-8.08,.339,5.355,.406,.582,.538,5.375,5.547,.985,6.468,1.441,.357,1.163,.406,.508,4.341,.504,.429,1.619,.116,.209,.605,.149,.246
101,2017,225,740,12.18,1.349,.578,.437,3.121,1.051,.699,.365,-196.1,-8.38,.543,8.64,.628,1.001,.781,8.13,7.83,2.045,10.63,2.348,.508,1.847,.593,.806,6.015,.742,.742,2.361,.183,.34,.823,.186,.355
101,2017,225,750,12.18,1.557,.665,.484,3.838,1.478,.927,.494,-196.3,-9.25,.667,12.86,.711,1.384,1.007,10.07,10.14,2.418,13.32,2.807,.56,2.878,.863,1.007,7.89,.925,.87,2.702,.263,.426,1.175,.246,.417
101,2017,225,800,12.18,2.102,.88,.647,5.408,1.912,1.465,.6,-193.7,-9.49,.875,23.6,1.078,1.969,1.247,12.16,12.5,3.917,20.32,4.034,.714,6.168,2.918,1.743,9.14,1.146,1.197,3.144,.31,.513,1.378,.33,.523
101,2017,225,810,12.18,2.185,.952,.605,5.135,1.974,1.363,.632,-191.7,-6.84,.84,22.42,1.121,1.849,1.228,12.75,12.88,3.553,25.12,4.198,.774,5.963,3.062,1.716,9.56,1.22,1.128,2.946,.318,.513,1.549,.344,.478
101,2017,225,820,12.18,3.003,1.575,.885,6.955,2.504,1.658,.798,-191.9,-6.283,1.158,28.05,1.446,2.224,1.621,16.93,16.96,4.585,30.8,5.393,1.046,6.833,1.842,3.357,12.18,1.622,1.567,4.368,.377,.647,1.857,.406,.647
101,2017,225,830,12.18,3.923,1.5,.99,8.77,2.915,2.201,.898,-186.6,-5.44,1.267,48.04,1.704,3.161,1.642,17.34,18.65,6.328,46.29,7.43,.903,13.45,2.206,2.333,13.96,1.517,1.802,3.56,.469,.758,1.656,.401,.685
101,2017,225,840,12.18,2.666,1.254,.939,6.798,3.426,3.258,2.122,-188.8,-6.397,1.331,89.8,2.16,3.352,2.118,20.37,31.76,5.403,85.7,20.28,1.001,31.59,2.873,16.37,18.77,1.859,1.83,3.674,.583,1.17,2.259,.568,.744
101,2017,225,850,12.18,2.556,1.57,1.059,7.19,3.917,4.83,1.413,-189.3,-5.469,1.297,94.5,2.274,2.898,2.015,20.08,34.07,5.325,89.3,9.12,1.247,32.71,2.928,5.217,15.36,6.397,1.889,4.366,.473,1.287,1.49,.473,.821
101,2017,225,900,12.18,2.769,1.773,1.19,15.06,3.372,8.41,.937,-122.2,-5.558,1.294,62.21,1.954,2.963,1.867,19.31,28.05,5.475,58.5,7.08,1.215,17.31,2.593,3.159,13.33,8.99,2.016,4.797,.437,.821,1.433,.437,.83
101,2017,225,910,12.18,4.689,2.479,1.755,30.3,5.03,4.379,1.245,-112.8,-5.995,1.963,81.9,2.532,4.259,2.648,28.4,39.15,8.5,77.9,12.49,1.629,22.57,8.7,4.155,17.23,2.926,2.68,6.996,.808,1.101,1.986,.54,1.24
101,2017,225,920,12.18,2.439,1.609,1.584,43.99,4.825,3.109,1.435,-122.1,-4.787,1.601,110.6,2.618,3.008,2.727,34.3,50.5,5.097,104.5,9.39,1.807,32.81,27.99,3.287,16.3,2.593,2.172,6.243,1.399,1.182,1.86,.541,1.036
101,2017,225,930,12.18,4.482,2.147,5.945,38.39,5.06,3.427,1.351,-96.6,-3.704,1.983,97.4,2.728,4.037,3.057,36.06,49.95,8.04,91.7,21.28,1.832,21.8,4.636,7.12,18.7,2.64,2.889,7.44,.6,1.12,2.539,.613,1.515
101,2017,225,940,12.18,3.52,2.083,4.421,12.41,5.227,2.301,1.063,-120.8,-4.126,1.59,39.3,2.241,3.979,2.454,25.75,27.56,6.261,37.39,8.35,1.793,6.394,2.068,3.05,17.27,2.368,2.328,7.81,.52,1.017,2.425,.521,1.12
101,2017,225,950,12.18,3.716,1.983,11.79,30.56,18.27,3.292,1.086,-140.9,-3.308,1.716,79.6,2.713,4.911,2.95,34.61,31.18,6.98,72.7,10.61,1.897,7.69,14.66,26.42,15.89,2.703,2.621,7.15,.451,.925,1.766,.52,1.058
101,2017,225,1000,12.18,3.055,2.036,23.25,35.05,25.84,12.42,1.193,-44.13,-2.841,1.758,89.8,2.789,2.883,3.53,38.75,24.65,6.578,81.4,32.64,2.112,7.56,39.83,44.56,15.76,3.052,2.432,6.652,.453,.967,1.951,.572,1.2
101,2017,225,1010,12.18,5.415,2.427,25.6,36.37,28.92,4.21,1.218,-77.6,-3.446,2.016,89.7,2.599,3.075,3.447,40.92,27,8.73,79.4,23.88,1.983,8.48,29.95,38.77,17.07,3.298,2.953,5.563,.486,1.034,1.929,.551,8.18
101,2017,225,1020,12.18,5.661,3.027,7.04,33.81,28.6,3.734,1.411,-119.4,-4.636,2.511,84.2,3.317,3.887,3.836,44.37,34.27,10.14,75.9,16.03,2.269,9.9,4.956,9.41,20.45,3.54,10.11,8.71,.573,1.28,2.623,.659,1.356
101,2017,225,1030,12.18,7.13,3.295,2.231,23.48,14.58,4.141,1.512,-116.7,-5.613,2.854,60.43,2.998,3.56,3.087,38.51,32.12,10.55,56.26,16.03,2.526,8.98,2.874,4.577,22.03,3.65,7.38,9.59,.555,1.321,2.819,.647,1.383
101,2017,225,1040,12.19,6.369,3.493,2.341,43.04,45.41,5.879,1.445,-112.1,-3.756,9.29,100.1,3.183,3.33,3.23,55.94,28.97,9.8,91.2,15.3,2.569,13.24,2.844,4.611,23.64,3.947,12.75,9.65,.536,1.259,2.368,.719,2.37
101,2017,225,1050,12.19,4.18,2.242,1.785,39.88,48.27,4.656,1.104,-82.6,-3.982,2.578,93,2.792,2.749,2.574,51.59,20.39,7.63,82.5,18.41,2.006,9.86,2.76,10.01,20.56,3.072,6.637,12.86,.458,1.054,1.875,.605,1.094
101,2017,225,1100,12.19,3.246,1.971,1.599,35.76,59.24,13.71,1.163,-69.69,-3.979,1.864,110.8,3.104,2.232,3.042,67.41,26.63,5.821,100.8,80.5,2.501,8.66,1.991,2.816,27.44,3.235,2.802,21.18,.563,1.103,2.259,10.94,1.239
101,2017,225,1110,12.19,3.171,2.139,3.275,39.07,9.27,2.809,1.557,-66.82,-7.4,1.807,110.1,3.054,1.953,9.93,69.69,17.13,5.103,99.6,87,4.073,6.015,1.797,2.4,28.89,3.476,21.81,25.99,.484,1.009,1.978,.679,1.125
101,2017,225,1120,12.19,3.489,2.757,11.28,38.86,3.695,2.83,1.141,-93.4,-8.56,1.768,123.9,4.329,2.142,3.945,81.3,20.96,6.217,110.9,100.9,2.876,6.09,2.031,2.71,33.63,3.362,20.48,54.23,.535,1.057,2.165,.756,1.2
101,2017,225,1130,12.19,3.723,4.554,3.239,26.82,3.772,3.802,1.088,-90.3,-8.33,3.246,103.4,17.92,2.143,3.37,71.9,20.55,6.275,92.5,75.5,2.924,5.985,1.917,2.808,31.95,3.164,18.52,54.74,.541,1.089,2.336,.826,1.18
101,2017,225,1140,12.19,3.272,8.91,1.459,24.42,3.753,23.9,1.071,-6999,-9.41,1.719,116.8,2.996,2.061,22.03,85.2,17.19,5.184,105.7,16.62,3.19,5.504,1.738,2.445,37.47,2.786,38.32,68.79,.605,1.046,2.527,.786,1.171
101,2017,225,1150,12.19,3.059,33.56,1.952,15.91,16.33,19.23,1.087,-89,-9.39,2.411,116.6,11.87,1.974,5.325,89.1,16.3,4.884,106.9,85.6,4.314,5.149,1.639,2.302,39.41,2.619,39.8,72.1,1.024,1.04,2.574,.803,1.937
101,2017,225,1200,12.19,3.368,13.17,2.103,15.16,2.852,6.456,1.148,-90,-10.13,1.801,118.9,2.89,2.081,16.79,94.5,17.2,5.231,110.7,26.84,6.618,5.179,1.751,3.232,43.14,2.687,2.677,76.7,1.129,1.154,2.837,.844,1.27
101,2017,225,1210,12.19,4.624,7,13.32,23.3,2.408,2.128,1.101,-92.2,-11.3,1.597,117.3,2.718,2.202,19.87,96.2,20.86,5.09,110.4,85,6.67,5.531,1.689,32.67,45.29,2.547,2.54,79.9,.942,1.128,3.086,.853,1.309
101,2017,225,1220,12.19,3.044,11.75,4.39,8.86,2.567,2.019,1.102,-6999,-11.93,1.543,113.8,3.173,2.131,11.45,98.1,67.78,4.76,108.6,77.8,5.087,4.745,1.612,7.26,47.5,2.528,2.49,81.6,.787,1.143,5.598,.875,1.309
101,2017,225,1230,12.19,2.6,11.14,3.218,7.08,39.94,2.793,1.072,-12.27,-10.8,1.5,110.8,37.65,2.408,4.118,99.9,89,4.358,108.2,34.03,3.349,6.373,1.684,2.729,49.56,2.393,2.434,84.1,.742,1.191,8.14,.873,1.374
101,2017,225,1240,12.19,6.75,6.804,1.397,5.071,4.018,6.229,1.044,16.86,-13.03,14.23,110.5,15.46,5.752,3.262,101.8,84.3,4.189,107.6,96.4,20.49,6.315,1.575,9.22,51.56,2.369,3.388,86.3,.786,1.201,5.355,.895,1.453
101,2017,225,1250,12.19,2.346,5.817,1.017,4.408,1.885,4.822,1.077,27.37,-13.81,2.583,103.4,2.592,1.858,2.843,102.9,73.6,4.078,106.2,38.12,77.6,4.046,1.506,10.04,53.17,2.431,21.23,87.4,.761,1.223,3.15,9.27,1.454
101,2017,225,1300,12.19,2.647,6.256,1.02,4.318,1.87,11.53,1.131,31.62,-14.32,1.463,104.6,2.754,1.806,2.86,104,50.49,3.957,104.8,17.72,60.04,3.959,1.503,19.05,54.8,2.456,3.647,88.3,.751,1.275,3.049,5.609,1.54
101,2017,225,1310,12.19,2.203,7.01,5.125,4.138,1.796,1.665,2.589,13.65,-13.32,1.972,102.1,2.798,1.771,2.887,105.7,62.03,3.904,103.7,6.1,9.82,3.745,1.434,73.4,56.51,3.919,67,89.5,.774,1.319,3.121,3.105,1.587
101,2017,225,1320,12.19,2.009,3.765,12.94,3.924,1.781,1.568,3.733,4.147,-14.35,1.489,91.2,2.793,1.752,2.888,106.4,80.3,3.775,102.5,5.72,4.225,3.579,1.436,74.9,57.78,2.346,80,90.7,.821,13.24,3.212,1.376,1.478
101,2017,225,1330,12.19,2.284,1.265,1.96,3.718,1.808,1.593,1.292,.963,-16.18,9.62,94.8,16.46,1.818,3.078,107,58.32,3.82,100.1,5.66,4.678,3.555,1.479,88.7,58.78,2.431,28,90.5,.819,33.04,3.388,1.074,1.476
101,2017,225,1340,12.19,1.915,1.307,.923,3.728,2.697,1.629,31.39,-4.021,-12.81,23.19,69.05,39.81,1.9,2.989,83.9,26.73,3.832,76.8,6.117,3.798,3.359,1.499,5.881,47.45,2.356,4.413,67.53,.675,1.642,3.175,.853,1.389
101,2017,225,1350,12.19,1.985,1.101,.96,3.626,2.022,1.763,11.22,-61.99,-15.58,2.461,85.1,40.1,1.848,3.636,103.3,16.6,4.219,90.7,6.065,4.398,3.631,1.632,10.89,57.94,2.639,3.972,84.2,.757,2.019,3.624,.957,1.721
101,2017,225,1400,12.19,1.838,1.015,.813,3.49,1.704,1.496,1.133,-16.62,-16.8,3.626,79.8,3.961,1.665,3.461,101,13.9,3.557,86.8,5.304,4.348,3.518,1.448,28.52,57.28,2.304,3.021,84,.697,3.51,3.331,.905,1.528
101,2017,225,1410,12.19,1.826,1.072,2.124,3.74,1.734,10.02,1.107,6.735,-17.58,4.956,80.8,6.274,1.757,4.162,107.2,14.23,3.466,91.1,5.462,4.207,7.06,1.374,2.282,61.29,2.398,2.87,90.6,.742,1.704,3.575,1.02,1.704
101,2017,225,1420,12.2,1.664,.896,.803,3.379,1.714,3.004,3.24,-4.773,-18.63,8.63,75.9,3.031,1.801,4.968,106.7,15.52,3.252,87.8,4.659,5.4,4.869,1.541,1.935,61.65,2.297,2.635,90,.747,1.955,3.207,.992,1.957
101,2017,225,1430,12.2,1.496,.836,2.597,3.128,1.861,3.177,1.302,-1.714,-18.02,1.801,62.22,2.769,12.68,6.459,105.4,15.3,3.125,84.7,4.318,7.13,4.54,2.89,2.185,61.26,2.337,2.61,88.9,.736,34.05,2.317,.888,2.645
101,2017,225,1440,12.19,1.479,.766,.694,2.997,1.526,3.448,19.64,3.108,-15.03,6.08,64.07,2.557,1.59,11.51,104.4,26.75,2.981,81.3,6.504,6.532,4.802,1.627,1.696,60.88,3.545,2.309,88,.766,2.17,2.071,.809,13.51
101,2017,225,1450,12.19,1.444,.734,.663,3.036,1.491,1.57,14.65,-14.43,-15.33,36.64,50.09,2.449,1.51,20.87,102.8,23.6,2.898,77,4.229,9.63,4.277,1.285,1.61,60.31,6.06,2.146,85.7,.89,1.464,1.982,.677,17.82
101,2017,225,1500,12.19,1.357,.694,.633,3.465,1.505,1.468,2.8,-26.37,-16.38,22.93,49.87,2.364,1.479,27.25,101.4,42.07,2.79,72.9,3.954,31.08,3.23,1.164,1.593,59.62,2.515,2.027,53,.737,5.403,1.922,.613,21.92
101,2017,225,1510,12.2,1.409,.635,.608,2.751,1.669,4.418,.985,-29.94,-16.69,12.33,44.9,2.372,1.402,35.29,97.9,51.72,2.671,67.37,3.82,72.2,3.141,1.05,1.784,57.84,2.615,1.97,6.211,.687,3.287,1.883,.546,1.463
101,2017,225,1520,12.19,1.248,.601,.581,2.666,1.419,1.595,1.107,-101.6,-16.08,71.2,43.41,2.208,1.337,45.56,96.2,65.82,2.543,62.94,3.647,68.32,2.977,.992,1.702,57.01,13.09,2.071,4.964,.583,6.142,1.749,.499,1.173
101,2017,225,1530,12.19,1.203,.565,.563,2.592,17.54,2.692,1.401,-168.2,-16,23.99,38.23,2.007,1.303,48.58,94.7,77.5,2.475,58.12,3.565,55.5,2.877,.942,1.324,56.36,63.8,6.64,4.517,.488,1.171,1.699,.467,1.002
101,2017,225,1540,12.19,1.128,.545,.836,2.518,6.249,2.032,.878,-13.5,-16.83,1.466,28.46,1.892,1.488,40.5,91.3,75.7,2.349,53.15,3.502,31.28,2.728,.915,1.3,54.58,22.11,3.229,4.391,.429,.93,1.781,.454,.916
101,2017,225,1550,12.19,1.124,.538,.568,2.475,7.45,1.071,.87,4.825,-16.66,1.166,27.71,1.766,1.387,3.086,88.6,73.2,2.208,47.96,3.453,12.72,2.764,1.257,1.263,53.23,2.759,1.541,4.215,.377,.741,1.746,.483,.836
101,2017,225,1600,12.19,1.091,.514,.452,2.443,1.364,.96,.851,-21.53,-16.27,1.052,23.76,1.692,1.208,6.529,84.1,68.99,2.195,43.08,3.27,3.011,2.744,1.029,1.241,50.67,1.977,1.317,4.172,.345,.608,1.853,.585,.789
101,2017,225,1610,12.19,1.009,.483,.426,2.285,1.354,.826,.792,-101.7,-15.96,.898,18.33,1.496,1.094,1.972,79.3,64.55,2.044,23.91,2.739,1.694,2.496,.813,3.2,39.38,1.652,1.102,3.755,.307,.509,1.694,.514,.687
101,2017,225,1620,12.19,.975,.456,.402,2.138,1.231,.797,7.5,-33.62,-14.83,.836,14.66,1.402,1.015,1.776,76.3,60.99,2.026,9.63,2.486,1.588,2.433,.828,1.392,15.24,8.07,1.005,3.745,.288,.474,1.69,.439,.652
101,2017,225,1630,12.19,.916,.442,.385,2.042,1.072,.791,5.837,-14.21,-14.59,.93,13.48,1.062,.958,1.721,72.1,56.56,1.994,9.46,2.252,1.675,2.414,1.007,2.798,25.57,9.15,.903,3.508,.27,.444,1.53,.405,.662
101,2017,225,1640,12.19,.885,.431,.365,2.024,1.02,7.94,3.371,-32.83,-15.1,.749,10.71,.828,.886,1.448,65.09,48.13,1.912,8.65,2.21,1.503,2.377,1.002,1.019,38.02,24.63,.898,3.165,.24,.421,1.386,.352,.563
101,2017,225,1650,12.19,.918,.441,.364,2.145,1.039,.764,.633,-48.53,-15.4,.749,10.52,.886,.87,1.409,59.71,19.27,1.893,9.01,2.416,1.427,2.352,4.954,1.02,28.86,30.75,.898,3.307,.235,.414,1.282,.312,.573
101,2017,225,1700,12.19,.987,.461,.38,2.253,1.158,.764,.571,-.235,-14.89,.854,10.66,.937,.903,1.662,53.35,23.43,1.917,9.7,2.501,1.608,2.275,.821,1.932,34.51,22.98,.957,3.585,.235,.422,1.453,.305,.689
101,2017,225,1710,12.19,1.124,.471,.41,2.433,1.081,.739,.558,-27.46,-14.48,.722,10.25,.883,1.037,1.461,45.52,12.79,2.034,9.44,2.347,1.324,2.295,.732,1.047,30.94,16.81,1.015,3.688,.251,.434,1.355,.27,.6
101,2017,225,1720,12.19,.834,.394,.337,1.786,.978,.612,.469,10.52,-14.41,.642,8.43,.714,.933,1.26,33.41,11.22,1.543,7.89,1.885,1.102,1.908,.725,.843,24.43,4.041,.821,3.224,.248,.395,1.394,.265,.496
101,2017,225,1730,12.19,.603,.312,.256,1.379,.73,.467,.395,10.77,-14.77,.477,6.279,.566,.657,.903,12.25,8.73,1.076,6.015,1.409,.776,1.441,.456,.638,7.43,.854,.536,2.49,.173,.295,.955,.201,.429
101,2017,225,1740,12.19,.461,.219,.196,1.049,.546,.355,.283,-1.786,-14.79,.35,4.566,.409,.496,.628,8.37,6.72,.859,4.338,1.015,.509,1.112,.362,.472,5.184,.543,.407,1.692,.129,.225,.719,.151,.286
101,2017,225,1750,12.19,.362,.163,.124,.747,.387,.243,.191,-2.18,-14.43,.233,3.123,.27,.359,.416,4.048,3.872,.581,2.818,.667,.364,.771,.253,.33,3.309,.407,.266,1.084,.082,.146,.432,.102,.181
101,2017,225,1800,12.19,.236,.101,.082,.474,.235,.146,.109,-35.88,-14.81,.139,1.882,.151,.214,.256,2.326,2.285,.379,1.697,.412,.198,.466,.156,.196,1.981,.245,.166,.61,.049,.087,.275,.057,.106
101,2017,225,1810,12.19,.102,.042,.034,.203,.097,.059,.047,-16.19,-14.59,.052,.752,.064,.09,.096,.846,.853,.159,.657,.174,.065,.198,.059,.075,.739,.092,.062,.248,.027,.04,.109,.027,.04
101,2017,225,1820,12.19,.022,.01,.005,.047,.02,.017,.007,-10.46,-14.67,.015,.179,.015,.02,.025,.216,.213,.04,.164,.049,.022,.047,.018,.018,.184,.025,.018,.064,0,.005,.028,.002,.01
101,2017,225,1830,12.19,0,0,0,0,0,0,0,-16.07,-14.85,0,.018,0,0,0,.025,.023,0,.017,0,0,.002,0,0,.022,0,0,.007,0,0,0,0,0
101,2017,225,1840,12.18,0,0,0,0,0,0,0,-26.53,-15.15,0,0,0,0,0,0,0,0,0,0,0,0,0,0,0,0,0,0,0,0,0,0,0
101,2017,225,1850,12.18,0,0,0,0,0,0,0,-67.69,-15.06,0,0,0,0,0,0,0,0,0,0,0,0,0,0,0,0,0,0,0,0,0,0,0
101,2017,225,1900,12.18,0,0,0,0,0,0,0,-80.4,-14.86,0,0,0,0,0,0,0,0,0,0,0,0,0,0,0,0,0,0,0,0,0,0,0
101,2017,225,1910,12.18,0,0,0,0,0,0,0,-77.4,-14.79,0,0,0,0,0,0,0,0,0,0,0,0,0,0,0,0,0,0,0,0,0,0,0
101,2017,225,1920,12.18,0,0,0,0,0,0,0,-78.4,-14.46,0,0,0,0,0,0,0,0,0,0,0,0,0,0,0,0,0,0,0,0,0,0,0
101,2017,225,1930,12.18,0,0,0,0,0,0,0,-73.5,-14.21,0,0,0,0,0,0,0,0,0,0,0,0,0,0,0,0,0,0,0,0,0,0,0
101,2017,225,1940,12.18,0,0,0,0,0,0,0,-39.53,-13.88,0,0,0,0,0,0,0,0,0,0,0,0,0,0,0,0,0,0,0,0,0,0,0
101,2017,225,1950,12.18,0,0,0,0,0,0,0,-48.41,-13.65,0,0,0,0,0,0,0,0,0,0,0,0,0,0,0,0,0,0,0,0,0,0,0
101,2017,225,2000,12.18,0,0,0,0,0,0,0,-12.92,-13.67,0,0,0,0,0,0,0,0,0,0,0,0,0,0,0,0,0,0,0,0,0,0,0
101,2017,225,2010,12.18,0,0,0,0,0,0,0,-28.11,-13.56,0,0,0,0,0,0,0,0,0,0,0,0,0,0,0,0,0,0,0,0,0,0,0
101,2017,225,2020,12.18,0,0,0,0,0,0,0,-11.91,-12.81,0,0,0,0,0,0,0,0,0,0,0,0,0,0,0,0,0,0,0,0,0,0,0
101,2017,225,2030,12.18,0,0,0,0,0,0,0,-15.83,-12.82,0,0,0,0,0,0,0,0,0,0,0,0,0,0,0,0,0,0,0,0,0,0,0
101,2017,225,2040,12.18,0,0,0,0,0,0,0,-10.15,-12.45,0,0,0,0,0,0,0,0,0,0,0,0,0,0,0,0,0,0,0,0,0,0,0
101,2017,225,2050,12.18,0,0,0,0,0,0,0,-2.707,-12.35,0,0,0,0,0,0,0,0,0,0,0,0,0,0,0,0,0,0,0,0,0,0,0
101,2017,225,2100,12.18,0,0,0,0,0,0,0,-18.49,-12.52,0,0,0,0,0,0,0,0,0,0,0,0,0,0,0,0,0,0,0,0,0,0,0
101,2017,225,2110,12.18,0,0,0,0,0,0,0,-29.4,-12.2,0,0,0,0,0,0,0,0,0,0,0,0,0,0,0,0,0,0,0,0,0,0,0
101,2017,225,2120,12.18,0,0,0,0,0,0,0,-3.721,-12.02,0,0,0,0,0,0,0,0,0,0,0,0,0,0,0,0,0,0,0,0,0,0,0
101,2017,225,2130,12.18,0,0,0,0,0,0,0,3.012,-11.69,0,0,0,0,0,0,0,0,0,0,0,0,0,0,0,0,0,0,0,0,0,0,0
101,2017,225,2140,12.18,0,0,0,0,0,0,0,-6.58,-11.49,0,0,0,0,0,0,0,0,0,0,0,0,0,0,0,0,0,0,0,0,0,0,0
101,2017,225,2150,12.18,0,0,0,0,0,0,0,4.644,-11.73,0,0,0,0,0,0,0,0,0,0,0,0,0,0,0,0,0,0,0,0,0,0,0
101,2017,225,2200,12.18,0,0,0,0,0,0,0,-51.56,-10.86,0,0,0,0,0,0,0,0,0,0,0,0,0,0,0,0,0,0,0,0,0,0,0
101,2017,225,2210,12.18,0,0,0,0,0,0,0,-67.8,-10.92,0,0,0,0,0,0,0,0,0,0,0,0,0,0,0,0,0,0,0,0,0,0,0
101,2017,225,2220,12.18,0,0,0,0,0,0,0,-72.2,-11.34,0,0,0,0,0,0,0,0,0,0,0,0,0,0,0,0,0,0,0,0,0,0,0
101,2017,225,2230,12.18,0,0,0,0,0,0,0,-72.3,-11.46,0,0,0,0,0,0,0,0,0,0,0,0,0,0,0,0,0,0,0,0,0,0,0
101,2017,225,2240,12.18,0,0,0,0,0,0,0,-72.5,-11.03,0,0,0,0,0,0,0,0,0,0,0,0,0,0,0,0,0,0,0,0,0,0,0
101,2017,225,2250,12.18,0,0,0,0,0,0,0,-47,-10.99,0,0,0,0,0,0,0,0,0,0,0,0,0,0,0,0,0,0,0,0,0,0,0
101,2017,225,2300,12.17,0,0,0,0,0,0,0,-63.62,-10.97,0,0,0,0,0,0,0,0,0,0,0,0,0,0,0,0,0,0,0,0,0,0,0
101,2017,225,2310,12.17,0,0,0,0,0,0,0,-72.6,-10.79,0,0,0,0,0,0,0,0,0,0,0,0,0,0,0,0,0,0,0,0,0,0,0
101,2017,225,2320,12.17,0,0,0,0,0,0,0,-48.11,-10.93,0,0,0,0,0,0,0,0,0,0,0,0,0,0,0,0,0,0,0,0,0,0,0
101,2017,225,2330,12.17,0,0,0,0,0,0,0,-48.25,-10.88,0,0,0,0,0,0,0,0,0,0,0,0,0,0,0,0,0,0,0,0,0,0,0
101,2017,225,2340,12.18,0,0,0,0,0,0,0,-19.04,-10.66,0,0,0,0,0,0,0,0,0,0,0,0,0,0,0,0,0,0,0,0,0,0,0
101,2017,225,2350,12.17,0,0,0,0,0,0,0,-7.1,-10.28,0,0,0,0,0,0,0,0,0,0,0,0,0,0,0,0,0,0,0,0,0,0,0
101,2017,225,2400,12.17,0,0,0,0,0,0,0,-18.79,-9.86,0,0,0,0,0,0,0,0,0,0,0,0,0,0,0,0,0,0,0,0,0,0,0
101,2017,226,10,12.17,0,0,0,0,0,0,0,-13.5,-9.91,0,0,0,0,0,0,0,0,0,0,0,0,0,0,0,0,0,0,0,0,0,0,0
101,2017,226,20,12.17,0,0,0,0,0,0,0,-14.87,-9.8,0,0,0,0,0,0,0,0,0,0,0,0,0,0,0,0,0,0,0,0,0,0,0
101,2017,226,30,12.17,0,0,0,0,0,0,0,-.95,-9.65,0,0,0,0,0,0,0,0,0,0,0,0,0,0,0,0,0,0,0,0,0,0,0
101,2017,226,40,12.17,0,0,0,0,0,0,0,-17.19,-9.51,0,0,0,0,0,0,0,0,0,0,0,0,0,0,0,0,0,0,0,0,0,0,0
101,2017,226,50,12.17,0,0,0,0,0,0,0,-33.37,-9.31,0,0,0,0,0,0,0,0,0,0,0,0,0,0,0,0,0,0,0,0,0,0,0
101,2017,226,100,12.17,0,0,0,0,0,0,0,-31.7,-9.14,0,0,0,0,0,0,0,0,0,0,0,0,0,0,0,0,0,0,0,0,0,0,0
101,2017,226,110,12.17,0,0,0,0,0,0,0,-60.62,-9.04,0,0,0,0,0,0,0,0,0,0,0,0,0,0,0,0,0,0,0,0,0,0,0
101,2017,226,120,12.17,0,0,0,0,0,0,0,-66.96,-9.04,0,0,0,0,0,0,0,0,0,0,0,0,0,0,0,0,0,0,0,0,0,0,0
101,2017,226,130,12.17,0,0,0,0,0,0,0,-62.44,-8.83,0,0,0,0,0,0,0,0,0,0,0,0,0,0,0,0,0,0,0,0,0,0,0
101,2017,226,140,12.17,0,0,0,0,0,0,0,-60.69,-8.92,0,0,0,0,0,0,0,0,0,0,0,0,0,0,0,0,0,0,0,0,0,0,0
101,2017,226,150,12.17,0,0,0,0,0,0,0,-49.33,-9.16,0,0,0,0,0,0,0,0,0,0,0,0,0,0,0,0,0,0,0,0,0,0,0
101,2017,226,200,12.17,0,0,0,0,0,0,0,-61.54,-9.4,0,0,0,0,0,0,0,0,0,0,0,0,0,0,0,0,0,0,0,0,0,0,0
101,2017,226,210,12.17,0,0,0,0,0,0,0,-62.51,-9.17,0,0,0,0,0,0,0,0,0,0,0,0,0,0,0,0,0,0,0,0,0,0,0
101,2017,226,220,12.17,0,0,0,0,0,0,0,-56.1,-9.19,0,0,0,0,0,0,0,0,0,0,0,0,0,0,0,0,0,0,0,0,0,0,0
101,2017,226,230,12.17,0,0,0,0,0,0,0,-38.28,-8.94,0,0,0,0,0,0,0,0,0,0,0,0,0,0,0,0,0,0,0,0,0,0,0
101,2017,226,240,12.17,0,0,0,0,0,0,0,-58.68,-8.43,0,0,0,0,0,0,0,0,0,0,0,0,0,0,0,0,0,0,0,0,0,0,0
101,2017,226,250,12.17,0,0,0,0,0,0,0,-54.51,-8.45,0,0,0,0,0,0,0,0,0,0,0,0,0,0,0,0,0,0,0,0,0,0,0
101,2017,226,300,12.17,0,0,0,0,0,0,0,-53.69,-8.18,0,0,0,0,0,0,0,0,0,0,0,0,0,0,0,0,0,0,0,0,0,0,0
101,2017,226,310,12.17,0,0,0,0,0,0,0,-58.69,-7.77,0,0,0,0,0,0,0,0,0,0,0,0,0,0,0,0,0,0,0,0,0,0,0
101,2017,226,320,12.17,0,0,0,0,0,0,0,-49.47,-7.8,0,0,0,0,0,0,0,0,0,0,0,0,0,0,0,0,0,0,0,0,0,0,0
101,2017,226,330,12.17,0,0,0,0,0,0,0,-36.03,-7.97,0,0,0,0,0,0,0,0,0,0,0,0,0,0,0,0,0,0,0,0,0,0,0
101,2017,226,340,12.17,0,0,0,0,0,0,0,-17.56,-8.45,0,0,0,0,0,0,0,0,0,0,0,0,0,0,0,0,0,0,0,0,0,0,0
101,2017,226,350,12.17,0,0,0,0,0,0,0,-24.96,-8.61,0,0,0,0,0,0,0,0,0,0,0,0,0,0,0,0,0,0,0,0,0,0,0
101,2017,226,400,12.17,0,0,0,0,0,0,0,-40.77,-8.65,0,0,0,0,0,0,0,0,0,0,0,0,0,0,0,0,0,0,0,0,0,0,0
101,2017,226,410,12.17,0,0,0,0,0,0,0,-44.83,-8.63,0,0,0,0,0,0,0,0,0,0,0,0,0,0,0,0,0,0,0,0,0,0,0
101,2017,226,420,12.17,0,0,0,0,0,0,0,-47.15,-8.76,0,0,0,0,0,0,0,0,0,0,0,0,0,0,0,0,0,0,0,0,0,0,0
101,2017,226,430,12.17,0,0,0,0,0,0,0,-31.16,-8.84,0,0,0,0,0,0,0,0,0,0,0,0,0,0,0,0,0,0,0,0,0,0,0
101,2017,226,440,12.17,0,0,0,0,0,0,0,-47.68,-8.94,0,0,0,0,0,0,0,0,0,0,0,0,0,0,0,0,0,0,0,0,0,0,0
101,2017,226,450,12.17,0,0,0,0,0,0,0,-48.97,-8.44,0,0,0,0,0,0,0,0,0,0,0,0,0,0,0,0,0,0,0,0,0,0,0
101,2017,226,500,12.17,0,0,0,0,0,0,0,-31.81,-8.4,0,0,0,0,0,0,0,0,0,0,0,0,0,0,0,0,0,0,0,0,0,0,0
101,2017,226,510,12.17,0,0,0,0,0,0,0,-27.79,-8.51,0,0,0,0,0,0,0,0,0,0,0,0,0,0,0,0,0,0,0,0,0,0,0
101,2017,226,520,12.17,0,0,0,0,0,0,0,-23.15,-8.04,0,0,0,0,0,0,0,0,0,0,0,0,0,0,0,0,0,0,0,0,0,0,0
101,2017,226,530,12.17,0,0,0,0,0,0,0,-49.08,-8.02,0,0,0,0,0,0,0,0,0,0,0,0,0,0,0,0,0,0,0,0,0,0,0
101,2017,226,540,12.17,0,0,0,0,0,0,0,-22.6,-8.18,0,0,0,0,0,0,0,0,0,0,0,0,0,0,0,0,0,0,0,0,0,0,0
101,2017,226,550,12.17,0,0,0,0,0,0,0,-35.45,-8.08,0,0,0,0,0,0,0,0,0,0,0,0,0,0,0,0,0,0,0,0,0,0,0
101,2017,226,600,12.16,0,0,0,0,0,0,0,-31.05,-8.15,0,0,0,0,0,0,0,0,0,0,0,0,0,0,0,0,0,0,0,0,0,0,0
101,2017,226,610,12.16,0,0,0,0,0,0,0,-14.9,-8.38,0,0,0,0,0,0,0,0,0,0,0,0,0,0,0,0,0,0,0,0,0,0,0
101,2017,226,620,12.17,0,0,0,0,0,0,0,-40.67,-8.48,0,0,0,0,0,0,0,0,0,0,0,0,0,0,0,0,0,0,0,0,0,0,0
101,2017,226,630,12.16,0,0,0,0,0,0,0,-23.42,-8.63,0,.02,0,0,0,.013,.012,0,.015,.002,0,.005,0,0,.01,0,0,0,0,0,0,0,0
101,2017,226,640,12.16,.022,.012,.005,.04,.017,.015,.003,-19.59,-8.43,.01,.168,.018,.022,.02,.104,.102,.035,.116,.037,.012,.037,.017,.018,.082,.017,.015,.032,0,.003,.02,0,.007
101,2017,226,650,12.16,.074,.034,.032,.171,.072,.045,.034,-4.944,-8.11,.035,.639,.044,.062,.055,.52,.506,.129,.496,.149,.039,.143,.044,.054,.431,.054,.042,.146,.025,.032,.065,.025,.034
101,2017,226,700,12.16,.206,.077,.057,.439,.183,.122,.069,-21.16,-7.56,.091,1.678,.116,.159,.153,1.412,1.38,.334,1.36,.377,.106,.332,.116,.144,1.132,.137,.129,.397,.034,.054,.173,.034,.059
101,2017,226,710,12.16,.446,.186,.129,1.023,.381,.28,.131,-8.88,-7.38,.193,3.673,.226,.362,.282,2.711,2.647,.724,2.922,.758,.196,.679,.238,.3,2.049,.251,.258,.729,.065,.119,.314,.065,.127
101,2017,226,720,12.16,.689,.283,.191,1.599,.56,.417,.206,-16.33,-7.45,.297,5.502,.327,.515,.421,4.131,4.113,1.179,4.362,1.09,.285,1.125,.367,.444,3.231,.397,.392,1.107,.101,.179,.466,.111,.184
101,2017,226,730,12.16,.754,.325,.2,1.692,.686,.441,.265,-9.45,-7.62,.342,6.446,.374,.667,.49,5.018,5.246,1.289,4.763,1.184,.322,1.479,.444,.454,4.265,.446,.441,1.164,.149,.225,.592,.134,.215
101,2017,226,740,12.16,.61,.3,.196,1.474,.629,.441,.243,-7.28,-7.48,.307,7.41,.404,.555,.483,5.046,5.149,1.215,4.921,1.288,.35,1.588,.468,.493,4.304,.474,.426,1.174,.109,.2,.543,.148,.205
101,2017,226,750,12.16,1.127,.485,.277,2.555,.974,.738,.332,-5.098,-6.986,.458,31.27,.691,1.019,.704,7.81,6.948,2.196,8.7,1.76,.417,3.202,.86,.83,5.341,.597,.639,1.373,.201,.303,.622,.183,.272
101,2017,226,800,12.17,1.247,.52,.396,3.095,1.205,.894,.436,-42.96,-6.572,.58,46.66,1.029,1.251,.941,9.84,8.43,2.582,18.12,2.134,.464,13.34,12.26,1.365,6.832,.8,.848,1.623,.231,.367,.875,.24,.337
101,2017,226,810,12.16,1.985,.823,.369,2.541,1.118,.813,.417,-56.37,-5.488,.546,54.6,1.142,1.199,.957,9.57,7.96,2.196,34.72,2.208,.496,15.83,13.57,1.344,6.593,.78,.711,1.782,.228,.414,.798,.236,.345
101,2017,226,820,12.17,1.23,2.462,.458,2.759,1.348,1.014,.563,-34.6,-4.814,.669,81.1,1.591,1.385,1.155,10.52,8.53,2.452,53.45,3.104,.613,25.77,3.776,8.02,9.1,1.173,.825,2.033,.282,.417,.897,.282,.429
101,2017,226,830,12.17,1.287,.691,.528,3.064,1.7,1.319,.763,-37.74,-3.937,.764,87.3,1.731,1.793,1.292,11.23,9.98,2.792,58.94,14.09,.623,29.27,2.182,1.576,13.22,1.001,1.021,2.132,.391,.506,.97,.312,.448
101,2017,226,840,12.17,1.483,.719,.575,3.639,2.12,2.623,1.839,-55.28,-3.049,.85,87.8,1.619,1.817,1.421,11.95,18.11,3.116,61.1,19.83,.665,30.06,2.005,5.254,12.89,1.12,1.053,2.283,.372,.595,1.172,.375,.486
101,2017,226,850,12.17,1.425,2.621,.61,3.836,2.831,8.25,1.25,-22.72,-1.542,.863,96.6,1.403,1.699,1.466,12.06,23.64,3.013,69.24,4.946,.706,31.31,2.061,2.816,11.7,6.511,1.032,2.358,.357,2.045,1.083,.409,.469
101,2017,226,900,12.17,2.12,4.036,.766,32.01,3.382,13.23,1.225,-43.32,-.964,1.054,104.6,1.492,2.413,1.609,15.02,30.03,4.706,76.1,4.091,.766,30.69,2.358,4.528,11.18,12.9,1.398,2.452,.441,.632,1.138,.449,.546